http://irail.be/vehicle/IC_L4037,http://irail.be/stations/NMBS/008833001,IC_L,2017-04-15T15:42:00,2017-04-15T15:42:00,22,
http://irail.be/vehicle/IC_L4037,http://irail.be/stations/NMBS/008811288,IC_L,2017-04-15T15:48:00,2017-04-15T15:47:00,12,12
http://irail.be/vehicle/IC_L4037,http://irail.be/stations/NMBS/008811270,IC_L,2017-04-15T15:50:00,2017-04-15T15:50:00,2,2
http://irail.be/vehicle/IC_L4037,http://irail.be/stations/NMBS/008811262,IC_L,2017-04-15T15:51:00,2017-04-15T15:51:00,2,2
http://irail.be/vehicle/IC_L4037,NO-URI,IC_L,2017-04-15T15:52:00,2017-04-15T15:52:00,51,51
http://irail.be/vehicle/IC_L4037,http://irail.be/stations/NMBS/008811254,IC_L,2017-04-15T15:54:00,2017-04-15T15:53:00,53,53
http://irail.be/vehicle/IC_L4037,http://irail.be/stations/NMBS/008811247,IC_L,2017-04-15T15:56:00,2017-04-15T15:56:00,47,47
http://irail.be/vehicle/IC_L4037,http://irail.be/stations/NMBS/008819406,IC_L,2017-04-15T16:02:00,2017-04-15T16:00:00,-1,7
http://irail.be/vehicle/IC_L4037,http://irail.be/stations/NMBS/008811155,IC_L,2017-04-15T16:08:00,2017-04-15T16:08:00,-22,-22
http://irail.be/vehicle/IC_L4037,http://irail.be/stations/NMBS/008811163,IC_L,2017-04-15T16:11:00,2017-04-15T16:10:00,-5,-15
http://irail.be/vehicle/IC_L4037,http://irail.be/stations/NMBS/008811106,IC_L,2017-04-15T16:12:00,2017-04-15T16:12:00,-5,-5
http://irail.be/vehicle/IC_L4037,NO-URI,IC_L,2017-04-15T16:13:00,2017-04-15T16:13:00,-44,-44
http://irail.be/vehicle/IC_L4037,http://irail.be/stations/NMBS/008811171,IC_L,2017-04-15T16:14:00,2017-04-15T16:14:00,-44,-44
http://irail.be/vehicle/IC_L4037,http://irail.be/stations/NMBS/008811197,IC_L,2017-04-15T16:19:00,2017-04-15T16:16:00,-7,-7
http://irail.be/vehicle/IC_L4037,http://irail.be/stations/NMBS/008811205,IC_L,2017-04-15T16:22:00,2017-04-15T16:22:00,35,-7
http://irail.be/vehicle/IC_L4037,http://irail.be/stations/NMBS/008814472,IC_L,2017-04-15T16:24:00,2017-04-15T16:24:00,-18,-18
http://irail.be/vehicle/IC_L4037,http://irail.be/stations/NMBS/008814456,IC_L,2017-04-15T16:27:00,2017-04-15T16:26:00,-18,-18
http://irail.be/vehicle/IC_L4037,http://irail.be/stations/NMBS/008814464,IC_L,2017-04-15T16:30:00,2017-04-15T16:30:00,-18,-18
http://irail.be/vehicle/IC_L4037,http://irail.be/stations/NMBS/008814449,IC_L,2017-04-15T16:32:00,2017-04-15T16:31:00,-18,-18
http://irail.be/vehicle/IC_L4037,http://irail.be/stations/NMBS/008814142,IC_L,2017-04-15T16:36:00,2017-04-15T16:36:00,37,37
http://irail.be/vehicle/IC_L4037,http://irail.be/stations/NMBS/008814159,IC_L,2017-04-15T16:37:00,2017-04-15T16:37:00,37,37
http://irail.be/vehicle/IC_L4037,http://irail.be/stations/NMBS/008814167,IC_L,2017-04-15T16:40:00,2017-04-15T16:39:00,6,44
http://irail.be/vehicle/IC_L4037,http://irail.be/stations/NMBS/008814175,IC_L,2017-04-15T16:41:00,2017-04-15T16:41:00,6,6
http://irail.be/vehicle/IC_L4037,http://irail.be/stations/NMBS/008814266,IC_L,2017-04-15T16:45:00,2017-04-15T16:44:00,-9,6
http://irail.be/vehicle/IC_L4037,http://irail.be/stations/NMBS/008814258,IC_L,2017-04-15T16:48:00,2017-04-15T16:48:00,,98
http://irail.be/vehicle/IC_L4037,http://irail.be/stations/NMBS/008833001,IC_L,2017-12-02T15:41:00,2017-12-02T15:41:00,25,
http://irail.be/vehicle/IC_L4037,http://irail.be/stations/NMBS/008811288,IC_L,2017-12-02T15:47:00,2017-12-02T15:46:00,10,10
http://irail.be/vehicle/IC_L4037,http://irail.be/stations/NMBS/008811270,IC_L,2017-12-02T15:49:00,2017-12-02T15:49:00,-42,-42
http://irail.be/vehicle/IC_L4037,http://irail.be/stations/NMBS/008811262,IC_L,2017-12-02T15:51:00,2017-12-02T15:51:00,-42,-42
http://irail.be/vehicle/IC_L4037,NO-URI,IC_L,2017-12-02T15:52:00,2017-12-02T15:52:00,17,17
http://irail.be/vehicle/IC_L4037,http://irail.be/stations/NMBS/008811254,IC_L,2017-12-02T15:54:00,2017-12-02T15:53:00,-15,35
http://irail.be/vehicle/IC_L4037,http://irail.be/stations/NMBS/008811247,IC_L,2017-12-02T15:56:00,2017-12-02T15:56:00,43,43
http://irail.be/vehicle/IC_L4037,http://irail.be/stations/NMBS/008819406,IC_L,2017-12-02T16:02:00,2017-12-02T16:00:00,86,111
http://irail.be/vehicle/IC_L4037,http://irail.be/stations/NMBS/008811155,IC_L,2017-12-02T16:08:00,2017-12-02T16:08:00,77,77
http://irail.be/vehicle/IC_L4037,http://irail.be/stations/NMBS/008811163,IC_L,2017-12-02T16:11:00,2017-12-02T16:10:00,33,80
http://irail.be/vehicle/IC_L4037,http://irail.be/stations/NMBS/008811106,IC_L,2017-12-02T16:13:00,2017-12-02T16:13:00,33,33
http://irail.be/vehicle/IC_L4037,NO-URI,IC_L,2017-12-02T16:13:00,2017-12-02T16:13:00,36,36
http://irail.be/vehicle/IC_L4037,http://irail.be/stations/NMBS/008811171,IC_L,2017-12-02T16:14:00,2017-12-02T16:14:00,36,36
http://irail.be/vehicle/IC_L4037,http://irail.be/stations/NMBS/008811916,IC_L,2017-12-02T16:18:00,2017-12-02T16:17:00,35,15
http://irail.be/vehicle/IC_L4037,http://irail.be/stations/NMBS/008811304,IC_L,2017-12-02T16:21:00,2017-12-02T16:20:00,-2,35
http://irail.be/vehicle/IC_L4037,http://irail.be/stations/NMBS/008811403,IC_L,2017-12-02T16:23:00,2017-12-02T16:23:00,-2,-2
http://irail.be/vehicle/IC_L4037,http://irail.be/stations/NMBS/008811411,IC_L,2017-12-02T16:25:00,2017-12-02T16:24:00,94,12
http://irail.be/vehicle/IC_L4037,http://irail.be/stations/NMBS/008814472,IC_L,2017-12-02T16:27:00,2017-12-02T16:27:00,-15,-15
http://irail.be/vehicle/IC_L4037,http://irail.be/stations/NMBS/008814456,IC_L,2017-12-02T16:29:00,2017-12-02T16:28:00,-15,-15
http://irail.be/vehicle/IC_L4037,http://irail.be/stations/NMBS/008814464,IC_L,2017-12-02T16:32:00,2017-12-02T16:32:00,-15,-15
http://irail.be/vehicle/IC_L4037,http://irail.be/stations/NMBS/008814449,IC_L,2017-12-02T16:35:00,2017-12-02T16:34:00,-15,-15
http://irail.be/vehicle/IC_L4037,http://irail.be/stations/NMBS/008814142,IC_L,2017-12-02T16:39:00,2017-12-02T16:39:00,-1,-1
http://irail.be/vehicle/IC_L4037,http://irail.be/stations/NMBS/008814159,IC_L,2017-12-02T16:41:00,2017-12-02T16:41:00,-1,-1
http://irail.be/vehicle/IC_L4037,http://irail.be/stations/NMBS/008814167,IC_L,2017-12-02T16:44:00,2017-12-02T16:43:00,28,-17
http://irail.be/vehicle/IC_L4037,http://irail.be/stations/NMBS/008814175,IC_L,2017-12-02T16:46:00,2017-12-02T16:46:00,28,28
http://irail.be/vehicle/IC_L4037,http://irail.be/stations/NMBS/008814266,IC_L,2017-12-02T16:49:00,2017-12-02T16:48:00,8,28
http://irail.be/vehicle/IC_L4037,http://irail.be/stations/NMBS/008814258,IC_L,2017-12-02T16:52:00,2017-12-02T16:52:00,,28
http://irail.be/vehicle/IC_L4037,http://irail.be/stations/NMBS/008833001,IC_L,2017-04-01T15:42:00,2017-04-01T15:42:00,95,
http://irail.be/vehicle/IC_L4037,http://irail.be/stations/NMBS/008811288,IC_L,2017-04-01T15:48:00,2017-04-01T15:47:00,115,115
http://irail.be/vehicle/IC_L4037,http://irail.be/stations/NMBS/008811270,IC_L,2017-04-01T15:50:00,2017-04-01T15:50:00,111,111
http://irail.be/vehicle/IC_L4037,http://irail.be/stations/NMBS/008811262,IC_L,2017-04-01T15:51:00,2017-04-01T15:51:00,111,111
http://irail.be/vehicle/IC_L4037,NO-URI,IC_L,2017-04-01T15:52:00,2017-04-01T15:52:00,156,156
http://irail.be/vehicle/IC_L4037,http://irail.be/stations/NMBS/008811254,IC_L,2017-04-01T15:54:00,2017-04-01T15:53:00,95,151
http://irail.be/vehicle/IC_L4037,http://irail.be/stations/NMBS/008811247,IC_L,2017-04-01T15:56:00,2017-04-01T15:56:00,172,172
http://irail.be/vehicle/IC_L4037,http://irail.be/stations/NMBS/008819406,IC_L,2017-04-01T16:02:00,2017-04-01T16:00:00,35,122
http://irail.be/vehicle/IC_L4037,http://irail.be/stations/NMBS/008811155,IC_L,2017-04-01T16:08:00,2017-04-01T16:08:00,33,33
http://irail.be/vehicle/IC_L4037,http://irail.be/stations/NMBS/008811163,IC_L,2017-04-01T16:11:00,2017-04-01T16:10:00,104,78
http://irail.be/vehicle/IC_L4037,http://irail.be/stations/NMBS/008811106,IC_L,2017-04-01T16:12:00,2017-04-01T16:12:00,104,104
http://irail.be/vehicle/IC_L4037,NO-URI,IC_L,2017-04-01T16:13:00,2017-04-01T16:13:00,76,76
http://irail.be/vehicle/IC_L4037,http://irail.be/stations/NMBS/008811171,IC_L,2017-04-01T16:14:00,2017-04-01T16:14:00,76,76
http://irail.be/vehicle/IC_L4037,http://irail.be/stations/NMBS/008811197,IC_L,2017-04-01T16:19:00,2017-04-01T16:16:00,-6,-6
http://irail.be/vehicle/IC_L4037,http://irail.be/stations/NMBS/008811205,IC_L,2017-04-01T16:22:00,2017-04-01T16:22:00,77,-6
http://irail.be/vehicle/IC_L4037,http://irail.be/stations/NMBS/008814472,IC_L,2017-04-01T16:24:00,2017-04-01T16:24:00,89,89
http://irail.be/vehicle/IC_L4037,http://irail.be/stations/NMBS/008814456,IC_L,2017-04-01T16:27:00,2017-04-01T16:26:00,89,89
http://irail.be/vehicle/IC_L4037,http://irail.be/stations/NMBS/008814464,IC_L,2017-04-01T16:30:00,2017-04-01T16:30:00,89,89
http://irail.be/vehicle/IC_L4037,http://irail.be/stations/NMBS/008814449,IC_L,2017-04-01T16:32:00,2017-04-01T16:31:00,89,89
http://irail.be/vehicle/IC_L4037,http://irail.be/stations/NMBS/008814142,IC_L,2017-04-01T16:36:00,2017-04-01T16:36:00,188,188
http://irail.be/vehicle/IC_L4037,http://irail.be/stations/NMBS/008814159,IC_L,2017-04-01T16:37:00,2017-04-01T16:37:00,188,188
http://irail.be/vehicle/IC_L4037,http://irail.be/stations/NMBS/008814167,IC_L,2017-04-01T16:40:00,2017-04-01T16:39:00,170,198
http://irail.be/vehicle/IC_L4037,http://irail.be/stations/NMBS/008814175,IC_L,2017-04-01T16:41:00,2017-04-01T16:41:00,170,170
http://irail.be/vehicle/IC_L4037,http://irail.be/stations/NMBS/008814266,IC_L,2017-04-01T16:45:00,2017-04-01T16:44:00,134,170
http://irail.be/vehicle/IC_L4037,http://irail.be/stations/NMBS/008814258,IC_L,2017-04-01T16:48:00,2017-04-01T16:48:00,,161
http://irail.be/vehicle/IC_L4037,http://irail.be/stations/NMBS/008833001,IC_L,2017-02-25T15:42:00,2017-02-25T15:42:00,164,
http://irail.be/vehicle/IC_L4037,http://irail.be/stations/NMBS/008811288,IC_L,2017-02-25T15:48:00,2017-02-25T15:47:00,148,112
http://irail.be/vehicle/IC_L4037,http://irail.be/stations/NMBS/008811270,IC_L,2017-02-25T15:50:00,2017-02-25T15:50:00,146,146
http://irail.be/vehicle/IC_L4037,http://irail.be/stations/NMBS/008811262,IC_L,2017-02-25T15:51:00,2017-02-25T15:51:00,146,146
http://irail.be/vehicle/IC_L4037,NO-URI,IC_L,2017-02-25T15:52:00,2017-02-25T15:52:00,206,206
http://irail.be/vehicle/IC_L4037,http://irail.be/stations/NMBS/008811254,IC_L,2017-02-25T15:54:00,2017-02-25T15:53:00,213,213
http://irail.be/vehicle/IC_L4037,http://irail.be/stations/NMBS/008811247,IC_L,2017-02-25T15:56:00,2017-02-25T15:56:00,217,217
http://irail.be/vehicle/IC_L4037,http://irail.be/stations/NMBS/008819406,IC_L,2017-02-25T16:02:00,2017-02-25T16:00:00,212,234
http://irail.be/vehicle/IC_L4037,http://irail.be/stations/NMBS/008811155,IC_L,2017-02-25T16:08:00,2017-02-25T16:08:00,194,194
http://irail.be/vehicle/IC_L4037,http://irail.be/stations/NMBS/008811163,IC_L,2017-02-25T16:11:00,2017-02-25T16:10:00,202,210
http://irail.be/vehicle/IC_L4037,http://irail.be/stations/NMBS/008811106,IC_L,2017-02-25T16:12:00,2017-02-25T16:12:00,202,202
http://irail.be/vehicle/IC_L4037,NO-URI,IC_L,2017-02-25T16:13:00,2017-02-25T16:13:00,165,165
http://irail.be/vehicle/IC_L4037,http://irail.be/stations/NMBS/008811171,IC_L,2017-02-25T16:14:00,2017-02-25T16:14:00,165,165
http://irail.be/vehicle/IC_L4037,http://irail.be/stations/NMBS/008811197,IC_L,2017-02-25T16:19:00,2017-02-25T16:16:00,21,21
http://irail.be/vehicle/IC_L4037,http://irail.be/stations/NMBS/008811205,IC_L,2017-02-25T16:22:00,2017-02-25T16:22:00,86,21
http://irail.be/vehicle/IC_L4037,http://irail.be/stations/NMBS/008814472,IC_L,2017-02-25T16:24:00,2017-02-25T16:24:00,-9,-9
http://irail.be/vehicle/IC_L4037,http://irail.be/stations/NMBS/008814456,IC_L,2017-02-25T16:27:00,2017-02-25T16:26:00,-9,-9
http://irail.be/vehicle/IC_L4037,http://irail.be/stations/NMBS/008814464,IC_L,2017-02-25T16:30:00,2017-02-25T16:30:00,-9,-9
http://irail.be/vehicle/IC_L4037,http://irail.be/stations/NMBS/008814449,IC_L,2017-02-25T16:32:00,2017-02-25T16:31:00,-9,-9
http://irail.be/vehicle/IC_L4037,http://irail.be/stations/NMBS/008814142,IC_L,2017-02-25T16:36:00,2017-02-25T16:36:00,61,61
http://irail.be/vehicle/IC_L4037,http://irail.be/stations/NMBS/008814159,IC_L,2017-02-25T16:37:00,2017-02-25T16:37:00,61,61
http://irail.be/vehicle/IC_L4037,http://irail.be/stations/NMBS/008814167,IC_L,2017-02-25T16:40:00,2017-02-25T16:39:00,182,172
http://irail.be/vehicle/IC_L4037,http://irail.be/stations/NMBS/008814175,IC_L,2017-02-25T16:41:00,2017-02-25T16:41:00,182,182
http://irail.be/vehicle/IC_L4037,http://irail.be/stations/NMBS/008814266,IC_L,2017-02-25T16:45:00,2017-02-25T16:44:00,150,182
http://irail.be/vehicle/IC_L4037,http://irail.be/stations/NMBS/008814258,IC_L,2017-02-25T16:48:00,2017-02-25T16:48:00,,185
http://irail.be/vehicle/IC_L4037,http://irail.be/stations/NMBS/008833001,IC_L,2017-09-10T15:41:00,2017-09-10T15:41:00,31,
http://irail.be/vehicle/IC_L4037,http://irail.be/stations/NMBS/008811288,IC_L,2017-09-10T15:47:00,2017-09-10T15:46:00,-1,-1
http://irail.be/vehicle/IC_L4037,http://irail.be/stations/NMBS/008811270,IC_L,2017-09-10T15:49:00,2017-09-10T15:49:00,-65,-65
http://irail.be/vehicle/IC_L4037,http://irail.be/stations/NMBS/008811262,IC_L,2017-09-10T15:51:00,2017-09-10T15:51:00,-65,-65
http://irail.be/vehicle/IC_L4037,NO-URI,IC_L,2017-09-10T15:52:00,2017-09-10T15:52:00,-18,-18
http://irail.be/vehicle/IC_L4037,http://irail.be/stations/NMBS/008811254,IC_L,2017-09-10T15:54:00,2017-09-10T15:53:00,-31,-2
http://irail.be/vehicle/IC_L4037,http://irail.be/stations/NMBS/008811247,IC_L,2017-09-10T15:56:00,2017-09-10T15:56:00,28,28
http://irail.be/vehicle/IC_L4037,http://irail.be/stations/NMBS/008819406,IC_L,2017-09-10T16:02:00,2017-09-10T16:00:00,-13,-27
http://irail.be/vehicle/IC_L4037,http://irail.be/stations/NMBS/008811155,IC_L,2017-09-10T16:08:00,2017-09-10T16:08:00,4,4
http://irail.be/vehicle/IC_L4037,http://irail.be/stations/NMBS/008811163,IC_L,2017-09-10T16:11:00,2017-09-10T16:10:00,-6,42
http://irail.be/vehicle/IC_L4037,http://irail.be/stations/NMBS/008811106,IC_L,2017-09-10T16:13:00,2017-09-10T16:13:00,-6,-6
http://irail.be/vehicle/IC_L4037,NO-URI,IC_L,2017-09-10T16:13:00,2017-09-10T16:13:00,1,1
http://irail.be/vehicle/IC_L4037,http://irail.be/stations/NMBS/008811171,IC_L,2017-09-10T16:14:00,2017-09-10T16:14:00,1,1
http://irail.be/vehicle/IC_L4037,http://irail.be/stations/NMBS/008811916,IC_L,2017-09-10T16:18:00,2017-09-10T16:17:00,38,-4
http://irail.be/vehicle/IC_L4037,http://irail.be/stations/NMBS/008811304,IC_L,2017-09-10T16:21:00,2017-09-10T16:20:00,0,38
http://irail.be/vehicle/IC_L4037,http://irail.be/stations/NMBS/008811403,IC_L,2017-09-10T16:23:00,2017-09-10T16:23:00,0,0
http://irail.be/vehicle/IC_L4037,http://irail.be/stations/NMBS/008811411,IC_L,2017-09-10T16:25:00,2017-09-10T16:24:00,53,2
http://irail.be/vehicle/IC_L4037,http://irail.be/stations/NMBS/008814472,IC_L,2017-09-10T16:27:00,2017-09-10T16:27:00,-12,-12
http://irail.be/vehicle/IC_L4037,http://irail.be/stations/NMBS/008814456,IC_L,2017-09-10T16:29:00,2017-09-10T16:28:00,-12,-12
http://irail.be/vehicle/IC_L4037,http://irail.be/stations/NMBS/008814464,IC_L,2017-09-10T16:32:00,2017-09-10T16:32:00,-12,-12
http://irail.be/vehicle/IC_L4037,http://irail.be/stations/NMBS/008814449,IC_L,2017-09-10T16:35:00,2017-09-10T16:34:00,-12,-12
http://irail.be/vehicle/IC_L4037,http://irail.be/stations/NMBS/008814142,IC_L,2017-09-10T16:39:00,2017-09-10T16:39:00,1,1
http://irail.be/vehicle/IC_L4037,http://irail.be/stations/NMBS/008814159,IC_L,2017-09-10T16:41:00,2017-09-10T16:41:00,1,1
http://irail.be/vehicle/IC_L4037,http://irail.be/stations/NMBS/008814167,IC_L,2017-09-10T16:44:00,2017-09-10T16:43:00,2,-27
http://irail.be/vehicle/IC_L4037,http://irail.be/stations/NMBS/008814175,IC_L,2017-09-10T16:46:00,2017-09-10T16:46:00,2,2
http://irail.be/vehicle/IC_L4037,http://irail.be/stations/NMBS/008814266,IC_L,2017-09-10T16:49:00,2017-09-10T16:48:00,7,2
http://irail.be/vehicle/IC_L4037,http://irail.be/stations/NMBS/008814258,IC_L,2017-09-10T16:52:00,2017-09-10T16:52:00,,23
http://irail.be/vehicle/IC_L4037,http://irail.be/stations/NMBS/008833001,IC_L,2017-08-15T15:41:00,2017-08-15T15:41:00,60,
http://irail.be/vehicle/IC_L4037,http://irail.be/stations/NMBS/008811288,IC_L,2017-08-15T15:47:00,2017-08-15T15:46:00,29,29
http://irail.be/vehicle/IC_L4037,http://irail.be/stations/NMBS/008811270,IC_L,2017-08-15T15:49:00,2017-08-15T15:49:00,-24,-24
http://irail.be/vehicle/IC_L4037,http://irail.be/stations/NMBS/008811262,IC_L,2017-08-15T15:51:00,2017-08-15T15:51:00,-24,-24
http://irail.be/vehicle/IC_L4037,NO-URI,IC_L,2017-08-15T15:52:00,2017-08-15T15:52:00,37,37
http://irail.be/vehicle/IC_L4037,http://irail.be/stations/NMBS/008811254,IC_L,2017-08-15T15:54:00,2017-08-15T15:53:00,47,47
http://irail.be/vehicle/IC_L4037,http://irail.be/stations/NMBS/008811247,IC_L,2017-08-15T15:56:00,2017-08-15T15:56:00,28,28
http://irail.be/vehicle/IC_L4037,http://irail.be/stations/NMBS/008819406,IC_L,2017-08-15T16:02:00,2017-08-15T16:00:00,69,57
http://irail.be/vehicle/IC_L4037,http://irail.be/stations/NMBS/008811155,IC_L,2017-08-15T16:08:00,2017-08-15T16:08:00,64,64
http://irail.be/vehicle/IC_L4037,http://irail.be/stations/NMBS/008811163,IC_L,2017-08-15T16:11:00,2017-08-15T16:10:00,48,84
http://irail.be/vehicle/IC_L4037,http://irail.be/stations/NMBS/008811106,IC_L,2017-08-15T16:13:00,2017-08-15T16:13:00,48,48
http://irail.be/vehicle/IC_L4037,NO-URI,IC_L,2017-08-15T16:13:00,2017-08-15T16:13:00,55,55
http://irail.be/vehicle/IC_L4037,http://irail.be/stations/NMBS/008811171,IC_L,2017-08-15T16:14:00,2017-08-15T16:14:00,55,55
http://irail.be/vehicle/IC_L4037,http://irail.be/stations/NMBS/008811916,IC_L,2017-08-15T16:18:00,2017-08-15T16:17:00,63,48
http://irail.be/vehicle/IC_L4037,http://irail.be/stations/NMBS/008811304,IC_L,2017-08-15T16:21:00,2017-08-15T16:20:00,11,63
http://irail.be/vehicle/IC_L4037,http://irail.be/stations/NMBS/008811403,IC_L,2017-08-15T16:23:00,2017-08-15T16:23:00,11,11
http://irail.be/vehicle/IC_L4037,http://irail.be/stations/NMBS/008811411,IC_L,2017-08-15T16:25:00,2017-08-15T16:24:00,85,34
http://irail.be/vehicle/IC_L4037,http://irail.be/stations/NMBS/008814472,IC_L,2017-08-15T16:27:00,2017-08-15T16:27:00,-10,-10
http://irail.be/vehicle/IC_L4037,http://irail.be/stations/NMBS/008814456,IC_L,2017-08-15T16:29:00,2017-08-15T16:28:00,-10,-10
http://irail.be/vehicle/IC_L4037,http://irail.be/stations/NMBS/008814464,IC_L,2017-08-15T16:32:00,2017-08-15T16:32:00,-10,-10
http://irail.be/vehicle/IC_L4037,http://irail.be/stations/NMBS/008814449,IC_L,2017-08-15T16:35:00,2017-08-15T16:34:00,-10,-10
http://irail.be/vehicle/IC_L4037,http://irail.be/stations/NMBS/008814142,IC_L,2017-08-15T16:39:00,2017-08-15T16:39:00,10,10
http://irail.be/vehicle/IC_L4037,http://irail.be/stations/NMBS/008814159,IC_L,2017-08-15T16:41:00,2017-08-15T16:41:00,10,10
http://irail.be/vehicle/IC_L4037,http://irail.be/stations/NMBS/008814167,IC_L,2017-08-15T16:44:00,2017-08-15T16:43:00,-25,-4
http://irail.be/vehicle/IC_L4037,http://irail.be/stations/NMBS/008814175,IC_L,2017-08-15T16:46:00,2017-08-15T16:46:00,-25,-25
http://irail.be/vehicle/IC_L4037,http://irail.be/stations/NMBS/008814266,IC_L,2017-08-15T16:49:00,2017-08-15T16:48:00,-10,-25
http://irail.be/vehicle/IC_L4037,http://irail.be/stations/NMBS/008814258,IC_L,2017-08-15T16:52:00,2017-08-15T16:52:00,,-10
http://irail.be/vehicle/IC_L4037,http://irail.be/stations/NMBS/008833001,IC_L,2017-03-05T15:42:00,2017-03-05T15:42:00,13,
http://irail.be/vehicle/IC_L4037,http://irail.be/stations/NMBS/008811288,IC_L,2017-03-05T15:48:00,2017-03-05T15:47:00,15,15
http://irail.be/vehicle/IC_L4037,http://irail.be/stations/NMBS/008811270,IC_L,2017-03-05T15:50:00,2017-03-05T15:50:00,9,9
http://irail.be/vehicle/IC_L4037,http://irail.be/stations/NMBS/008811262,IC_L,2017-03-05T15:51:00,2017-03-05T15:51:00,9,9
http://irail.be/vehicle/IC_L4037,NO-URI,IC_L,2017-03-05T15:52:00,2017-03-05T15:52:00,60,60
http://irail.be/vehicle/IC_L4037,http://irail.be/stations/NMBS/008811254,IC_L,2017-03-05T15:54:00,2017-03-05T15:53:00,62,62
http://irail.be/vehicle/IC_L4037,http://irail.be/stations/NMBS/008811247,IC_L,2017-03-05T15:56:00,2017-03-05T15:56:00,52,52
http://irail.be/vehicle/IC_L4037,http://irail.be/stations/NMBS/008819406,IC_L,2017-03-05T16:02:00,2017-03-05T16:00:00,346,390
http://irail.be/vehicle/IC_L4037,http://irail.be/stations/NMBS/008811155,IC_L,2017-03-05T16:08:00,2017-03-05T16:08:00,401,401
http://irail.be/vehicle/IC_L4037,http://irail.be/stations/NMBS/008811163,IC_L,2017-03-05T16:11:00,2017-03-05T16:10:00,381,405
http://irail.be/vehicle/IC_L4037,http://irail.be/stations/NMBS/008811106,IC_L,2017-03-05T16:12:00,2017-03-05T16:12:00,381,381
http://irail.be/vehicle/IC_L4037,NO-URI,IC_L,2017-03-05T16:13:00,2017-03-05T16:13:00,342,342
http://irail.be/vehicle/IC_L4037,http://irail.be/stations/NMBS/008811171,IC_L,2017-03-05T16:14:00,2017-03-05T16:14:00,342,342
http://irail.be/vehicle/IC_L4037,http://irail.be/stations/NMBS/008811197,IC_L,2017-03-05T16:19:00,2017-03-05T16:16:00,151,151
http://irail.be/vehicle/IC_L4037,http://irail.be/stations/NMBS/008811205,IC_L,2017-03-05T16:22:00,2017-03-05T16:22:00,188,151
http://irail.be/vehicle/IC_L4037,http://irail.be/stations/NMBS/008814472,IC_L,2017-03-05T16:24:00,2017-03-05T16:24:00,38,38
http://irail.be/vehicle/IC_L4037,http://irail.be/stations/NMBS/008814456,IC_L,2017-03-05T16:27:00,2017-03-05T16:26:00,38,38
http://irail.be/vehicle/IC_L4037,http://irail.be/stations/NMBS/008814464,IC_L,2017-03-05T16:30:00,2017-03-05T16:30:00,38,38
http://irail.be/vehicle/IC_L4037,http://irail.be/stations/NMBS/008814449,IC_L,2017-03-05T16:32:00,2017-03-05T16:31:00,38,38
http://irail.be/vehicle/IC_L4037,http://irail.be/stations/NMBS/008814142,IC_L,2017-03-05T16:36:00,2017-03-05T16:36:00,54,54
http://irail.be/vehicle/IC_L4037,http://irail.be/stations/NMBS/008814159,IC_L,2017-03-05T16:37:00,2017-03-05T16:37:00,54,54
http://irail.be/vehicle/IC_L4037,http://irail.be/stations/NMBS/008814167,IC_L,2017-03-05T16:40:00,2017-03-05T16:39:00,51,51
http://irail.be/vehicle/IC_L4037,http://irail.be/stations/NMBS/008814175,IC_L,2017-03-05T16:41:00,2017-03-05T16:41:00,-28,-28
http://irail.be/vehicle/IC_L4037,http://irail.be/stations/NMBS/008814266,IC_L,2017-03-05T16:45:00,2017-03-05T16:44:00,-75,-28
http://irail.be/vehicle/IC_L4037,http://irail.be/stations/NMBS/008814258,IC_L,2017-03-05T16:48:00,2017-03-05T16:48:00,,-64
http://irail.be/vehicle/IC_L4037,http://irail.be/stations/NMBS/008833001,IC_L,2017-01-14T15:42:00,2017-01-14T15:42:00,37,
http://irail.be/vehicle/IC_L4037,http://irail.be/stations/NMBS/008811288,IC_L,2017-01-14T15:48:00,2017-01-14T15:47:00,10,10
http://irail.be/vehicle/IC_L4037,http://irail.be/stations/NMBS/008811270,IC_L,2017-01-14T15:50:00,2017-01-14T15:50:00,8,8
http://irail.be/vehicle/IC_L4037,http://irail.be/stations/NMBS/008811262,IC_L,2017-01-14T15:51:00,2017-01-14T15:51:00,8,8
http://irail.be/vehicle/IC_L4037,NO-URI,IC_L,2017-01-14T15:52:00,2017-01-14T15:52:00,62,62
http://irail.be/vehicle/IC_L4037,http://irail.be/stations/NMBS/008811254,IC_L,2017-01-14T15:54:00,2017-01-14T15:53:00,22,65
http://irail.be/vehicle/IC_L4037,http://irail.be/stations/NMBS/008811247,IC_L,2017-01-14T15:56:00,2017-01-14T15:56:00,98,98
http://irail.be/vehicle/IC_L4037,http://irail.be/stations/NMBS/008819406,IC_L,2017-01-14T16:02:00,2017-01-14T16:00:00,33,76
http://irail.be/vehicle/IC_L4037,http://irail.be/stations/NMBS/008811155,IC_L,2017-01-14T16:08:00,2017-01-14T16:08:00,66,66
http://irail.be/vehicle/IC_L4037,http://irail.be/stations/NMBS/008811163,IC_L,2017-01-14T16:11:00,2017-01-14T16:10:00,81,75
http://irail.be/vehicle/IC_L4037,http://irail.be/stations/NMBS/008811106,IC_L,2017-01-14T16:12:00,2017-01-14T16:12:00,81,81
http://irail.be/vehicle/IC_L4037,NO-URI,IC_L,2017-01-14T16:13:00,2017-01-14T16:13:00,72,72
http://irail.be/vehicle/IC_L4037,http://irail.be/stations/NMBS/008811171,IC_L,2017-01-14T16:14:00,2017-01-14T16:14:00,72,72
http://irail.be/vehicle/IC_L4037,http://irail.be/stations/NMBS/008811916,IC_L,2017-01-14T16:18:00,2017-01-14T16:17:00,86,88
http://irail.be/vehicle/IC_L4037,http://irail.be/stations/NMBS/008811304,IC_L,2017-01-14T16:22:00,2017-01-14T16:20:00,-6,86
http://irail.be/vehicle/IC_L4037,http://irail.be/stations/NMBS/008811403,IC_L,2017-01-14T16:24:00,2017-01-14T16:24:00,-6,-6
http://irail.be/vehicle/IC_L4037,http://irail.be/stations/NMBS/008811411,IC_L,2017-01-14T16:26:00,2017-01-14T16:25:00,28,-3
http://irail.be/vehicle/IC_L4037,http://irail.be/stations/NMBS/008814472,IC_L,2017-01-14T16:29:00,2017-01-14T16:29:00,154,154
http://irail.be/vehicle/IC_L4037,http://irail.be/stations/NMBS/008814456,IC_L,2017-01-14T16:31:00,2017-01-14T16:30:00,154,154
http://irail.be/vehicle/IC_L4037,http://irail.be/stations/NMBS/008814464,IC_L,2017-01-14T16:34:00,2017-01-14T16:34:00,154,154
http://irail.be/vehicle/IC_L4037,http://irail.be/stations/NMBS/008814449,IC_L,2017-01-14T16:36:00,2017-01-14T16:35:00,154,154
http://irail.be/vehicle/IC_L4037,http://irail.be/stations/NMBS/008814142,IC_L,2017-01-14T16:40:00,2017-01-14T16:40:00,221,221
http://irail.be/vehicle/IC_L4037,http://irail.be/stations/NMBS/008814159,IC_L,2017-01-14T16:41:00,2017-01-14T16:41:00,221,221
http://irail.be/vehicle/IC_L4037,http://irail.be/stations/NMBS/008814167,IC_L,2017-01-14T16:44:00,2017-01-14T16:43:00,150,150
http://irail.be/vehicle/IC_L4037,http://irail.be/stations/NMBS/008814175,IC_L,2017-01-14T16:45:00,2017-01-14T16:45:00,150,150
http://irail.be/vehicle/IC_L4037,http://irail.be/stations/NMBS/008814266,IC_L,2017-01-14T16:49:00,2017-01-14T16:48:00,110,150
http://irail.be/vehicle/IC_L4037,http://irail.be/stations/NMBS/008814258,IC_L,2017-01-14T16:52:00,2017-01-14T16:52:00,,115
http://irail.be/vehicle/IC_L4037,http://irail.be/stations/NMBS/008833001,IC_L,2017-05-28T15:42:00,2017-05-28T15:42:00,47,
http://irail.be/vehicle/IC_L4037,http://irail.be/stations/NMBS/008811288,IC_L,2017-05-28T15:48:00,2017-05-28T15:47:00,0,0
http://irail.be/vehicle/IC_L4037,http://irail.be/stations/NMBS/008811270,IC_L,2017-05-28T15:50:00,2017-05-28T15:50:00,-7,-7
http://irail.be/vehicle/IC_L4037,http://irail.be/stations/NMBS/008811262,IC_L,2017-05-28T15:51:00,2017-05-28T15:51:00,-7,-7
http://irail.be/vehicle/IC_L4037,NO-URI,IC_L,2017-05-28T15:52:00,2017-05-28T15:52:00,40,40
http://irail.be/vehicle/IC_L4037,http://irail.be/stations/NMBS/008811254,IC_L,2017-05-28T15:54:00,2017-05-28T15:53:00,40,40
http://irail.be/vehicle/IC_L4037,http://irail.be/stations/NMBS/008811247,IC_L,2017-05-28T15:56:00,2017-05-28T15:56:00,30,30
http://irail.be/vehicle/IC_L4037,http://irail.be/stations/NMBS/008819406,IC_L,2017-05-28T16:02:00,2017-05-28T16:00:00,0,31
http://irail.be/vehicle/IC_L4037,http://irail.be/stations/NMBS/008811155,IC_L,2017-05-28T16:08:00,2017-05-28T16:08:00,-17,-17
http://irail.be/vehicle/IC_L4037,http://irail.be/stations/NMBS/008811163,IC_L,2017-05-28T16:11:00,2017-05-28T16:10:00,28,6
http://irail.be/vehicle/IC_L4037,http://irail.be/stations/NMBS/008811106,IC_L,2017-05-28T16:12:00,2017-05-28T16:12:00,28,28
http://irail.be/vehicle/IC_L4037,NO-URI,IC_L,2017-05-28T16:13:00,2017-05-28T16:13:00,-33,-33
http://irail.be/vehicle/IC_L4037,http://irail.be/stations/NMBS/008811171,IC_L,2017-05-28T16:14:00,2017-05-28T16:14:00,-33,-33
http://irail.be/vehicle/IC_L4037,http://irail.be/stations/NMBS/008811197,IC_L,2017-05-28T16:19:00,2017-05-28T16:16:00,0,0
http://irail.be/vehicle/IC_L4037,http://irail.be/stations/NMBS/008811205,IC_L,2017-05-28T16:22:00,2017-05-28T16:22:00,79,0
http://irail.be/vehicle/IC_L4037,http://irail.be/stations/NMBS/008814472,IC_L,2017-05-28T16:24:00,2017-05-28T16:24:00,25,25
http://irail.be/vehicle/IC_L4037,http://irail.be/stations/NMBS/008814456,IC_L,2017-05-28T16:27:00,2017-05-28T16:26:00,25,25
http://irail.be/vehicle/IC_L4037,http://irail.be/stations/NMBS/008814464,IC_L,2017-05-28T16:30:00,2017-05-28T16:30:00,25,25
http://irail.be/vehicle/IC_L4037,http://irail.be/stations/NMBS/008814449,IC_L,2017-05-28T16:32:00,2017-05-28T16:31:00,25,25
http://irail.be/vehicle/IC_L4037,http://irail.be/stations/NMBS/008814142,IC_L,2017-05-28T16:36:00,2017-05-28T16:36:00,54,54
http://irail.be/vehicle/IC_L4037,http://irail.be/stations/NMBS/008814159,IC_L,2017-05-28T16:37:00,2017-05-28T16:37:00,54,54
http://irail.be/vehicle/IC_L4037,http://irail.be/stations/NMBS/008814167,IC_L,2017-05-28T16:40:00,2017-05-28T16:39:00,71,40
http://irail.be/vehicle/IC_L4037,http://irail.be/stations/NMBS/008814175,IC_L,2017-05-28T16:41:00,2017-05-28T16:41:00,71,71
http://irail.be/vehicle/IC_L4037,http://irail.be/stations/NMBS/008814266,IC_L,2017-05-28T16:45:00,2017-05-28T16:44:00,86,71
http://irail.be/vehicle/IC_L4037,http://irail.be/stations/NMBS/008814258,IC_L,2017-05-28T16:48:00,2017-05-28T16:48:00,,83
http://irail.be/vehicle/IC_L4037,http://irail.be/stations/NMBS/008833001,IC_L,2017-07-22T15:41:00,2017-07-22T15:41:00,51,
http://irail.be/vehicle/IC_L4037,http://irail.be/stations/NMBS/008811288,IC_L,2017-07-22T15:47:00,2017-07-22T15:46:00,30,30
http://irail.be/vehicle/IC_L4037,http://irail.be/stations/NMBS/008811270,IC_L,2017-07-22T15:49:00,2017-07-22T15:49:00,-15,-15
http://irail.be/vehicle/IC_L4037,http://irail.be/stations/NMBS/008811262,IC_L,2017-07-22T15:51:00,2017-07-22T15:51:00,-15,-15
http://irail.be/vehicle/IC_L4037,NO-URI,IC_L,2017-07-22T15:52:00,2017-07-22T15:52:00,52,52
http://irail.be/vehicle/IC_L4037,http://irail.be/stations/NMBS/008811254,IC_L,2017-07-22T15:54:00,2017-07-22T15:53:00,55,55
http://irail.be/vehicle/IC_L4037,http://irail.be/stations/NMBS/008811247,IC_L,2017-07-22T15:56:00,2017-07-22T15:56:00,46,46
http://irail.be/vehicle/IC_L4037,http://irail.be/stations/NMBS/008819406,IC_L,2017-07-22T16:02:00,2017-07-22T16:00:00,-8,-12
http://irail.be/vehicle/IC_L4037,http://irail.be/stations/NMBS/008811155,IC_L,2017-07-22T16:08:00,2017-07-22T16:08:00,-15,-15
http://irail.be/vehicle/IC_L4037,http://irail.be/stations/NMBS/008811163,IC_L,2017-07-22T16:11:00,2017-07-22T16:10:00,-10,-1
http://irail.be/vehicle/IC_L4037,http://irail.be/stations/NMBS/008811106,IC_L,2017-07-22T16:13:00,2017-07-22T16:13:00,-10,-10
http://irail.be/vehicle/IC_L4037,NO-URI,IC_L,2017-07-22T16:13:00,2017-07-22T16:13:00,4,4
http://irail.be/vehicle/IC_L4037,http://irail.be/stations/NMBS/008811171,IC_L,2017-07-22T16:14:00,2017-07-22T16:14:00,4,4
http://irail.be/vehicle/IC_L4037,http://irail.be/stations/NMBS/008811916,IC_L,2017-07-22T16:18:00,2017-07-22T16:17:00,78,49
http://irail.be/vehicle/IC_L4037,http://irail.be/stations/NMBS/008811304,IC_L,2017-07-22T16:21:00,2017-07-22T16:20:00,52,78
http://irail.be/vehicle/IC_L4037,http://irail.be/stations/NMBS/008811403,IC_L,2017-07-22T16:23:00,2017-07-22T16:23:00,52,52
http://irail.be/vehicle/IC_L4037,http://irail.be/stations/NMBS/008811411,IC_L,2017-07-22T16:25:00,2017-07-22T16:24:00,138,65
http://irail.be/vehicle/IC_L4037,http://irail.be/stations/NMBS/008814472,IC_L,2017-07-22T16:27:00,2017-07-22T16:27:00,24,24
http://irail.be/vehicle/IC_L4037,http://irail.be/stations/NMBS/008814456,IC_L,2017-07-22T16:29:00,2017-07-22T16:28:00,24,24
http://irail.be/vehicle/IC_L4037,http://irail.be/stations/NMBS/008814464,IC_L,2017-07-22T16:32:00,2017-07-22T16:32:00,24,24
http://irail.be/vehicle/IC_L4037,http://irail.be/stations/NMBS/008814449,IC_L,2017-07-22T16:35:00,2017-07-22T16:34:00,24,24
http://irail.be/vehicle/IC_L4037,http://irail.be/stations/NMBS/008814142,IC_L,2017-07-22T16:39:00,2017-07-22T16:39:00,63,63
http://irail.be/vehicle/IC_L4037,http://irail.be/stations/NMBS/008814159,IC_L,2017-07-22T16:41:00,2017-07-22T16:41:00,63,63
http://irail.be/vehicle/IC_L4037,http://irail.be/stations/NMBS/008814167,IC_L,2017-07-22T16:44:00,2017-07-22T16:43:00,50,49
http://irail.be/vehicle/IC_L4037,http://irail.be/stations/NMBS/008814175,IC_L,2017-07-22T16:46:00,2017-07-22T16:46:00,50,50
http://irail.be/vehicle/IC_L4037,http://irail.be/stations/NMBS/008814266,IC_L,2017-07-22T16:49:00,2017-07-22T16:48:00,38,50
http://irail.be/vehicle/IC_L4037,http://irail.be/stations/NMBS/008814258,IC_L,2017-07-22T16:52:00,2017-07-22T16:52:00,,52
http://irail.be/vehicle/IC_L4037,http://irail.be/stations/NMBS/008833001,IC_L,2017-05-01T15:24:00,2017-05-01T15:24:00,163,
http://irail.be/vehicle/IC_L4037,http://irail.be/stations/NMBS/008811288,IC_L,2017-05-01T15:30:00,2017-05-01T15:29:00,145,145
http://irail.be/vehicle/IC_L4037,http://irail.be/stations/NMBS/008811270,IC_L,2017-05-01T15:32:00,2017-05-01T15:32:00,85,85
http://irail.be/vehicle/IC_L4037,http://irail.be/stations/NMBS/008811262,IC_L,2017-05-01T15:33:00,2017-05-01T15:33:00,85,85
http://irail.be/vehicle/IC_L4037,NO-URI,IC_L,2017-05-01T15:35:00,2017-05-01T15:35:00,119,119
http://irail.be/vehicle/IC_L4037,http://irail.be/stations/NMBS/008811254,IC_L,2017-05-01T15:37:00,2017-05-01T15:36:00,77,94
http://irail.be/vehicle/IC_L4037,http://irail.be/stations/NMBS/008811247,IC_L,2017-05-01T15:38:00,2017-05-01T15:38:00,138,138
http://irail.be/vehicle/IC_L4037,http://irail.be/stations/NMBS/008819406,IC_L,2017-05-01T15:46:00,2017-05-01T15:42:00,0,93
http://irail.be/vehicle/IC_L4037,http://irail.be/stations/NMBS/008811155,IC_L,2017-05-01T15:52:00,2017-05-01T15:52:00,96,96
http://irail.be/vehicle/IC_L4037,http://irail.be/stations/NMBS/008811163,IC_L,2017-05-01T15:56:00,2017-05-01T15:55:00,96,87
http://irail.be/vehicle/IC_L4037,http://irail.be/stations/NMBS/008811106,IC_L,2017-05-01T15:57:00,2017-05-01T15:57:00,96,96
http://irail.be/vehicle/IC_L4037,NO-URI,IC_L,2017-05-01T15:57:00,2017-05-01T15:57:00,115,115
http://irail.be/vehicle/IC_L4037,http://irail.be/stations/NMBS/008811171,IC_L,2017-05-01T15:58:00,2017-05-01T15:58:00,115,115
http://irail.be/vehicle/IC_L4037,http://irail.be/stations/NMBS/008811197,IC_L,2017-05-01T16:05:00,2017-05-01T16:01:00,34,34
http://irail.be/vehicle/IC_L4037,http://irail.be/stations/NMBS/008811205,IC_L,2017-05-01T16:08:00,2017-05-01T16:08:00,76,34
http://irail.be/vehicle/IC_L4037,http://irail.be/stations/NMBS/008814472,IC_L,2017-05-01T16:11:00,2017-05-01T16:11:00,93,93
http://irail.be/vehicle/IC_L4037,http://irail.be/stations/NMBS/008814456,IC_L,2017-05-01T16:13:00,2017-05-01T16:13:00,93,93
http://irail.be/vehicle/IC_L4037,http://irail.be/stations/NMBS/008814464,IC_L,2017-05-01T16:16:00,2017-05-01T16:16:00,93,93
http://irail.be/vehicle/IC_L4037,http://irail.be/stations/NMBS/008814449,IC_L,2017-05-01T16:18:00,2017-05-01T16:18:00,93,93
http://irail.be/vehicle/IC_L4037,http://irail.be/stations/NMBS/008814142,IC_L,2017-05-01T16:22:00,2017-05-01T16:21:00,110,110
http://irail.be/vehicle/IC_L4037,http://irail.be/stations/NMBS/008814159,IC_L,2017-05-01T16:23:00,2017-05-01T16:23:00,110,110
http://irail.be/vehicle/IC_L4037,http://irail.be/stations/NMBS/008814167,IC_L,2017-05-01T16:26:00,2017-05-01T16:25:00,59,113
http://irail.be/vehicle/IC_L4037,http://irail.be/stations/NMBS/008814175,IC_L,2017-05-01T16:27:00,2017-05-01T16:27:00,59,59
http://irail.be/vehicle/IC_L4037,http://irail.be/stations/NMBS/008814266,IC_L,2017-05-01T16:31:00,2017-05-01T16:30:00,42,59
http://irail.be/vehicle/IC_L4037,http://irail.be/stations/NMBS/008814258,IC_L,2017-05-01T16:34:00,2017-05-01T16:34:00,,46
http://irail.be/vehicle/IC_L4037,http://irail.be/stations/NMBS/008833001,IC_L,2017-07-08T15:41:00,2017-07-08T15:41:00,30,
http://irail.be/vehicle/IC_L4037,http://irail.be/stations/NMBS/008811288,IC_L,2017-07-08T15:47:00,2017-07-08T15:46:00,6,6
http://irail.be/vehicle/IC_L4037,http://irail.be/stations/NMBS/008811270,IC_L,2017-07-08T15:49:00,2017-07-08T15:49:00,-35,-35
http://irail.be/vehicle/IC_L4037,http://irail.be/stations/NMBS/008811262,IC_L,2017-07-08T15:51:00,2017-07-08T15:51:00,-35,-35
http://irail.be/vehicle/IC_L4037,NO-URI,IC_L,2017-07-08T15:52:00,2017-07-08T15:52:00,47,47
http://irail.be/vehicle/IC_L4037,http://irail.be/stations/NMBS/008811254,IC_L,2017-07-08T15:54:00,2017-07-08T15:53:00,68,68
http://irail.be/vehicle/IC_L4037,http://irail.be/stations/NMBS/008811247,IC_L,2017-07-08T15:56:00,2017-07-08T15:56:00,45,45
http://irail.be/vehicle/IC_L4037,http://irail.be/stations/NMBS/008819406,IC_L,2017-07-08T16:02:00,2017-07-08T16:00:00,-9,-6
http://irail.be/vehicle/IC_L4037,http://irail.be/stations/NMBS/008811155,IC_L,2017-07-08T16:08:00,2017-07-08T16:08:00,-10,-10
http://irail.be/vehicle/IC_L4037,http://irail.be/stations/NMBS/008811163,IC_L,2017-07-08T16:11:00,2017-07-08T16:10:00,-33,3
http://irail.be/vehicle/IC_L4037,http://irail.be/stations/NMBS/008811106,IC_L,2017-07-08T16:13:00,2017-07-08T16:13:00,-33,-33
http://irail.be/vehicle/IC_L4037,NO-URI,IC_L,2017-07-08T16:13:00,2017-07-08T16:13:00,-18,-18
http://irail.be/vehicle/IC_L4037,http://irail.be/stations/NMBS/008811171,IC_L,2017-07-08T16:14:00,2017-07-08T16:14:00,-18,-18
http://irail.be/vehicle/IC_L4037,http://irail.be/stations/NMBS/008811916,IC_L,2017-07-08T16:18:00,2017-07-08T16:17:00,34,-4
http://irail.be/vehicle/IC_L4037,http://irail.be/stations/NMBS/008811304,IC_L,2017-07-08T16:21:00,2017-07-08T16:20:00,-4,34
http://irail.be/vehicle/IC_L4037,http://irail.be/stations/NMBS/008811403,IC_L,2017-07-08T16:23:00,2017-07-08T16:23:00,-4,-4
http://irail.be/vehicle/IC_L4037,http://irail.be/stations/NMBS/008811411,IC_L,2017-07-08T16:25:00,2017-07-08T16:24:00,72,21
http://irail.be/vehicle/IC_L4037,http://irail.be/stations/NMBS/008814472,IC_L,2017-07-08T16:27:00,2017-07-08T16:27:00,-18,-18
http://irail.be/vehicle/IC_L4037,http://irail.be/stations/NMBS/008814456,IC_L,2017-07-08T16:29:00,2017-07-08T16:28:00,-18,-18
http://irail.be/vehicle/IC_L4037,http://irail.be/stations/NMBS/008814464,IC_L,2017-07-08T16:32:00,2017-07-08T16:32:00,-18,-18
http://irail.be/vehicle/IC_L4037,http://irail.be/stations/NMBS/008814449,IC_L,2017-07-08T16:35:00,2017-07-08T16:34:00,-18,-18
http://irail.be/vehicle/IC_L4037,http://irail.be/stations/NMBS/008814142,IC_L,2017-07-08T16:39:00,2017-07-08T16:39:00,19,19
http://irail.be/vehicle/IC_L4037,http://irail.be/stations/NMBS/008814159,IC_L,2017-07-08T16:41:00,2017-07-08T16:41:00,19,19
http://irail.be/vehicle/IC_L4037,http://irail.be/stations/NMBS/008814167,IC_L,2017-07-08T16:44:00,2017-07-08T16:43:00,39,23
http://irail.be/vehicle/IC_L4037,http://irail.be/stations/NMBS/008814175,IC_L,2017-07-08T16:46:00,2017-07-08T16:46:00,39,39
http://irail.be/vehicle/IC_L4037,http://irail.be/stations/NMBS/008814266,IC_L,2017-07-08T16:49:00,2017-07-08T16:48:00,20,39
http://irail.be/vehicle/IC_L4037,http://irail.be/stations/NMBS/008814258,IC_L,2017-07-08T16:52:00,2017-07-08T16:52:00,,47
http://irail.be/vehicle/IC_L4037,http://irail.be/stations/NMBS/008833001,IC_L,2017-06-18T15:41:00,2017-06-18T15:41:00,61,
http://irail.be/vehicle/IC_L4037,http://irail.be/stations/NMBS/008811288,IC_L,2017-06-18T15:47:00,2017-06-18T15:46:00,88,88
http://irail.be/vehicle/IC_L4037,http://irail.be/stations/NMBS/008811270,IC_L,2017-06-18T15:49:00,2017-06-18T15:49:00,23,23
http://irail.be/vehicle/IC_L4037,http://irail.be/stations/NMBS/008811262,IC_L,2017-06-18T15:51:00,2017-06-18T15:51:00,23,23
http://irail.be/vehicle/IC_L4037,NO-URI,IC_L,2017-06-18T15:52:00,2017-06-18T15:52:00,71,71
http://irail.be/vehicle/IC_L4037,http://irail.be/stations/NMBS/008811254,IC_L,2017-06-18T15:54:00,2017-06-18T15:53:00,78,78
http://irail.be/vehicle/IC_L4037,http://irail.be/stations/NMBS/008811247,IC_L,2017-06-18T15:56:00,2017-06-18T15:56:00,55,55
http://irail.be/vehicle/IC_L4037,http://irail.be/stations/NMBS/008819406,IC_L,2017-06-18T16:02:00,2017-06-18T16:00:00,15,34
http://irail.be/vehicle/IC_L4037,http://irail.be/stations/NMBS/008811155,IC_L,2017-06-18T16:08:00,2017-06-18T16:08:00,36,36
http://irail.be/vehicle/IC_L4037,http://irail.be/stations/NMBS/008811163,IC_L,2017-06-18T16:11:00,2017-06-18T16:10:00,-11,42
http://irail.be/vehicle/IC_L4037,http://irail.be/stations/NMBS/008811106,IC_L,2017-06-18T16:13:00,2017-06-18T16:13:00,-11,-11
http://irail.be/vehicle/IC_L4037,NO-URI,IC_L,2017-06-18T16:13:00,2017-06-18T16:13:00,-9,-9
http://irail.be/vehicle/IC_L4037,http://irail.be/stations/NMBS/008811171,IC_L,2017-06-18T16:14:00,2017-06-18T16:14:00,-9,-9
http://irail.be/vehicle/IC_L4037,http://irail.be/stations/NMBS/008811197,IC_L,2017-06-18T16:17:00,2017-06-18T16:16:00,8,8
http://irail.be/vehicle/IC_L4037,http://irail.be/stations/NMBS/008811205,IC_L,2017-06-18T16:20:00,2017-06-18T16:20:00,21,8
http://irail.be/vehicle/IC_L4037,http://irail.be/stations/NMBS/008814472,IC_L,2017-06-18T16:22:00,2017-06-18T16:22:00,-9,-9
http://irail.be/vehicle/IC_L4037,http://irail.be/stations/NMBS/008814456,IC_L,2017-06-18T16:25:00,2017-06-18T16:24:00,-9,-9
http://irail.be/vehicle/IC_L4037,http://irail.be/stations/NMBS/008814464,IC_L,2017-06-18T16:28:00,2017-06-18T16:28:00,-9,-9
http://irail.be/vehicle/IC_L4037,http://irail.be/stations/NMBS/008814449,IC_L,2017-06-18T16:31:00,2017-06-18T16:30:00,-9,-9
http://irail.be/vehicle/IC_L4037,http://irail.be/stations/NMBS/008814142,IC_L,2017-06-18T16:35:00,2017-06-18T16:35:00,2,2
http://irail.be/vehicle/IC_L4037,http://irail.be/stations/NMBS/008814159,IC_L,2017-06-18T16:37:00,2017-06-18T16:37:00,2,2
http://irail.be/vehicle/IC_L4037,http://irail.be/stations/NMBS/008814167,IC_L,2017-06-18T16:40:00,2017-06-18T16:39:00,29,-22
http://irail.be/vehicle/IC_L4037,http://irail.be/stations/NMBS/008814175,IC_L,2017-06-18T16:42:00,2017-06-18T16:42:00,29,29
http://irail.be/vehicle/IC_L4037,http://irail.be/stations/NMBS/008814266,IC_L,2017-06-18T16:45:00,2017-06-18T16:44:00,6,29
http://irail.be/vehicle/IC_L4037,http://irail.be/stations/NMBS/008814258,IC_L,2017-06-18T16:48:00,2017-06-18T16:48:00,,11
http://irail.be/vehicle/IC_L4037,http://irail.be/stations/NMBS/008833001,IC_L,2017-08-26T15:41:00,2017-08-26T15:41:00,79,
http://irail.be/vehicle/IC_L4037,http://irail.be/stations/NMBS/008811288,IC_L,2017-08-26T15:47:00,2017-08-26T15:46:00,28,28
http://irail.be/vehicle/IC_L4037,http://irail.be/stations/NMBS/008811270,IC_L,2017-08-26T15:49:00,2017-08-26T15:49:00,-14,-14
http://irail.be/vehicle/IC_L4037,http://irail.be/stations/NMBS/008811262,IC_L,2017-08-26T15:51:00,2017-08-26T15:51:00,-14,-14
http://irail.be/vehicle/IC_L4037,NO-URI,IC_L,2017-08-26T15:52:00,2017-08-26T15:52:00,47,47
http://irail.be/vehicle/IC_L4037,http://irail.be/stations/NMBS/008811254,IC_L,2017-08-26T15:54:00,2017-08-26T15:53:00,55,55
http://irail.be/vehicle/IC_L4037,http://irail.be/stations/NMBS/008811247,IC_L,2017-08-26T15:56:00,2017-08-26T15:56:00,45,45
http://irail.be/vehicle/IC_L4037,http://irail.be/stations/NMBS/008819406,IC_L,2017-08-26T16:02:00,2017-08-26T16:00:00,-22,-2
http://irail.be/vehicle/IC_L4037,http://irail.be/stations/NMBS/008811155,IC_L,2017-08-26T16:08:00,2017-08-26T16:08:00,-14,-14
http://irail.be/vehicle/IC_L4037,http://irail.be/stations/NMBS/008811163,IC_L,2017-08-26T16:11:00,2017-08-26T16:10:00,-57,-4
http://irail.be/vehicle/IC_L4037,http://irail.be/stations/NMBS/008811106,IC_L,2017-08-26T16:13:00,2017-08-26T16:13:00,-57,-57
http://irail.be/vehicle/IC_L4037,NO-URI,IC_L,2017-08-26T16:13:00,2017-08-26T16:13:00,-47,-47
http://irail.be/vehicle/IC_L4037,http://irail.be/stations/NMBS/008811171,IC_L,2017-08-26T16:14:00,2017-08-26T16:14:00,-47,-47
http://irail.be/vehicle/IC_L4037,http://irail.be/stations/NMBS/008811916,IC_L,2017-08-26T16:18:00,2017-08-26T16:17:00,44,-5
http://irail.be/vehicle/IC_L4037,http://irail.be/stations/NMBS/008811304,IC_L,2017-08-26T16:21:00,2017-08-26T16:20:00,22,44
http://irail.be/vehicle/IC_L4037,http://irail.be/stations/NMBS/008811403,IC_L,2017-08-26T16:23:00,2017-08-26T16:23:00,22,22
http://irail.be/vehicle/IC_L4037,http://irail.be/stations/NMBS/008811411,IC_L,2017-08-26T16:25:00,2017-08-26T16:24:00,91,45
http://irail.be/vehicle/IC_L4037,http://irail.be/stations/NMBS/008814472,IC_L,2017-08-26T16:27:00,2017-08-26T16:27:00,-25,-25
http://irail.be/vehicle/IC_L4037,http://irail.be/stations/NMBS/008814456,IC_L,2017-08-26T16:29:00,2017-08-26T16:28:00,-25,-25
http://irail.be/vehicle/IC_L4037,http://irail.be/stations/NMBS/008814464,IC_L,2017-08-26T16:32:00,2017-08-26T16:32:00,-25,-25
http://irail.be/vehicle/IC_L4037,http://irail.be/stations/NMBS/008814449,IC_L,2017-08-26T16:35:00,2017-08-26T16:34:00,-25,-25
http://irail.be/vehicle/IC_L4037,http://irail.be/stations/NMBS/008814142,IC_L,2017-08-26T16:39:00,2017-08-26T16:39:00,-6,-6
http://irail.be/vehicle/IC_L4037,http://irail.be/stations/NMBS/008814159,IC_L,2017-08-26T16:41:00,2017-08-26T16:41:00,-6,-6
http://irail.be/vehicle/IC_L4037,http://irail.be/stations/NMBS/008814167,IC_L,2017-08-26T16:44:00,2017-08-26T16:43:00,-13,-22
http://irail.be/vehicle/IC_L4037,http://irail.be/stations/NMBS/008814175,IC_L,2017-08-26T16:46:00,2017-08-26T16:46:00,-13,-13
http://irail.be/vehicle/IC_L4037,http://irail.be/stations/NMBS/008814266,IC_L,2017-08-26T16:49:00,2017-08-26T16:48:00,28,-13
http://irail.be/vehicle/IC_L4037,http://irail.be/stations/NMBS/008814258,IC_L,2017-08-26T16:52:00,2017-08-26T16:52:00,,53
http://irail.be/vehicle/IC_L4037,http://irail.be/stations/NMBS/008833001,IC_L,2017-05-21T15:42:00,2017-05-21T15:42:00,33,
http://irail.be/vehicle/IC_L4037,http://irail.be/stations/NMBS/008811288,IC_L,2017-05-21T15:48:00,2017-05-21T15:47:00,-36,-36
http://irail.be/vehicle/IC_L4037,http://irail.be/stations/NMBS/008811270,IC_L,2017-05-21T15:50:00,2017-05-21T15:50:00,-32,-32
http://irail.be/vehicle/IC_L4037,http://irail.be/stations/NMBS/008811262,IC_L,2017-05-21T15:51:00,2017-05-21T15:51:00,-32,-32
http://irail.be/vehicle/IC_L4037,NO-URI,IC_L,2017-05-21T15:52:00,2017-05-21T15:52:00,40,40
http://irail.be/vehicle/IC_L4037,http://irail.be/stations/NMBS/008811254,IC_L,2017-05-21T15:54:00,2017-05-21T15:53:00,115,55
http://irail.be/vehicle/IC_L4037,http://irail.be/stations/NMBS/008811247,IC_L,2017-05-21T15:56:00,2017-05-21T15:56:00,181,181
http://irail.be/vehicle/IC_L4037,http://irail.be/stations/NMBS/008819406,IC_L,2017-05-21T16:02:00,2017-05-21T16:00:00,80,126
http://irail.be/vehicle/IC_L4037,http://irail.be/stations/NMBS/008811155,IC_L,2017-05-21T16:08:00,2017-05-21T16:08:00,65,65
http://irail.be/vehicle/IC_L4037,http://irail.be/stations/NMBS/008811163,IC_L,2017-05-21T16:11:00,2017-05-21T16:10:00,56,66
http://irail.be/vehicle/IC_L4037,http://irail.be/stations/NMBS/008811106,IC_L,2017-05-21T16:12:00,2017-05-21T16:12:00,56,56
http://irail.be/vehicle/IC_L4037,NO-URI,IC_L,2017-05-21T16:13:00,2017-05-21T16:13:00,15,15
http://irail.be/vehicle/IC_L4037,http://irail.be/stations/NMBS/008811171,IC_L,2017-05-21T16:14:00,2017-05-21T16:14:00,15,15
http://irail.be/vehicle/IC_L4037,http://irail.be/stations/NMBS/008811197,IC_L,2017-05-21T16:19:00,2017-05-21T16:16:00,20,20
http://irail.be/vehicle/IC_L4037,http://irail.be/stations/NMBS/008811205,IC_L,2017-05-21T16:22:00,2017-05-21T16:22:00,127,20
http://irail.be/vehicle/IC_L4037,http://irail.be/stations/NMBS/008814472,IC_L,2017-05-21T16:24:00,2017-05-21T16:24:00,51,51
http://irail.be/vehicle/IC_L4037,http://irail.be/stations/NMBS/008814456,IC_L,2017-05-21T16:27:00,2017-05-21T16:26:00,51,51
http://irail.be/vehicle/IC_L4037,http://irail.be/stations/NMBS/008814464,IC_L,2017-05-21T16:30:00,2017-05-21T16:30:00,51,51
http://irail.be/vehicle/IC_L4037,http://irail.be/stations/NMBS/008814449,IC_L,2017-05-21T16:32:00,2017-05-21T16:31:00,51,51
http://irail.be/vehicle/IC_L4037,http://irail.be/stations/NMBS/008814142,IC_L,2017-05-21T16:36:00,2017-05-21T16:36:00,106,106
http://irail.be/vehicle/IC_L4037,http://irail.be/stations/NMBS/008814159,IC_L,2017-05-21T16:37:00,2017-05-21T16:37:00,106,106
http://irail.be/vehicle/IC_L4037,http://irail.be/stations/NMBS/008814167,IC_L,2017-05-21T16:40:00,2017-05-21T16:39:00,70,113
http://irail.be/vehicle/IC_L4037,http://irail.be/stations/NMBS/008814175,IC_L,2017-05-21T16:41:00,2017-05-21T16:41:00,70,70
http://irail.be/vehicle/IC_L4037,http://irail.be/stations/NMBS/008814266,IC_L,2017-05-21T16:45:00,2017-05-21T16:44:00,38,70
http://irail.be/vehicle/IC_L4037,http://irail.be/stations/NMBS/008814258,IC_L,2017-05-21T16:48:00,2017-05-21T16:48:00,,45
http://irail.be/vehicle/IC_L4037,http://irail.be/stations/NMBS/008833001,IC_L,2017-02-26T15:42:00,2017-02-26T15:42:00,160,
http://irail.be/vehicle/IC_L4037,http://irail.be/stations/NMBS/008811288,IC_L,2017-02-26T15:48:00,2017-02-26T15:47:00,92,56
http://irail.be/vehicle/IC_L4037,http://irail.be/stations/NMBS/008811270,IC_L,2017-02-26T15:50:00,2017-02-26T15:50:00,98,98
http://irail.be/vehicle/IC_L4037,http://irail.be/stations/NMBS/008811262,IC_L,2017-02-26T15:51:00,2017-02-26T15:51:00,98,98
http://irail.be/vehicle/IC_L4037,NO-URI,IC_L,2017-02-26T15:52:00,2017-02-26T15:52:00,175,175
http://irail.be/vehicle/IC_L4037,http://irail.be/stations/NMBS/008811254,IC_L,2017-02-26T15:54:00,2017-02-26T15:53:00,188,188
http://irail.be/vehicle/IC_L4037,http://irail.be/stations/NMBS/008811247,IC_L,2017-02-26T15:56:00,2017-02-26T15:56:00,172,172
http://irail.be/vehicle/IC_L4037,http://irail.be/stations/NMBS/008819406,IC_L,2017-02-26T16:02:00,2017-02-26T16:00:00,72,131
http://irail.be/vehicle/IC_L4037,http://irail.be/stations/NMBS/008811155,IC_L,2017-02-26T16:08:00,2017-02-26T16:08:00,44,44
http://irail.be/vehicle/IC_L4037,http://irail.be/stations/NMBS/008811163,IC_L,2017-02-26T16:11:00,2017-02-26T16:10:00,41,53
http://irail.be/vehicle/IC_L4037,http://irail.be/stations/NMBS/008811106,IC_L,2017-02-26T16:12:00,2017-02-26T16:12:00,41,41
http://irail.be/vehicle/IC_L4037,NO-URI,IC_L,2017-02-26T16:13:00,2017-02-26T16:13:00,7,7
http://irail.be/vehicle/IC_L4037,http://irail.be/stations/NMBS/008811171,IC_L,2017-02-26T16:14:00,2017-02-26T16:14:00,7,7
http://irail.be/vehicle/IC_L4037,http://irail.be/stations/NMBS/008811197,IC_L,2017-02-26T16:19:00,2017-02-26T16:16:00,-5,-5
http://irail.be/vehicle/IC_L4037,http://irail.be/stations/NMBS/008811205,IC_L,2017-02-26T16:22:00,2017-02-26T16:22:00,55,-5
http://irail.be/vehicle/IC_L4037,http://irail.be/stations/NMBS/008814472,IC_L,2017-02-26T16:24:00,2017-02-26T16:24:00,-10,-10
http://irail.be/vehicle/IC_L4037,http://irail.be/stations/NMBS/008814456,IC_L,2017-02-26T16:27:00,2017-02-26T16:26:00,-10,-10
http://irail.be/vehicle/IC_L4037,http://irail.be/stations/NMBS/008814464,IC_L,2017-02-26T16:30:00,2017-02-26T16:30:00,-10,-10
http://irail.be/vehicle/IC_L4037,http://irail.be/stations/NMBS/008814449,IC_L,2017-02-26T16:32:00,2017-02-26T16:31:00,-10,-10
http://irail.be/vehicle/IC_L4037,http://irail.be/stations/NMBS/008814142,IC_L,2017-02-26T16:36:00,2017-02-26T16:36:00,35,35
http://irail.be/vehicle/IC_L4037,http://irail.be/stations/NMBS/008814159,IC_L,2017-02-26T16:37:00,2017-02-26T16:37:00,35,35
http://irail.be/vehicle/IC_L4037,http://irail.be/stations/NMBS/008814167,IC_L,2017-02-26T16:40:00,2017-02-26T16:39:00,22,42
http://irail.be/vehicle/IC_L4037,http://irail.be/stations/NMBS/008814175,IC_L,2017-02-26T16:41:00,2017-02-26T16:41:00,22,22
http://irail.be/vehicle/IC_L4037,http://irail.be/stations/NMBS/008814266,IC_L,2017-02-26T16:45:00,2017-02-26T16:44:00,6,22
http://irail.be/vehicle/IC_L4037,http://irail.be/stations/NMBS/008814258,IC_L,2017-02-26T16:48:00,2017-02-26T16:48:00,,48
http://irail.be/vehicle/IC_L4037,http://irail.be/stations/NMBS/008833001,IC_L,2017-07-16T15:41:00,2017-07-16T15:41:00,28,
http://irail.be/vehicle/IC_L4037,http://irail.be/stations/NMBS/008811288,IC_L,2017-07-16T15:47:00,2017-07-16T15:46:00,-1,-1
http://irail.be/vehicle/IC_L4037,http://irail.be/stations/NMBS/008811270,IC_L,2017-07-16T15:49:00,2017-07-16T15:49:00,-74,-74
http://irail.be/vehicle/IC_L4037,http://irail.be/stations/NMBS/008811262,IC_L,2017-07-16T15:51:00,2017-07-16T15:51:00,-74,-74
http://irail.be/vehicle/IC_L4037,NO-URI,IC_L,2017-07-16T15:52:00,2017-07-16T15:52:00,-16,-16
http://irail.be/vehicle/IC_L4037,http://irail.be/stations/NMBS/008811254,IC_L,2017-07-16T15:54:00,2017-07-16T15:53:00,-4,-4
http://irail.be/vehicle/IC_L4037,http://irail.be/stations/NMBS/008811247,IC_L,2017-07-16T15:56:00,2017-07-16T15:56:00,-19,-19
http://irail.be/vehicle/IC_L4037,http://irail.be/stations/NMBS/008819406,IC_L,2017-07-16T16:02:00,2017-07-16T16:00:00,65,102
http://irail.be/vehicle/IC_L4037,http://irail.be/stations/NMBS/008811155,IC_L,2017-07-16T16:08:00,2017-07-16T16:08:00,48,48
http://irail.be/vehicle/IC_L4037,http://irail.be/stations/NMBS/008811163,IC_L,2017-07-16T16:11:00,2017-07-16T16:10:00,11,58
http://irail.be/vehicle/IC_L4037,http://irail.be/stations/NMBS/008811106,IC_L,2017-07-16T16:13:00,2017-07-16T16:13:00,11,11
http://irail.be/vehicle/IC_L4037,NO-URI,IC_L,2017-07-16T16:13:00,2017-07-16T16:13:00,18,18
http://irail.be/vehicle/IC_L4037,http://irail.be/stations/NMBS/008811171,IC_L,2017-07-16T16:14:00,2017-07-16T16:14:00,18,18
http://irail.be/vehicle/IC_L4037,http://irail.be/stations/NMBS/008811916,IC_L,2017-07-16T16:18:00,2017-07-16T16:17:00,27,4
http://irail.be/vehicle/IC_L4037,http://irail.be/stations/NMBS/008811304,IC_L,2017-07-16T16:21:00,2017-07-16T16:20:00,13,27
http://irail.be/vehicle/IC_L4037,http://irail.be/stations/NMBS/008811403,IC_L,2017-07-16T16:23:00,2017-07-16T16:23:00,13,13
http://irail.be/vehicle/IC_L4037,http://irail.be/stations/NMBS/008811411,IC_L,2017-07-16T16:25:00,2017-07-16T16:24:00,64,17
http://irail.be/vehicle/IC_L4037,http://irail.be/stations/NMBS/008814472,IC_L,2017-07-16T16:27:00,2017-07-16T16:27:00,-20,-20
http://irail.be/vehicle/IC_L4037,http://irail.be/stations/NMBS/008814456,IC_L,2017-07-16T16:29:00,2017-07-16T16:28:00,-20,-20
http://irail.be/vehicle/IC_L4037,http://irail.be/stations/NMBS/008814464,IC_L,2017-07-16T16:32:00,2017-07-16T16:32:00,-20,-20
http://irail.be/vehicle/IC_L4037,http://irail.be/stations/NMBS/008814449,IC_L,2017-07-16T16:35:00,2017-07-16T16:34:00,-20,-20
http://irail.be/vehicle/IC_L4037,http://irail.be/stations/NMBS/008814142,IC_L,2017-07-16T16:39:00,2017-07-16T16:39:00,-23,-23
http://irail.be/vehicle/IC_L4037,http://irail.be/stations/NMBS/008814159,IC_L,2017-07-16T16:41:00,2017-07-16T16:41:00,-23,-23
http://irail.be/vehicle/IC_L4037,http://irail.be/stations/NMBS/008814167,IC_L,2017-07-16T16:44:00,2017-07-16T16:43:00,-75,-51
http://irail.be/vehicle/IC_L4037,http://irail.be/stations/NMBS/008814175,IC_L,2017-07-16T16:46:00,2017-07-16T16:46:00,-75,-75
http://irail.be/vehicle/IC_L4037,http://irail.be/stations/NMBS/008814266,IC_L,2017-07-16T16:49:00,2017-07-16T16:48:00,-77,-75
http://irail.be/vehicle/IC_L4037,http://irail.be/stations/NMBS/008814258,IC_L,2017-07-16T16:52:00,2017-07-16T16:52:00,,-68
http://irail.be/vehicle/IC_L4037,http://irail.be/stations/NMBS/008833001,IC_L,2017-06-24T15:41:00,2017-06-24T15:41:00,36,
http://irail.be/vehicle/IC_L4037,http://irail.be/stations/NMBS/008811288,IC_L,2017-06-24T15:47:00,2017-06-24T15:46:00,-5,-5
http://irail.be/vehicle/IC_L4037,http://irail.be/stations/NMBS/008811270,IC_L,2017-06-24T15:49:00,2017-06-24T15:49:00,-47,-47
http://irail.be/vehicle/IC_L4037,http://irail.be/stations/NMBS/008811262,IC_L,2017-06-24T15:51:00,2017-06-24T15:51:00,-47,-47
http://irail.be/vehicle/IC_L4037,NO-URI,IC_L,2017-06-24T15:52:34,2017-06-24T15:52:34,-3,-3
http://irail.be/vehicle/IC_L4037,http://irail.be/stations/NMBS/008811254,IC_L,2017-06-24T15:54:00,2017-06-24T15:53:00,44,44
http://irail.be/vehicle/IC_L4037,http://irail.be/stations/NMBS/008811247,IC_L,2017-06-24T15:56:00,2017-06-24T15:56:00,37,37
http://irail.be/vehicle/IC_L4037,http://irail.be/stations/NMBS/008819406,IC_L,2017-06-24T16:02:00,2017-06-24T16:00:00,5,14
http://irail.be/vehicle/IC_L4037,http://irail.be/stations/NMBS/008811155,IC_L,2017-06-24T16:08:00,2017-06-24T16:08:00,34,34
http://irail.be/vehicle/IC_L4037,http://irail.be/stations/NMBS/008811163,IC_L,2017-06-24T16:11:00,2017-06-24T16:10:00,4,25
http://irail.be/vehicle/IC_L4037,http://irail.be/stations/NMBS/008811106,IC_L,2017-06-24T16:12:00,2017-06-24T16:12:00,4,4
http://irail.be/vehicle/IC_L4037,NO-URI,IC_L,2017-06-24T16:13:00,2017-06-24T16:13:00,-25,-25
http://irail.be/vehicle/IC_L4037,http://irail.be/stations/NMBS/008811171,IC_L,2017-06-24T16:14:00,2017-06-24T16:14:00,-25,-25
http://irail.be/vehicle/IC_L4037,http://irail.be/stations/NMBS/008811197,IC_L,2017-06-24T16:17:00,2017-06-24T16:16:00,-5,-5
http://irail.be/vehicle/IC_L4037,http://irail.be/stations/NMBS/008811205,IC_L,2017-06-24T16:20:00,2017-06-24T16:20:00,15,-5
http://irail.be/vehicle/IC_L4037,http://irail.be/stations/NMBS/008814472,IC_L,2017-06-24T16:22:00,2017-06-24T16:22:00,-11,-11
http://irail.be/vehicle/IC_L4037,http://irail.be/stations/NMBS/008814456,IC_L,2017-06-24T16:25:00,2017-06-24T16:24:00,-11,-11
http://irail.be/vehicle/IC_L4037,http://irail.be/stations/NMBS/008814464,IC_L,2017-06-24T16:28:00,2017-06-24T16:28:00,-11,-11
http://irail.be/vehicle/IC_L4037,http://irail.be/stations/NMBS/008814449,IC_L,2017-06-24T16:31:00,2017-06-24T16:30:00,-11,-11
http://irail.be/vehicle/IC_L4037,http://irail.be/stations/NMBS/008814142,IC_L,2017-06-24T16:35:00,2017-06-24T16:35:00,21,21
http://irail.be/vehicle/IC_L4037,http://irail.be/stations/NMBS/008814159,IC_L,2017-06-24T16:37:00,2017-06-24T16:37:00,21,21
http://irail.be/vehicle/IC_L4037,http://irail.be/stations/NMBS/008814167,IC_L,2017-06-24T16:40:00,2017-06-24T16:39:00,0,-3
http://irail.be/vehicle/IC_L4037,http://irail.be/stations/NMBS/008814175,IC_L,2017-06-24T16:41:00,2017-06-24T16:41:00,0,0
http://irail.be/vehicle/IC_L4037,http://irail.be/stations/NMBS/008814266,IC_L,2017-06-24T16:45:00,2017-06-24T16:44:00,0,0
http://irail.be/vehicle/IC_L4037,http://irail.be/stations/NMBS/008814258,IC_L,2017-06-24T16:48:00,2017-06-24T16:48:00,,0
http://irail.be/vehicle/IC_L4037,http://irail.be/stations/NMBS/008833001,IC_L,2017-09-02T15:41:00,2017-09-02T15:41:00,84,
http://irail.be/vehicle/IC_L4037,http://irail.be/stations/NMBS/008811288,IC_L,2017-09-02T15:47:00,2017-09-02T15:46:00,63,63
http://irail.be/vehicle/IC_L4037,http://irail.be/stations/NMBS/008811270,IC_L,2017-09-02T15:49:00,2017-09-02T15:49:00,2,2
http://irail.be/vehicle/IC_L4037,http://irail.be/stations/NMBS/008811262,IC_L,2017-09-02T15:51:00,2017-09-02T15:51:00,2,2
http://irail.be/vehicle/IC_L4037,NO-URI,IC_L,2017-09-02T15:52:00,2017-09-02T15:52:00,56,56
http://irail.be/vehicle/IC_L4037,http://irail.be/stations/NMBS/008811254,IC_L,2017-09-02T15:54:00,2017-09-02T15:53:00,69,69
http://irail.be/vehicle/IC_L4037,http://irail.be/stations/NMBS/008811247,IC_L,2017-09-02T15:56:00,2017-09-02T15:56:00,48,48
http://irail.be/vehicle/IC_L4037,http://irail.be/stations/NMBS/008819406,IC_L,2017-09-02T16:02:00,2017-09-02T16:00:00,-5,24
http://irail.be/vehicle/IC_L4037,http://irail.be/stations/NMBS/008811155,IC_L,2017-09-02T16:08:00,2017-09-02T16:08:00,36,36
http://irail.be/vehicle/IC_L4037,http://irail.be/stations/NMBS/008811163,IC_L,2017-09-02T16:11:00,2017-09-02T16:10:00,10,49
http://irail.be/vehicle/IC_L4037,http://irail.be/stations/NMBS/008811106,IC_L,2017-09-02T16:13:00,2017-09-02T16:13:00,10,10
http://irail.be/vehicle/IC_L4037,NO-URI,IC_L,2017-09-02T16:13:00,2017-09-02T16:13:00,17,17
http://irail.be/vehicle/IC_L4037,http://irail.be/stations/NMBS/008811171,IC_L,2017-09-02T16:14:00,2017-09-02T16:14:00,17,17
http://irail.be/vehicle/IC_L4037,http://irail.be/stations/NMBS/008811916,IC_L,2017-09-02T16:18:00,2017-09-02T16:17:00,47,16
http://irail.be/vehicle/IC_L4037,http://irail.be/stations/NMBS/008811304,IC_L,2017-09-02T16:21:00,2017-09-02T16:20:00,17,47
http://irail.be/vehicle/IC_L4037,http://irail.be/stations/NMBS/008811403,IC_L,2017-09-02T16:23:00,2017-09-02T16:23:00,17,17
http://irail.be/vehicle/IC_L4037,http://irail.be/stations/NMBS/008811411,IC_L,2017-09-02T16:25:00,2017-09-02T16:24:00,104,35
http://irail.be/vehicle/IC_L4037,http://irail.be/stations/NMBS/008814472,IC_L,2017-09-02T16:27:00,2017-09-02T16:27:00,-12,-12
http://irail.be/vehicle/IC_L4037,http://irail.be/stations/NMBS/008814456,IC_L,2017-09-02T16:29:00,2017-09-02T16:28:00,-12,-12
http://irail.be/vehicle/IC_L4037,http://irail.be/stations/NMBS/008814464,IC_L,2017-09-02T16:32:00,2017-09-02T16:32:00,-12,-12
http://irail.be/vehicle/IC_L4037,http://irail.be/stations/NMBS/008814449,IC_L,2017-09-02T16:35:00,2017-09-02T16:34:00,-12,-12
http://irail.be/vehicle/IC_L4037,http://irail.be/stations/NMBS/008814142,IC_L,2017-09-02T16:39:00,2017-09-02T16:39:00,2,2
http://irail.be/vehicle/IC_L4037,http://irail.be/stations/NMBS/008814159,IC_L,2017-09-02T16:41:00,2017-09-02T16:41:00,2,2
http://irail.be/vehicle/IC_L4037,http://irail.be/stations/NMBS/008814167,IC_L,2017-09-02T16:44:00,2017-09-02T16:43:00,-1,-23
http://irail.be/vehicle/IC_L4037,http://irail.be/stations/NMBS/008814175,IC_L,2017-09-02T16:46:00,2017-09-02T16:46:00,-1,-1
http://irail.be/vehicle/IC_L4037,http://irail.be/stations/NMBS/008814266,IC_L,2017-09-02T16:49:00,2017-09-02T16:48:00,10,-1
http://irail.be/vehicle/IC_L4037,http://irail.be/stations/NMBS/008814258,IC_L,2017-09-02T16:52:00,2017-09-02T16:52:00,,31
http://irail.be/vehicle/IC_L4037,http://irail.be/stations/NMBS/008833001,IC_L,2017-06-11T15:41:00,2017-06-11T15:41:00,39,
http://irail.be/vehicle/IC_L4037,http://irail.be/stations/NMBS/008811288,IC_L,2017-06-11T15:47:00,2017-06-11T15:46:00,51,51
http://irail.be/vehicle/IC_L4037,http://irail.be/stations/NMBS/008811270,IC_L,2017-06-11T15:49:00,2017-06-11T15:49:00,-16,-16
http://irail.be/vehicle/IC_L4037,http://irail.be/stations/NMBS/008811262,IC_L,2017-06-11T15:51:00,2017-06-11T15:51:00,-16,-16
http://irail.be/vehicle/IC_L4037,NO-URI,IC_L,2017-06-11T15:52:00,2017-06-11T15:52:00,40,40
http://irail.be/vehicle/IC_L4037,http://irail.be/stations/NMBS/008811254,IC_L,2017-06-11T15:54:00,2017-06-11T15:53:00,-7,43
http://irail.be/vehicle/IC_L4037,http://irail.be/stations/NMBS/008811247,IC_L,2017-06-11T15:56:00,2017-06-11T15:56:00,46,46
http://irail.be/vehicle/IC_L4037,http://irail.be/stations/NMBS/008819406,IC_L,2017-06-11T16:02:00,2017-06-11T16:00:00,-11,-3
http://irail.be/vehicle/IC_L4037,http://irail.be/stations/NMBS/008811155,IC_L,2017-06-11T16:08:00,2017-06-11T16:08:00,-22,-22
http://irail.be/vehicle/IC_L4037,http://irail.be/stations/NMBS/008811163,IC_L,2017-06-11T16:11:00,2017-06-11T16:10:00,-52,-11
http://irail.be/vehicle/IC_L4037,http://irail.be/stations/NMBS/008811106,IC_L,2017-06-11T16:13:00,2017-06-11T16:13:00,-52,-52
http://irail.be/vehicle/IC_L4037,NO-URI,IC_L,2017-06-11T16:13:00,2017-06-11T16:13:00,-31,-31
http://irail.be/vehicle/IC_L4037,http://irail.be/stations/NMBS/008811171,IC_L,2017-06-11T16:14:00,2017-06-11T16:14:00,-31,-31
http://irail.be/vehicle/IC_L4037,http://irail.be/stations/NMBS/008811197,IC_L,2017-06-11T16:17:00,2017-06-11T16:16:00,-19,-19
http://irail.be/vehicle/IC_L4037,http://irail.be/stations/NMBS/008811205,IC_L,2017-06-11T16:20:00,2017-06-11T16:20:00,32,-19
http://irail.be/vehicle/IC_L4037,http://irail.be/stations/NMBS/008814472,IC_L,2017-06-11T16:22:00,2017-06-11T16:22:00,-28,-28
http://irail.be/vehicle/IC_L4037,http://irail.be/stations/NMBS/008814456,IC_L,2017-06-11T16:25:00,2017-06-11T16:24:00,-28,-28
http://irail.be/vehicle/IC_L4037,http://irail.be/stations/NMBS/008814464,IC_L,2017-06-11T16:28:00,2017-06-11T16:28:00,-28,-28
http://irail.be/vehicle/IC_L4037,http://irail.be/stations/NMBS/008814449,IC_L,2017-06-11T16:31:00,2017-06-11T16:30:00,-28,-28
http://irail.be/vehicle/IC_L4037,http://irail.be/stations/NMBS/008814142,IC_L,2017-06-11T16:35:00,2017-06-11T16:35:00,108,108
http://irail.be/vehicle/IC_L4037,http://irail.be/stations/NMBS/008814159,IC_L,2017-06-11T16:37:00,2017-06-11T16:37:00,108,108
http://irail.be/vehicle/IC_L4037,http://irail.be/stations/NMBS/008814167,IC_L,2017-06-11T16:40:00,2017-06-11T16:39:00,152,143
http://irail.be/vehicle/IC_L4037,http://irail.be/stations/NMBS/008814175,IC_L,2017-06-11T16:42:00,2017-06-11T16:42:00,152,152
http://irail.be/vehicle/IC_L4037,http://irail.be/stations/NMBS/008814266,IC_L,2017-06-11T16:45:00,2017-06-11T16:44:00,104,152
http://irail.be/vehicle/IC_L4037,http://irail.be/stations/NMBS/008814258,IC_L,2017-06-11T16:48:00,2017-06-11T16:48:00,,100
http://irail.be/vehicle/IC_L4037,http://irail.be/stations/NMBS/008833001,IC_L,2017-03-04T15:42:00,2017-03-04T15:42:00,27,
http://irail.be/vehicle/IC_L4037,http://irail.be/stations/NMBS/008811288,IC_L,2017-03-04T15:48:00,2017-03-04T15:47:00,40,40
http://irail.be/vehicle/IC_L4037,http://irail.be/stations/NMBS/008811270,IC_L,2017-03-04T15:50:00,2017-03-04T15:50:00,32,32
http://irail.be/vehicle/IC_L4037,http://irail.be/stations/NMBS/008811262,IC_L,2017-03-04T15:51:00,2017-03-04T15:51:00,32,32
http://irail.be/vehicle/IC_L4037,NO-URI,IC_L,2017-03-04T15:52:00,2017-03-04T15:52:00,80,80
http://irail.be/vehicle/IC_L4037,http://irail.be/stations/NMBS/008811254,IC_L,2017-03-04T15:54:00,2017-03-04T15:53:00,78,78
http://irail.be/vehicle/IC_L4037,http://irail.be/stations/NMBS/008811247,IC_L,2017-03-04T15:56:00,2017-03-04T15:56:00,80,80
http://irail.be/vehicle/IC_L4037,http://irail.be/stations/NMBS/008819406,IC_L,2017-03-04T16:02:00,2017-03-04T16:00:00,54,38
http://irail.be/vehicle/IC_L4037,http://irail.be/stations/NMBS/008811155,IC_L,2017-03-04T16:08:00,2017-03-04T16:08:00,123,123
http://irail.be/vehicle/IC_L4037,http://irail.be/stations/NMBS/008811163,IC_L,2017-03-04T16:11:00,2017-03-04T16:10:00,193,131
http://irail.be/vehicle/IC_L4037,http://irail.be/stations/NMBS/008811106,IC_L,2017-03-04T16:12:00,2017-03-04T16:12:00,193,193
http://irail.be/vehicle/IC_L4037,NO-URI,IC_L,2017-03-04T16:13:00,2017-03-04T16:13:00,157,157
http://irail.be/vehicle/IC_L4037,http://irail.be/stations/NMBS/008811171,IC_L,2017-03-04T16:14:00,2017-03-04T16:14:00,157,157
http://irail.be/vehicle/IC_L4037,http://irail.be/stations/NMBS/008811197,IC_L,2017-03-04T16:19:00,2017-03-04T16:16:00,-14,-14
http://irail.be/vehicle/IC_L4037,http://irail.be/stations/NMBS/008811205,IC_L,2017-03-04T16:22:00,2017-03-04T16:22:00,41,-14
http://irail.be/vehicle/IC_L4037,http://irail.be/stations/NMBS/008814472,IC_L,2017-03-04T16:24:00,2017-03-04T16:24:00,21,21
http://irail.be/vehicle/IC_L4037,http://irail.be/stations/NMBS/008814456,IC_L,2017-03-04T16:27:00,2017-03-04T16:26:00,21,21
http://irail.be/vehicle/IC_L4037,http://irail.be/stations/NMBS/008814464,IC_L,2017-03-04T16:30:00,2017-03-04T16:30:00,21,21
http://irail.be/vehicle/IC_L4037,http://irail.be/stations/NMBS/008814449,IC_L,2017-03-04T16:32:00,2017-03-04T16:31:00,21,21
http://irail.be/vehicle/IC_L4037,http://irail.be/stations/NMBS/008814142,IC_L,2017-03-04T16:36:00,2017-03-04T16:36:00,573,573
http://irail.be/vehicle/IC_L4037,http://irail.be/stations/NMBS/008814159,IC_L,2017-03-04T16:37:00,2017-03-04T16:37:00,573,573
http://irail.be/vehicle/IC_L4037,http://irail.be/stations/NMBS/008814167,IC_L,2017-03-04T16:40:00,2017-03-04T16:39:00,537,582
http://irail.be/vehicle/IC_L4037,http://irail.be/stations/NMBS/008814175,IC_L,2017-03-04T16:41:00,2017-03-04T16:41:00,537,537
http://irail.be/vehicle/IC_L4037,http://irail.be/stations/NMBS/008814266,IC_L,2017-03-04T16:45:00,2017-03-04T16:44:00,495,537
http://irail.be/vehicle/IC_L4037,http://irail.be/stations/NMBS/008814258,IC_L,2017-03-04T16:48:00,2017-03-04T16:48:00,,528
http://irail.be/vehicle/IC_L4037,http://irail.be/stations/NMBS/008833001,IC_L,2017-07-21T15:41:00,2017-07-21T15:41:00,39,
http://irail.be/vehicle/IC_L4037,http://irail.be/stations/NMBS/008811288,IC_L,2017-07-21T15:47:00,2017-07-21T15:46:00,1,1
http://irail.be/vehicle/IC_L4037,http://irail.be/stations/NMBS/008811270,IC_L,2017-07-21T15:49:00,2017-07-21T15:49:00,-58,-58
http://irail.be/vehicle/IC_L4037,http://irail.be/stations/NMBS/008811262,IC_L,2017-07-21T15:51:00,2017-07-21T15:51:00,-58,-58
http://irail.be/vehicle/IC_L4037,NO-URI,IC_L,2017-07-21T15:52:00,2017-07-21T15:52:00,1,1
http://irail.be/vehicle/IC_L4037,http://irail.be/stations/NMBS/008811254,IC_L,2017-07-21T15:54:00,2017-07-21T15:53:00,-36,8
http://irail.be/vehicle/IC_L4037,http://irail.be/stations/NMBS/008811247,IC_L,2017-07-21T15:56:00,2017-07-21T15:56:00,14,14
http://irail.be/vehicle/IC_L4037,http://irail.be/stations/NMBS/008819406,IC_L,2017-07-21T16:02:00,2017-07-21T16:00:00,6,-18
http://irail.be/vehicle/IC_L4037,http://irail.be/stations/NMBS/008811155,IC_L,2017-07-21T16:08:00,2017-07-21T16:08:00,5,5
http://irail.be/vehicle/IC_L4037,http://irail.be/stations/NMBS/008811163,IC_L,2017-07-21T16:11:00,2017-07-21T16:10:00,-32,15
http://irail.be/vehicle/IC_L4037,http://irail.be/stations/NMBS/008811106,IC_L,2017-07-21T16:13:00,2017-07-21T16:13:00,-32,-32
http://irail.be/vehicle/IC_L4037,NO-URI,IC_L,2017-07-21T16:13:00,2017-07-21T16:13:00,-24,-24
http://irail.be/vehicle/IC_L4037,http://irail.be/stations/NMBS/008811171,IC_L,2017-07-21T16:14:00,2017-07-21T16:14:00,-24,-24
http://irail.be/vehicle/IC_L4037,http://irail.be/stations/NMBS/008811916,IC_L,2017-07-21T16:18:00,2017-07-21T16:17:00,46,-24
http://irail.be/vehicle/IC_L4037,http://irail.be/stations/NMBS/008811304,IC_L,2017-07-21T16:21:00,2017-07-21T16:20:00,28,46
http://irail.be/vehicle/IC_L4037,http://irail.be/stations/NMBS/008811403,IC_L,2017-07-21T16:23:00,2017-07-21T16:23:00,28,28
http://irail.be/vehicle/IC_L4037,http://irail.be/stations/NMBS/008811411,IC_L,2017-07-21T16:25:00,2017-07-21T16:24:00,93,44
http://irail.be/vehicle/IC_L4037,http://irail.be/stations/NMBS/008814472,IC_L,2017-07-21T16:27:00,2017-07-21T16:27:00,-14,-14
http://irail.be/vehicle/IC_L4037,http://irail.be/stations/NMBS/008814456,IC_L,2017-07-21T16:29:00,2017-07-21T16:28:00,-14,-14
http://irail.be/vehicle/IC_L4037,http://irail.be/stations/NMBS/008814464,IC_L,2017-07-21T16:32:00,2017-07-21T16:32:00,-14,-14
http://irail.be/vehicle/IC_L4037,http://irail.be/stations/NMBS/008814449,IC_L,2017-07-21T16:35:00,2017-07-21T16:34:00,-14,-14
http://irail.be/vehicle/IC_L4037,http://irail.be/stations/NMBS/008814142,IC_L,2017-07-21T16:39:00,2017-07-21T16:39:00,21,21
http://irail.be/vehicle/IC_L4037,http://irail.be/stations/NMBS/008814159,IC_L,2017-07-21T16:41:00,2017-07-21T16:41:00,21,21
http://irail.be/vehicle/IC_L4037,http://irail.be/stations/NMBS/008814167,IC_L,2017-07-21T16:44:00,2017-07-21T16:43:00,-16,-6
http://irail.be/vehicle/IC_L4037,http://irail.be/stations/NMBS/008814175,IC_L,2017-07-21T16:46:00,2017-07-21T16:46:00,-16,-16
http://irail.be/vehicle/IC_L4037,http://irail.be/stations/NMBS/008814266,IC_L,2017-07-21T16:49:00,2017-07-21T16:48:00,1,-16
http://irail.be/vehicle/IC_L4037,http://irail.be/stations/NMBS/008814258,IC_L,2017-07-21T16:52:00,2017-07-21T16:52:00,,22
http://irail.be/vehicle/IC_L4037,http://irail.be/stations/NMBS/008833001,IC_L,2017-01-28T15:42:00,2017-01-28T15:42:00,44,
http://irail.be/vehicle/IC_L4037,http://irail.be/stations/NMBS/008811288,IC_L,2017-01-28T15:48:00,2017-01-28T15:47:00,31,31
http://irail.be/vehicle/IC_L4037,http://irail.be/stations/NMBS/008811270,IC_L,2017-01-28T15:50:00,2017-01-28T15:50:00,27,27
http://irail.be/vehicle/IC_L4037,http://irail.be/stations/NMBS/008811262,IC_L,2017-01-28T15:51:00,2017-01-28T15:51:00,27,27
http://irail.be/vehicle/IC_L4037,NO-URI,IC_L,2017-01-28T15:52:00,2017-01-28T15:52:00,77,77
http://irail.be/vehicle/IC_L4037,http://irail.be/stations/NMBS/008811254,IC_L,2017-01-28T15:54:00,2017-01-28T15:53:00,-5,-5
http://irail.be/vehicle/IC_L4037,http://irail.be/stations/NMBS/008811247,IC_L,2017-01-28T15:56:00,2017-01-28T15:56:00,69,69
http://irail.be/vehicle/IC_L4037,http://irail.be/stations/NMBS/008819406,IC_L,2017-01-28T16:02:00,2017-01-28T16:00:00,4,40
http://irail.be/vehicle/IC_L4037,http://irail.be/stations/NMBS/008811155,IC_L,2017-01-28T16:08:00,2017-01-28T16:08:00,17,17
http://irail.be/vehicle/IC_L4037,http://irail.be/stations/NMBS/008811163,IC_L,2017-01-28T16:11:00,2017-01-28T16:10:00,28,22
http://irail.be/vehicle/IC_L4037,http://irail.be/stations/NMBS/008811106,IC_L,2017-01-28T16:12:00,2017-01-28T16:12:00,28,28
http://irail.be/vehicle/IC_L4037,NO-URI,IC_L,2017-01-28T16:13:00,2017-01-28T16:13:00,-7,-7
http://irail.be/vehicle/IC_L4037,http://irail.be/stations/NMBS/008811171,IC_L,2017-01-28T16:14:00,2017-01-28T16:14:00,-7,-7
http://irail.be/vehicle/IC_L4037,http://irail.be/stations/NMBS/008811916,IC_L,2017-01-28T16:18:00,2017-01-28T16:17:00,52,-6
http://irail.be/vehicle/IC_L4037,http://irail.be/stations/NMBS/008811304,IC_L,2017-01-28T16:22:00,2017-01-28T16:20:00,-9,52
http://irail.be/vehicle/IC_L4037,http://irail.be/stations/NMBS/008811403,IC_L,2017-01-28T16:24:00,2017-01-28T16:24:00,-9,-9
http://irail.be/vehicle/IC_L4037,http://irail.be/stations/NMBS/008811411,IC_L,2017-01-28T16:26:00,2017-01-28T16:25:00,28,14
http://irail.be/vehicle/IC_L4037,http://irail.be/stations/NMBS/008814472,IC_L,2017-01-28T16:29:00,2017-01-28T16:29:00,-9,-9
http://irail.be/vehicle/IC_L4037,http://irail.be/stations/NMBS/008814456,IC_L,2017-01-28T16:31:00,2017-01-28T16:30:00,-9,-9
http://irail.be/vehicle/IC_L4037,http://irail.be/stations/NMBS/008814464,IC_L,2017-01-28T16:34:00,2017-01-28T16:34:00,-9,-9
http://irail.be/vehicle/IC_L4037,http://irail.be/stations/NMBS/008814449,IC_L,2017-01-28T16:36:00,2017-01-28T16:35:00,-9,-9
http://irail.be/vehicle/IC_L4037,http://irail.be/stations/NMBS/008814142,IC_L,2017-01-28T16:40:00,2017-01-28T16:40:00,41,41
http://irail.be/vehicle/IC_L4037,http://irail.be/stations/NMBS/008814159,IC_L,2017-01-28T16:41:00,2017-01-28T16:41:00,41,41
http://irail.be/vehicle/IC_L4037,http://irail.be/stations/NMBS/008814167,IC_L,2017-01-28T16:44:00,2017-01-28T16:43:00,19,46
http://irail.be/vehicle/IC_L4037,http://irail.be/stations/NMBS/008814175,IC_L,2017-01-28T16:45:00,2017-01-28T16:45:00,19,19
http://irail.be/vehicle/IC_L4037,http://irail.be/stations/NMBS/008814266,IC_L,2017-01-28T16:49:00,2017-01-28T16:48:00,-1,19
http://irail.be/vehicle/IC_L4037,http://irail.be/stations/NMBS/008814258,IC_L,2017-01-28T16:52:00,2017-01-28T16:52:00,,27
http://irail.be/vehicle/IC_L4037,http://irail.be/stations/NMBS/008833001,IC_L,2017-08-19T15:41:00,2017-08-19T15:41:00,54,
http://irail.be/vehicle/IC_L4037,http://irail.be/stations/NMBS/008811288,IC_L,2017-08-19T15:47:00,2017-08-19T15:46:00,-5,-5
http://irail.be/vehicle/IC_L4037,http://irail.be/stations/NMBS/008811270,IC_L,2017-08-19T15:49:00,2017-08-19T15:49:00,-65,-65
http://irail.be/vehicle/IC_L4037,http://irail.be/stations/NMBS/008811262,IC_L,2017-08-19T15:51:00,2017-08-19T15:51:00,-65,-65
http://irail.be/vehicle/IC_L4037,NO-URI,IC_L,2017-08-19T15:52:00,2017-08-19T15:52:00,-19,-19
http://irail.be/vehicle/IC_L4037,http://irail.be/stations/NMBS/008811254,IC_L,2017-08-19T15:54:00,2017-08-19T15:53:00,-34,-15
http://irail.be/vehicle/IC_L4037,http://irail.be/stations/NMBS/008811247,IC_L,2017-08-19T15:56:00,2017-08-19T15:56:00,16,16
http://irail.be/vehicle/IC_L4037,http://irail.be/stations/NMBS/008819406,IC_L,2017-08-19T16:02:00,2017-08-19T16:00:00,8,-37
http://irail.be/vehicle/IC_L4037,http://irail.be/stations/NMBS/008811155,IC_L,2017-08-19T16:08:00,2017-08-19T16:08:00,538,538
http://irail.be/vehicle/IC_L4037,http://irail.be/stations/NMBS/008811163,IC_L,2017-08-19T16:11:00,2017-08-19T16:10:00,505,549
http://irail.be/vehicle/IC_L4037,http://irail.be/stations/NMBS/008811106,IC_L,2017-08-19T16:13:00,2017-08-19T16:13:00,505,505
http://irail.be/vehicle/IC_L4037,NO-URI,IC_L,2017-08-19T16:13:00,2017-08-19T16:13:00,511,511
http://irail.be/vehicle/IC_L4037,http://irail.be/stations/NMBS/008811171,IC_L,2017-08-19T16:14:00,2017-08-19T16:14:00,511,511
http://irail.be/vehicle/IC_L4037,http://irail.be/stations/NMBS/008811916,IC_L,2017-08-19T16:18:00,2017-08-19T16:17:00,559,555
http://irail.be/vehicle/IC_L4037,http://irail.be/stations/NMBS/008811304,IC_L,2017-08-19T16:21:00,2017-08-19T16:20:00,559,559
http://irail.be/vehicle/IC_L4037,http://irail.be/stations/NMBS/008811403,IC_L,2017-08-19T16:23:00,2017-08-19T16:23:00,493,493
http://irail.be/vehicle/IC_L4037,http://irail.be/stations/NMBS/008811411,IC_L,2017-08-19T16:25:00,2017-08-19T16:24:00,531,490
http://irail.be/vehicle/IC_L4037,http://irail.be/stations/NMBS/008814472,IC_L,2017-08-19T16:27:00,2017-08-19T16:27:00,303,303
http://irail.be/vehicle/IC_L4037,http://irail.be/stations/NMBS/008814456,IC_L,2017-08-19T16:29:00,2017-08-19T16:28:00,303,303
http://irail.be/vehicle/IC_L4037,http://irail.be/stations/NMBS/008814464,IC_L,2017-08-19T16:32:00,2017-08-19T16:32:00,303,303
http://irail.be/vehicle/IC_L4037,http://irail.be/stations/NMBS/008814449,IC_L,2017-08-19T16:35:00,2017-08-19T16:34:00,303,303
http://irail.be/vehicle/IC_L4037,http://irail.be/stations/NMBS/008814142,IC_L,2017-08-19T16:39:00,2017-08-19T16:39:00,278,278
http://irail.be/vehicle/IC_L4037,http://irail.be/stations/NMBS/008814159,IC_L,2017-08-19T16:41:00,2017-08-19T16:41:00,278,278
http://irail.be/vehicle/IC_L4037,http://irail.be/stations/NMBS/008814167,IC_L,2017-08-19T16:44:00,2017-08-19T16:43:00,244,244
http://irail.be/vehicle/IC_L4037,http://irail.be/stations/NMBS/008814175,IC_L,2017-08-19T16:46:00,2017-08-19T16:46:00,134,134
http://irail.be/vehicle/IC_L4037,http://irail.be/stations/NMBS/008814266,IC_L,2017-08-19T16:49:00,2017-08-19T16:48:00,89,134
http://irail.be/vehicle/IC_L4037,http://irail.be/stations/NMBS/008814258,IC_L,2017-08-19T16:52:00,2017-08-19T16:52:00,,88
http://irail.be/vehicle/IC_L4037,http://irail.be/stations/NMBS/008833001,IC_L,2017-11-04T15:41:00,2017-11-04T15:41:00,24,
http://irail.be/vehicle/IC_L4037,http://irail.be/stations/NMBS/008811288,IC_L,2017-11-04T15:47:00,2017-11-04T15:46:00,0,0
http://irail.be/vehicle/IC_L4037,http://irail.be/stations/NMBS/008811270,IC_L,2017-11-04T15:49:00,2017-11-04T15:49:00,-75,-75
http://irail.be/vehicle/IC_L4037,http://irail.be/stations/NMBS/008811262,IC_L,2017-11-04T15:51:00,2017-11-04T15:51:00,-75,-75
http://irail.be/vehicle/IC_L4037,NO-URI,IC_L,2017-11-04T15:52:00,2017-11-04T15:52:00,-36,-36
http://irail.be/vehicle/IC_L4037,http://irail.be/stations/NMBS/008811254,IC_L,2017-11-04T15:54:00,2017-11-04T15:53:00,-43,-33
http://irail.be/vehicle/IC_L4037,http://irail.be/stations/NMBS/008811247,IC_L,2017-11-04T15:56:00,2017-11-04T15:56:00,3,3
http://irail.be/vehicle/IC_L4037,http://irail.be/stations/NMBS/008819406,IC_L,2017-11-04T16:02:00,2017-11-04T16:00:00,-1,-3
http://irail.be/vehicle/IC_L4037,http://irail.be/stations/NMBS/008811155,IC_L,2017-11-04T16:08:00,2017-11-04T16:08:00,-29,-29
http://irail.be/vehicle/IC_L4037,http://irail.be/stations/NMBS/008811163,IC_L,2017-11-04T16:11:00,2017-11-04T16:10:00,-38,-21
http://irail.be/vehicle/IC_L4037,http://irail.be/stations/NMBS/008811106,IC_L,2017-11-04T16:13:00,2017-11-04T16:13:00,-38,-38
http://irail.be/vehicle/IC_L4037,NO-URI,IC_L,2017-11-04T16:13:00,2017-11-04T16:13:00,-35,-35
http://irail.be/vehicle/IC_L4037,http://irail.be/stations/NMBS/008811171,IC_L,2017-11-04T16:14:00,2017-11-04T16:14:00,-35,-35
http://irail.be/vehicle/IC_L4037,http://irail.be/stations/NMBS/008811916,IC_L,2017-11-04T16:18:00,2017-11-04T16:17:00,37,-53
http://irail.be/vehicle/IC_L4037,http://irail.be/stations/NMBS/008811304,IC_L,2017-11-04T16:21:00,2017-11-04T16:20:00,-7,37
http://irail.be/vehicle/IC_L4037,http://irail.be/stations/NMBS/008811403,IC_L,2017-11-04T16:23:00,2017-11-04T16:23:00,-7,-7
http://irail.be/vehicle/IC_L4037,http://irail.be/stations/NMBS/008811411,IC_L,2017-11-04T16:25:00,2017-11-04T16:24:00,49,-11
http://irail.be/vehicle/IC_L4037,http://irail.be/stations/NMBS/008814472,IC_L,2017-11-04T16:27:00,2017-11-04T16:27:00,-28,-28
http://irail.be/vehicle/IC_L4037,http://irail.be/stations/NMBS/008814456,IC_L,2017-11-04T16:29:00,2017-11-04T16:28:00,-28,-28
http://irail.be/vehicle/IC_L4037,http://irail.be/stations/NMBS/008814464,IC_L,2017-11-04T16:32:00,2017-11-04T16:32:00,-28,-28
http://irail.be/vehicle/IC_L4037,http://irail.be/stations/NMBS/008814449,IC_L,2017-11-04T16:35:00,2017-11-04T16:34:00,-28,-28
http://irail.be/vehicle/IC_L4037,http://irail.be/stations/NMBS/008814142,IC_L,2017-11-04T16:39:00,2017-11-04T16:39:00,-6,-6
http://irail.be/vehicle/IC_L4037,http://irail.be/stations/NMBS/008814159,IC_L,2017-11-04T16:41:00,2017-11-04T16:41:00,-6,-6
http://irail.be/vehicle/IC_L4037,http://irail.be/stations/NMBS/008814167,IC_L,2017-11-04T16:44:00,2017-11-04T16:43:00,135,71
http://irail.be/vehicle/IC_L4037,http://irail.be/stations/NMBS/008814175,IC_L,2017-11-04T16:46:00,2017-11-04T16:46:00,135,135
http://irail.be/vehicle/IC_L4037,http://irail.be/stations/NMBS/008814266,IC_L,2017-11-04T16:49:00,2017-11-04T16:48:00,105,135
http://irail.be/vehicle/IC_L4037,http://irail.be/stations/NMBS/008814258,IC_L,2017-11-04T16:52:00,2017-11-04T16:52:00,,120
http://irail.be/vehicle/IC_L4037,http://irail.be/stations/NMBS/008833001,IC_L,2017-09-30T15:41:00,2017-09-30T15:41:00,38,
http://irail.be/vehicle/IC_L4037,http://irail.be/stations/NMBS/008811288,IC_L,2017-09-30T15:47:00,2017-09-30T15:46:00,9,9
http://irail.be/vehicle/IC_L4037,http://irail.be/stations/NMBS/008811270,IC_L,2017-09-30T15:49:00,2017-09-30T15:49:00,-46,-46
http://irail.be/vehicle/IC_L4037,http://irail.be/stations/NMBS/008811262,IC_L,2017-09-30T15:51:00,2017-09-30T15:51:00,-46,-46
http://irail.be/vehicle/IC_L4037,NO-URI,IC_L,2017-09-30T15:52:00,2017-09-30T15:52:00,23,23
http://irail.be/vehicle/IC_L4037,http://irail.be/stations/NMBS/008811254,IC_L,2017-09-30T15:54:00,2017-09-30T15:53:00,31,31
http://irail.be/vehicle/IC_L4037,http://irail.be/stations/NMBS/008811247,IC_L,2017-09-30T15:56:00,2017-09-30T15:56:00,18,18
http://irail.be/vehicle/IC_L4037,http://irail.be/stations/NMBS/008819406,IC_L,2017-09-30T16:02:00,2017-09-30T16:00:00,21,-29
http://irail.be/vehicle/IC_L4037,http://irail.be/stations/NMBS/008811155,IC_L,2017-09-30T16:08:00,2017-09-30T16:08:00,-11,-11
http://irail.be/vehicle/IC_L4037,http://irail.be/stations/NMBS/008811163,IC_L,2017-09-30T16:11:00,2017-09-30T16:10:00,-27,-2
http://irail.be/vehicle/IC_L4037,http://irail.be/stations/NMBS/008811106,IC_L,2017-09-30T16:13:00,2017-09-30T16:13:00,-27,-27
http://irail.be/vehicle/IC_L4037,NO-URI,IC_L,2017-09-30T16:13:00,2017-09-30T16:13:00,-21,-21
http://irail.be/vehicle/IC_L4037,http://irail.be/stations/NMBS/008811171,IC_L,2017-09-30T16:14:00,2017-09-30T16:14:00,-21,-21
http://irail.be/vehicle/IC_L4037,http://irail.be/stations/NMBS/008811916,IC_L,2017-09-30T16:18:00,2017-09-30T16:17:00,33,-24
http://irail.be/vehicle/IC_L4037,http://irail.be/stations/NMBS/008811304,IC_L,2017-09-30T16:21:00,2017-09-30T16:20:00,-4,33
http://irail.be/vehicle/IC_L4037,http://irail.be/stations/NMBS/008811403,IC_L,2017-09-30T16:23:00,2017-09-30T16:23:00,-4,-4
http://irail.be/vehicle/IC_L4037,http://irail.be/stations/NMBS/008811411,IC_L,2017-09-30T16:25:00,2017-09-30T16:24:00,53,-4
http://irail.be/vehicle/IC_L4037,http://irail.be/stations/NMBS/008814472,IC_L,2017-09-30T16:27:00,2017-09-30T16:27:00,7,7
http://irail.be/vehicle/IC_L4037,http://irail.be/stations/NMBS/008814456,IC_L,2017-09-30T16:29:00,2017-09-30T16:28:00,7,7
http://irail.be/vehicle/IC_L4037,http://irail.be/stations/NMBS/008814464,IC_L,2017-09-30T16:32:00,2017-09-30T16:32:00,7,7
http://irail.be/vehicle/IC_L4037,http://irail.be/stations/NMBS/008814449,IC_L,2017-09-30T16:35:00,2017-09-30T16:34:00,7,7
http://irail.be/vehicle/IC_L4037,http://irail.be/stations/NMBS/008814142,IC_L,2017-09-30T16:39:00,2017-09-30T16:39:00,14,14
http://irail.be/vehicle/IC_L4037,http://irail.be/stations/NMBS/008814159,IC_L,2017-09-30T16:41:00,2017-09-30T16:41:00,14,14
http://irail.be/vehicle/IC_L4037,http://irail.be/stations/NMBS/008814167,IC_L,2017-09-30T16:44:00,2017-09-30T16:43:00,21,1
http://irail.be/vehicle/IC_L4037,http://irail.be/stations/NMBS/008814175,IC_L,2017-09-30T16:46:00,2017-09-30T16:46:00,21,21
http://irail.be/vehicle/IC_L4037,http://irail.be/stations/NMBS/008814266,IC_L,2017-09-30T16:49:00,2017-09-30T16:48:00,17,21
http://irail.be/vehicle/IC_L4037,http://irail.be/stations/NMBS/008814258,IC_L,2017-09-30T16:52:00,2017-09-30T16:52:00,,29
http://irail.be/vehicle/IC_L4037,http://irail.be/stations/NMBS/008833001,IC_L,2017-01-15T15:42:00,2017-01-15T15:42:00,27,
http://irail.be/vehicle/IC_L4037,http://irail.be/stations/NMBS/008811288,IC_L,2017-01-15T15:48:00,2017-01-15T15:47:00,5,5
http://irail.be/vehicle/IC_L4037,http://irail.be/stations/NMBS/008811270,IC_L,2017-01-15T15:50:00,2017-01-15T15:50:00,3,3
http://irail.be/vehicle/IC_L4037,http://irail.be/stations/NMBS/008811262,IC_L,2017-01-15T15:51:00,2017-01-15T15:51:00,3,3
http://irail.be/vehicle/IC_L4037,NO-URI,IC_L,2017-01-15T15:52:00,2017-01-15T15:52:00,50,50
http://irail.be/vehicle/IC_L4037,http://irail.be/stations/NMBS/008811254,IC_L,2017-01-15T15:54:00,2017-01-15T15:53:00,-15,-15
http://irail.be/vehicle/IC_L4037,http://irail.be/stations/NMBS/008811247,IC_L,2017-01-15T15:56:00,2017-01-15T15:56:00,45,45
http://irail.be/vehicle/IC_L4037,http://irail.be/stations/NMBS/008819406,IC_L,2017-01-15T16:02:00,2017-01-15T16:00:00,-1,-6
http://irail.be/vehicle/IC_L4037,http://irail.be/stations/NMBS/008811155,IC_L,2017-01-15T16:08:00,2017-01-15T16:08:00,-22,-22
http://irail.be/vehicle/IC_L4037,http://irail.be/stations/NMBS/008811163,IC_L,2017-01-15T16:11:00,2017-01-15T16:10:00,17,-15
http://irail.be/vehicle/IC_L4037,http://irail.be/stations/NMBS/008811106,IC_L,2017-01-15T16:12:00,2017-01-15T16:12:00,17,17
http://irail.be/vehicle/IC_L4037,NO-URI,IC_L,2017-01-15T16:13:00,2017-01-15T16:13:00,-21,-21
http://irail.be/vehicle/IC_L4037,http://irail.be/stations/NMBS/008811171,IC_L,2017-01-15T16:14:00,2017-01-15T16:14:00,-21,-21
http://irail.be/vehicle/IC_L4037,http://irail.be/stations/NMBS/008811916,IC_L,2017-01-15T16:18:00,2017-01-15T16:17:00,38,-24
http://irail.be/vehicle/IC_L4037,http://irail.be/stations/NMBS/008811304,IC_L,2017-01-15T16:22:00,2017-01-15T16:20:00,-7,38
http://irail.be/vehicle/IC_L4037,http://irail.be/stations/NMBS/008811403,IC_L,2017-01-15T16:24:00,2017-01-15T16:24:00,-7,-7
http://irail.be/vehicle/IC_L4037,http://irail.be/stations/NMBS/008811411,IC_L,2017-01-15T16:26:00,2017-01-15T16:25:00,23,-8
http://irail.be/vehicle/IC_L4037,http://irail.be/stations/NMBS/008814472,IC_L,2017-01-15T16:29:00,2017-01-15T16:29:00,8,8
http://irail.be/vehicle/IC_L4037,http://irail.be/stations/NMBS/008814456,IC_L,2017-01-15T16:31:00,2017-01-15T16:30:00,8,8
http://irail.be/vehicle/IC_L4037,http://irail.be/stations/NMBS/008814464,IC_L,2017-01-15T16:34:00,2017-01-15T16:34:00,8,8
http://irail.be/vehicle/IC_L4037,http://irail.be/stations/NMBS/008814449,IC_L,2017-01-15T16:36:00,2017-01-15T16:35:00,8,8
http://irail.be/vehicle/IC_L4037,http://irail.be/stations/NMBS/008814142,IC_L,2017-01-15T16:40:00,2017-01-15T16:40:00,45,45
http://irail.be/vehicle/IC_L4037,http://irail.be/stations/NMBS/008814159,IC_L,2017-01-15T16:41:00,2017-01-15T16:41:00,45,45
http://irail.be/vehicle/IC_L4037,http://irail.be/stations/NMBS/008814167,IC_L,2017-01-15T16:44:00,2017-01-15T16:43:00,10,44
http://irail.be/vehicle/IC_L4037,http://irail.be/stations/NMBS/008814175,IC_L,2017-01-15T16:45:00,2017-01-15T16:45:00,10,10
http://irail.be/vehicle/IC_L4037,http://irail.be/stations/NMBS/008814266,IC_L,2017-01-15T16:49:00,2017-01-15T16:48:00,2,10
http://irail.be/vehicle/IC_L4037,http://irail.be/stations/NMBS/008814258,IC_L,2017-01-15T16:52:00,2017-01-15T16:52:00,,7
http://irail.be/vehicle/IC_L4037,http://irail.be/stations/NMBS/008833001,IC_L,2017-03-11T15:42:00,2017-03-11T15:42:00,97,
http://irail.be/vehicle/IC_L4037,http://irail.be/stations/NMBS/008811288,IC_L,2017-03-11T15:48:00,2017-03-11T15:47:00,65,65
http://irail.be/vehicle/IC_L4037,http://irail.be/stations/NMBS/008811270,IC_L,2017-03-11T15:50:00,2017-03-11T15:50:00,66,66
http://irail.be/vehicle/IC_L4037,http://irail.be/stations/NMBS/008811262,IC_L,2017-03-11T15:51:00,2017-03-11T15:51:00,66,66
http://irail.be/vehicle/IC_L4037,NO-URI,IC_L,2017-03-11T15:52:00,2017-03-11T15:52:00,112,112
http://irail.be/vehicle/IC_L4037,http://irail.be/stations/NMBS/008811254,IC_L,2017-03-11T15:54:00,2017-03-11T15:53:00,111,111
http://irail.be/vehicle/IC_L4037,http://irail.be/stations/NMBS/008811247,IC_L,2017-03-11T15:56:00,2017-03-11T15:56:00,107,107
http://irail.be/vehicle/IC_L4037,http://irail.be/stations/NMBS/008819406,IC_L,2017-03-11T16:02:00,2017-03-11T16:00:00,84,92
http://irail.be/vehicle/IC_L4037,http://irail.be/stations/NMBS/008811155,IC_L,2017-03-11T16:08:00,2017-03-11T16:08:00,52,52
http://irail.be/vehicle/IC_L4037,http://irail.be/stations/NMBS/008811163,IC_L,2017-03-11T16:11:00,2017-03-11T16:10:00,52,58
http://irail.be/vehicle/IC_L4037,http://irail.be/stations/NMBS/008811106,IC_L,2017-03-11T16:12:00,2017-03-11T16:12:00,52,52
http://irail.be/vehicle/IC_L4037,NO-URI,IC_L,2017-03-11T16:13:00,2017-03-11T16:13:00,13,13
http://irail.be/vehicle/IC_L4037,http://irail.be/stations/NMBS/008811171,IC_L,2017-03-11T16:14:00,2017-03-11T16:14:00,13,13
http://irail.be/vehicle/IC_L4037,http://irail.be/stations/NMBS/008811197,IC_L,2017-03-11T16:19:00,2017-03-11T16:16:00,-8,-8
http://irail.be/vehicle/IC_L4037,http://irail.be/stations/NMBS/008811205,IC_L,2017-03-11T16:22:00,2017-03-11T16:22:00,55,-8
http://irail.be/vehicle/IC_L4037,http://irail.be/stations/NMBS/008814472,IC_L,2017-03-11T16:24:00,2017-03-11T16:24:00,5,5
http://irail.be/vehicle/IC_L4037,http://irail.be/stations/NMBS/008814456,IC_L,2017-03-11T16:27:00,2017-03-11T16:26:00,5,5
http://irail.be/vehicle/IC_L4037,http://irail.be/stations/NMBS/008814464,IC_L,2017-03-11T16:30:00,2017-03-11T16:30:00,5,5
http://irail.be/vehicle/IC_L4037,http://irail.be/stations/NMBS/008814449,IC_L,2017-03-11T16:32:00,2017-03-11T16:31:00,5,5
http://irail.be/vehicle/IC_L4037,http://irail.be/stations/NMBS/008814142,IC_L,2017-03-11T16:36:00,2017-03-11T16:36:00,52,52
http://irail.be/vehicle/IC_L4037,http://irail.be/stations/NMBS/008814159,IC_L,2017-03-11T16:37:00,2017-03-11T16:37:00,52,52
http://irail.be/vehicle/IC_L4037,http://irail.be/stations/NMBS/008814167,IC_L,2017-03-11T16:40:00,2017-03-11T16:39:00,83,62
http://irail.be/vehicle/IC_L4037,http://irail.be/stations/NMBS/008814175,IC_L,2017-03-11T16:41:00,2017-03-11T16:41:00,83,83
http://irail.be/vehicle/IC_L4037,http://irail.be/stations/NMBS/008814266,IC_L,2017-03-11T16:45:00,2017-03-11T16:44:00,52,83
http://irail.be/vehicle/IC_L4037,http://irail.be/stations/NMBS/008814258,IC_L,2017-03-11T16:48:00,2017-03-11T16:48:00,,64
http://irail.be/vehicle/IC_L4037,http://irail.be/stations/NMBS/008833001,IC_L,2017-11-01T15:41:00,2017-11-01T15:41:00,26,
http://irail.be/vehicle/IC_L4037,http://irail.be/stations/NMBS/008811288,IC_L,2017-11-01T15:47:00,2017-11-01T15:46:00,4,4
http://irail.be/vehicle/IC_L4037,http://irail.be/stations/NMBS/008811270,IC_L,2017-11-01T15:49:00,2017-11-01T15:49:01,-44,-44
http://irail.be/vehicle/IC_L4037,http://irail.be/stations/NMBS/008811262,IC_L,2017-11-01T15:51:00,2017-11-01T15:51:00,-44,-44
http://irail.be/vehicle/IC_L4037,NO-URI,IC_L,2017-11-01T15:52:00,2017-11-01T15:52:05,25,25
http://irail.be/vehicle/IC_L4037,http://irail.be/stations/NMBS/008811254,IC_L,2017-11-01T15:54:00,2017-11-01T15:53:00,-19,36
http://irail.be/vehicle/IC_L4037,http://irail.be/stations/NMBS/008811247,IC_L,2017-11-01T15:56:00,2017-11-01T15:56:31,43,43
http://irail.be/vehicle/IC_L4037,http://irail.be/stations/NMBS/008819406,IC_L,2017-11-01T16:02:00,2017-11-01T16:00:00,98,64
http://irail.be/vehicle/IC_L4037,http://irail.be/stations/NMBS/008811155,IC_L,2017-11-01T16:08:00,2017-11-01T16:08:13,86,86
http://irail.be/vehicle/IC_L4037,http://irail.be/stations/NMBS/008811163,IC_L,2017-11-01T16:11:00,2017-11-01T16:10:17,44,94
http://irail.be/vehicle/IC_L4037,http://irail.be/stations/NMBS/008811106,IC_L,2017-11-01T16:13:00,2017-11-01T16:13:00,44,44
http://irail.be/vehicle/IC_L4037,NO-URI,IC_L,2017-11-01T16:13:00,2017-11-01T16:13:21,57,57
http://irail.be/vehicle/IC_L4037,http://irail.be/stations/NMBS/008811171,IC_L,2017-11-01T16:14:00,2017-11-01T16:14:00,57,57
http://irail.be/vehicle/IC_L4037,http://irail.be/stations/NMBS/008811916,IC_L,2017-11-01T16:18:00,2017-11-01T16:17:02,54,52
http://irail.be/vehicle/IC_L4037,http://irail.be/stations/NMBS/008811304,IC_L,2017-11-01T16:21:00,2017-11-01T16:20:00,4,54
http://irail.be/vehicle/IC_L4037,http://irail.be/stations/NMBS/008811403,IC_L,2017-11-01T16:23:00,2017-11-01T16:23:00,4,4
http://irail.be/vehicle/IC_L4037,http://irail.be/stations/NMBS/008811411,IC_L,2017-11-01T16:25:00,2017-11-01T16:24:42,59,2
http://irail.be/vehicle/IC_L4037,http://irail.be/stations/NMBS/008814472,IC_L,2017-11-01T16:27:00,2017-11-01T16:27:11,-15,-15
http://irail.be/vehicle/IC_L4037,http://irail.be/stations/NMBS/008814456,IC_L,2017-11-01T16:29:00,2017-11-01T16:28:03,-15,-15
http://irail.be/vehicle/IC_L4037,http://irail.be/stations/NMBS/008814464,IC_L,2017-11-01T16:32:00,2017-11-01T16:32:00,-15,-15
http://irail.be/vehicle/IC_L4037,http://irail.be/stations/NMBS/008814449,IC_L,2017-11-01T16:35:00,2017-11-01T16:34:00,-15,-15
http://irail.be/vehicle/IC_L4037,http://irail.be/stations/NMBS/008814142,IC_L,2017-11-01T16:39:00,2017-11-01T16:39:00,7,7
http://irail.be/vehicle/IC_L4037,http://irail.be/stations/NMBS/008814159,IC_L,2017-11-01T16:41:00,2017-11-01T16:41:00,7,7
http://irail.be/vehicle/IC_L4037,http://irail.be/stations/NMBS/008814167,IC_L,2017-11-01T16:44:00,2017-11-01T16:43:00,41,93
http://irail.be/vehicle/IC_L4037,http://irail.be/stations/NMBS/008814175,IC_L,2017-11-01T16:46:00,2017-11-01T16:46:00,41,41
http://irail.be/vehicle/IC_L4037,http://irail.be/stations/NMBS/008814266,IC_L,2017-11-01T16:49:00,2017-11-01T16:48:00,11,41
http://irail.be/vehicle/IC_L4037,http://irail.be/stations/NMBS/008814258,IC_L,2017-11-01T16:52:00,2017-11-01T16:52:00,,21
http://irail.be/vehicle/IC_L4037,http://irail.be/stations/NMBS/008833001,IC_L,2017-08-20T15:41:00,2017-08-20T15:41:00,68,
http://irail.be/vehicle/IC_L4037,http://irail.be/stations/NMBS/008811288,IC_L,2017-08-20T15:47:00,2017-08-20T15:46:00,36,36
http://irail.be/vehicle/IC_L4037,http://irail.be/stations/NMBS/008811270,IC_L,2017-08-20T15:49:00,2017-08-20T15:49:00,-12,-12
http://irail.be/vehicle/IC_L4037,http://irail.be/stations/NMBS/008811262,IC_L,2017-08-20T15:51:00,2017-08-20T15:51:00,-12,-12
http://irail.be/vehicle/IC_L4037,NO-URI,IC_L,2017-08-20T15:52:00,2017-08-20T15:52:00,59,59
http://irail.be/vehicle/IC_L4037,http://irail.be/stations/NMBS/008811254,IC_L,2017-08-20T15:54:00,2017-08-20T15:53:00,80,80
http://irail.be/vehicle/IC_L4037,http://irail.be/stations/NMBS/008811247,IC_L,2017-08-20T15:56:00,2017-08-20T15:56:00,48,48
http://irail.be/vehicle/IC_L4037,http://irail.be/stations/NMBS/008819406,IC_L,2017-08-20T16:02:00,2017-08-20T16:00:00,6,-4
http://irail.be/vehicle/IC_L4037,http://irail.be/stations/NMBS/008811155,IC_L,2017-08-20T16:08:00,2017-08-20T16:08:00,87,87
http://irail.be/vehicle/IC_L4037,http://irail.be/stations/NMBS/008811163,IC_L,2017-08-20T16:11:00,2017-08-20T16:10:00,32,90
http://irail.be/vehicle/IC_L4037,http://irail.be/stations/NMBS/008811106,IC_L,2017-08-20T16:13:00,2017-08-20T16:13:00,32,32
http://irail.be/vehicle/IC_L4037,NO-URI,IC_L,2017-08-20T16:13:00,2017-08-20T16:13:00,39,39
http://irail.be/vehicle/IC_L4037,http://irail.be/stations/NMBS/008811171,IC_L,2017-08-20T16:14:00,2017-08-20T16:14:00,39,39
http://irail.be/vehicle/IC_L4037,http://irail.be/stations/NMBS/008811916,IC_L,2017-08-20T16:18:00,2017-08-20T16:17:00,96,69
http://irail.be/vehicle/IC_L4037,http://irail.be/stations/NMBS/008811304,IC_L,2017-08-20T16:21:00,2017-08-20T16:20:00,45,96
http://irail.be/vehicle/IC_L4037,http://irail.be/stations/NMBS/008811403,IC_L,2017-08-20T16:23:00,2017-08-20T16:23:00,45,45
http://irail.be/vehicle/IC_L4037,http://irail.be/stations/NMBS/008811411,IC_L,2017-08-20T16:25:00,2017-08-20T16:24:00,97,52
http://irail.be/vehicle/IC_L4037,http://irail.be/stations/NMBS/008814472,IC_L,2017-08-20T16:27:00,2017-08-20T16:27:00,8,8
http://irail.be/vehicle/IC_L4037,http://irail.be/stations/NMBS/008814456,IC_L,2017-08-20T16:29:00,2017-08-20T16:28:00,8,8
http://irail.be/vehicle/IC_L4037,http://irail.be/stations/NMBS/008814464,IC_L,2017-08-20T16:32:00,2017-08-20T16:32:00,8,8
http://irail.be/vehicle/IC_L4037,http://irail.be/stations/NMBS/008814449,IC_L,2017-08-20T16:35:00,2017-08-20T16:34:00,8,8
http://irail.be/vehicle/IC_L4037,http://irail.be/stations/NMBS/008814142,IC_L,2017-08-20T16:39:00,2017-08-20T16:39:00,43,43
http://irail.be/vehicle/IC_L4037,http://irail.be/stations/NMBS/008814159,IC_L,2017-08-20T16:41:00,2017-08-20T16:41:00,43,43
http://irail.be/vehicle/IC_L4037,http://irail.be/stations/NMBS/008814167,IC_L,2017-08-20T16:44:00,2017-08-20T16:43:00,57,31
http://irail.be/vehicle/IC_L4037,http://irail.be/stations/NMBS/008814175,IC_L,2017-08-20T16:46:00,2017-08-20T16:46:00,57,57
http://irail.be/vehicle/IC_L4037,http://irail.be/stations/NMBS/008814266,IC_L,2017-08-20T16:49:00,2017-08-20T16:48:00,22,57
http://irail.be/vehicle/IC_L4037,http://irail.be/stations/NMBS/008814258,IC_L,2017-08-20T16:52:00,2017-08-20T16:52:00,,38
http://irail.be/vehicle/IC_L4037,http://irail.be/stations/NMBS/008833001,IC_L,2017-04-09T15:42:00,2017-04-09T15:42:00,49,
http://irail.be/vehicle/IC_L4037,http://irail.be/stations/NMBS/008811288,IC_L,2017-04-09T15:48:00,2017-04-09T15:47:00,15,15
http://irail.be/vehicle/IC_L4037,http://irail.be/stations/NMBS/008811270,IC_L,2017-04-09T15:50:00,2017-04-09T15:50:00,8,8
http://irail.be/vehicle/IC_L4037,http://irail.be/stations/NMBS/008811262,IC_L,2017-04-09T15:51:00,2017-04-09T15:51:00,8,8
http://irail.be/vehicle/IC_L4037,NO-URI,IC_L,2017-04-09T15:52:00,2017-04-09T15:52:00,57,57
http://irail.be/vehicle/IC_L4037,http://irail.be/stations/NMBS/008811254,IC_L,2017-04-09T15:54:00,2017-04-09T15:53:00,58,58
http://irail.be/vehicle/IC_L4037,http://irail.be/stations/NMBS/008811247,IC_L,2017-04-09T15:56:00,2017-04-09T15:56:00,54,54
http://irail.be/vehicle/IC_L4037,http://irail.be/stations/NMBS/008819406,IC_L,2017-04-09T16:02:00,2017-04-09T16:00:00,21,107
http://irail.be/vehicle/IC_L4037,http://irail.be/stations/NMBS/008811155,IC_L,2017-04-09T16:08:00,2017-04-09T16:08:00,58,58
http://irail.be/vehicle/IC_L4037,http://irail.be/stations/NMBS/008811163,IC_L,2017-04-09T16:11:00,2017-04-09T16:10:00,69,67
http://irail.be/vehicle/IC_L4037,http://irail.be/stations/NMBS/008811106,IC_L,2017-04-09T16:12:00,2017-04-09T16:12:00,69,69
http://irail.be/vehicle/IC_L4037,NO-URI,IC_L,2017-04-09T16:13:00,2017-04-09T16:13:00,30,30
http://irail.be/vehicle/IC_L4037,http://irail.be/stations/NMBS/008811171,IC_L,2017-04-09T16:14:00,2017-04-09T16:14:00,30,30
http://irail.be/vehicle/IC_L4037,http://irail.be/stations/NMBS/008811916,IC_L,2017-04-09T16:18:00,2017-04-09T16:17:00,155,142
http://irail.be/vehicle/IC_L4037,http://irail.be/stations/NMBS/008811304,IC_L,2017-04-09T16:22:00,2017-04-09T16:20:00,111,155
http://irail.be/vehicle/IC_L4037,http://irail.be/stations/NMBS/008811403,IC_L,2017-04-09T16:23:00,2017-04-09T16:23:00,111,111
http://irail.be/vehicle/IC_L4037,http://irail.be/stations/NMBS/008811411,IC_L,2017-04-09T16:26:00,2017-04-09T16:25:00,220,89
http://irail.be/vehicle/IC_L4037,http://irail.be/stations/NMBS/008814472,IC_L,2017-04-09T16:28:00,2017-04-09T16:28:00,19,19
http://irail.be/vehicle/IC_L4037,http://irail.be/stations/NMBS/008814456,IC_L,2017-04-09T16:31:00,2017-04-09T16:30:00,19,19
http://irail.be/vehicle/IC_L4037,http://irail.be/stations/NMBS/008814464,IC_L,2017-04-09T16:34:00,2017-04-09T16:34:00,19,19
http://irail.be/vehicle/IC_L4037,http://irail.be/stations/NMBS/008814449,IC_L,2017-04-09T16:36:00,2017-04-09T16:35:00,19,19
http://irail.be/vehicle/IC_L4037,http://irail.be/stations/NMBS/008814142,IC_L,2017-04-09T16:40:00,2017-04-09T16:40:00,29,29
http://irail.be/vehicle/IC_L4037,http://irail.be/stations/NMBS/008814159,IC_L,2017-04-09T16:41:00,2017-04-09T16:41:00,29,29
http://irail.be/vehicle/IC_L4037,http://irail.be/stations/NMBS/008814167,IC_L,2017-04-09T16:44:00,2017-04-09T16:43:00,-3,27
http://irail.be/vehicle/IC_L4037,http://irail.be/stations/NMBS/008814175,IC_L,2017-04-09T16:45:00,2017-04-09T16:45:00,-3,-3
http://irail.be/vehicle/IC_L4037,http://irail.be/stations/NMBS/008814266,IC_L,2017-04-09T16:49:00,2017-04-09T16:48:00,-52,-3
http://irail.be/vehicle/IC_L4037,http://irail.be/stations/NMBS/008814258,IC_L,2017-04-09T16:52:00,2017-04-09T16:52:00,,-30
http://irail.be/vehicle/IC_L4037,http://irail.be/stations/NMBS/008833001,IC_L,2017-07-15T15:41:00,2017-07-15T15:41:00,26,
http://irail.be/vehicle/IC_L4037,http://irail.be/stations/NMBS/008811288,IC_L,2017-07-15T15:47:00,2017-07-15T15:46:00,15,15
http://irail.be/vehicle/IC_L4037,http://irail.be/stations/NMBS/008811270,IC_L,2017-07-15T15:49:00,2017-07-15T15:49:00,-67,-67
http://irail.be/vehicle/IC_L4037,http://irail.be/stations/NMBS/008811262,IC_L,2017-07-15T15:51:00,2017-07-15T15:51:00,-67,-67
http://irail.be/vehicle/IC_L4037,NO-URI,IC_L,2017-07-15T15:52:00,2017-07-15T15:52:00,-29,-29
http://irail.be/vehicle/IC_L4037,http://irail.be/stations/NMBS/008811254,IC_L,2017-07-15T15:54:00,2017-07-15T15:53:00,-45,-34
http://irail.be/vehicle/IC_L4037,http://irail.be/stations/NMBS/008811247,IC_L,2017-07-15T15:56:00,2017-07-15T15:56:00,2,2
http://irail.be/vehicle/IC_L4037,http://irail.be/stations/NMBS/008819406,IC_L,2017-07-15T16:02:00,2017-07-15T16:00:00,33,-34
http://irail.be/vehicle/IC_L4037,http://irail.be/stations/NMBS/008811155,IC_L,2017-07-15T16:08:00,2017-07-15T16:08:00,1,1
http://irail.be/vehicle/IC_L4037,http://irail.be/stations/NMBS/008811163,IC_L,2017-07-15T16:11:00,2017-07-15T16:10:00,-31,7
http://irail.be/vehicle/IC_L4037,http://irail.be/stations/NMBS/008811106,IC_L,2017-07-15T16:13:00,2017-07-15T16:13:00,-31,-31
http://irail.be/vehicle/IC_L4037,NO-URI,IC_L,2017-07-15T16:13:00,2017-07-15T16:13:00,-23,-23
http://irail.be/vehicle/IC_L4037,http://irail.be/stations/NMBS/008811171,IC_L,2017-07-15T16:14:00,2017-07-15T16:14:00,-23,-23
http://irail.be/vehicle/IC_L4037,http://irail.be/stations/NMBS/008811916,IC_L,2017-07-15T16:18:00,2017-07-15T16:17:00,29,-37
http://irail.be/vehicle/IC_L4037,http://irail.be/stations/NMBS/008811304,IC_L,2017-07-15T16:21:00,2017-07-15T16:20:00,-19,29
http://irail.be/vehicle/IC_L4037,http://irail.be/stations/NMBS/008811403,IC_L,2017-07-15T16:23:00,2017-07-15T16:23:00,-19,-19
http://irail.be/vehicle/IC_L4037,http://irail.be/stations/NMBS/008811411,IC_L,2017-07-15T16:25:00,2017-07-15T16:24:00,54,-14
http://irail.be/vehicle/IC_L4037,http://irail.be/stations/NMBS/008814472,IC_L,2017-07-15T16:27:00,2017-07-15T16:27:00,-20,-20
http://irail.be/vehicle/IC_L4037,http://irail.be/stations/NMBS/008814456,IC_L,2017-07-15T16:29:00,2017-07-15T16:28:00,-20,-20
http://irail.be/vehicle/IC_L4037,http://irail.be/stations/NMBS/008814464,IC_L,2017-07-15T16:32:00,2017-07-15T16:32:00,-20,-20
http://irail.be/vehicle/IC_L4037,http://irail.be/stations/NMBS/008814449,IC_L,2017-07-15T16:35:00,2017-07-15T16:34:00,-20,-20
http://irail.be/vehicle/IC_L4037,http://irail.be/stations/NMBS/008814142,IC_L,2017-07-15T16:39:00,2017-07-15T16:39:00,0,0
http://irail.be/vehicle/IC_L4037,http://irail.be/stations/NMBS/008814159,IC_L,2017-07-15T16:41:00,2017-07-15T16:41:00,0,0
http://irail.be/vehicle/IC_L4037,http://irail.be/stations/NMBS/008814167,IC_L,2017-07-15T16:44:00,2017-07-15T16:43:00,-21,-23
http://irail.be/vehicle/IC_L4037,http://irail.be/stations/NMBS/008814175,IC_L,2017-07-15T16:46:00,2017-07-15T16:46:00,-21,-21
http://irail.be/vehicle/IC_L4037,http://irail.be/stations/NMBS/008814266,IC_L,2017-07-15T16:49:00,2017-07-15T16:48:00,-11,-21
http://irail.be/vehicle/IC_L4037,http://irail.be/stations/NMBS/008814258,IC_L,2017-07-15T16:52:00,2017-07-15T16:52:00,,-6
http://irail.be/vehicle/IC_L4037,http://irail.be/stations/NMBS/008833001,IC_L,2017-02-12T15:42:00,2017-02-12T15:42:00,29,
http://irail.be/vehicle/IC_L4037,http://irail.be/stations/NMBS/008811288,IC_L,2017-02-12T15:48:00,2017-02-12T15:47:00,12,12
http://irail.be/vehicle/IC_L4037,http://irail.be/stations/NMBS/008811270,IC_L,2017-02-12T15:50:00,2017-02-12T15:50:00,19,19
http://irail.be/vehicle/IC_L4037,http://irail.be/stations/NMBS/008811262,IC_L,2017-02-12T15:51:00,2017-02-12T15:51:00,19,19
http://irail.be/vehicle/IC_L4037,NO-URI,IC_L,2017-02-12T15:52:00,2017-02-12T15:52:00,78,78
http://irail.be/vehicle/IC_L4037,http://irail.be/stations/NMBS/008811254,IC_L,2017-02-12T15:54:00,2017-02-12T15:53:00,9,9
http://irail.be/vehicle/IC_L4037,http://irail.be/stations/NMBS/008811247,IC_L,2017-02-12T15:56:00,2017-02-12T15:56:00,69,69
http://irail.be/vehicle/IC_L4037,http://irail.be/stations/NMBS/008819406,IC_L,2017-02-12T16:02:00,2017-02-12T16:00:00,78,37
http://irail.be/vehicle/IC_L4037,http://irail.be/stations/NMBS/008811155,IC_L,2017-02-12T16:08:00,2017-02-12T16:08:00,58,58
http://irail.be/vehicle/IC_L4037,http://irail.be/stations/NMBS/008811163,IC_L,2017-02-12T16:11:00,2017-02-12T16:10:00,60,64
http://irail.be/vehicle/IC_L4037,http://irail.be/stations/NMBS/008811106,IC_L,2017-02-12T16:12:00,2017-02-12T16:12:00,60,60
http://irail.be/vehicle/IC_L4037,NO-URI,IC_L,2017-02-12T16:13:00,2017-02-12T16:13:00,24,24
http://irail.be/vehicle/IC_L4037,http://irail.be/stations/NMBS/008811171,IC_L,2017-02-12T16:14:00,2017-02-12T16:14:00,24,24
http://irail.be/vehicle/IC_L4037,http://irail.be/stations/NMBS/008811916,IC_L,2017-02-12T16:18:00,2017-02-12T16:17:00,40,9
http://irail.be/vehicle/IC_L4037,http://irail.be/stations/NMBS/008811304,IC_L,2017-02-12T16:22:00,2017-02-12T16:20:00,-2,40
http://irail.be/vehicle/IC_L4037,http://irail.be/stations/NMBS/008811403,IC_L,2017-02-12T16:24:00,2017-02-12T16:24:00,-2,-2
http://irail.be/vehicle/IC_L4037,http://irail.be/stations/NMBS/008811411,IC_L,2017-02-12T16:26:00,2017-02-12T16:25:00,48,12
http://irail.be/vehicle/IC_L4037,http://irail.be/stations/NMBS/008814472,IC_L,2017-02-12T16:29:00,2017-02-12T16:29:00,-5,-5
http://irail.be/vehicle/IC_L4037,http://irail.be/stations/NMBS/008814456,IC_L,2017-02-12T16:31:00,2017-02-12T16:30:00,-5,-5
http://irail.be/vehicle/IC_L4037,http://irail.be/stations/NMBS/008814464,IC_L,2017-02-12T16:34:00,2017-02-12T16:34:00,-5,-5
http://irail.be/vehicle/IC_L4037,http://irail.be/stations/NMBS/008814449,IC_L,2017-02-12T16:36:00,2017-02-12T16:35:00,-5,-5
http://irail.be/vehicle/IC_L4037,http://irail.be/stations/NMBS/008814142,IC_L,2017-02-12T16:40:00,2017-02-12T16:40:00,32,32
http://irail.be/vehicle/IC_L4037,http://irail.be/stations/NMBS/008814159,IC_L,2017-02-12T16:41:00,2017-02-12T16:41:00,32,32
http://irail.be/vehicle/IC_L4037,http://irail.be/stations/NMBS/008814167,IC_L,2017-02-12T16:44:00,2017-02-12T16:43:00,9,50
http://irail.be/vehicle/IC_L4037,http://irail.be/stations/NMBS/008814175,IC_L,2017-02-12T16:45:00,2017-02-12T16:45:00,9,9
http://irail.be/vehicle/IC_L4037,http://irail.be/stations/NMBS/008814266,IC_L,2017-02-12T16:49:00,2017-02-12T16:48:00,10,9
http://irail.be/vehicle/IC_L4037,http://irail.be/stations/NMBS/008814258,IC_L,2017-02-12T16:52:00,2017-02-12T16:52:00,,31
http://irail.be/vehicle/IC_L4037,http://irail.be/stations/NMBS/008833001,IC_L,2017-07-09T15:41:00,2017-07-09T15:41:00,42,
http://irail.be/vehicle/IC_L4037,http://irail.be/stations/NMBS/008811288,IC_L,2017-07-09T15:47:00,2017-07-09T15:46:00,10,10
http://irail.be/vehicle/IC_L4037,http://irail.be/stations/NMBS/008811270,IC_L,2017-07-09T15:49:00,2017-07-09T15:49:00,-21,-21
http://irail.be/vehicle/IC_L4037,http://irail.be/stations/NMBS/008811262,IC_L,2017-07-09T15:51:00,2017-07-09T15:51:00,-21,-21
http://irail.be/vehicle/IC_L4037,http://irail.be/stations/NMBS/008811254,IC_L,2017-07-09T15:54:00,2017-07-09T15:53:00,-14,-21
http://irail.be/vehicle/IC_L4037,http://irail.be/stations/NMBS/008811247,IC_L,2017-07-09T15:56:00,2017-07-09T15:56:00,46,46
http://irail.be/vehicle/IC_L4037,http://irail.be/stations/NMBS/008819406,IC_L,2017-07-09T16:02:00,2017-07-09T16:00:00,76,110
http://irail.be/vehicle/IC_L4037,http://irail.be/stations/NMBS/008811155,IC_L,2017-07-09T16:08:00,2017-07-09T16:08:00,138,138
http://irail.be/vehicle/IC_L4037,http://irail.be/stations/NMBS/008811163,IC_L,2017-07-09T16:11:00,2017-07-09T16:10:00,109,130
http://irail.be/vehicle/IC_L4037,http://irail.be/stations/NMBS/008811106,IC_L,2017-07-09T16:12:00,2017-07-09T16:12:00,109,109
http://irail.be/vehicle/IC_L4037,NO-URI,IC_L,2017-07-09T16:13:00,2017-07-09T16:13:00,79,79
http://irail.be/vehicle/IC_L4037,http://irail.be/stations/NMBS/008811171,IC_L,2017-07-09T16:15:00,2017-07-09T16:15:00,79,79
http://irail.be/vehicle/IC_L4037,http://irail.be/stations/NMBS/008811916,IC_L,2017-07-09T16:18:00,2017-07-09T16:17:00,80,79
http://irail.be/vehicle/IC_L4037,http://irail.be/stations/NMBS/008811304,IC_L,2017-07-09T16:21:00,2017-07-09T16:20:00,67,80
http://irail.be/vehicle/IC_L4037,http://irail.be/stations/NMBS/008811403,IC_L,2017-07-09T16:22:00,2017-07-09T16:22:00,67,67
http://irail.be/vehicle/IC_L4037,http://irail.be/stations/NMBS/008811411,IC_L,2017-07-09T16:25:00,2017-07-09T16:24:00,102,42
http://irail.be/vehicle/IC_L4037,http://irail.be/stations/NMBS/008814472,IC_L,2017-07-09T16:27:00,2017-07-09T16:27:00,26,26
http://irail.be/vehicle/IC_L4037,http://irail.be/stations/NMBS/008814456,IC_L,2017-07-09T16:29:00,2017-07-09T16:28:00,26,26
http://irail.be/vehicle/IC_L4037,http://irail.be/stations/NMBS/008814464,IC_L,2017-07-09T16:32:00,2017-07-09T16:32:00,26,26
http://irail.be/vehicle/IC_L4037,http://irail.be/stations/NMBS/008814449,IC_L,2017-07-09T16:35:00,2017-07-09T16:34:00,26,26
http://irail.be/vehicle/IC_L4037,http://irail.be/stations/NMBS/008814142,IC_L,2017-07-09T16:39:00,2017-07-09T16:39:00,32,32
http://irail.be/vehicle/IC_L4037,http://irail.be/stations/NMBS/008814159,IC_L,2017-07-09T16:41:00,2017-07-09T16:41:00,32,32
http://irail.be/vehicle/IC_L4037,http://irail.be/stations/NMBS/008814167,IC_L,2017-07-09T16:44:00,2017-07-09T16:43:00,-33,9
http://irail.be/vehicle/IC_L4037,http://irail.be/stations/NMBS/008814175,IC_L,2017-07-09T16:45:00,2017-07-09T16:45:00,-33,-33
http://irail.be/vehicle/IC_L4037,http://irail.be/stations/NMBS/008814266,IC_L,2017-07-09T16:49:00,2017-07-09T16:48:00,8,-33
http://irail.be/vehicle/IC_L4037,http://irail.be/stations/NMBS/008814258,IC_L,2017-07-09T16:52:00,2017-07-09T16:52:00,,21
http://irail.be/vehicle/IC_L4037,http://irail.be/stations/NMBS/008833001,IC_L,2017-04-08T15:42:00,2017-04-08T15:42:00,19,
http://irail.be/vehicle/IC_L4037,http://irail.be/stations/NMBS/008811288,IC_L,2017-04-08T15:48:00,2017-04-08T15:47:00,2,2
http://irail.be/vehicle/IC_L4037,http://irail.be/stations/NMBS/008811270,IC_L,2017-04-08T15:50:00,2017-04-08T15:50:00,-4,-4
http://irail.be/vehicle/IC_L4037,http://irail.be/stations/NMBS/008811262,IC_L,2017-04-08T15:51:00,2017-04-08T15:51:00,-4,-4
http://irail.be/vehicle/IC_L4037,NO-URI,IC_L,2017-04-08T15:52:00,2017-04-08T15:52:00,44,44
http://irail.be/vehicle/IC_L4037,http://irail.be/stations/NMBS/008811254,IC_L,2017-04-08T15:54:00,2017-04-08T15:53:00,47,47
http://irail.be/vehicle/IC_L4037,http://irail.be/stations/NMBS/008811247,IC_L,2017-04-08T15:56:00,2017-04-08T15:56:00,50,50
http://irail.be/vehicle/IC_L4037,http://irail.be/stations/NMBS/008819406,IC_L,2017-04-08T16:02:00,2017-04-08T16:00:00,-4,8
http://irail.be/vehicle/IC_L4037,http://irail.be/stations/NMBS/008811155,IC_L,2017-04-08T16:08:00,2017-04-08T16:08:00,31,31
http://irail.be/vehicle/IC_L4037,http://irail.be/stations/NMBS/008811163,IC_L,2017-04-08T16:11:00,2017-04-08T16:10:00,41,42
http://irail.be/vehicle/IC_L4037,http://irail.be/stations/NMBS/008811106,IC_L,2017-04-08T16:12:00,2017-04-08T16:12:00,41,41
http://irail.be/vehicle/IC_L4037,NO-URI,IC_L,2017-04-08T16:13:00,2017-04-08T16:13:00,1,1
http://irail.be/vehicle/IC_L4037,http://irail.be/stations/NMBS/008811171,IC_L,2017-04-08T16:14:00,2017-04-08T16:14:00,1,1
http://irail.be/vehicle/IC_L4037,http://irail.be/stations/NMBS/008811916,IC_L,2017-04-08T16:18:00,2017-04-08T16:17:00,114,86
http://irail.be/vehicle/IC_L4037,http://irail.be/stations/NMBS/008811304,IC_L,2017-04-08T16:22:00,2017-04-08T16:20:00,61,114
http://irail.be/vehicle/IC_L4037,http://irail.be/stations/NMBS/008811403,IC_L,2017-04-08T16:23:00,2017-04-08T16:23:00,61,61
http://irail.be/vehicle/IC_L4037,http://irail.be/stations/NMBS/008811411,IC_L,2017-04-08T16:26:00,2017-04-08T16:25:00,127,31
http://irail.be/vehicle/IC_L4037,http://irail.be/stations/NMBS/008814472,IC_L,2017-04-08T16:28:00,2017-04-08T16:28:00,17,17
http://irail.be/vehicle/IC_L4037,http://irail.be/stations/NMBS/008814456,IC_L,2017-04-08T16:31:00,2017-04-08T16:30:00,17,17
http://irail.be/vehicle/IC_L4037,http://irail.be/stations/NMBS/008814464,IC_L,2017-04-08T16:34:00,2017-04-08T16:34:00,17,17
http://irail.be/vehicle/IC_L4037,http://irail.be/stations/NMBS/008814449,IC_L,2017-04-08T16:36:00,2017-04-08T16:35:00,17,17
http://irail.be/vehicle/IC_L4037,http://irail.be/stations/NMBS/008814142,IC_L,2017-04-08T16:40:00,2017-04-08T16:40:00,52,52
http://irail.be/vehicle/IC_L4037,http://irail.be/stations/NMBS/008814159,IC_L,2017-04-08T16:41:00,2017-04-08T16:41:00,52,52
http://irail.be/vehicle/IC_L4037,http://irail.be/stations/NMBS/008814167,IC_L,2017-04-08T16:44:00,2017-04-08T16:43:00,37,55
http://irail.be/vehicle/IC_L4037,http://irail.be/stations/NMBS/008814175,IC_L,2017-04-08T16:45:00,2017-04-08T16:45:00,37,37
http://irail.be/vehicle/IC_L4037,http://irail.be/stations/NMBS/008814266,IC_L,2017-04-08T16:49:00,2017-04-08T16:48:00,4,37
http://irail.be/vehicle/IC_L4037,http://irail.be/stations/NMBS/008814258,IC_L,2017-04-08T16:52:00,2017-04-08T16:52:00,,36
http://irail.be/vehicle/IC_L4037,http://irail.be/stations/NMBS/008833001,IC_L,2017-07-01T15:41:00,2017-07-01T15:41:00,94,
http://irail.be/vehicle/IC_L4037,http://irail.be/stations/NMBS/008811288,IC_L,2017-07-01T15:47:00,2017-07-01T15:46:00,48,48
http://irail.be/vehicle/IC_L4037,http://irail.be/stations/NMBS/008811270,IC_L,2017-07-01T15:49:00,2017-07-01T15:49:00,-18,-18
http://irail.be/vehicle/IC_L4037,http://irail.be/stations/NMBS/008811262,IC_L,2017-07-01T15:51:00,2017-07-01T15:51:00,-18,-18
http://irail.be/vehicle/IC_L4037,NO-URI,IC_L,2017-07-01T15:52:00,2017-07-01T15:52:00,24,24
http://irail.be/vehicle/IC_L4037,http://irail.be/stations/NMBS/008811254,IC_L,2017-07-01T15:54:00,2017-07-01T15:53:00,-36,23
http://irail.be/vehicle/IC_L4037,http://irail.be/stations/NMBS/008811247,IC_L,2017-07-01T15:56:00,2017-07-01T15:56:00,24,24
http://irail.be/vehicle/IC_L4037,http://irail.be/stations/NMBS/008819406,IC_L,2017-07-01T16:02:00,2017-07-01T16:00:00,36,74
http://irail.be/vehicle/IC_L4037,http://irail.be/stations/NMBS/008811155,IC_L,2017-07-01T16:08:00,2017-07-01T16:08:00,20,20
http://irail.be/vehicle/IC_L4037,http://irail.be/stations/NMBS/008811163,IC_L,2017-07-01T16:11:00,2017-07-01T16:10:00,-8,25
http://irail.be/vehicle/IC_L4037,http://irail.be/stations/NMBS/008811106,IC_L,2017-07-01T16:13:00,2017-07-01T16:13:00,-8,-8
http://irail.be/vehicle/IC_L4037,NO-URI,IC_L,2017-07-01T16:13:00,2017-07-01T16:13:00,-2,-2
http://irail.be/vehicle/IC_L4037,http://irail.be/stations/NMBS/008811171,IC_L,2017-07-01T16:14:00,2017-07-01T16:14:00,-2,-2
http://irail.be/vehicle/IC_L4037,http://irail.be/stations/NMBS/008811916,IC_L,2017-07-01T16:18:00,2017-07-01T16:17:00,31,0
http://irail.be/vehicle/IC_L4037,http://irail.be/stations/NMBS/008811304,IC_L,2017-07-01T16:21:00,2017-07-01T16:20:00,4,31
http://irail.be/vehicle/IC_L4037,http://irail.be/stations/NMBS/008811403,IC_L,2017-07-01T16:23:00,2017-07-01T16:23:00,4,4
http://irail.be/vehicle/IC_L4037,http://irail.be/stations/NMBS/008811411,IC_L,2017-07-01T16:25:00,2017-07-01T16:24:00,88,24
http://irail.be/vehicle/IC_L4037,http://irail.be/stations/NMBS/008814472,IC_L,2017-07-01T16:27:00,2017-07-01T16:27:00,-37,-37
http://irail.be/vehicle/IC_L4037,http://irail.be/stations/NMBS/008814456,IC_L,2017-07-01T16:29:00,2017-07-01T16:28:00,-37,-37
http://irail.be/vehicle/IC_L4037,http://irail.be/stations/NMBS/008814464,IC_L,2017-07-01T16:32:00,2017-07-01T16:32:00,-37,-37
http://irail.be/vehicle/IC_L4037,http://irail.be/stations/NMBS/008814449,IC_L,2017-07-01T16:35:00,2017-07-01T16:34:00,-37,-37
http://irail.be/vehicle/IC_L4037,http://irail.be/stations/NMBS/008814142,IC_L,2017-07-01T16:39:00,2017-07-01T16:39:00,3,3
http://irail.be/vehicle/IC_L4037,http://irail.be/stations/NMBS/008814159,IC_L,2017-07-01T16:41:00,2017-07-01T16:41:00,3,3
http://irail.be/vehicle/IC_L4037,http://irail.be/stations/NMBS/008814167,IC_L,2017-07-01T16:44:00,2017-07-01T16:43:00,8,-23
http://irail.be/vehicle/IC_L4037,http://irail.be/stations/NMBS/008814175,IC_L,2017-07-01T16:46:00,2017-07-01T16:46:00,8,8
http://irail.be/vehicle/IC_L4037,http://irail.be/stations/NMBS/008814266,IC_L,2017-07-01T16:49:00,2017-07-01T16:48:00,6,8
http://irail.be/vehicle/IC_L4037,http://irail.be/stations/NMBS/008814258,IC_L,2017-07-01T16:52:00,2017-07-01T16:52:00,,36
http://irail.be/vehicle/IC_L4037,http://irail.be/stations/NMBS/008833001,IC_L,2017-04-16T15:42:00,2017-04-16T15:42:00,32,
http://irail.be/vehicle/IC_L4037,http://irail.be/stations/NMBS/008811288,IC_L,2017-04-16T15:48:00,2017-04-16T15:47:00,3,3
http://irail.be/vehicle/IC_L4037,http://irail.be/stations/NMBS/008811270,IC_L,2017-04-16T15:50:00,2017-04-16T15:50:00,-6,-6
http://irail.be/vehicle/IC_L4037,http://irail.be/stations/NMBS/008811262,IC_L,2017-04-16T15:51:00,2017-04-16T15:51:00,-6,-6
http://irail.be/vehicle/IC_L4037,NO-URI,IC_L,2017-04-16T15:52:00,2017-04-16T15:52:00,37,37
http://irail.be/vehicle/IC_L4037,http://irail.be/stations/NMBS/008811254,IC_L,2017-04-16T15:54:00,2017-04-16T15:53:00,-18,34
http://irail.be/vehicle/IC_L4037,http://irail.be/stations/NMBS/008811247,IC_L,2017-04-16T15:56:00,2017-04-16T15:56:00,47,47
http://irail.be/vehicle/IC_L4037,http://irail.be/stations/NMBS/008819406,IC_L,2017-04-16T16:02:00,2017-04-16T16:00:00,0,38
http://irail.be/vehicle/IC_L4037,http://irail.be/stations/NMBS/008811155,IC_L,2017-04-16T16:08:00,2017-04-16T16:08:00,31,31
http://irail.be/vehicle/IC_L4037,http://irail.be/stations/NMBS/008811163,IC_L,2017-04-16T16:11:00,2017-04-16T16:10:00,20,34
http://irail.be/vehicle/IC_L4037,http://irail.be/stations/NMBS/008811106,IC_L,2017-04-16T16:12:00,2017-04-16T16:12:00,20,20
http://irail.be/vehicle/IC_L4037,NO-URI,IC_L,2017-04-16T16:13:00,2017-04-16T16:13:00,-20,-20
http://irail.be/vehicle/IC_L4037,http://irail.be/stations/NMBS/008811171,IC_L,2017-04-16T16:14:00,2017-04-16T16:14:00,-20,-20
http://irail.be/vehicle/IC_L4037,http://irail.be/stations/NMBS/008811197,IC_L,2017-04-16T16:19:00,2017-04-16T16:16:00,-1,-1
http://irail.be/vehicle/IC_L4037,http://irail.be/stations/NMBS/008811205,IC_L,2017-04-16T16:22:00,2017-04-16T16:22:00,68,-1
http://irail.be/vehicle/IC_L4037,http://irail.be/stations/NMBS/008814472,IC_L,2017-04-16T16:24:00,2017-04-16T16:24:00,-7,-7
http://irail.be/vehicle/IC_L4037,http://irail.be/stations/NMBS/008814456,IC_L,2017-04-16T16:27:00,2017-04-16T16:26:00,-7,-7
http://irail.be/vehicle/IC_L4037,http://irail.be/stations/NMBS/008814464,IC_L,2017-04-16T16:30:00,2017-04-16T16:30:00,-7,-7
http://irail.be/vehicle/IC_L4037,http://irail.be/stations/NMBS/008814449,IC_L,2017-04-16T16:32:00,2017-04-16T16:31:00,-7,-7
http://irail.be/vehicle/IC_L4037,http://irail.be/stations/NMBS/008814142,IC_L,2017-04-16T16:36:00,2017-04-16T16:36:00,39,39
http://irail.be/vehicle/IC_L4037,http://irail.be/stations/NMBS/008814159,IC_L,2017-04-16T16:37:00,2017-04-16T16:37:00,39,39
http://irail.be/vehicle/IC_L4037,http://irail.be/stations/NMBS/008814167,IC_L,2017-04-16T16:40:00,2017-04-16T16:39:00,4,37
http://irail.be/vehicle/IC_L4037,http://irail.be/stations/NMBS/008814175,IC_L,2017-04-16T16:41:00,2017-04-16T16:41:00,4,4
http://irail.be/vehicle/IC_L4037,http://irail.be/stations/NMBS/008814266,IC_L,2017-04-16T16:45:00,2017-04-16T16:44:00,3,4
http://irail.be/vehicle/IC_L4037,http://irail.be/stations/NMBS/008814258,IC_L,2017-04-16T16:48:00,2017-04-16T16:48:00,,6
http://irail.be/vehicle/IC_L4037,http://irail.be/stations/NMBS/008833001,IC_L,2017-04-29T15:24:00,2017-04-29T15:24:00,68,
http://irail.be/vehicle/IC_L4037,http://irail.be/stations/NMBS/008811288,IC_L,2017-04-29T15:30:00,2017-04-29T15:29:00,69,69
http://irail.be/vehicle/IC_L4037,http://irail.be/stations/NMBS/008811270,IC_L,2017-04-29T15:32:00,2017-04-29T15:32:00,13,13
http://irail.be/vehicle/IC_L4037,http://irail.be/stations/NMBS/008811262,IC_L,2017-04-29T15:33:00,2017-04-29T15:33:00,13,13
http://irail.be/vehicle/IC_L4037,NO-URI,IC_L,2017-04-29T15:35:00,2017-04-29T15:35:00,32,32
http://irail.be/vehicle/IC_L4037,http://irail.be/stations/NMBS/008811254,IC_L,2017-04-29T15:37:00,2017-04-29T15:36:00,-3,5
http://irail.be/vehicle/IC_L4037,http://irail.be/stations/NMBS/008811247,IC_L,2017-04-29T15:38:00,2017-04-29T15:38:00,68,68
http://irail.be/vehicle/IC_L4037,http://irail.be/stations/NMBS/008819406,IC_L,2017-04-29T15:46:00,2017-04-29T15:42:00,5,31
http://irail.be/vehicle/IC_L4037,http://irail.be/stations/NMBS/008811155,IC_L,2017-04-29T15:52:00,2017-04-29T15:52:00,90,90
http://irail.be/vehicle/IC_L4037,http://irail.be/stations/NMBS/008811163,IC_L,2017-04-29T15:56:00,2017-04-29T15:55:00,58,81
http://irail.be/vehicle/IC_L4037,http://irail.be/stations/NMBS/008811106,IC_L,2017-04-29T15:57:00,2017-04-29T15:57:00,58,58
http://irail.be/vehicle/IC_L4037,NO-URI,IC_L,2017-04-29T15:57:00,2017-04-29T15:57:00,82,82
http://irail.be/vehicle/IC_L4037,http://irail.be/stations/NMBS/008811171,IC_L,2017-04-29T15:58:00,2017-04-29T15:58:00,82,82
http://irail.be/vehicle/IC_L4037,http://irail.be/stations/NMBS/008811197,IC_L,2017-04-29T16:05:00,2017-04-29T16:01:00,4,4
http://irail.be/vehicle/IC_L4037,http://irail.be/stations/NMBS/008811205,IC_L,2017-04-29T16:08:00,2017-04-29T16:08:00,52,4
http://irail.be/vehicle/IC_L4037,http://irail.be/stations/NMBS/008814472,IC_L,2017-04-29T16:11:00,2017-04-29T16:11:00,-7,-7
http://irail.be/vehicle/IC_L4037,http://irail.be/stations/NMBS/008814456,IC_L,2017-04-29T16:13:00,2017-04-29T16:13:00,-7,-7
http://irail.be/vehicle/IC_L4037,http://irail.be/stations/NMBS/008814464,IC_L,2017-04-29T16:16:00,2017-04-29T16:16:00,-7,-7
http://irail.be/vehicle/IC_L4037,http://irail.be/stations/NMBS/008814449,IC_L,2017-04-29T16:18:00,2017-04-29T16:18:00,-7,-7
http://irail.be/vehicle/IC_L4037,http://irail.be/stations/NMBS/008814142,IC_L,2017-04-29T16:22:00,2017-04-29T16:21:00,52,52
http://irail.be/vehicle/IC_L4037,http://irail.be/stations/NMBS/008814159,IC_L,2017-04-29T16:23:00,2017-04-29T16:23:00,52,52
http://irail.be/vehicle/IC_L4037,http://irail.be/stations/NMBS/008814167,IC_L,2017-04-29T16:26:00,2017-04-29T16:25:00,31,59
http://irail.be/vehicle/IC_L4037,http://irail.be/stations/NMBS/008814175,IC_L,2017-04-29T16:27:00,2017-04-29T16:27:00,31,31
http://irail.be/vehicle/IC_L4037,http://irail.be/stations/NMBS/008814266,IC_L,2017-04-29T16:31:00,2017-04-29T16:30:00,17,31
http://irail.be/vehicle/IC_L4037,http://irail.be/stations/NMBS/008814258,IC_L,2017-04-29T16:34:00,2017-04-29T16:34:00,,35
http://irail.be/vehicle/IC_L4037,http://irail.be/stations/NMBS/008833001,IC_L,2017-06-17T15:41:00,2017-06-17T15:41:00,22,
http://irail.be/vehicle/IC_L4037,http://irail.be/stations/NMBS/008811288,IC_L,2017-06-17T15:47:00,2017-06-17T15:46:00,-2,-2
http://irail.be/vehicle/IC_L4037,http://irail.be/stations/NMBS/008811270,IC_L,2017-06-17T15:49:00,2017-06-17T15:49:00,-65,-65
http://irail.be/vehicle/IC_L4037,http://irail.be/stations/NMBS/008811262,IC_L,2017-06-17T15:51:00,2017-06-17T15:51:00,-65,-65
http://irail.be/vehicle/IC_L4037,NO-URI,IC_L,2017-06-17T15:52:00,2017-06-17T15:52:00,-13,-13
http://irail.be/vehicle/IC_L4037,http://irail.be/stations/NMBS/008811254,IC_L,2017-06-17T15:54:00,2017-06-17T15:53:00,-31,2
http://irail.be/vehicle/IC_L4037,http://irail.be/stations/NMBS/008811247,IC_L,2017-06-17T15:56:00,2017-06-17T15:56:00,32,32
http://irail.be/vehicle/IC_L4037,http://irail.be/stations/NMBS/008819406,IC_L,2017-06-17T16:02:00,2017-06-17T16:00:00,4,27
http://irail.be/vehicle/IC_L4037,http://irail.be/stations/NMBS/008811155,IC_L,2017-06-17T16:08:00,2017-06-17T16:08:00,35,35
http://irail.be/vehicle/IC_L4037,http://irail.be/stations/NMBS/008811163,IC_L,2017-06-17T16:11:00,2017-06-17T16:10:00,-10,41
http://irail.be/vehicle/IC_L4037,http://irail.be/stations/NMBS/008811106,IC_L,2017-06-17T16:13:00,2017-06-17T16:13:00,-10,-10
http://irail.be/vehicle/IC_L4037,NO-URI,IC_L,2017-06-17T16:13:00,2017-06-17T16:13:00,-6,-6
http://irail.be/vehicle/IC_L4037,http://irail.be/stations/NMBS/008811171,IC_L,2017-06-17T16:14:00,2017-06-17T16:14:00,-6,-6
http://irail.be/vehicle/IC_L4037,http://irail.be/stations/NMBS/008811197,IC_L,2017-06-17T16:17:00,2017-06-17T16:16:00,-9,-9
http://irail.be/vehicle/IC_L4037,http://irail.be/stations/NMBS/008811205,IC_L,2017-06-17T16:20:00,2017-06-17T16:20:00,4,-9
http://irail.be/vehicle/IC_L4037,http://irail.be/stations/NMBS/008814472,IC_L,2017-06-17T16:22:00,2017-06-17T16:22:00,-20,-20
http://irail.be/vehicle/IC_L4037,http://irail.be/stations/NMBS/008814456,IC_L,2017-06-17T16:25:00,2017-06-17T16:24:00,-20,-20
http://irail.be/vehicle/IC_L4037,http://irail.be/stations/NMBS/008814464,IC_L,2017-06-17T16:28:00,2017-06-17T16:28:00,-20,-20
http://irail.be/vehicle/IC_L4037,http://irail.be/stations/NMBS/008814449,IC_L,2017-06-17T16:31:00,2017-06-17T16:30:00,-20,-20
http://irail.be/vehicle/IC_L4037,http://irail.be/stations/NMBS/008814142,IC_L,2017-06-17T16:35:00,2017-06-17T16:35:00,-11,-11
http://irail.be/vehicle/IC_L4037,http://irail.be/stations/NMBS/008814159,IC_L,2017-06-17T16:37:00,2017-06-17T16:37:00,-11,-11
http://irail.be/vehicle/IC_L4037,http://irail.be/stations/NMBS/008814167,IC_L,2017-06-17T16:40:00,2017-06-17T16:39:00,-1,-24
http://irail.be/vehicle/IC_L4037,http://irail.be/stations/NMBS/008814175,IC_L,2017-06-17T16:42:00,2017-06-17T16:42:00,-1,-1
http://irail.be/vehicle/IC_L4037,http://irail.be/stations/NMBS/008814266,IC_L,2017-06-17T16:45:00,2017-06-17T16:44:00,-2,-1
http://irail.be/vehicle/IC_L4037,http://irail.be/stations/NMBS/008814258,IC_L,2017-06-17T16:48:00,2017-06-17T16:48:00,,20
http://irail.be/vehicle/IC_L4037,http://irail.be/stations/NMBS/008833001,IC_L,2017-04-22T15:42:00,2017-04-22T15:42:00,44,
http://irail.be/vehicle/IC_L4037,http://irail.be/stations/NMBS/008811288,IC_L,2017-04-22T15:48:00,2017-04-22T15:47:00,18,18
http://irail.be/vehicle/IC_L4037,http://irail.be/stations/NMBS/008811270,IC_L,2017-04-22T15:50:00,2017-04-22T15:50:00,20,20
http://irail.be/vehicle/IC_L4037,http://irail.be/stations/NMBS/008811262,IC_L,2017-04-22T15:51:00,2017-04-22T15:51:00,20,20
http://irail.be/vehicle/IC_L4037,NO-URI,IC_L,2017-04-22T15:52:00,2017-04-22T15:52:00,69,69
http://irail.be/vehicle/IC_L4037,http://irail.be/stations/NMBS/008811254,IC_L,2017-04-22T15:54:00,2017-04-22T15:53:00,74,74
http://irail.be/vehicle/IC_L4037,http://irail.be/stations/NMBS/008811247,IC_L,2017-04-22T15:56:00,2017-04-22T15:56:00,76,76
http://irail.be/vehicle/IC_L4037,http://irail.be/stations/NMBS/008819406,IC_L,2017-04-22T16:02:00,2017-04-22T16:00:00,45,70
http://irail.be/vehicle/IC_L4037,http://irail.be/stations/NMBS/008811155,IC_L,2017-04-22T16:08:00,2017-04-22T16:08:00,12,12
http://irail.be/vehicle/IC_L4037,http://irail.be/stations/NMBS/008811163,IC_L,2017-04-22T16:11:00,2017-04-22T16:10:00,31,20
http://irail.be/vehicle/IC_L4037,http://irail.be/stations/NMBS/008811106,IC_L,2017-04-22T16:12:00,2017-04-22T16:12:00,31,31
http://irail.be/vehicle/IC_L4037,NO-URI,IC_L,2017-04-22T16:13:00,2017-04-22T16:13:00,-9,-9
http://irail.be/vehicle/IC_L4037,http://irail.be/stations/NMBS/008811171,IC_L,2017-04-22T16:14:00,2017-04-22T16:14:00,-9,-9
http://irail.be/vehicle/IC_L4037,http://irail.be/stations/NMBS/008811197,IC_L,2017-04-22T16:19:00,2017-04-22T16:16:00,3,3
http://irail.be/vehicle/IC_L4037,http://irail.be/stations/NMBS/008811205,IC_L,2017-04-22T16:22:00,2017-04-22T16:22:00,79,3
http://irail.be/vehicle/IC_L4037,http://irail.be/stations/NMBS/008814472,IC_L,2017-04-22T16:24:00,2017-04-22T16:24:00,-12,-12
http://irail.be/vehicle/IC_L4037,http://irail.be/stations/NMBS/008814456,IC_L,2017-04-22T16:27:00,2017-04-22T16:26:00,-12,-12
http://irail.be/vehicle/IC_L4037,http://irail.be/stations/NMBS/008814464,IC_L,2017-04-22T16:30:00,2017-04-22T16:30:00,-12,-12
http://irail.be/vehicle/IC_L4037,http://irail.be/stations/NMBS/008814449,IC_L,2017-04-22T16:32:00,2017-04-22T16:31:00,-12,-12
http://irail.be/vehicle/IC_L4037,http://irail.be/stations/NMBS/008814142,IC_L,2017-04-22T16:36:00,2017-04-22T16:36:00,49,49
http://irail.be/vehicle/IC_L4037,http://irail.be/stations/NMBS/008814159,IC_L,2017-04-22T16:37:00,2017-04-22T16:37:00,49,49
http://irail.be/vehicle/IC_L4037,http://irail.be/stations/NMBS/008814167,IC_L,2017-04-22T16:40:00,2017-04-22T16:39:00,36,57
http://irail.be/vehicle/IC_L4037,http://irail.be/stations/NMBS/008814175,IC_L,2017-04-22T16:41:00,2017-04-22T16:41:00,36,36
http://irail.be/vehicle/IC_L4037,http://irail.be/stations/NMBS/008814266,IC_L,2017-04-22T16:45:00,2017-04-22T16:44:00,20,36
http://irail.be/vehicle/IC_L4037,http://irail.be/stations/NMBS/008814258,IC_L,2017-04-22T16:48:00,2017-04-22T16:48:00,,38
http://irail.be/vehicle/IC_L4037,http://irail.be/stations/NMBS/008833001,IC_L,2017-03-25T15:42:00,2017-03-25T15:42:00,29,
http://irail.be/vehicle/IC_L4037,http://irail.be/stations/NMBS/008811288,IC_L,2017-03-25T15:48:00,2017-03-25T15:47:00,23,23
http://irail.be/vehicle/IC_L4037,http://irail.be/stations/NMBS/008811270,IC_L,2017-03-25T15:50:00,2017-03-25T15:50:00,31,31
http://irail.be/vehicle/IC_L4037,http://irail.be/stations/NMBS/008811262,IC_L,2017-03-25T15:51:00,2017-03-25T15:51:00,31,31
http://irail.be/vehicle/IC_L4037,NO-URI,IC_L,2017-03-25T15:52:00,2017-03-25T15:52:00,91,91
http://irail.be/vehicle/IC_L4037,http://irail.be/stations/NMBS/008811254,IC_L,2017-03-25T15:54:00,2017-03-25T15:53:00,49,98
http://irail.be/vehicle/IC_L4037,http://irail.be/stations/NMBS/008811247,IC_L,2017-03-25T15:56:00,2017-03-25T15:56:00,128,128
http://irail.be/vehicle/IC_L4037,http://irail.be/stations/NMBS/008819406,IC_L,2017-03-25T16:02:00,2017-03-25T16:00:00,57,98
http://irail.be/vehicle/IC_L4037,http://irail.be/stations/NMBS/008811155,IC_L,2017-03-25T16:08:00,2017-03-25T16:08:00,108,108
http://irail.be/vehicle/IC_L4037,http://irail.be/stations/NMBS/008811163,IC_L,2017-03-25T16:11:00,2017-03-25T16:10:00,122,129
http://irail.be/vehicle/IC_L4037,http://irail.be/stations/NMBS/008811106,IC_L,2017-03-25T16:12:00,2017-03-25T16:12:00,122,122
http://irail.be/vehicle/IC_L4037,NO-URI,IC_L,2017-03-25T16:13:00,2017-03-25T16:13:00,92,92
http://irail.be/vehicle/IC_L4037,http://irail.be/stations/NMBS/008811171,IC_L,2017-03-25T16:14:00,2017-03-25T16:14:00,92,92
http://irail.be/vehicle/IC_L4037,http://irail.be/stations/NMBS/008811197,IC_L,2017-03-25T16:19:00,2017-03-25T16:16:00,-8,-8
http://irail.be/vehicle/IC_L4037,http://irail.be/stations/NMBS/008811205,IC_L,2017-03-25T16:22:00,2017-03-25T16:22:00,63,-8
http://irail.be/vehicle/IC_L4037,http://irail.be/stations/NMBS/008814472,IC_L,2017-03-25T16:24:00,2017-03-25T16:24:00,-4,-4
http://irail.be/vehicle/IC_L4037,http://irail.be/stations/NMBS/008814456,IC_L,2017-03-25T16:27:00,2017-03-25T16:26:00,-4,-4
http://irail.be/vehicle/IC_L4037,http://irail.be/stations/NMBS/008814464,IC_L,2017-03-25T16:30:00,2017-03-25T16:30:00,-4,-4
http://irail.be/vehicle/IC_L4037,http://irail.be/stations/NMBS/008814449,IC_L,2017-03-25T16:32:00,2017-03-25T16:31:00,-4,-4
http://irail.be/vehicle/IC_L4037,http://irail.be/stations/NMBS/008814142,IC_L,2017-03-25T16:36:00,2017-03-25T16:36:00,43,43
http://irail.be/vehicle/IC_L4037,http://irail.be/stations/NMBS/008814159,IC_L,2017-03-25T16:37:00,2017-03-25T16:37:00,43,43
http://irail.be/vehicle/IC_L4037,http://irail.be/stations/NMBS/008814167,IC_L,2017-03-25T16:40:00,2017-03-25T16:39:00,168,53
http://irail.be/vehicle/IC_L4037,http://irail.be/stations/NMBS/008814175,IC_L,2017-03-25T16:41:00,2017-03-25T16:41:00,168,168
http://irail.be/vehicle/IC_L4037,http://irail.be/stations/NMBS/008814266,IC_L,2017-03-25T16:45:00,2017-03-25T16:44:00,133,168
http://irail.be/vehicle/IC_L4037,http://irail.be/stations/NMBS/008814258,IC_L,2017-03-25T16:48:00,2017-03-25T16:48:00,,196
http://irail.be/vehicle/IC_L4037,http://irail.be/stations/NMBS/008833001,IC_L,2017-02-05T15:42:00,2017-02-05T15:42:00,28,
http://irail.be/vehicle/IC_L4037,http://irail.be/stations/NMBS/008811288,IC_L,2017-02-05T15:48:00,2017-02-05T15:47:00,3,3
http://irail.be/vehicle/IC_L4037,http://irail.be/stations/NMBS/008811270,IC_L,2017-02-05T15:50:00,2017-02-05T15:50:00,-7,-7
http://irail.be/vehicle/IC_L4037,http://irail.be/stations/NMBS/008811262,IC_L,2017-02-05T15:51:00,2017-02-05T15:51:00,-7,-7
http://irail.be/vehicle/IC_L4037,NO-URI,IC_L,2017-02-05T15:52:00,2017-02-05T15:52:00,39,39
http://irail.be/vehicle/IC_L4037,http://irail.be/stations/NMBS/008811254,IC_L,2017-02-05T15:54:00,2017-02-05T15:53:00,-29,-29
http://irail.be/vehicle/IC_L4037,http://irail.be/stations/NMBS/008811247,IC_L,2017-02-05T15:56:00,2017-02-05T15:56:00,31,31
http://irail.be/vehicle/IC_L4037,http://irail.be/stations/NMBS/008819406,IC_L,2017-02-05T16:02:00,2017-02-05T16:00:00,38,73
http://irail.be/vehicle/IC_L4037,http://irail.be/stations/NMBS/008811155,IC_L,2017-02-05T16:08:00,2017-02-05T16:08:00,76,76
http://irail.be/vehicle/IC_L4037,http://irail.be/stations/NMBS/008811163,IC_L,2017-02-05T16:11:00,2017-02-05T16:10:00,66,80
http://irail.be/vehicle/IC_L4037,http://irail.be/stations/NMBS/008811106,IC_L,2017-02-05T16:12:00,2017-02-05T16:12:00,66,66
http://irail.be/vehicle/IC_L4037,NO-URI,IC_L,2017-02-05T16:13:00,2017-02-05T16:13:00,29,29
http://irail.be/vehicle/IC_L4037,http://irail.be/stations/NMBS/008811171,IC_L,2017-02-05T16:14:00,2017-02-05T16:14:00,29,29
http://irail.be/vehicle/IC_L4037,http://irail.be/stations/NMBS/008811916,IC_L,2017-02-05T16:18:00,2017-02-05T16:17:00,41,36
http://irail.be/vehicle/IC_L4037,http://irail.be/stations/NMBS/008811304,IC_L,2017-02-05T16:22:00,2017-02-05T16:20:00,-24,41
http://irail.be/vehicle/IC_L4037,http://irail.be/stations/NMBS/008811403,IC_L,2017-02-05T16:24:00,2017-02-05T16:24:00,-24,-24
http://irail.be/vehicle/IC_L4037,http://irail.be/stations/NMBS/008811411,IC_L,2017-02-05T16:26:00,2017-02-05T16:25:00,36,-15
http://irail.be/vehicle/IC_L4037,http://irail.be/stations/NMBS/008814472,IC_L,2017-02-05T16:29:00,2017-02-05T16:29:00,-10,-10
http://irail.be/vehicle/IC_L4037,http://irail.be/stations/NMBS/008814456,IC_L,2017-02-05T16:31:00,2017-02-05T16:30:00,-10,-10
http://irail.be/vehicle/IC_L4037,http://irail.be/stations/NMBS/008814464,IC_L,2017-02-05T16:34:00,2017-02-05T16:34:00,-10,-10
http://irail.be/vehicle/IC_L4037,http://irail.be/stations/NMBS/008814449,IC_L,2017-02-05T16:36:00,2017-02-05T16:35:00,-10,-10
http://irail.be/vehicle/IC_L4037,http://irail.be/stations/NMBS/008814142,IC_L,2017-02-05T16:40:00,2017-02-05T16:40:00,26,26
http://irail.be/vehicle/IC_L4037,http://irail.be/stations/NMBS/008814159,IC_L,2017-02-05T16:41:00,2017-02-05T16:41:00,26,26
http://irail.be/vehicle/IC_L4037,http://irail.be/stations/NMBS/008814167,IC_L,2017-02-05T16:44:00,2017-02-05T16:43:00,-24,25
http://irail.be/vehicle/IC_L4037,http://irail.be/stations/NMBS/008814175,IC_L,2017-02-05T16:45:00,2017-02-05T16:45:00,-24,-24
http://irail.be/vehicle/IC_L4037,http://irail.be/stations/NMBS/008814266,IC_L,2017-02-05T16:49:00,2017-02-05T16:48:00,-7,-24
http://irail.be/vehicle/IC_L4037,http://irail.be/stations/NMBS/008814258,IC_L,2017-02-05T16:52:00,2017-02-05T16:52:00,,9
http://irail.be/vehicle/IC_L4037,http://irail.be/stations/NMBS/008833001,IC_L,2017-08-13T15:41:00,2017-08-13T15:41:00,28,
http://irail.be/vehicle/IC_L4037,http://irail.be/stations/NMBS/008811288,IC_L,2017-08-13T15:47:00,2017-08-13T15:46:00,-4,-4
http://irail.be/vehicle/IC_L4037,http://irail.be/stations/NMBS/008811270,IC_L,2017-08-13T15:49:00,2017-08-13T15:49:00,-77,-77
http://irail.be/vehicle/IC_L4037,http://irail.be/stations/NMBS/008811262,IC_L,2017-08-13T15:51:00,2017-08-13T15:51:00,-77,-77
http://irail.be/vehicle/IC_L4037,NO-URI,IC_L,2017-08-13T15:52:00,2017-08-13T15:52:00,-33,-33
http://irail.be/vehicle/IC_L4037,http://irail.be/stations/NMBS/008811254,IC_L,2017-08-13T15:54:00,2017-08-13T15:53:00,-31,-31
http://irail.be/vehicle/IC_L4037,http://irail.be/stations/NMBS/008811247,IC_L,2017-08-13T15:56:00,2017-08-13T15:56:00,23,23
http://irail.be/vehicle/IC_L4037,http://irail.be/stations/NMBS/008819406,IC_L,2017-08-13T16:02:00,2017-08-13T16:00:00,17,-3
http://irail.be/vehicle/IC_L4037,http://irail.be/stations/NMBS/008811155,IC_L,2017-08-13T16:08:00,2017-08-13T16:08:00,30,30
http://irail.be/vehicle/IC_L4037,http://irail.be/stations/NMBS/008811163,IC_L,2017-08-13T16:11:00,2017-08-13T16:10:00,35,35
http://irail.be/vehicle/IC_L4037,http://irail.be/stations/NMBS/008811106,IC_L,2017-08-13T16:13:00,2017-08-13T16:13:00,-29,-29
http://irail.be/vehicle/IC_L4037,NO-URI,IC_L,2017-08-13T16:13:00,2017-08-13T16:13:00,-23,-23
http://irail.be/vehicle/IC_L4037,http://irail.be/stations/NMBS/008811171,IC_L,2017-08-13T16:14:00,2017-08-13T16:14:00,-23,-23
http://irail.be/vehicle/IC_L4037,http://irail.be/stations/NMBS/008811916,IC_L,2017-08-13T16:18:00,2017-08-13T16:17:00,80,-35
http://irail.be/vehicle/IC_L4037,http://irail.be/stations/NMBS/008811304,IC_L,2017-08-13T16:21:00,2017-08-13T16:20:00,62,80
http://irail.be/vehicle/IC_L4037,http://irail.be/stations/NMBS/008811403,IC_L,2017-08-13T16:23:00,2017-08-13T16:23:00,62,62
http://irail.be/vehicle/IC_L4037,http://irail.be/stations/NMBS/008811411,IC_L,2017-08-13T16:25:00,2017-08-13T16:24:00,118,72
http://irail.be/vehicle/IC_L4037,http://irail.be/stations/NMBS/008814472,IC_L,2017-08-13T16:27:00,2017-08-13T16:27:00,-1,-1
http://irail.be/vehicle/IC_L4037,http://irail.be/stations/NMBS/008814456,IC_L,2017-08-13T16:29:00,2017-08-13T16:28:00,-1,-1
http://irail.be/vehicle/IC_L4037,http://irail.be/stations/NMBS/008814464,IC_L,2017-08-13T16:32:00,2017-08-13T16:32:00,-1,-1
http://irail.be/vehicle/IC_L4037,http://irail.be/stations/NMBS/008814449,IC_L,2017-08-13T16:35:00,2017-08-13T16:34:00,-1,-1
http://irail.be/vehicle/IC_L4037,http://irail.be/stations/NMBS/008814142,IC_L,2017-08-13T16:39:00,2017-08-13T16:39:00,12,12
http://irail.be/vehicle/IC_L4037,http://irail.be/stations/NMBS/008814159,IC_L,2017-08-13T16:41:00,2017-08-13T16:41:00,12,12
http://irail.be/vehicle/IC_L4037,http://irail.be/stations/NMBS/008814167,IC_L,2017-08-13T16:44:00,2017-08-13T16:43:00,3,-10
http://irail.be/vehicle/IC_L4037,http://irail.be/stations/NMBS/008814175,IC_L,2017-08-13T16:46:00,2017-08-13T16:46:00,3,3
http://irail.be/vehicle/IC_L4037,http://irail.be/stations/NMBS/008814266,IC_L,2017-08-13T16:49:00,2017-08-13T16:48:00,12,3
http://irail.be/vehicle/IC_L4037,http://irail.be/stations/NMBS/008814258,IC_L,2017-08-13T16:52:00,2017-08-13T16:52:00,,19
http://irail.be/vehicle/IC_L4037,http://irail.be/stations/NMBS/008833001,IC_L,2017-03-18T15:42:00,2017-03-18T15:42:00,272,
http://irail.be/vehicle/IC_L4037,http://irail.be/stations/NMBS/008811288,IC_L,2017-03-18T15:48:00,2017-03-18T15:47:00,197,197
http://irail.be/vehicle/IC_L4037,http://irail.be/stations/NMBS/008811270,IC_L,2017-03-18T15:50:00,2017-03-18T15:50:00,193,193
http://irail.be/vehicle/IC_L4037,http://irail.be/stations/NMBS/008811262,IC_L,2017-03-18T15:51:00,2017-03-18T15:51:00,193,193
http://irail.be/vehicle/IC_L4037,NO-URI,IC_L,2017-03-18T15:52:00,2017-03-18T15:52:00,240,240
http://irail.be/vehicle/IC_L4037,http://irail.be/stations/NMBS/008811254,IC_L,2017-03-18T15:54:00,2017-03-18T15:53:00,238,238
http://irail.be/vehicle/IC_L4037,http://irail.be/stations/NMBS/008811247,IC_L,2017-03-18T15:56:00,2017-03-18T15:56:00,221,221
http://irail.be/vehicle/IC_L4037,http://irail.be/stations/NMBS/008819406,IC_L,2017-03-18T16:02:00,2017-03-18T16:00:00,124,171
http://irail.be/vehicle/IC_L4037,http://irail.be/stations/NMBS/008811155,IC_L,2017-03-18T16:08:00,2017-03-18T16:08:00,84,84
http://irail.be/vehicle/IC_L4037,http://irail.be/stations/NMBS/008811163,IC_L,2017-03-18T16:11:00,2017-03-18T16:10:00,67,86
http://irail.be/vehicle/IC_L4037,http://irail.be/stations/NMBS/008811106,IC_L,2017-03-18T16:12:00,2017-03-18T16:12:00,67,67
http://irail.be/vehicle/IC_L4037,NO-URI,IC_L,2017-03-18T16:13:00,2017-03-18T16:13:00,27,27
http://irail.be/vehicle/IC_L4037,http://irail.be/stations/NMBS/008811171,IC_L,2017-03-18T16:14:00,2017-03-18T16:14:00,27,27
http://irail.be/vehicle/IC_L4037,http://irail.be/stations/NMBS/008811197,IC_L,2017-03-18T16:19:00,2017-03-18T16:16:00,-5,-5
http://irail.be/vehicle/IC_L4037,http://irail.be/stations/NMBS/008811205,IC_L,2017-03-18T16:22:00,2017-03-18T16:22:00,55,-5
http://irail.be/vehicle/IC_L4037,http://irail.be/stations/NMBS/008814472,IC_L,2017-03-18T16:24:00,2017-03-18T16:24:00,17,17
http://irail.be/vehicle/IC_L4037,http://irail.be/stations/NMBS/008814456,IC_L,2017-03-18T16:27:00,2017-03-18T16:26:00,17,17
http://irail.be/vehicle/IC_L4037,http://irail.be/stations/NMBS/008814464,IC_L,2017-03-18T16:30:00,2017-03-18T16:30:00,17,17
http://irail.be/vehicle/IC_L4037,http://irail.be/stations/NMBS/008814449,IC_L,2017-03-18T16:32:00,2017-03-18T16:31:00,17,17
http://irail.be/vehicle/IC_L4037,http://irail.be/stations/NMBS/008814142,IC_L,2017-03-18T16:36:00,2017-03-18T16:36:00,78,78
http://irail.be/vehicle/IC_L4037,http://irail.be/stations/NMBS/008814159,IC_L,2017-03-18T16:37:00,2017-03-18T16:37:00,78,78
http://irail.be/vehicle/IC_L4037,http://irail.be/stations/NMBS/008814167,IC_L,2017-03-18T16:40:00,2017-03-18T16:39:00,64,87
http://irail.be/vehicle/IC_L4037,http://irail.be/stations/NMBS/008814175,IC_L,2017-03-18T16:41:00,2017-03-18T16:41:00,64,64
http://irail.be/vehicle/IC_L4037,http://irail.be/stations/NMBS/008814266,IC_L,2017-03-18T16:45:00,2017-03-18T16:44:00,21,64
http://irail.be/vehicle/IC_L4037,http://irail.be/stations/NMBS/008814258,IC_L,2017-03-18T16:48:00,2017-03-18T16:48:00,,42
http://irail.be/vehicle/IC_L4037,http://irail.be/stations/NMBS/008833001,IC_L,2017-05-13T15:42:00,2017-05-13T15:42:00,25,
http://irail.be/vehicle/IC_L4037,http://irail.be/stations/NMBS/008811288,IC_L,2017-05-13T15:48:00,2017-05-13T15:47:00,-3,-3
http://irail.be/vehicle/IC_L4037,http://irail.be/stations/NMBS/008811270,IC_L,2017-05-13T15:50:00,2017-05-13T15:50:00,-9,-9
http://irail.be/vehicle/IC_L4037,http://irail.be/stations/NMBS/008811262,IC_L,2017-05-13T15:51:00,2017-05-13T15:51:00,-9,-9
http://irail.be/vehicle/IC_L4037,NO-URI,IC_L,2017-05-13T15:52:00,2017-05-13T15:52:00,39,39
http://irail.be/vehicle/IC_L4037,http://irail.be/stations/NMBS/008811254,IC_L,2017-05-13T15:54:00,2017-05-13T15:53:00,-16,41
http://irail.be/vehicle/IC_L4037,http://irail.be/stations/NMBS/008811247,IC_L,2017-05-13T15:56:00,2017-05-13T15:56:00,54,54
http://irail.be/vehicle/IC_L4037,http://irail.be/stations/NMBS/008819406,IC_L,2017-05-13T16:02:00,2017-05-13T16:00:00,53,62
http://irail.be/vehicle/IC_L4037,http://irail.be/stations/NMBS/008811155,IC_L,2017-05-13T16:08:00,2017-05-13T16:08:00,75,75
http://irail.be/vehicle/IC_L4037,http://irail.be/stations/NMBS/008811163,IC_L,2017-05-13T16:11:00,2017-05-13T16:10:00,73,83
http://irail.be/vehicle/IC_L4037,http://irail.be/stations/NMBS/008811106,IC_L,2017-05-13T16:12:00,2017-05-13T16:12:00,73,73
http://irail.be/vehicle/IC_L4037,NO-URI,IC_L,2017-05-13T16:13:00,2017-05-13T16:13:00,35,35
http://irail.be/vehicle/IC_L4037,http://irail.be/stations/NMBS/008811171,IC_L,2017-05-13T16:14:00,2017-05-13T16:14:00,35,35
http://irail.be/vehicle/IC_L4037,http://irail.be/stations/NMBS/008811197,IC_L,2017-05-13T16:19:00,2017-05-13T16:16:00,31,31
http://irail.be/vehicle/IC_L4037,http://irail.be/stations/NMBS/008811205,IC_L,2017-05-13T16:22:00,2017-05-13T16:22:00,99,31
http://irail.be/vehicle/IC_L4037,http://irail.be/stations/NMBS/008814472,IC_L,2017-05-13T16:24:00,2017-05-13T16:24:00,5,5
http://irail.be/vehicle/IC_L4037,http://irail.be/stations/NMBS/008814456,IC_L,2017-05-13T16:27:00,2017-05-13T16:26:00,5,5
http://irail.be/vehicle/IC_L4037,http://irail.be/stations/NMBS/008814464,IC_L,2017-05-13T16:30:00,2017-05-13T16:30:00,5,5
http://irail.be/vehicle/IC_L4037,http://irail.be/stations/NMBS/008814449,IC_L,2017-05-13T16:32:00,2017-05-13T16:31:00,5,5
http://irail.be/vehicle/IC_L4037,http://irail.be/stations/NMBS/008814142,IC_L,2017-05-13T16:36:00,2017-05-13T16:36:00,74,74
http://irail.be/vehicle/IC_L4037,http://irail.be/stations/NMBS/008814159,IC_L,2017-05-13T16:37:00,2017-05-13T16:37:00,74,74
http://irail.be/vehicle/IC_L4037,http://irail.be/stations/NMBS/008814167,IC_L,2017-05-13T16:40:00,2017-05-13T16:39:00,167,191
http://irail.be/vehicle/IC_L4037,http://irail.be/stations/NMBS/008814175,IC_L,2017-05-13T16:41:00,2017-05-13T16:41:00,167,167
http://irail.be/vehicle/IC_L4037,http://irail.be/stations/NMBS/008814266,IC_L,2017-05-13T16:45:00,2017-05-13T16:44:00,118,167
http://irail.be/vehicle/IC_L4037,http://irail.be/stations/NMBS/008814258,IC_L,2017-05-13T16:48:00,2017-05-13T16:48:00,,134
http://irail.be/vehicle/IC_L4037,http://irail.be/stations/NMBS/008833001,IC_L,2017-06-03T15:42:00,2017-06-03T15:42:00,88,
http://irail.be/vehicle/IC_L4037,http://irail.be/stations/NMBS/008811288,IC_L,2017-06-03T15:48:00,2017-06-03T15:47:00,38,38
http://irail.be/vehicle/IC_L4037,http://irail.be/stations/NMBS/008811270,IC_L,2017-06-03T15:50:00,2017-06-03T15:50:00,34,34
http://irail.be/vehicle/IC_L4037,http://irail.be/stations/NMBS/008811262,IC_L,2017-06-03T15:51:00,2017-06-03T15:51:00,34,34
http://irail.be/vehicle/IC_L4037,NO-URI,IC_L,2017-06-03T15:52:00,2017-06-03T15:52:00,83,83
http://irail.be/vehicle/IC_L4037,http://irail.be/stations/NMBS/008811254,IC_L,2017-06-03T15:54:00,2017-06-03T15:53:00,84,84
http://irail.be/vehicle/IC_L4037,http://irail.be/stations/NMBS/008811247,IC_L,2017-06-03T15:56:00,2017-06-03T15:56:00,75,75
http://irail.be/vehicle/IC_L4037,http://irail.be/stations/NMBS/008819406,IC_L,2017-06-03T16:02:00,2017-06-03T16:00:00,-6,30
http://irail.be/vehicle/IC_L4037,http://irail.be/stations/NMBS/008811155,IC_L,2017-06-03T16:08:00,2017-06-03T16:08:00,-41,-41
http://irail.be/vehicle/IC_L4037,http://irail.be/stations/NMBS/008811163,IC_L,2017-06-03T16:11:00,2017-06-03T16:10:00,6,-24
http://irail.be/vehicle/IC_L4037,http://irail.be/stations/NMBS/008811106,IC_L,2017-06-03T16:12:00,2017-06-03T16:12:00,6,6
http://irail.be/vehicle/IC_L4037,NO-URI,IC_L,2017-06-03T16:13:00,2017-06-03T16:13:00,-21,-21
http://irail.be/vehicle/IC_L4037,http://irail.be/stations/NMBS/008811171,IC_L,2017-06-03T16:14:00,2017-06-03T16:14:00,-21,-21
http://irail.be/vehicle/IC_L4037,http://irail.be/stations/NMBS/008811197,IC_L,2017-06-03T16:19:00,2017-06-03T16:16:00,-12,-12
http://irail.be/vehicle/IC_L4037,http://irail.be/stations/NMBS/008811205,IC_L,2017-06-03T16:22:00,2017-06-03T16:22:00,56,-12
http://irail.be/vehicle/IC_L4037,http://irail.be/stations/NMBS/008814472,IC_L,2017-06-03T16:24:00,2017-06-03T16:24:00,-42,-42
http://irail.be/vehicle/IC_L4037,http://irail.be/stations/NMBS/008814456,IC_L,2017-06-03T16:27:00,2017-06-03T16:26:00,-42,-42
http://irail.be/vehicle/IC_L4037,http://irail.be/stations/NMBS/008814464,IC_L,2017-06-03T16:30:00,2017-06-03T16:30:00,-42,-42
http://irail.be/vehicle/IC_L4037,http://irail.be/stations/NMBS/008814449,IC_L,2017-06-03T16:32:00,2017-06-03T16:31:00,-42,-42
http://irail.be/vehicle/IC_L4037,http://irail.be/stations/NMBS/008814142,IC_L,2017-06-03T16:36:00,2017-06-03T16:36:00,27,27
http://irail.be/vehicle/IC_L4037,http://irail.be/stations/NMBS/008814159,IC_L,2017-06-03T16:37:00,2017-06-03T16:37:00,27,27
http://irail.be/vehicle/IC_L4037,http://irail.be/stations/NMBS/008814167,IC_L,2017-06-03T16:40:00,2017-06-03T16:39:00,81,29
http://irail.be/vehicle/IC_L4037,http://irail.be/stations/NMBS/008814175,IC_L,2017-06-03T16:41:00,2017-06-03T16:41:00,81,81
http://irail.be/vehicle/IC_L4037,http://irail.be/stations/NMBS/008814266,IC_L,2017-06-03T16:45:00,2017-06-03T16:44:00,45,81
http://irail.be/vehicle/IC_L4037,http://irail.be/stations/NMBS/008814258,IC_L,2017-06-03T16:48:00,2017-06-03T16:48:00,,66
http://irail.be/vehicle/IC_L4037,http://irail.be/stations/NMBS/008833001,IC_L,2017-08-06T15:41:00,2017-08-06T15:41:00,48,
http://irail.be/vehicle/IC_L4037,http://irail.be/stations/NMBS/008811288,IC_L,2017-08-06T15:47:00,2017-08-06T15:46:00,23,23
http://irail.be/vehicle/IC_L4037,http://irail.be/stations/NMBS/008811270,IC_L,2017-08-06T15:49:00,2017-08-06T15:49:00,-45,-45
http://irail.be/vehicle/IC_L4037,http://irail.be/stations/NMBS/008811262,IC_L,2017-08-06T15:51:00,2017-08-06T15:51:00,-45,-45
http://irail.be/vehicle/IC_L4037,NO-URI,IC_L,2017-08-06T15:52:00,2017-08-06T15:52:00,6,6
http://irail.be/vehicle/IC_L4037,http://irail.be/stations/NMBS/008811254,IC_L,2017-08-06T15:54:00,2017-08-06T15:53:00,-27,20
http://irail.be/vehicle/IC_L4037,http://irail.be/stations/NMBS/008811247,IC_L,2017-08-06T15:56:00,2017-08-06T15:56:00,28,28
http://irail.be/vehicle/IC_L4037,http://irail.be/stations/NMBS/008819406,IC_L,2017-08-06T16:02:00,2017-08-06T16:00:00,38,13
http://irail.be/vehicle/IC_L4037,http://irail.be/stations/NMBS/008811155,IC_L,2017-08-06T16:08:00,2017-08-06T16:08:00,12,12
http://irail.be/vehicle/IC_L4037,http://irail.be/stations/NMBS/008811163,IC_L,2017-08-06T16:11:00,2017-08-06T16:10:00,-22,26
http://irail.be/vehicle/IC_L4037,http://irail.be/stations/NMBS/008811106,IC_L,2017-08-06T16:13:00,2017-08-06T16:13:00,-22,-22
http://irail.be/vehicle/IC_L4037,NO-URI,IC_L,2017-08-06T16:13:00,2017-08-06T16:13:00,-13,-13
http://irail.be/vehicle/IC_L4037,http://irail.be/stations/NMBS/008811171,IC_L,2017-08-06T16:14:00,2017-08-06T16:14:00,-13,-13
http://irail.be/vehicle/IC_L4037,http://irail.be/stations/NMBS/008811916,IC_L,2017-08-06T16:18:00,2017-08-06T16:17:00,33,-13
http://irail.be/vehicle/IC_L4037,http://irail.be/stations/NMBS/008811304,IC_L,2017-08-06T16:21:00,2017-08-06T16:20:00,6,33
http://irail.be/vehicle/IC_L4037,http://irail.be/stations/NMBS/008811403,IC_L,2017-08-06T16:23:00,2017-08-06T16:23:00,6,6
http://irail.be/vehicle/IC_L4037,http://irail.be/stations/NMBS/008811411,IC_L,2017-08-06T16:25:00,2017-08-06T16:24:00,65,15
http://irail.be/vehicle/IC_L4037,http://irail.be/stations/NMBS/008814472,IC_L,2017-08-06T16:27:00,2017-08-06T16:27:00,-6,-6
http://irail.be/vehicle/IC_L4037,http://irail.be/stations/NMBS/008814456,IC_L,2017-08-06T16:29:00,2017-08-06T16:28:00,-6,-6
http://irail.be/vehicle/IC_L4037,http://irail.be/stations/NMBS/008814464,IC_L,2017-08-06T16:32:00,2017-08-06T16:32:00,-6,-6
http://irail.be/vehicle/IC_L4037,http://irail.be/stations/NMBS/008814449,IC_L,2017-08-06T16:35:00,2017-08-06T16:34:00,-6,-6
http://irail.be/vehicle/IC_L4037,http://irail.be/stations/NMBS/008814142,IC_L,2017-08-06T16:39:00,2017-08-06T16:39:00,4,4
http://irail.be/vehicle/IC_L4037,http://irail.be/stations/NMBS/008814159,IC_L,2017-08-06T16:41:00,2017-08-06T16:41:00,4,4
http://irail.be/vehicle/IC_L4037,http://irail.be/stations/NMBS/008814167,IC_L,2017-08-06T16:44:00,2017-08-06T16:43:00,-81,-26
http://irail.be/vehicle/IC_L4037,http://irail.be/stations/NMBS/008814175,IC_L,2017-08-06T16:46:00,2017-08-06T16:46:00,-81,-81
http://irail.be/vehicle/IC_L4037,http://irail.be/stations/NMBS/008814266,IC_L,2017-08-06T16:49:00,2017-08-06T16:48:00,12,-81
http://irail.be/vehicle/IC_L4037,http://irail.be/stations/NMBS/008814258,IC_L,2017-08-06T16:52:00,2017-08-06T16:52:00,,16
http://irail.be/vehicle/IC_L4037,http://irail.be/stations/NMBS/008833001,IC_L,2017-01-21T15:42:00,2017-01-21T15:42:00,60,
http://irail.be/vehicle/IC_L4037,http://irail.be/stations/NMBS/008811288,IC_L,2017-01-21T15:48:00,2017-01-21T15:47:00,160,160
http://irail.be/vehicle/IC_L4037,http://irail.be/stations/NMBS/008811270,IC_L,2017-01-21T15:50:00,2017-01-21T15:50:00,197,197
http://irail.be/vehicle/IC_L4037,http://irail.be/stations/NMBS/008811262,IC_L,2017-01-21T15:51:00,2017-01-21T15:51:00,197,197
http://irail.be/vehicle/IC_L4037,http://irail.be/stations/NMBS/008811254,IC_L,2017-01-21T15:54:00,2017-01-21T15:53:00,133,133
http://irail.be/vehicle/IC_L4037,http://irail.be/stations/NMBS/008811247,IC_L,2017-01-21T15:56:00,2017-01-21T15:56:00,195,195
http://irail.be/vehicle/IC_L4037,http://irail.be/stations/NMBS/008819406,IC_L,2017-01-21T16:02:00,2017-01-21T16:00:00,218,274
http://irail.be/vehicle/IC_L4037,http://irail.be/stations/NMBS/008811155,IC_L,2017-01-21T16:08:00,2017-01-21T16:08:00,235,235
http://irail.be/vehicle/IC_L4037,http://irail.be/stations/NMBS/008811163,IC_L,2017-01-21T16:11:00,2017-01-21T16:10:00,243,242
http://irail.be/vehicle/IC_L4037,http://irail.be/stations/NMBS/008811106,IC_L,2017-01-21T16:12:00,2017-01-21T16:12:00,243,243
http://irail.be/vehicle/IC_L4037,NO-URI,IC_L,2017-01-21T16:13:00,2017-01-21T16:13:00,210,210
http://irail.be/vehicle/IC_L4037,http://irail.be/stations/NMBS/008811171,IC_L,2017-01-21T16:14:00,2017-01-21T16:14:00,210,210
http://irail.be/vehicle/IC_L4037,http://irail.be/stations/NMBS/008811916,IC_L,2017-01-21T16:18:00,2017-01-21T16:17:00,220,220
http://irail.be/vehicle/IC_L4037,http://irail.be/stations/NMBS/008811304,IC_L,2017-01-21T16:22:00,2017-01-21T16:20:00,160,220
http://irail.be/vehicle/IC_L4037,http://irail.be/stations/NMBS/008811403,IC_L,2017-01-21T16:23:00,2017-01-21T16:23:00,160,160
http://irail.be/vehicle/IC_L4037,http://irail.be/stations/NMBS/008811411,IC_L,2017-01-21T16:26:00,2017-01-21T16:25:00,143,131
http://irail.be/vehicle/IC_L4037,http://irail.be/stations/NMBS/008814472,IC_L,2017-01-21T16:29:00,2017-01-21T16:29:00,34,34
http://irail.be/vehicle/IC_L4037,http://irail.be/stations/NMBS/008814456,IC_L,2017-01-21T16:31:00,2017-01-21T16:30:00,34,34
http://irail.be/vehicle/IC_L4037,http://irail.be/stations/NMBS/008814464,IC_L,2017-01-21T16:34:00,2017-01-21T16:34:00,34,34
http://irail.be/vehicle/IC_L4037,http://irail.be/stations/NMBS/008814449,IC_L,2017-01-21T16:36:00,2017-01-21T16:35:00,34,34
http://irail.be/vehicle/IC_L4037,http://irail.be/stations/NMBS/008814142,IC_L,2017-01-21T16:40:00,2017-01-21T16:40:00,83,83
http://irail.be/vehicle/IC_L4037,http://irail.be/stations/NMBS/008814159,IC_L,2017-01-21T16:41:00,2017-01-21T16:41:00,83,83
http://irail.be/vehicle/IC_L4037,http://irail.be/stations/NMBS/008814167,IC_L,2017-01-21T16:44:00,2017-01-21T16:43:00,61,90
http://irail.be/vehicle/IC_L4037,http://irail.be/stations/NMBS/008814175,IC_L,2017-01-21T16:45:00,2017-01-21T16:45:00,61,61
http://irail.be/vehicle/IC_L4037,http://irail.be/stations/NMBS/008814266,IC_L,2017-01-21T16:49:00,2017-01-21T16:48:00,59,61
http://irail.be/vehicle/IC_L4037,http://irail.be/stations/NMBS/008814258,IC_L,2017-01-21T16:52:00,2017-01-21T16:52:00,,70
http://irail.be/vehicle/IC_L4037,http://irail.be/stations/NMBS/008833001,IC_L,2017-04-17T15:42:00,2017-04-17T15:42:00,62,
http://irail.be/vehicle/IC_L4037,http://irail.be/stations/NMBS/008811288,IC_L,2017-04-17T15:48:00,2017-04-17T15:47:00,26,26
http://irail.be/vehicle/IC_L4037,http://irail.be/stations/NMBS/008811270,IC_L,2017-04-17T15:50:00,2017-04-17T15:50:00,24,24
http://irail.be/vehicle/IC_L4037,http://irail.be/stations/NMBS/008811262,IC_L,2017-04-17T15:51:00,2017-04-17T15:51:00,24,24
http://irail.be/vehicle/IC_L4037,NO-URI,IC_L,2017-04-17T15:52:00,2017-04-17T15:52:00,79,79
http://irail.be/vehicle/IC_L4037,http://irail.be/stations/NMBS/008811254,IC_L,2017-04-17T15:54:00,2017-04-17T15:53:00,33,86
http://irail.be/vehicle/IC_L4037,http://irail.be/stations/NMBS/008811247,IC_L,2017-04-17T15:56:00,2017-04-17T15:56:00,112,112
http://irail.be/vehicle/IC_L4037,http://irail.be/stations/NMBS/008819406,IC_L,2017-04-17T16:02:00,2017-04-17T16:00:00,20,69
http://irail.be/vehicle/IC_L4037,http://irail.be/stations/NMBS/008811155,IC_L,2017-04-17T16:08:00,2017-04-17T16:08:00,11,11
http://irail.be/vehicle/IC_L4037,http://irail.be/stations/NMBS/008811163,IC_L,2017-04-17T16:11:00,2017-04-17T16:10:00,26,20
http://irail.be/vehicle/IC_L4037,http://irail.be/stations/NMBS/008811106,IC_L,2017-04-17T16:12:00,2017-04-17T16:12:00,26,26
http://irail.be/vehicle/IC_L4037,NO-URI,IC_L,2017-04-17T16:13:00,2017-04-17T16:13:00,-12,-12
http://irail.be/vehicle/IC_L4037,http://irail.be/stations/NMBS/008811171,IC_L,2017-04-17T16:14:00,2017-04-17T16:14:00,-12,-12
http://irail.be/vehicle/IC_L4037,http://irail.be/stations/NMBS/008811197,IC_L,2017-04-17T16:19:00,2017-04-17T16:16:00,-4,-4
http://irail.be/vehicle/IC_L4037,http://irail.be/stations/NMBS/008811205,IC_L,2017-04-17T16:22:00,2017-04-17T16:22:00,63,-4
http://irail.be/vehicle/IC_L4037,http://irail.be/stations/NMBS/008814472,IC_L,2017-04-17T16:24:00,2017-04-17T16:24:00,-3,-3
http://irail.be/vehicle/IC_L4037,http://irail.be/stations/NMBS/008814456,IC_L,2017-04-17T16:27:00,2017-04-17T16:26:00,-3,-3
http://irail.be/vehicle/IC_L4037,http://irail.be/stations/NMBS/008814464,IC_L,2017-04-17T16:30:00,2017-04-17T16:30:00,-3,-3
http://irail.be/vehicle/IC_L4037,http://irail.be/stations/NMBS/008814449,IC_L,2017-04-17T16:32:00,2017-04-17T16:31:00,-3,-3
http://irail.be/vehicle/IC_L4037,http://irail.be/stations/NMBS/008814142,IC_L,2017-04-17T16:36:00,2017-04-17T16:36:00,50,50
http://irail.be/vehicle/IC_L4037,http://irail.be/stations/NMBS/008814159,IC_L,2017-04-17T16:37:00,2017-04-17T16:37:00,50,50
http://irail.be/vehicle/IC_L4037,http://irail.be/stations/NMBS/008814167,IC_L,2017-04-17T16:40:00,2017-04-17T16:39:00,31,55
http://irail.be/vehicle/IC_L4037,http://irail.be/stations/NMBS/008814175,IC_L,2017-04-17T16:41:00,2017-04-17T16:41:00,31,31
http://irail.be/vehicle/IC_L4037,http://irail.be/stations/NMBS/008814266,IC_L,2017-04-17T16:45:00,2017-04-17T16:44:00,-4,31
http://irail.be/vehicle/IC_L4037,http://irail.be/stations/NMBS/008814258,IC_L,2017-04-17T16:48:00,2017-04-17T16:48:00,,20
http://irail.be/vehicle/IC_L4037,http://irail.be/stations/NMBS/008833001,IC_L,2017-05-25T15:42:00,2017-05-25T15:42:00,24,
http://irail.be/vehicle/IC_L4037,http://irail.be/stations/NMBS/008811288,IC_L,2017-05-25T15:48:00,2017-05-25T15:47:00,8,8
http://irail.be/vehicle/IC_L4037,http://irail.be/stations/NMBS/008811270,IC_L,2017-05-25T15:50:00,2017-05-25T15:50:00,5,5
http://irail.be/vehicle/IC_L4037,http://irail.be/stations/NMBS/008811262,IC_L,2017-05-25T15:51:00,2017-05-25T15:51:00,5,5
http://irail.be/vehicle/IC_L4037,NO-URI,IC_L,2017-05-25T15:52:00,2017-05-25T15:52:00,69,69
http://irail.be/vehicle/IC_L4037,http://irail.be/stations/NMBS/008811254,IC_L,2017-05-25T15:54:00,2017-05-25T15:53:00,73,73
http://irail.be/vehicle/IC_L4037,http://irail.be/stations/NMBS/008811247,IC_L,2017-05-25T15:56:00,2017-05-25T15:56:00,69,69
http://irail.be/vehicle/IC_L4037,http://irail.be/stations/NMBS/008819406,IC_L,2017-05-25T16:02:00,2017-05-25T16:00:00,99,119
http://irail.be/vehicle/IC_L4037,http://irail.be/stations/NMBS/008811155,IC_L,2017-05-25T16:08:00,2017-05-25T16:08:00,173,173
http://irail.be/vehicle/IC_L4037,http://irail.be/stations/NMBS/008811163,IC_L,2017-05-25T16:11:00,2017-05-25T16:10:00,184,193
http://irail.be/vehicle/IC_L4037,http://irail.be/stations/NMBS/008811106,IC_L,2017-05-25T16:12:00,2017-05-25T16:12:00,184,184
http://irail.be/vehicle/IC_L4037,NO-URI,IC_L,2017-05-25T16:13:00,2017-05-25T16:13:00,150,150
http://irail.be/vehicle/IC_L4037,http://irail.be/stations/NMBS/008811171,IC_L,2017-05-25T16:14:00,2017-05-25T16:14:00,150,150
http://irail.be/vehicle/IC_L4037,http://irail.be/stations/NMBS/008811197,IC_L,2017-05-25T16:19:00,2017-05-25T16:16:00,1,1
http://irail.be/vehicle/IC_L4037,http://irail.be/stations/NMBS/008811205,IC_L,2017-05-25T16:22:00,2017-05-25T16:22:00,61,1
http://irail.be/vehicle/IC_L4037,http://irail.be/stations/NMBS/008814472,IC_L,2017-05-25T16:24:00,2017-05-25T16:24:00,-18,-18
http://irail.be/vehicle/IC_L4037,http://irail.be/stations/NMBS/008814456,IC_L,2017-05-25T16:27:00,2017-05-25T16:26:00,-18,-18
http://irail.be/vehicle/IC_L4037,http://irail.be/stations/NMBS/008814464,IC_L,2017-05-25T16:30:00,2017-05-25T16:30:00,-18,-18
http://irail.be/vehicle/IC_L4037,http://irail.be/stations/NMBS/008814449,IC_L,2017-05-25T16:32:00,2017-05-25T16:31:00,-18,-18
http://irail.be/vehicle/IC_L4037,http://irail.be/stations/NMBS/008814142,IC_L,2017-05-25T16:36:00,2017-05-25T16:36:00,26,26
http://irail.be/vehicle/IC_L4037,http://irail.be/stations/NMBS/008814159,IC_L,2017-05-25T16:37:00,2017-05-25T16:37:00,26,26
http://irail.be/vehicle/IC_L4037,http://irail.be/stations/NMBS/008814167,IC_L,2017-05-25T16:40:00,2017-05-25T16:39:00,-3,33
http://irail.be/vehicle/IC_L4037,http://irail.be/stations/NMBS/008814175,IC_L,2017-05-25T16:41:00,2017-05-25T16:41:00,-3,-3
http://irail.be/vehicle/IC_L4037,http://irail.be/stations/NMBS/008814266,IC_L,2017-05-25T16:45:00,2017-05-25T16:44:00,-7,-3
http://irail.be/vehicle/IC_L4037,http://irail.be/stations/NMBS/008814258,IC_L,2017-05-25T16:48:00,2017-05-25T16:48:00,,15
http://irail.be/vehicle/IC_L4037,http://irail.be/stations/NMBS/008833001,IC_L,2017-05-07T15:42:00,2017-05-07T15:42:00,141,
http://irail.be/vehicle/IC_L4037,http://irail.be/stations/NMBS/008811288,IC_L,2017-05-07T15:48:00,2017-05-07T15:47:00,177,177
http://irail.be/vehicle/IC_L4037,http://irail.be/stations/NMBS/008811270,IC_L,2017-05-07T15:50:00,2017-05-07T15:50:00,171,171
http://irail.be/vehicle/IC_L4037,http://irail.be/stations/NMBS/008811262,IC_L,2017-05-07T15:51:00,2017-05-07T15:51:00,171,171
http://irail.be/vehicle/IC_L4037,NO-URI,IC_L,2017-05-07T15:52:00,2017-05-07T15:52:00,214,214
http://irail.be/vehicle/IC_L4037,http://irail.be/stations/NMBS/008811254,IC_L,2017-05-07T15:54:00,2017-05-07T15:53:00,209,209
http://irail.be/vehicle/IC_L4037,http://irail.be/stations/NMBS/008811247,IC_L,2017-05-07T15:56:00,2017-05-07T15:56:00,213,213
http://irail.be/vehicle/IC_L4037,http://irail.be/stations/NMBS/008819406,IC_L,2017-05-07T16:02:00,2017-05-07T16:00:00,125,172
http://irail.be/vehicle/IC_L4037,http://irail.be/stations/NMBS/008811155,IC_L,2017-05-07T16:08:00,2017-05-07T16:08:00,191,191
http://irail.be/vehicle/IC_L4037,http://irail.be/stations/NMBS/008811163,IC_L,2017-05-07T16:11:00,2017-05-07T16:10:00,210,202
http://irail.be/vehicle/IC_L4037,http://irail.be/stations/NMBS/008811106,IC_L,2017-05-07T16:12:00,2017-05-07T16:12:00,210,210
http://irail.be/vehicle/IC_L4037,NO-URI,IC_L,2017-05-07T16:13:00,2017-05-07T16:13:00,174,174
http://irail.be/vehicle/IC_L4037,http://irail.be/stations/NMBS/008811171,IC_L,2017-05-07T16:14:00,2017-05-07T16:14:00,174,174
http://irail.be/vehicle/IC_L4037,http://irail.be/stations/NMBS/008811916,IC_L,2017-05-07T16:18:00,2017-05-07T16:17:00,338,320
http://irail.be/vehicle/IC_L4037,http://irail.be/stations/NMBS/008811304,IC_L,2017-05-07T16:22:00,2017-05-07T16:20:00,260,338
http://irail.be/vehicle/IC_L4037,http://irail.be/stations/NMBS/008811403,IC_L,2017-05-07T16:23:00,2017-05-07T16:23:00,260,260
http://irail.be/vehicle/IC_L4037,http://irail.be/stations/NMBS/008811411,IC_L,2017-05-07T16:26:00,2017-05-07T16:25:00,347,239
http://irail.be/vehicle/IC_L4037,http://irail.be/stations/NMBS/008814472,IC_L,2017-05-07T16:28:00,2017-05-07T16:28:00,249,249
http://irail.be/vehicle/IC_L4037,http://irail.be/stations/NMBS/008814456,IC_L,2017-05-07T16:31:00,2017-05-07T16:30:00,249,249
http://irail.be/vehicle/IC_L4037,http://irail.be/stations/NMBS/008814464,IC_L,2017-05-07T16:34:00,2017-05-07T16:34:00,249,249
http://irail.be/vehicle/IC_L4037,http://irail.be/stations/NMBS/008814449,IC_L,2017-05-07T16:36:00,2017-05-07T16:35:00,249,249
http://irail.be/vehicle/IC_L4037,http://irail.be/stations/NMBS/008814142,IC_L,2017-05-07T16:38:00,2017-05-07T16:38:00,447,447
http://irail.be/vehicle/IC_L4037,http://irail.be/stations/NMBS/008814159,IC_L,2017-05-07T16:39:00,2017-05-07T16:39:00,447,447
http://irail.be/vehicle/IC_L4037,http://irail.be/stations/NMBS/008814167,IC_L,2017-05-07T16:44:00,2017-05-07T16:43:00,435,435
http://irail.be/vehicle/IC_L4037,http://irail.be/stations/NMBS/008814175,IC_L,2017-05-07T16:45:00,2017-05-07T16:45:00,260,260
http://irail.be/vehicle/IC_L4037,http://irail.be/stations/NMBS/008814266,IC_L,2017-05-07T16:49:00,2017-05-07T16:48:00,213,260
http://irail.be/vehicle/IC_L4037,http://irail.be/stations/NMBS/008814258,IC_L,2017-05-07T16:52:00,2017-05-07T16:52:00,,238
http://irail.be/vehicle/IC_L4037,http://irail.be/stations/NMBS/008833001,IC_L,2017-09-23T15:41:00,2017-09-23T15:41:00,50,
http://irail.be/vehicle/IC_L4037,http://irail.be/stations/NMBS/008811288,IC_L,2017-09-23T15:47:00,2017-09-23T15:46:00,258,258
http://irail.be/vehicle/IC_L4037,http://irail.be/stations/NMBS/008811270,IC_L,2017-09-23T15:49:00,2017-09-23T15:49:00,179,179
http://irail.be/vehicle/IC_L4037,http://irail.be/stations/NMBS/008811262,IC_L,2017-09-23T15:51:00,2017-09-23T15:51:00,179,179
http://irail.be/vehicle/IC_L4037,NO-URI,IC_L,2017-09-23T15:52:00,2017-09-23T15:52:00,218,218
http://irail.be/vehicle/IC_L4037,http://irail.be/stations/NMBS/008811254,IC_L,2017-09-23T15:54:00,2017-09-23T15:53:00,214,214
http://irail.be/vehicle/IC_L4037,http://irail.be/stations/NMBS/008811247,IC_L,2017-09-23T15:56:00,2017-09-23T15:56:00,170,170
http://irail.be/vehicle/IC_L4037,http://irail.be/stations/NMBS/008819406,IC_L,2017-09-23T16:02:00,2017-09-23T16:00:00,44,116
http://irail.be/vehicle/IC_L4037,http://irail.be/stations/NMBS/008811155,IC_L,2017-09-23T16:08:00,2017-09-23T16:08:00,33,33
http://irail.be/vehicle/IC_L4037,http://irail.be/stations/NMBS/008811163,IC_L,2017-09-23T16:11:00,2017-09-23T16:10:00,1,44
http://irail.be/vehicle/IC_L4037,http://irail.be/stations/NMBS/008811106,IC_L,2017-09-23T16:13:00,2017-09-23T16:13:00,1,1
http://irail.be/vehicle/IC_L4037,NO-URI,IC_L,2017-09-23T16:13:00,2017-09-23T16:13:00,20,20
http://irail.be/vehicle/IC_L4037,http://irail.be/stations/NMBS/008811171,IC_L,2017-09-23T16:14:00,2017-09-23T16:14:00,20,20
http://irail.be/vehicle/IC_L4037,http://irail.be/stations/NMBS/008811916,IC_L,2017-09-23T16:18:00,2017-09-23T16:17:00,46,32
http://irail.be/vehicle/IC_L4037,http://irail.be/stations/NMBS/008811304,IC_L,2017-09-23T16:21:00,2017-09-23T16:20:00,20,46
http://irail.be/vehicle/IC_L4037,http://irail.be/stations/NMBS/008811403,IC_L,2017-09-23T16:23:00,2017-09-23T16:23:00,20,20
http://irail.be/vehicle/IC_L4037,http://irail.be/stations/NMBS/008811411,IC_L,2017-09-23T16:25:00,2017-09-23T16:24:00,115,62
http://irail.be/vehicle/IC_L4037,http://irail.be/stations/NMBS/008814472,IC_L,2017-09-23T16:27:00,2017-09-23T16:27:00,-6,-6
http://irail.be/vehicle/IC_L4037,http://irail.be/stations/NMBS/008814456,IC_L,2017-09-23T16:29:00,2017-09-23T16:28:00,-6,-6
http://irail.be/vehicle/IC_L4037,http://irail.be/stations/NMBS/008814464,IC_L,2017-09-23T16:32:00,2017-09-23T16:32:00,-6,-6
http://irail.be/vehicle/IC_L4037,http://irail.be/stations/NMBS/008814449,IC_L,2017-09-23T16:35:00,2017-09-23T16:34:00,-6,-6
http://irail.be/vehicle/IC_L4037,http://irail.be/stations/NMBS/008814142,IC_L,2017-09-23T16:39:00,2017-09-23T16:39:00,18,18
http://irail.be/vehicle/IC_L4037,http://irail.be/stations/NMBS/008814159,IC_L,2017-09-23T16:41:00,2017-09-23T16:41:00,18,18
http://irail.be/vehicle/IC_L4037,http://irail.be/stations/NMBS/008814167,IC_L,2017-09-23T16:44:00,2017-09-23T16:43:00,-8,-1
http://irail.be/vehicle/IC_L4037,http://irail.be/stations/NMBS/008814175,IC_L,2017-09-23T16:46:00,2017-09-23T16:46:00,-8,-8
http://irail.be/vehicle/IC_L4037,http://irail.be/stations/NMBS/008814266,IC_L,2017-09-23T16:49:00,2017-09-23T16:48:00,-16,-8
http://irail.be/vehicle/IC_L4037,http://irail.be/stations/NMBS/008814258,IC_L,2017-09-23T16:52:00,2017-09-23T16:52:00,,-11
http://irail.be/vehicle/IC_L4037,http://irail.be/stations/NMBS/008833001,IC_L,2017-03-19T15:42:00,2017-03-19T15:42:00,24,
http://irail.be/vehicle/IC_L4037,http://irail.be/stations/NMBS/008811288,IC_L,2017-03-19T15:48:00,2017-03-19T15:47:00,7,7
http://irail.be/vehicle/IC_L4037,http://irail.be/stations/NMBS/008811270,IC_L,2017-03-19T15:50:00,2017-03-19T15:50:00,8,8
http://irail.be/vehicle/IC_L4037,http://irail.be/stations/NMBS/008811262,IC_L,2017-03-19T15:51:00,2017-03-19T15:51:00,8,8
http://irail.be/vehicle/IC_L4037,NO-URI,IC_L,2017-03-19T15:52:00,2017-03-19T15:52:00,53,53
http://irail.be/vehicle/IC_L4037,http://irail.be/stations/NMBS/008811254,IC_L,2017-03-19T15:54:00,2017-03-19T15:53:00,53,53
http://irail.be/vehicle/IC_L4037,http://irail.be/stations/NMBS/008811247,IC_L,2017-03-19T15:56:00,2017-03-19T15:56:00,49,49
http://irail.be/vehicle/IC_L4037,http://irail.be/stations/NMBS/008819406,IC_L,2017-03-19T16:02:00,2017-03-19T16:00:00,2,37
http://irail.be/vehicle/IC_L4037,http://irail.be/stations/NMBS/008811155,IC_L,2017-03-19T16:08:00,2017-03-19T16:08:00,-26,-26
http://irail.be/vehicle/IC_L4037,http://irail.be/stations/NMBS/008811163,IC_L,2017-03-19T16:11:00,2017-03-19T16:10:00,22,-17
http://irail.be/vehicle/IC_L4037,http://irail.be/stations/NMBS/008811106,IC_L,2017-03-19T16:12:00,2017-03-19T16:12:00,22,22
http://irail.be/vehicle/IC_L4037,NO-URI,IC_L,2017-03-19T16:13:00,2017-03-19T16:13:00,-18,-18
http://irail.be/vehicle/IC_L4037,http://irail.be/stations/NMBS/008811171,IC_L,2017-03-19T16:14:00,2017-03-19T16:14:00,-18,-18
http://irail.be/vehicle/IC_L4037,http://irail.be/stations/NMBS/008811197,IC_L,2017-03-19T16:19:00,2017-03-19T16:16:00,-1,-1
http://irail.be/vehicle/IC_L4037,http://irail.be/stations/NMBS/008811205,IC_L,2017-03-19T16:22:00,2017-03-19T16:22:00,48,-1
http://irail.be/vehicle/IC_L4037,http://irail.be/stations/NMBS/008814472,IC_L,2017-03-19T16:24:00,2017-03-19T16:24:00,5,5
http://irail.be/vehicle/IC_L4037,http://irail.be/stations/NMBS/008814456,IC_L,2017-03-19T16:27:00,2017-03-19T16:26:00,5,5
http://irail.be/vehicle/IC_L4037,http://irail.be/stations/NMBS/008814464,IC_L,2017-03-19T16:30:00,2017-03-19T16:30:00,5,5
http://irail.be/vehicle/IC_L4037,http://irail.be/stations/NMBS/008814449,IC_L,2017-03-19T16:32:00,2017-03-19T16:31:00,5,5
http://irail.be/vehicle/IC_L4037,http://irail.be/stations/NMBS/008814142,IC_L,2017-03-19T16:36:00,2017-03-19T16:36:00,45,45
http://irail.be/vehicle/IC_L4037,http://irail.be/stations/NMBS/008814159,IC_L,2017-03-19T16:37:00,2017-03-19T16:37:00,45,45
http://irail.be/vehicle/IC_L4037,http://irail.be/stations/NMBS/008814167,IC_L,2017-03-19T16:40:00,2017-03-19T16:39:00,10,48
http://irail.be/vehicle/IC_L4037,http://irail.be/stations/NMBS/008814175,IC_L,2017-03-19T16:41:00,2017-03-19T16:41:00,10,10
http://irail.be/vehicle/IC_L4037,http://irail.be/stations/NMBS/008814266,IC_L,2017-03-19T16:45:00,2017-03-19T16:44:00,4,10
http://irail.be/vehicle/IC_L4037,http://irail.be/stations/NMBS/008814258,IC_L,2017-03-19T16:48:00,2017-03-19T16:48:00,,28
http://irail.be/vehicle/IC_L4037,http://irail.be/stations/NMBS/008833001,IC_L,2017-02-04T15:42:00,2017-02-04T15:42:00,40,
http://irail.be/vehicle/IC_L4037,http://irail.be/stations/NMBS/008811288,IC_L,2017-02-04T15:48:00,2017-02-04T15:47:00,-16,-16
http://irail.be/vehicle/IC_L4037,http://irail.be/stations/NMBS/008811270,IC_L,2017-02-04T15:50:00,2017-02-04T15:50:00,-16,-16
http://irail.be/vehicle/IC_L4037,http://irail.be/stations/NMBS/008811262,IC_L,2017-02-04T15:51:00,2017-02-04T15:51:00,-16,-16
http://irail.be/vehicle/IC_L4037,NO-URI,IC_L,2017-02-04T15:52:00,2017-02-04T15:52:00,30,30
http://irail.be/vehicle/IC_L4037,http://irail.be/stations/NMBS/008811254,IC_L,2017-02-04T15:54:00,2017-02-04T15:53:00,-6,25
http://irail.be/vehicle/IC_L4037,http://irail.be/stations/NMBS/008811247,IC_L,2017-02-04T15:56:00,2017-02-04T15:56:00,62,62
http://irail.be/vehicle/IC_L4037,http://irail.be/stations/NMBS/008819406,IC_L,2017-02-04T16:02:00,2017-02-04T16:00:00,34,17
http://irail.be/vehicle/IC_L4037,http://irail.be/stations/NMBS/008811155,IC_L,2017-02-04T16:08:00,2017-02-04T16:08:00,54,54
http://irail.be/vehicle/IC_L4037,http://irail.be/stations/NMBS/008811163,IC_L,2017-02-04T16:11:00,2017-02-04T16:10:00,102,63
http://irail.be/vehicle/IC_L4037,http://irail.be/stations/NMBS/008811106,IC_L,2017-02-04T16:12:00,2017-02-04T16:12:00,102,102
http://irail.be/vehicle/IC_L4037,NO-URI,IC_L,2017-02-04T16:13:00,2017-02-04T16:13:00,66,66
http://irail.be/vehicle/IC_L4037,http://irail.be/stations/NMBS/008811171,IC_L,2017-02-04T16:14:00,2017-02-04T16:14:00,66,66
http://irail.be/vehicle/IC_L4037,http://irail.be/stations/NMBS/008811916,IC_L,2017-02-04T16:18:00,2017-02-04T16:17:00,65,62
http://irail.be/vehicle/IC_L4037,http://irail.be/stations/NMBS/008811304,IC_L,2017-02-04T16:22:00,2017-02-04T16:20:00,-3,65
http://irail.be/vehicle/IC_L4037,http://irail.be/stations/NMBS/008811403,IC_L,2017-02-04T16:24:00,2017-02-04T16:24:00,-3,-3
http://irail.be/vehicle/IC_L4037,http://irail.be/stations/NMBS/008811411,IC_L,2017-02-04T16:26:00,2017-02-04T16:25:00,24,-2
http://irail.be/vehicle/IC_L4037,http://irail.be/stations/NMBS/008814472,IC_L,2017-02-04T16:29:00,2017-02-04T16:29:00,-4,-4
http://irail.be/vehicle/IC_L4037,http://irail.be/stations/NMBS/008814456,IC_L,2017-02-04T16:31:00,2017-02-04T16:30:00,-4,-4
http://irail.be/vehicle/IC_L4037,http://irail.be/stations/NMBS/008814464,IC_L,2017-02-04T16:34:00,2017-02-04T16:34:00,-4,-4
http://irail.be/vehicle/IC_L4037,http://irail.be/stations/NMBS/008814449,IC_L,2017-02-04T16:36:00,2017-02-04T16:35:00,-4,-4
http://irail.be/vehicle/IC_L4037,http://irail.be/stations/NMBS/008814142,IC_L,2017-02-04T16:40:00,2017-02-04T16:40:00,36,36
http://irail.be/vehicle/IC_L4037,http://irail.be/stations/NMBS/008814159,IC_L,2017-02-04T16:41:00,2017-02-04T16:41:00,36,36
http://irail.be/vehicle/IC_L4037,http://irail.be/stations/NMBS/008814167,IC_L,2017-02-04T16:44:00,2017-02-04T16:43:00,11,41
http://irail.be/vehicle/IC_L4037,http://irail.be/stations/NMBS/008814175,IC_L,2017-02-04T16:45:00,2017-02-04T16:45:00,11,11
http://irail.be/vehicle/IC_L4037,http://irail.be/stations/NMBS/008814266,IC_L,2017-02-04T16:49:00,2017-02-04T16:48:00,27,11
http://irail.be/vehicle/IC_L4037,http://irail.be/stations/NMBS/008814258,IC_L,2017-02-04T16:52:00,2017-02-04T16:52:00,,54
http://irail.be/vehicle/IC_L4037,http://irail.be/stations/NMBS/008833001,IC_L,2017-06-25T15:41:00,2017-06-25T15:41:00,69,
http://irail.be/vehicle/IC_L4037,http://irail.be/stations/NMBS/008811288,IC_L,2017-06-25T15:47:00,2017-06-25T15:46:00,30,30
http://irail.be/vehicle/IC_L4037,http://irail.be/stations/NMBS/008811270,IC_L,2017-06-25T15:49:00,2017-06-25T15:49:00,-18,-18
http://irail.be/vehicle/IC_L4037,http://irail.be/stations/NMBS/008811262,IC_L,2017-06-25T15:51:00,2017-06-25T15:51:00,-18,-18
http://irail.be/vehicle/IC_L4037,NO-URI,IC_L,2017-06-25T15:52:00,2017-06-25T15:52:00,62,62
http://irail.be/vehicle/IC_L4037,http://irail.be/stations/NMBS/008811254,IC_L,2017-06-25T15:54:00,2017-06-25T15:53:00,74,74
http://irail.be/vehicle/IC_L4037,http://irail.be/stations/NMBS/008811247,IC_L,2017-06-25T15:56:00,2017-06-25T15:56:00,60,60
http://irail.be/vehicle/IC_L4037,http://irail.be/stations/NMBS/008819406,IC_L,2017-06-25T16:02:00,2017-06-25T16:00:00,15,19
http://irail.be/vehicle/IC_L4037,http://irail.be/stations/NMBS/008811155,IC_L,2017-06-25T16:08:00,2017-06-25T16:08:00,8,8
http://irail.be/vehicle/IC_L4037,http://irail.be/stations/NMBS/008811163,IC_L,2017-06-25T16:11:00,2017-06-25T16:10:00,-33,25
http://irail.be/vehicle/IC_L4037,http://irail.be/stations/NMBS/008811106,IC_L,2017-06-25T16:13:00,2017-06-25T16:13:00,-33,-33
http://irail.be/vehicle/IC_L4037,NO-URI,IC_L,2017-06-25T16:13:00,2017-06-25T16:13:00,-17,-17
http://irail.be/vehicle/IC_L4037,http://irail.be/stations/NMBS/008811171,IC_L,2017-06-25T16:14:00,2017-06-25T16:14:00,-17,-17
http://irail.be/vehicle/IC_L4037,http://irail.be/stations/NMBS/008811197,IC_L,2017-06-25T16:17:00,2017-06-25T16:16:00,-2,-2
http://irail.be/vehicle/IC_L4037,http://irail.be/stations/NMBS/008811205,IC_L,2017-06-25T16:20:00,2017-06-25T16:20:00,5,-2
http://irail.be/vehicle/IC_L4037,http://irail.be/stations/NMBS/008814472,IC_L,2017-06-25T16:22:00,2017-06-25T16:22:00,-18,-18
http://irail.be/vehicle/IC_L4037,http://irail.be/stations/NMBS/008814456,IC_L,2017-06-25T16:25:00,2017-06-25T16:24:00,-18,-18
http://irail.be/vehicle/IC_L4037,http://irail.be/stations/NMBS/008814464,IC_L,2017-06-25T16:28:00,2017-06-25T16:28:00,-18,-18
http://irail.be/vehicle/IC_L4037,http://irail.be/stations/NMBS/008814449,IC_L,2017-06-25T16:31:00,2017-06-25T16:30:00,-18,-18
http://irail.be/vehicle/IC_L4037,http://irail.be/stations/NMBS/008814142,IC_L,2017-06-25T16:35:00,2017-06-25T16:35:00,11,11
http://irail.be/vehicle/IC_L4037,http://irail.be/stations/NMBS/008814159,IC_L,2017-06-25T16:37:00,2017-06-25T16:37:00,11,11
http://irail.be/vehicle/IC_L4037,http://irail.be/stations/NMBS/008814167,IC_L,2017-06-25T16:40:00,2017-06-25T16:39:00,-16,-14
http://irail.be/vehicle/IC_L4037,http://irail.be/stations/NMBS/008814175,IC_L,2017-06-25T16:42:00,2017-06-25T16:42:00,-16,-16
http://irail.be/vehicle/IC_L4037,http://irail.be/stations/NMBS/008814266,IC_L,2017-06-25T16:45:00,2017-06-25T16:44:00,-2,-16
http://irail.be/vehicle/IC_L4037,http://irail.be/stations/NMBS/008814258,IC_L,2017-06-25T16:48:00,2017-06-25T16:48:00,,12
http://irail.be/vehicle/IC_L4037,http://irail.be/stations/NMBS/008833001,IC_L,2017-07-30T15:41:00,2017-07-30T15:41:00,32,
http://irail.be/vehicle/IC_L4037,http://irail.be/stations/NMBS/008811288,IC_L,2017-07-30T15:47:00,2017-07-30T15:46:00,7,7
http://irail.be/vehicle/IC_L4037,http://irail.be/stations/NMBS/008811270,IC_L,2017-07-30T15:49:00,2017-07-30T15:49:00,-43,-43
http://irail.be/vehicle/IC_L4037,http://irail.be/stations/NMBS/008811262,IC_L,2017-07-30T15:51:00,2017-07-30T15:51:00,-43,-43
http://irail.be/vehicle/IC_L4037,NO-URI,IC_L,2017-07-30T15:52:00,2017-07-30T15:52:00,9,9
http://irail.be/vehicle/IC_L4037,http://irail.be/stations/NMBS/008811254,IC_L,2017-07-30T15:54:00,2017-07-30T15:53:00,-27,15
http://irail.be/vehicle/IC_L4037,http://irail.be/stations/NMBS/008811247,IC_L,2017-07-30T15:56:00,2017-07-30T15:56:00,42,42
http://irail.be/vehicle/IC_L4037,http://irail.be/stations/NMBS/008819406,IC_L,2017-07-30T16:02:00,2017-07-30T16:00:00,311,284
http://irail.be/vehicle/IC_L4037,http://irail.be/stations/NMBS/008811155,IC_L,2017-07-30T16:08:00,2017-07-30T16:08:00,316,316
http://irail.be/vehicle/IC_L4037,http://irail.be/stations/NMBS/008811163,IC_L,2017-07-30T16:11:00,2017-07-30T16:10:00,266,324
http://irail.be/vehicle/IC_L4037,http://irail.be/stations/NMBS/008811106,IC_L,2017-07-30T16:13:00,2017-07-30T16:13:00,266,266
http://irail.be/vehicle/IC_L4037,NO-URI,IC_L,2017-07-30T16:13:00,2017-07-30T16:13:00,269,269
http://irail.be/vehicle/IC_L4037,http://irail.be/stations/NMBS/008811171,IC_L,2017-07-30T16:14:00,2017-07-30T16:14:00,269,269
http://irail.be/vehicle/IC_L4037,http://irail.be/stations/NMBS/008811916,IC_L,2017-07-30T16:18:00,2017-07-30T16:17:00,266,257
http://irail.be/vehicle/IC_L4037,http://irail.be/stations/NMBS/008811304,IC_L,2017-07-30T16:21:00,2017-07-30T16:20:00,210,266
http://irail.be/vehicle/IC_L4037,http://irail.be/stations/NMBS/008811403,IC_L,2017-07-30T16:23:00,2017-07-30T16:23:00,210,210
http://irail.be/vehicle/IC_L4037,http://irail.be/stations/NMBS/008811411,IC_L,2017-07-30T16:25:00,2017-07-30T16:24:00,246,208
http://irail.be/vehicle/IC_L4037,http://irail.be/stations/NMBS/008814472,IC_L,2017-07-30T16:27:00,2017-07-30T16:27:00,108,108
http://irail.be/vehicle/IC_L4037,http://irail.be/stations/NMBS/008814456,IC_L,2017-07-30T16:29:00,2017-07-30T16:28:00,108,108
http://irail.be/vehicle/IC_L4037,http://irail.be/stations/NMBS/008814464,IC_L,2017-07-30T16:32:00,2017-07-30T16:32:00,108,108
http://irail.be/vehicle/IC_L4037,http://irail.be/stations/NMBS/008814449,IC_L,2017-07-30T16:35:00,2017-07-30T16:34:00,108,108
http://irail.be/vehicle/IC_L4037,http://irail.be/stations/NMBS/008814142,IC_L,2017-07-30T16:39:00,2017-07-30T16:39:00,103,103
http://irail.be/vehicle/IC_L4037,http://irail.be/stations/NMBS/008814159,IC_L,2017-07-30T16:41:00,2017-07-30T16:41:00,103,103
http://irail.be/vehicle/IC_L4037,http://irail.be/stations/NMBS/008814167,IC_L,2017-07-30T16:44:00,2017-07-30T16:43:00,23,74
http://irail.be/vehicle/IC_L4037,http://irail.be/stations/NMBS/008814175,IC_L,2017-07-30T16:46:00,2017-07-30T16:46:00,23,23
http://irail.be/vehicle/IC_L4037,http://irail.be/stations/NMBS/008814266,IC_L,2017-07-30T16:49:00,2017-07-30T16:48:00,-10,23
http://irail.be/vehicle/IC_L4037,http://irail.be/stations/NMBS/008814258,IC_L,2017-07-30T16:52:00,2017-07-30T16:52:00,,-14
http://irail.be/vehicle/IC_L4037,http://irail.be/stations/NMBS/008833001,IC_L,2017-04-02T15:42:00,2017-04-02T15:42:00,30,
http://irail.be/vehicle/IC_L4037,http://irail.be/stations/NMBS/008811288,IC_L,2017-04-02T15:48:00,2017-04-02T15:47:00,4,4
http://irail.be/vehicle/IC_L4037,http://irail.be/stations/NMBS/008811270,IC_L,2017-04-02T15:50:00,2017-04-02T15:50:00,-2,-2
http://irail.be/vehicle/IC_L4037,http://irail.be/stations/NMBS/008811262,IC_L,2017-04-02T15:51:00,2017-04-02T15:51:00,-2,-2
http://irail.be/vehicle/IC_L4037,NO-URI,IC_L,2017-04-02T15:52:00,2017-04-02T15:52:00,47,47
http://irail.be/vehicle/IC_L4037,http://irail.be/stations/NMBS/008811254,IC_L,2017-04-02T15:54:00,2017-04-02T15:53:00,50,50
http://irail.be/vehicle/IC_L4037,http://irail.be/stations/NMBS/008811247,IC_L,2017-04-02T15:56:00,2017-04-02T15:56:00,59,59
http://irail.be/vehicle/IC_L4037,http://irail.be/stations/NMBS/008819406,IC_L,2017-04-02T16:02:00,2017-04-02T16:00:00,-2,9
http://irail.be/vehicle/IC_L4037,http://irail.be/stations/NMBS/008811155,IC_L,2017-04-02T16:08:00,2017-04-02T16:08:00,-7,-7
http://irail.be/vehicle/IC_L4037,http://irail.be/stations/NMBS/008811163,IC_L,2017-04-02T16:11:00,2017-04-02T16:10:00,11,9
http://irail.be/vehicle/IC_L4037,http://irail.be/stations/NMBS/008811106,IC_L,2017-04-02T16:12:00,2017-04-02T16:12:00,11,11
http://irail.be/vehicle/IC_L4037,NO-URI,IC_L,2017-04-02T16:13:00,2017-04-02T16:13:00,-27,-27
http://irail.be/vehicle/IC_L4037,http://irail.be/stations/NMBS/008811171,IC_L,2017-04-02T16:14:00,2017-04-02T16:14:00,-27,-27
http://irail.be/vehicle/IC_L4037,http://irail.be/stations/NMBS/008811197,IC_L,2017-04-02T16:19:00,2017-04-02T16:16:00,-10,-10
http://irail.be/vehicle/IC_L4037,http://irail.be/stations/NMBS/008811205,IC_L,2017-04-02T16:22:00,2017-04-02T16:22:00,57,-10
http://irail.be/vehicle/IC_L4037,http://irail.be/stations/NMBS/008814472,IC_L,2017-04-02T16:24:00,2017-04-02T16:24:00,-14,-14
http://irail.be/vehicle/IC_L4037,http://irail.be/stations/NMBS/008814456,IC_L,2017-04-02T16:27:00,2017-04-02T16:26:00,-14,-14
http://irail.be/vehicle/IC_L4037,http://irail.be/stations/NMBS/008814464,IC_L,2017-04-02T16:30:00,2017-04-02T16:30:00,-14,-14
http://irail.be/vehicle/IC_L4037,http://irail.be/stations/NMBS/008814449,IC_L,2017-04-02T16:32:00,2017-04-02T16:31:00,-14,-14
http://irail.be/vehicle/IC_L4037,http://irail.be/stations/NMBS/008814142,IC_L,2017-04-02T16:36:00,2017-04-02T16:36:00,32,32
http://irail.be/vehicle/IC_L4037,http://irail.be/stations/NMBS/008814159,IC_L,2017-04-02T16:37:00,2017-04-02T16:37:00,32,32
http://irail.be/vehicle/IC_L4037,http://irail.be/stations/NMBS/008814167,IC_L,2017-04-02T16:40:00,2017-04-02T16:39:00,9,33
http://irail.be/vehicle/IC_L4037,http://irail.be/stations/NMBS/008814175,IC_L,2017-04-02T16:41:00,2017-04-02T16:41:00,9,9
http://irail.be/vehicle/IC_L4037,http://irail.be/stations/NMBS/008814266,IC_L,2017-04-02T16:45:00,2017-04-02T16:44:00,-11,9
http://irail.be/vehicle/IC_L4037,http://irail.be/stations/NMBS/008814258,IC_L,2017-04-02T16:48:00,2017-04-02T16:48:00,,17
http://irail.be/vehicle/IC_L4037,http://irail.be/stations/NMBS/008833001,IC_L,2017-03-12T15:42:00,2017-03-12T15:42:00,30,
http://irail.be/vehicle/IC_L4037,http://irail.be/stations/NMBS/008811288,IC_L,2017-03-12T15:48:00,2017-03-12T15:47:00,16,16
http://irail.be/vehicle/IC_L4037,http://irail.be/stations/NMBS/008811270,IC_L,2017-03-12T15:50:00,2017-03-12T15:50:00,9,9
http://irail.be/vehicle/IC_L4037,http://irail.be/stations/NMBS/008811262,IC_L,2017-03-12T15:51:00,2017-03-12T15:51:00,9,9
http://irail.be/vehicle/IC_L4037,NO-URI,IC_L,2017-03-12T15:52:00,2017-03-12T15:52:00,60,60
http://irail.be/vehicle/IC_L4037,http://irail.be/stations/NMBS/008811254,IC_L,2017-03-12T15:54:00,2017-03-12T15:53:00,15,63
http://irail.be/vehicle/IC_L4037,http://irail.be/stations/NMBS/008811247,IC_L,2017-03-12T15:56:00,2017-03-12T15:56:00,82,82
http://irail.be/vehicle/IC_L4037,http://irail.be/stations/NMBS/008819406,IC_L,2017-03-12T16:02:00,2017-03-12T16:00:00,143,165
http://irail.be/vehicle/IC_L4037,http://irail.be/stations/NMBS/008811155,IC_L,2017-03-12T16:08:00,2017-03-12T16:08:00,149,149
http://irail.be/vehicle/IC_L4037,http://irail.be/stations/NMBS/008811163,IC_L,2017-03-12T16:11:00,2017-03-12T16:10:00,134,152
http://irail.be/vehicle/IC_L4037,http://irail.be/stations/NMBS/008811106,IC_L,2017-03-12T16:12:00,2017-03-12T16:12:00,134,134
http://irail.be/vehicle/IC_L4037,NO-URI,IC_L,2017-03-12T16:13:00,2017-03-12T16:13:00,96,96
http://irail.be/vehicle/IC_L4037,http://irail.be/stations/NMBS/008811171,IC_L,2017-03-12T16:14:00,2017-03-12T16:14:00,96,96
http://irail.be/vehicle/IC_L4037,http://irail.be/stations/NMBS/008811197,IC_L,2017-03-12T16:19:00,2017-03-12T16:16:00,6,6
http://irail.be/vehicle/IC_L4037,http://irail.be/stations/NMBS/008811205,IC_L,2017-03-12T16:22:00,2017-03-12T16:22:00,56,6
http://irail.be/vehicle/IC_L4037,http://irail.be/stations/NMBS/008814472,IC_L,2017-03-12T16:24:00,2017-03-12T16:24:00,-8,-8
http://irail.be/vehicle/IC_L4037,http://irail.be/stations/NMBS/008814456,IC_L,2017-03-12T16:27:00,2017-03-12T16:26:00,-8,-8
http://irail.be/vehicle/IC_L4037,http://irail.be/stations/NMBS/008814464,IC_L,2017-03-12T16:30:00,2017-03-12T16:30:00,-8,-8
http://irail.be/vehicle/IC_L4037,http://irail.be/stations/NMBS/008814449,IC_L,2017-03-12T16:32:00,2017-03-12T16:31:00,-8,-8
http://irail.be/vehicle/IC_L4037,http://irail.be/stations/NMBS/008814142,IC_L,2017-03-12T16:36:00,2017-03-12T16:36:00,54,54
http://irail.be/vehicle/IC_L4037,http://irail.be/stations/NMBS/008814159,IC_L,2017-03-12T16:37:00,2017-03-12T16:37:00,54,54
http://irail.be/vehicle/IC_L4037,http://irail.be/stations/NMBS/008814167,IC_L,2017-03-12T16:40:00,2017-03-12T16:39:00,11,58
http://irail.be/vehicle/IC_L4037,http://irail.be/stations/NMBS/008814175,IC_L,2017-03-12T16:41:00,2017-03-12T16:41:00,11,11
http://irail.be/vehicle/IC_L4037,http://irail.be/stations/NMBS/008814266,IC_L,2017-03-12T16:45:00,2017-03-12T16:44:00,4,11
http://irail.be/vehicle/IC_L4037,http://irail.be/stations/NMBS/008814258,IC_L,2017-03-12T16:48:00,2017-03-12T16:48:00,,31
http://irail.be/vehicle/IC_L4037,http://irail.be/stations/NMBS/008833001,IC_L,2017-09-09T15:41:00,2017-09-09T15:41:00,54,
http://irail.be/vehicle/IC_L4037,http://irail.be/stations/NMBS/008811288,IC_L,2017-09-09T15:47:00,2017-09-09T15:46:00,29,29
http://irail.be/vehicle/IC_L4037,http://irail.be/stations/NMBS/008811270,IC_L,2017-09-09T15:49:00,2017-09-09T15:49:00,-30,-30
http://irail.be/vehicle/IC_L4037,http://irail.be/stations/NMBS/008811262,IC_L,2017-09-09T15:51:00,2017-09-09T15:51:00,-30,-30
http://irail.be/vehicle/IC_L4037,NO-URI,IC_L,2017-09-09T15:52:00,2017-09-09T15:52:00,21,21
http://irail.be/vehicle/IC_L4037,http://irail.be/stations/NMBS/008811254,IC_L,2017-09-09T15:54:00,2017-09-09T15:53:00,-30,29
http://irail.be/vehicle/IC_L4037,http://irail.be/stations/NMBS/008811247,IC_L,2017-09-09T15:56:00,2017-09-09T15:56:00,28,28
http://irail.be/vehicle/IC_L4037,http://irail.be/stations/NMBS/008819406,IC_L,2017-09-09T16:02:00,2017-09-09T16:00:00,58,21
http://irail.be/vehicle/IC_L4037,http://irail.be/stations/NMBS/008811155,IC_L,2017-09-09T16:08:00,2017-09-09T16:08:00,58,58
http://irail.be/vehicle/IC_L4037,http://irail.be/stations/NMBS/008811163,IC_L,2017-09-09T16:11:00,2017-09-09T16:10:00,39,70
http://irail.be/vehicle/IC_L4037,http://irail.be/stations/NMBS/008811106,IC_L,2017-09-09T16:13:00,2017-09-09T16:13:00,39,39
http://irail.be/vehicle/IC_L4037,NO-URI,IC_L,2017-09-09T16:13:00,2017-09-09T16:13:00,52,52
http://irail.be/vehicle/IC_L4037,http://irail.be/stations/NMBS/008811171,IC_L,2017-09-09T16:14:00,2017-09-09T16:14:00,52,52
http://irail.be/vehicle/IC_L4037,http://irail.be/stations/NMBS/008811916,IC_L,2017-09-09T16:18:00,2017-09-09T16:17:00,61,54
http://irail.be/vehicle/IC_L4037,http://irail.be/stations/NMBS/008811304,IC_L,2017-09-09T16:21:00,2017-09-09T16:20:00,4,61
http://irail.be/vehicle/IC_L4037,http://irail.be/stations/NMBS/008811403,IC_L,2017-09-09T16:23:00,2017-09-09T16:23:00,4,4
http://irail.be/vehicle/IC_L4037,http://irail.be/stations/NMBS/008811411,IC_L,2017-09-09T16:25:00,2017-09-09T16:24:00,74,10
http://irail.be/vehicle/IC_L4037,http://irail.be/stations/NMBS/008814472,IC_L,2017-09-09T16:27:00,2017-09-09T16:27:00,-18,-18
http://irail.be/vehicle/IC_L4037,http://irail.be/stations/NMBS/008814456,IC_L,2017-09-09T16:29:00,2017-09-09T16:28:00,-18,-18
http://irail.be/vehicle/IC_L4037,http://irail.be/stations/NMBS/008814464,IC_L,2017-09-09T16:32:00,2017-09-09T16:32:00,-18,-18
http://irail.be/vehicle/IC_L4037,http://irail.be/stations/NMBS/008814449,IC_L,2017-09-09T16:35:00,2017-09-09T16:34:00,-18,-18
http://irail.be/vehicle/IC_L4037,http://irail.be/stations/NMBS/008814142,IC_L,2017-09-09T16:39:00,2017-09-09T16:39:00,-6,-6
http://irail.be/vehicle/IC_L4037,http://irail.be/stations/NMBS/008814159,IC_L,2017-09-09T16:41:00,2017-09-09T16:41:00,-6,-6
http://irail.be/vehicle/IC_L4037,http://irail.be/stations/NMBS/008814167,IC_L,2017-09-09T16:44:00,2017-09-09T16:43:00,-4,-24
http://irail.be/vehicle/IC_L4037,http://irail.be/stations/NMBS/008814175,IC_L,2017-09-09T16:46:00,2017-09-09T16:46:00,-4,-4
http://irail.be/vehicle/IC_L4037,http://irail.be/stations/NMBS/008814266,IC_L,2017-09-09T16:49:00,2017-09-09T16:48:00,-10,-4
http://irail.be/vehicle/IC_L4037,http://irail.be/stations/NMBS/008814258,IC_L,2017-09-09T16:52:00,2017-09-09T16:52:00,,20
http://irail.be/vehicle/IC_L4037,http://irail.be/stations/NMBS/008833001,IC_L,2017-11-12T15:41:00,2017-11-12T15:41:00,32,
http://irail.be/vehicle/IC_L4037,http://irail.be/stations/NMBS/008811288,IC_L,2017-11-12T15:47:00,2017-11-12T15:46:00,3,3
http://irail.be/vehicle/IC_L4037,http://irail.be/stations/NMBS/008811270,IC_L,2017-11-12T15:49:00,2017-11-12T15:49:00,-51,-51
http://irail.be/vehicle/IC_L4037,http://irail.be/stations/NMBS/008811262,IC_L,2017-11-12T15:51:00,2017-11-12T15:51:00,-51,-51
http://irail.be/vehicle/IC_L4037,NO-URI,IC_L,2017-11-12T15:52:00,2017-11-12T15:52:00,-2,-2
http://irail.be/vehicle/IC_L4037,http://irail.be/stations/NMBS/008811254,IC_L,2017-11-12T15:54:00,2017-11-12T15:53:00,-53,7
http://irail.be/vehicle/IC_L4037,http://irail.be/stations/NMBS/008811247,IC_L,2017-11-12T15:56:00,2017-11-12T15:56:00,16,16
http://irail.be/vehicle/IC_L4037,http://irail.be/stations/NMBS/008819406,IC_L,2017-11-12T16:02:00,2017-11-12T16:00:00,39,40
http://irail.be/vehicle/IC_L4037,http://irail.be/stations/NMBS/008811155,IC_L,2017-11-12T16:08:00,2017-11-12T16:08:00,43,43
http://irail.be/vehicle/IC_L4037,http://irail.be/stations/NMBS/008811163,IC_L,2017-11-12T16:11:00,2017-11-12T16:10:00,8,60
http://irail.be/vehicle/IC_L4037,http://irail.be/stations/NMBS/008811106,IC_L,2017-11-12T16:13:00,2017-11-12T16:13:00,8,8
http://irail.be/vehicle/IC_L4037,NO-URI,IC_L,2017-11-12T16:13:00,2017-11-12T16:13:00,18,18
http://irail.be/vehicle/IC_L4037,http://irail.be/stations/NMBS/008811171,IC_L,2017-11-12T16:14:00,2017-11-12T16:14:00,18,18
http://irail.be/vehicle/IC_L4037,http://irail.be/stations/NMBS/008811916,IC_L,2017-11-12T16:18:00,2017-11-12T16:17:00,35,17
http://irail.be/vehicle/IC_L4037,http://irail.be/stations/NMBS/008811304,IC_L,2017-11-12T16:21:00,2017-11-12T16:20:00,91,35
http://irail.be/vehicle/IC_L4037,http://irail.be/stations/NMBS/008811403,IC_L,2017-11-12T16:23:00,2017-11-12T16:23:00,91,91
http://irail.be/vehicle/IC_L4037,http://irail.be/stations/NMBS/008811411,IC_L,2017-11-12T16:25:00,2017-11-12T16:24:00,132,90
http://irail.be/vehicle/IC_L4037,http://irail.be/stations/NMBS/008814472,IC_L,2017-11-12T16:27:00,2017-11-12T16:27:00,-39,-39
http://irail.be/vehicle/IC_L4037,http://irail.be/stations/NMBS/008814456,IC_L,2017-11-12T16:29:00,2017-11-12T16:28:00,-39,-39
http://irail.be/vehicle/IC_L4037,http://irail.be/stations/NMBS/008814464,IC_L,2017-11-12T16:32:00,2017-11-12T16:32:00,-39,-39
http://irail.be/vehicle/IC_L4037,http://irail.be/stations/NMBS/008814449,IC_L,2017-11-12T16:35:00,2017-11-12T16:34:00,-39,-39
http://irail.be/vehicle/IC_L4037,http://irail.be/stations/NMBS/008814142,IC_L,2017-11-12T16:39:00,2017-11-12T16:39:00,4,4
http://irail.be/vehicle/IC_L4037,http://irail.be/stations/NMBS/008814159,IC_L,2017-11-12T16:41:00,2017-11-12T16:41:00,4,4
http://irail.be/vehicle/IC_L4037,http://irail.be/stations/NMBS/008814167,IC_L,2017-11-12T16:44:00,2017-11-12T16:43:00,-43,-13
http://irail.be/vehicle/IC_L4037,http://irail.be/stations/NMBS/008814175,IC_L,2017-11-12T16:46:00,2017-11-12T16:46:00,-43,-43
http://irail.be/vehicle/IC_L4037,http://irail.be/stations/NMBS/008814266,IC_L,2017-11-12T16:49:00,2017-11-12T16:48:00,-32,-43
http://irail.be/vehicle/IC_L4037,http://irail.be/stations/NMBS/008814258,IC_L,2017-11-12T16:52:00,2017-11-12T16:52:00,,-8
http://irail.be/vehicle/IC_L4037,http://irail.be/stations/NMBS/008833001,IC_L,2017-01-29T15:42:00,2017-01-29T15:42:00,46,
http://irail.be/vehicle/IC_L4037,http://irail.be/stations/NMBS/008811288,IC_L,2017-01-29T15:48:00,2017-01-29T15:47:00,41,41
http://irail.be/vehicle/IC_L4037,http://irail.be/stations/NMBS/008811270,IC_L,2017-01-29T15:50:00,2017-01-29T15:50:00,45,45
http://irail.be/vehicle/IC_L4037,http://irail.be/stations/NMBS/008811262,IC_L,2017-01-29T15:51:00,2017-01-29T15:51:00,45,45
http://irail.be/vehicle/IC_L4037,NO-URI,IC_L,2017-01-29T15:52:00,2017-01-29T15:52:00,120,120
http://irail.be/vehicle/IC_L4037,http://irail.be/stations/NMBS/008811254,IC_L,2017-01-29T15:54:00,2017-01-29T15:53:00,61,61
http://irail.be/vehicle/IC_L4037,http://irail.be/stations/NMBS/008811247,IC_L,2017-01-29T15:56:00,2017-01-29T15:56:00,130,130
http://irail.be/vehicle/IC_L4037,http://irail.be/stations/NMBS/008819406,IC_L,2017-01-29T16:02:00,2017-01-29T16:00:00,72,93
http://irail.be/vehicle/IC_L4037,http://irail.be/stations/NMBS/008811155,IC_L,2017-01-29T16:08:00,2017-01-29T16:08:00,113,113
http://irail.be/vehicle/IC_L4037,http://irail.be/stations/NMBS/008811163,IC_L,2017-01-29T16:11:00,2017-01-29T16:10:00,117,131
http://irail.be/vehicle/IC_L4037,http://irail.be/stations/NMBS/008811106,IC_L,2017-01-29T16:12:00,2017-01-29T16:12:00,117,117
http://irail.be/vehicle/IC_L4037,NO-URI,IC_L,2017-01-29T16:13:00,2017-01-29T16:13:00,90,90
http://irail.be/vehicle/IC_L4037,http://irail.be/stations/NMBS/008811171,IC_L,2017-01-29T16:14:00,2017-01-29T16:14:00,90,90
http://irail.be/vehicle/IC_L4037,http://irail.be/stations/NMBS/008811916,IC_L,2017-01-29T16:18:00,2017-01-29T16:17:00,122,119
http://irail.be/vehicle/IC_L4037,http://irail.be/stations/NMBS/008811304,IC_L,2017-01-29T16:22:00,2017-01-29T16:20:00,3,122
http://irail.be/vehicle/IC_L4037,http://irail.be/stations/NMBS/008811403,IC_L,2017-01-29T16:24:00,2017-01-29T16:24:00,3,3
http://irail.be/vehicle/IC_L4037,http://irail.be/stations/NMBS/008811411,IC_L,2017-01-29T16:26:00,2017-01-29T16:25:00,47,31
http://irail.be/vehicle/IC_L4037,http://irail.be/stations/NMBS/008814472,IC_L,2017-01-29T16:29:00,2017-01-29T16:29:00,-10,-10
http://irail.be/vehicle/IC_L4037,http://irail.be/stations/NMBS/008814456,IC_L,2017-01-29T16:31:00,2017-01-29T16:30:00,-10,-10
http://irail.be/vehicle/IC_L4037,http://irail.be/stations/NMBS/008814464,IC_L,2017-01-29T16:34:00,2017-01-29T16:34:00,-10,-10
http://irail.be/vehicle/IC_L4037,http://irail.be/stations/NMBS/008814449,IC_L,2017-01-29T16:36:00,2017-01-29T16:35:00,-10,-10
http://irail.be/vehicle/IC_L4037,http://irail.be/stations/NMBS/008814142,IC_L,2017-01-29T16:40:00,2017-01-29T16:40:00,605,605
http://irail.be/vehicle/IC_L4037,http://irail.be/stations/NMBS/008814159,IC_L,2017-01-29T16:41:00,2017-01-29T16:41:00,605,605
http://irail.be/vehicle/IC_L4037,http://irail.be/stations/NMBS/008814167,IC_L,2017-01-29T16:44:00,2017-01-29T16:43:00,650,650
http://irail.be/vehicle/IC_L4037,http://irail.be/stations/NMBS/008814175,IC_L,2017-01-29T16:45:00,2017-01-29T16:45:00,650,650
http://irail.be/vehicle/IC_L4037,http://irail.be/stations/NMBS/008814266,IC_L,2017-01-29T16:49:00,2017-01-29T16:48:00,596,650
http://irail.be/vehicle/IC_L4037,http://irail.be/stations/NMBS/008814258,IC_L,2017-01-29T16:52:00,2017-01-29T16:52:00,,613
http://irail.be/vehicle/IC_L4037,http://irail.be/stations/NMBS/008833001,IC_L,2017-08-05T15:41:00,2017-08-05T15:41:00,24,
http://irail.be/vehicle/IC_L4037,http://irail.be/stations/NMBS/008811288,IC_L,2017-08-05T15:47:00,2017-08-05T15:46:00,5,5
http://irail.be/vehicle/IC_L4037,http://irail.be/stations/NMBS/008811270,IC_L,2017-08-05T15:49:00,2017-08-05T15:49:00,-46,-46
http://irail.be/vehicle/IC_L4037,http://irail.be/stations/NMBS/008811262,IC_L,2017-08-05T15:51:00,2017-08-05T15:51:00,-46,-46
http://irail.be/vehicle/IC_L4037,NO-URI,IC_L,2017-08-05T15:52:00,2017-08-05T15:52:00,4,4
http://irail.be/vehicle/IC_L4037,http://irail.be/stations/NMBS/008811254,IC_L,2017-08-05T15:54:00,2017-08-05T15:53:00,8,8
http://irail.be/vehicle/IC_L4037,http://irail.be/stations/NMBS/008811247,IC_L,2017-08-05T15:56:00,2017-08-05T15:56:00,-10,-10
http://irail.be/vehicle/IC_L4037,http://irail.be/stations/NMBS/008819406,IC_L,2017-08-05T16:02:00,2017-08-05T16:00:00,3,-49
http://irail.be/vehicle/IC_L4037,http://irail.be/stations/NMBS/008811155,IC_L,2017-08-05T16:08:00,2017-08-05T16:08:00,12,12
http://irail.be/vehicle/IC_L4037,http://irail.be/stations/NMBS/008811163,IC_L,2017-08-05T16:11:00,2017-08-05T16:10:00,-25,25
http://irail.be/vehicle/IC_L4037,http://irail.be/stations/NMBS/008811106,IC_L,2017-08-05T16:13:00,2017-08-05T16:13:00,-25,-25
http://irail.be/vehicle/IC_L4037,NO-URI,IC_L,2017-08-05T16:13:00,2017-08-05T16:13:00,-18,-18
http://irail.be/vehicle/IC_L4037,http://irail.be/stations/NMBS/008811171,IC_L,2017-08-05T16:14:00,2017-08-05T16:14:00,-18,-18
http://irail.be/vehicle/IC_L4037,http://irail.be/stations/NMBS/008811916,IC_L,2017-08-05T16:18:00,2017-08-05T16:17:00,33,-35
http://irail.be/vehicle/IC_L4037,http://irail.be/stations/NMBS/008811304,IC_L,2017-08-05T16:21:00,2017-08-05T16:20:00,-3,33
http://irail.be/vehicle/IC_L4037,http://irail.be/stations/NMBS/008811403,IC_L,2017-08-05T16:23:00,2017-08-05T16:23:00,-3,-3
http://irail.be/vehicle/IC_L4037,http://irail.be/stations/NMBS/008811411,IC_L,2017-08-05T16:25:00,2017-08-05T16:24:00,47,4
http://irail.be/vehicle/IC_L4037,http://irail.be/stations/NMBS/008814472,IC_L,2017-08-05T16:27:00,2017-08-05T16:27:00,-51,-51
http://irail.be/vehicle/IC_L4037,http://irail.be/stations/NMBS/008814456,IC_L,2017-08-05T16:29:00,2017-08-05T16:28:00,-51,-51
http://irail.be/vehicle/IC_L4037,http://irail.be/stations/NMBS/008814464,IC_L,2017-08-05T16:32:00,2017-08-05T16:32:00,-51,-51
http://irail.be/vehicle/IC_L4037,http://irail.be/stations/NMBS/008814449,IC_L,2017-08-05T16:35:00,2017-08-05T16:34:00,-51,-51
http://irail.be/vehicle/IC_L4037,http://irail.be/stations/NMBS/008814142,IC_L,2017-08-05T16:39:00,2017-08-05T16:39:00,-7,-7
http://irail.be/vehicle/IC_L4037,http://irail.be/stations/NMBS/008814159,IC_L,2017-08-05T16:41:00,2017-08-05T16:41:00,-7,-7
http://irail.be/vehicle/IC_L4037,http://irail.be/stations/NMBS/008814167,IC_L,2017-08-05T16:44:00,2017-08-05T16:43:00,-44,-33
http://irail.be/vehicle/IC_L4037,http://irail.be/stations/NMBS/008814175,IC_L,2017-08-05T16:46:00,2017-08-05T16:46:00,-44,-44
http://irail.be/vehicle/IC_L4037,http://irail.be/stations/NMBS/008814266,IC_L,2017-08-05T16:49:00,2017-08-05T16:48:00,-30,-44
http://irail.be/vehicle/IC_L4037,http://irail.be/stations/NMBS/008814258,IC_L,2017-08-05T16:52:00,2017-08-05T16:52:00,,-22
http://irail.be/vehicle/IC_L4037,http://irail.be/stations/NMBS/008833001,IC_L,2017-09-24T15:41:00,2017-09-24T15:41:00,47,
http://irail.be/vehicle/IC_L4037,http://irail.be/stations/NMBS/008811288,IC_L,2017-09-24T15:47:00,2017-09-24T15:46:00,423,423
http://irail.be/vehicle/IC_L4037,http://irail.be/stations/NMBS/008811270,IC_L,2017-09-24T15:49:00,2017-09-24T15:49:00,432,432
http://irail.be/vehicle/IC_L4037,http://irail.be/stations/NMBS/008811262,IC_L,2017-09-24T15:51:00,2017-09-24T15:51:00,432,432
http://irail.be/vehicle/IC_L4037,NO-URI,IC_L,2017-09-24T15:52:00,2017-09-24T15:52:00,539,539
http://irail.be/vehicle/IC_L4037,http://irail.be/stations/NMBS/008811254,IC_L,2017-09-24T15:54:00,2017-09-24T15:53:00,529,567
http://irail.be/vehicle/IC_L4037,http://irail.be/stations/NMBS/008811247,IC_L,2017-09-24T15:56:00,2017-09-24T15:56:00,606,606
http://irail.be/vehicle/IC_L4037,http://irail.be/stations/NMBS/008819406,IC_L,2017-09-24T16:02:00,2017-09-24T16:00:00,535,573
http://irail.be/vehicle/IC_L4037,http://irail.be/stations/NMBS/008811155,IC_L,2017-09-24T16:08:00,2017-09-24T16:08:00,634,634
http://irail.be/vehicle/IC_L4037,http://irail.be/stations/NMBS/008811163,IC_L,2017-09-24T16:11:00,2017-09-24T16:10:00,637,637
http://irail.be/vehicle/IC_L4037,http://irail.be/stations/NMBS/008811106,IC_L,2017-09-24T16:13:00,2017-09-24T16:13:00,563,563
http://irail.be/vehicle/IC_L4037,NO-URI,IC_L,2017-09-24T16:13:00,2017-09-24T16:13:00,565,565
http://irail.be/vehicle/IC_L4037,http://irail.be/stations/NMBS/008811171,IC_L,2017-09-24T16:14:00,2017-09-24T16:14:00,565,565
http://irail.be/vehicle/IC_L4037,http://irail.be/stations/NMBS/008811916,IC_L,2017-09-24T16:18:00,2017-09-24T16:17:00,534,535
http://irail.be/vehicle/IC_L4037,http://irail.be/stations/NMBS/008811304,IC_L,2017-09-24T16:21:00,2017-09-24T16:20:00,522,534
http://irail.be/vehicle/IC_L4037,http://irail.be/stations/NMBS/008811403,IC_L,2017-09-24T16:23:00,2017-09-24T16:23:00,522,522
http://irail.be/vehicle/IC_L4037,http://irail.be/stations/NMBS/008811411,IC_L,2017-09-24T16:25:00,2017-09-24T16:24:00,546,516
http://irail.be/vehicle/IC_L4037,http://irail.be/stations/NMBS/008814472,IC_L,2017-09-24T16:27:00,2017-09-24T16:27:00,334,334
http://irail.be/vehicle/IC_L4037,http://irail.be/stations/NMBS/008814456,IC_L,2017-09-24T16:29:00,2017-09-24T16:28:00,334,334
http://irail.be/vehicle/IC_L4037,http://irail.be/stations/NMBS/008814464,IC_L,2017-09-24T16:32:00,2017-09-24T16:32:00,334,334
http://irail.be/vehicle/IC_L4037,http://irail.be/stations/NMBS/008814449,IC_L,2017-09-24T16:35:00,2017-09-24T16:34:00,334,334
http://irail.be/vehicle/IC_L4037,http://irail.be/stations/NMBS/008814142,IC_L,2017-09-24T16:39:00,2017-09-24T16:39:00,732,732
http://irail.be/vehicle/IC_L4037,http://irail.be/stations/NMBS/008814159,IC_L,2017-09-24T16:41:00,2017-09-24T16:41:00,732,732
http://irail.be/vehicle/IC_L4037,http://irail.be/stations/NMBS/008814167,IC_L,2017-09-24T16:44:00,2017-09-24T16:43:00,695,695
http://irail.be/vehicle/IC_L4037,http://irail.be/stations/NMBS/008814175,IC_L,2017-09-24T16:46:00,2017-09-24T16:46:00,592,592
http://irail.be/vehicle/IC_L4037,http://irail.be/stations/NMBS/008814266,IC_L,2017-09-24T16:49:00,2017-09-24T16:48:00,539,592
http://irail.be/vehicle/IC_L4037,http://irail.be/stations/NMBS/008814258,IC_L,2017-09-24T16:52:00,2017-09-24T16:52:00,,535
http://irail.be/vehicle/IC_L4037,http://irail.be/stations/NMBS/008833001,IC_L,2017-04-23T15:42:00,2017-04-23T15:42:00,30,
http://irail.be/vehicle/IC_L4037,http://irail.be/stations/NMBS/008811288,IC_L,2017-04-23T15:48:00,2017-04-23T15:47:00,11,11
http://irail.be/vehicle/IC_L4037,http://irail.be/stations/NMBS/008811270,IC_L,2017-04-23T15:50:00,2017-04-23T15:50:00,-3,-3
http://irail.be/vehicle/IC_L4037,http://irail.be/stations/NMBS/008811262,IC_L,2017-04-23T15:51:00,2017-04-23T15:51:00,-3,-3
http://irail.be/vehicle/IC_L4037,NO-URI,IC_L,2017-04-23T15:52:00,2017-04-23T15:52:00,44,44
http://irail.be/vehicle/IC_L4037,http://irail.be/stations/NMBS/008811254,IC_L,2017-04-23T15:54:00,2017-04-23T15:53:00,44,44
http://irail.be/vehicle/IC_L4037,http://irail.be/stations/NMBS/008811247,IC_L,2017-04-23T15:56:00,2017-04-23T15:56:00,40,40
http://irail.be/vehicle/IC_L4037,http://irail.be/stations/NMBS/008819406,IC_L,2017-04-23T16:02:00,2017-04-23T16:00:00,82,133
http://irail.be/vehicle/IC_L4037,http://irail.be/stations/NMBS/008811155,IC_L,2017-04-23T16:08:00,2017-04-23T16:08:00,51,51
http://irail.be/vehicle/IC_L4037,http://irail.be/stations/NMBS/008811163,IC_L,2017-04-23T16:11:00,2017-04-23T16:10:00,44,53
http://irail.be/vehicle/IC_L4037,http://irail.be/stations/NMBS/008811106,IC_L,2017-04-23T16:12:00,2017-04-23T16:12:00,44,44
http://irail.be/vehicle/IC_L4037,NO-URI,IC_L,2017-04-23T16:13:00,2017-04-23T16:13:00,4,4
http://irail.be/vehicle/IC_L4037,http://irail.be/stations/NMBS/008811171,IC_L,2017-04-23T16:14:00,2017-04-23T16:14:00,4,4
http://irail.be/vehicle/IC_L4037,http://irail.be/stations/NMBS/008811197,IC_L,2017-04-23T16:19:00,2017-04-23T16:16:00,-1,-1
http://irail.be/vehicle/IC_L4037,http://irail.be/stations/NMBS/008811205,IC_L,2017-04-23T16:22:00,2017-04-23T16:22:00,47,-1
http://irail.be/vehicle/IC_L4037,http://irail.be/stations/NMBS/008814472,IC_L,2017-04-23T16:24:00,2017-04-23T16:24:00,-18,-18
http://irail.be/vehicle/IC_L4037,http://irail.be/stations/NMBS/008814456,IC_L,2017-04-23T16:27:00,2017-04-23T16:26:00,-18,-18
http://irail.be/vehicle/IC_L4037,http://irail.be/stations/NMBS/008814464,IC_L,2017-04-23T16:30:00,2017-04-23T16:30:00,-18,-18
http://irail.be/vehicle/IC_L4037,http://irail.be/stations/NMBS/008814449,IC_L,2017-04-23T16:32:00,2017-04-23T16:31:00,-18,-18
http://irail.be/vehicle/IC_L4037,http://irail.be/stations/NMBS/008814142,IC_L,2017-04-23T16:36:00,2017-04-23T16:36:00,80,80
http://irail.be/vehicle/IC_L4037,http://irail.be/stations/NMBS/008814159,IC_L,2017-04-23T16:37:00,2017-04-23T16:37:00,80,80
http://irail.be/vehicle/IC_L4037,http://irail.be/stations/NMBS/008814167,IC_L,2017-04-23T16:40:00,2017-04-23T16:39:00,75,75
http://irail.be/vehicle/IC_L4037,http://irail.be/stations/NMBS/008814175,IC_L,2017-04-23T16:41:00,2017-04-23T16:41:00,-8,-8
http://irail.be/vehicle/IC_L4037,http://irail.be/stations/NMBS/008814266,IC_L,2017-04-23T16:45:00,2017-04-23T16:44:00,-2,-8
http://irail.be/vehicle/IC_L4037,http://irail.be/stations/NMBS/008814258,IC_L,2017-04-23T16:48:00,2017-04-23T16:48:00,,8
http://irail.be/vehicle/IC_L4037,http://irail.be/stations/NMBS/008833001,IC_L,2017-08-12T15:41:00,2017-08-12T15:41:00,53,
http://irail.be/vehicle/IC_L4037,http://irail.be/stations/NMBS/008811288,IC_L,2017-08-12T15:47:00,2017-08-12T15:46:00,2,2
http://irail.be/vehicle/IC_L4037,http://irail.be/stations/NMBS/008811270,IC_L,2017-08-12T15:49:00,2017-08-12T15:49:00,-68,-68
http://irail.be/vehicle/IC_L4037,http://irail.be/stations/NMBS/008811262,IC_L,2017-08-12T15:51:00,2017-08-12T15:51:00,-68,-68
http://irail.be/vehicle/IC_L4037,NO-URI,IC_L,2017-08-12T15:52:00,2017-08-12T15:52:00,-12,-12
http://irail.be/vehicle/IC_L4037,http://irail.be/stations/NMBS/008811254,IC_L,2017-08-12T15:54:00,2017-08-12T15:53:00,-49,6
http://irail.be/vehicle/IC_L4037,http://irail.be/stations/NMBS/008811247,IC_L,2017-08-12T15:56:00,2017-08-12T15:56:00,6,6
http://irail.be/vehicle/IC_L4037,http://irail.be/stations/NMBS/008819406,IC_L,2017-08-12T16:02:00,2017-08-12T16:00:00,12,-13
http://irail.be/vehicle/IC_L4037,http://irail.be/stations/NMBS/008811155,IC_L,2017-08-12T16:08:00,2017-08-12T16:08:00,206,206
http://irail.be/vehicle/IC_L4037,http://irail.be/stations/NMBS/008811163,IC_L,2017-08-12T16:11:00,2017-08-12T16:10:00,220,220
http://irail.be/vehicle/IC_L4037,http://irail.be/stations/NMBS/008811106,IC_L,2017-08-12T16:13:00,2017-08-12T16:13:00,154,154
http://irail.be/vehicle/IC_L4037,NO-URI,IC_L,2017-08-12T16:13:00,2017-08-12T16:13:00,161,161
http://irail.be/vehicle/IC_L4037,http://irail.be/stations/NMBS/008811171,IC_L,2017-08-12T16:14:00,2017-08-12T16:14:00,161,161
http://irail.be/vehicle/IC_L4037,http://irail.be/stations/NMBS/008811916,IC_L,2017-08-12T16:18:00,2017-08-12T16:17:00,245,251
http://irail.be/vehicle/IC_L4037,http://irail.be/stations/NMBS/008811304,IC_L,2017-08-12T16:21:00,2017-08-12T16:20:00,186,245
http://irail.be/vehicle/IC_L4037,http://irail.be/stations/NMBS/008811403,IC_L,2017-08-12T16:23:00,2017-08-12T16:23:00,186,186
http://irail.be/vehicle/IC_L4037,http://irail.be/stations/NMBS/008811411,IC_L,2017-08-12T16:25:00,2017-08-12T16:24:00,213,178
http://irail.be/vehicle/IC_L4037,http://irail.be/stations/NMBS/008814472,IC_L,2017-08-12T16:27:00,2017-08-12T16:27:00,16,16
http://irail.be/vehicle/IC_L4037,http://irail.be/stations/NMBS/008814456,IC_L,2017-08-12T16:29:00,2017-08-12T16:28:00,16,16
http://irail.be/vehicle/IC_L4037,http://irail.be/stations/NMBS/008814464,IC_L,2017-08-12T16:32:00,2017-08-12T16:32:00,16,16
http://irail.be/vehicle/IC_L4037,http://irail.be/stations/NMBS/008814449,IC_L,2017-08-12T16:35:00,2017-08-12T16:34:00,16,16
http://irail.be/vehicle/IC_L4037,http://irail.be/stations/NMBS/008814142,IC_L,2017-08-12T16:39:00,2017-08-12T16:39:00,8,8
http://irail.be/vehicle/IC_L4037,http://irail.be/stations/NMBS/008814159,IC_L,2017-08-12T16:41:00,2017-08-12T16:41:00,8,8
http://irail.be/vehicle/IC_L4037,http://irail.be/stations/NMBS/008814167,IC_L,2017-08-12T16:44:00,2017-08-12T16:43:00,-45,-24
http://irail.be/vehicle/IC_L4037,http://irail.be/stations/NMBS/008814175,IC_L,2017-08-12T16:46:00,2017-08-12T16:46:00,-45,-45
http://irail.be/vehicle/IC_L4037,http://irail.be/stations/NMBS/008814266,IC_L,2017-08-12T16:49:00,2017-08-12T16:48:00,-16,-45
http://irail.be/vehicle/IC_L4037,http://irail.be/stations/NMBS/008814258,IC_L,2017-08-12T16:52:00,2017-08-12T16:52:00,,-5
http://irail.be/vehicle/IC_L4037,http://irail.be/stations/NMBS/008833001,IC_L,2017-05-06T15:42:00,2017-05-06T15:42:00,37,
http://irail.be/vehicle/IC_L4037,http://irail.be/stations/NMBS/008811288,IC_L,2017-05-06T15:48:00,2017-05-06T15:47:00,2,2
http://irail.be/vehicle/IC_L4037,http://irail.be/stations/NMBS/008811270,IC_L,2017-05-06T15:50:00,2017-05-06T15:50:00,-2,-2
http://irail.be/vehicle/IC_L4037,http://irail.be/stations/NMBS/008811262,IC_L,2017-05-06T15:51:00,2017-05-06T15:51:00,-2,-2
http://irail.be/vehicle/IC_L4037,NO-URI,IC_L,2017-05-06T15:52:00,2017-05-06T15:52:00,45,45
http://irail.be/vehicle/IC_L4037,http://irail.be/stations/NMBS/008811254,IC_L,2017-05-06T15:54:00,2017-05-06T15:53:00,45,45
http://irail.be/vehicle/IC_L4037,http://irail.be/stations/NMBS/008811247,IC_L,2017-05-06T15:56:00,2017-05-06T15:56:00,46,46
http://irail.be/vehicle/IC_L4037,http://irail.be/stations/NMBS/008819406,IC_L,2017-05-06T16:02:00,2017-05-06T16:00:00,7,28
http://irail.be/vehicle/IC_L4037,http://irail.be/stations/NMBS/008811155,IC_L,2017-05-06T16:08:00,2017-05-06T16:08:00,87,87
http://irail.be/vehicle/IC_L4037,http://irail.be/stations/NMBS/008811163,IC_L,2017-05-06T16:11:00,2017-05-06T16:10:00,76,89
http://irail.be/vehicle/IC_L4037,http://irail.be/stations/NMBS/008811106,IC_L,2017-05-06T16:12:00,2017-05-06T16:12:00,76,76
http://irail.be/vehicle/IC_L4037,NO-URI,IC_L,2017-05-06T16:13:00,2017-05-06T16:13:00,42,42
http://irail.be/vehicle/IC_L4037,http://irail.be/stations/NMBS/008811171,IC_L,2017-05-06T16:14:00,2017-05-06T16:14:00,42,42
http://irail.be/vehicle/IC_L4037,http://irail.be/stations/NMBS/008811916,IC_L,2017-05-06T16:18:00,2017-05-06T16:17:00,143,122
http://irail.be/vehicle/IC_L4037,http://irail.be/stations/NMBS/008811304,IC_L,2017-05-06T16:22:00,2017-05-06T16:20:00,74,143
http://irail.be/vehicle/IC_L4037,http://irail.be/stations/NMBS/008811403,IC_L,2017-05-06T16:23:00,2017-05-06T16:23:00,74,74
http://irail.be/vehicle/IC_L4037,http://irail.be/stations/NMBS/008811411,IC_L,2017-05-06T16:26:00,2017-05-06T16:25:00,117,35
http://irail.be/vehicle/IC_L4037,http://irail.be/stations/NMBS/008814472,IC_L,2017-05-06T16:28:00,2017-05-06T16:28:00,48,48
http://irail.be/vehicle/IC_L4037,http://irail.be/stations/NMBS/008814456,IC_L,2017-05-06T16:31:00,2017-05-06T16:30:00,48,48
http://irail.be/vehicle/IC_L4037,http://irail.be/stations/NMBS/008814464,IC_L,2017-05-06T16:34:00,2017-05-06T16:34:00,48,48
http://irail.be/vehicle/IC_L4037,http://irail.be/stations/NMBS/008814449,IC_L,2017-05-06T16:36:00,2017-05-06T16:35:00,48,48
http://irail.be/vehicle/IC_L4037,http://irail.be/stations/NMBS/008814142,IC_L,2017-05-06T16:38:00,2017-05-06T16:38:00,252,252
http://irail.be/vehicle/IC_L4037,http://irail.be/stations/NMBS/008814159,IC_L,2017-05-06T16:39:00,2017-05-06T16:39:00,252,252
http://irail.be/vehicle/IC_L4037,http://irail.be/stations/NMBS/008814167,IC_L,2017-05-06T16:44:00,2017-05-06T16:43:00,242,242
http://irail.be/vehicle/IC_L4037,http://irail.be/stations/NMBS/008814175,IC_L,2017-05-06T16:45:00,2017-05-06T16:45:00,59,59
http://irail.be/vehicle/IC_L4037,http://irail.be/stations/NMBS/008814266,IC_L,2017-05-06T16:49:00,2017-05-06T16:48:00,17,59
http://irail.be/vehicle/IC_L4037,http://irail.be/stations/NMBS/008814258,IC_L,2017-05-06T16:52:00,2017-05-06T16:52:00,,26
http://irail.be/vehicle/IC_L4037,http://irail.be/stations/NMBS/008833001,IC_L,2017-09-17T15:41:00,2017-09-17T15:41:00,74,
http://irail.be/vehicle/IC_L4037,http://irail.be/stations/NMBS/008811288,IC_L,2017-09-17T15:47:00,2017-09-17T15:46:00,17,17
http://irail.be/vehicle/IC_L4037,http://irail.be/stations/NMBS/008811270,IC_L,2017-09-17T15:49:00,2017-09-17T15:49:00,-36,-36
http://irail.be/vehicle/IC_L4037,http://irail.be/stations/NMBS/008811262,IC_L,2017-09-17T15:51:00,2017-09-17T15:51:00,-36,-36
http://irail.be/vehicle/IC_L4037,NO-URI,IC_L,2017-09-17T15:52:00,2017-09-17T15:52:00,23,23
http://irail.be/vehicle/IC_L4037,http://irail.be/stations/NMBS/008811254,IC_L,2017-09-17T15:54:00,2017-09-17T15:53:00,31,31
http://irail.be/vehicle/IC_L4037,http://irail.be/stations/NMBS/008811247,IC_L,2017-09-17T15:56:00,2017-09-17T15:56:00,23,23
http://irail.be/vehicle/IC_L4037,http://irail.be/stations/NMBS/008819406,IC_L,2017-09-17T16:02:00,2017-09-17T16:00:00,10,-8
http://irail.be/vehicle/IC_L4037,http://irail.be/stations/NMBS/008811155,IC_L,2017-09-17T16:08:00,2017-09-17T16:08:00,-7,-7
http://irail.be/vehicle/IC_L4037,http://irail.be/stations/NMBS/008811163,IC_L,2017-09-17T16:11:00,2017-09-17T16:10:00,-46,-3
http://irail.be/vehicle/IC_L4037,http://irail.be/stations/NMBS/008811106,IC_L,2017-09-17T16:13:00,2017-09-17T16:13:00,-46,-46
http://irail.be/vehicle/IC_L4037,NO-URI,IC_L,2017-09-17T16:13:00,2017-09-17T16:13:00,-39,-39
http://irail.be/vehicle/IC_L4037,http://irail.be/stations/NMBS/008811171,IC_L,2017-09-17T16:14:00,2017-09-17T16:14:00,-39,-39
http://irail.be/vehicle/IC_L4037,http://irail.be/stations/NMBS/008811916,IC_L,2017-09-17T16:18:00,2017-09-17T16:17:00,38,-42
http://irail.be/vehicle/IC_L4037,http://irail.be/stations/NMBS/008811304,IC_L,2017-09-17T16:21:00,2017-09-17T16:20:00,12,38
http://irail.be/vehicle/IC_L4037,http://irail.be/stations/NMBS/008811403,IC_L,2017-09-17T16:23:00,2017-09-17T16:23:00,12,12
http://irail.be/vehicle/IC_L4037,http://irail.be/stations/NMBS/008811411,IC_L,2017-09-17T16:25:00,2017-09-17T16:24:00,122,51
http://irail.be/vehicle/IC_L4037,http://irail.be/stations/NMBS/008814472,IC_L,2017-09-17T16:27:00,2017-09-17T16:27:00,8,8
http://irail.be/vehicle/IC_L4037,http://irail.be/stations/NMBS/008814456,IC_L,2017-09-17T16:29:00,2017-09-17T16:28:00,8,8
http://irail.be/vehicle/IC_L4037,http://irail.be/stations/NMBS/008814464,IC_L,2017-09-17T16:32:00,2017-09-17T16:32:00,8,8
http://irail.be/vehicle/IC_L4037,http://irail.be/stations/NMBS/008814449,IC_L,2017-09-17T16:35:00,2017-09-17T16:34:00,8,8
http://irail.be/vehicle/IC_L4037,http://irail.be/stations/NMBS/008814142,IC_L,2017-09-17T16:39:00,2017-09-17T16:39:00,93,93
http://irail.be/vehicle/IC_L4037,http://irail.be/stations/NMBS/008814159,IC_L,2017-09-17T16:41:00,2017-09-17T16:41:00,93,93
http://irail.be/vehicle/IC_L4037,http://irail.be/stations/NMBS/008814167,IC_L,2017-09-17T16:44:00,2017-09-17T16:43:00,58,58
http://irail.be/vehicle/IC_L4037,http://irail.be/stations/NMBS/008814175,IC_L,2017-09-17T16:46:00,2017-09-17T16:46:00,-14,-14
http://irail.be/vehicle/IC_L4037,http://irail.be/stations/NMBS/008814266,IC_L,2017-09-17T16:49:00,2017-09-17T16:48:00,5,-14
http://irail.be/vehicle/IC_L4037,http://irail.be/stations/NMBS/008814258,IC_L,2017-09-17T16:52:00,2017-09-17T16:52:00,,7
http://irail.be/vehicle/IC_L4037,http://irail.be/stations/NMBS/008833001,IC_L,2017-01-22T15:42:00,2017-01-22T15:42:00,19,
http://irail.be/vehicle/IC_L4037,http://irail.be/stations/NMBS/008811288,IC_L,2017-01-22T15:48:00,2017-01-22T15:47:00,22,22
http://irail.be/vehicle/IC_L4037,http://irail.be/stations/NMBS/008811270,IC_L,2017-01-22T15:50:00,2017-01-22T15:50:00,84,84
http://irail.be/vehicle/IC_L4037,http://irail.be/stations/NMBS/008811262,IC_L,2017-01-22T15:51:00,2017-01-22T15:51:00,84,84
http://irail.be/vehicle/IC_L4037,http://irail.be/stations/NMBS/008811254,IC_L,2017-01-22T15:54:00,2017-01-22T15:53:00,33,84
http://irail.be/vehicle/IC_L4037,http://irail.be/stations/NMBS/008811247,IC_L,2017-01-22T15:56:00,2017-01-22T15:56:00,92,92
http://irail.be/vehicle/IC_L4037,http://irail.be/stations/NMBS/008819406,IC_L,2017-01-22T16:02:00,2017-01-22T16:00:00,127,152
http://irail.be/vehicle/IC_L4037,http://irail.be/stations/NMBS/008811155,IC_L,2017-01-22T16:08:00,2017-01-22T16:08:00,148,148
http://irail.be/vehicle/IC_L4037,http://irail.be/stations/NMBS/008811163,IC_L,2017-01-22T16:11:00,2017-01-22T16:10:00,147,167
http://irail.be/vehicle/IC_L4037,http://irail.be/stations/NMBS/008811106,IC_L,2017-01-22T16:12:00,2017-01-22T16:12:00,147,147
http://irail.be/vehicle/IC_L4037,NO-URI,IC_L,2017-01-22T16:13:00,2017-01-22T16:13:00,112,112
http://irail.be/vehicle/IC_L4037,http://irail.be/stations/NMBS/008811171,IC_L,2017-01-22T16:14:00,2017-01-22T16:14:00,112,112
http://irail.be/vehicle/IC_L4037,http://irail.be/stations/NMBS/008811916,IC_L,2017-01-22T16:18:00,2017-01-22T16:17:00,114,117
http://irail.be/vehicle/IC_L4037,http://irail.be/stations/NMBS/008811304,IC_L,2017-01-22T16:22:00,2017-01-22T16:20:00,40,114
http://irail.be/vehicle/IC_L4037,http://irail.be/stations/NMBS/008811403,IC_L,2017-01-22T16:23:00,2017-01-22T16:23:00,40,40
http://irail.be/vehicle/IC_L4037,http://irail.be/stations/NMBS/008811411,IC_L,2017-01-22T16:26:00,2017-01-22T16:25:00,29,8
http://irail.be/vehicle/IC_L4037,http://irail.be/stations/NMBS/008814472,IC_L,2017-01-22T16:29:00,2017-01-22T16:29:00,-67,-67
http://irail.be/vehicle/IC_L4037,http://irail.be/stations/NMBS/008814456,IC_L,2017-01-22T16:31:00,2017-01-22T16:30:00,-67,-67
http://irail.be/vehicle/IC_L4037,http://irail.be/stations/NMBS/008814464,IC_L,2017-01-22T16:34:00,2017-01-22T16:34:00,-67,-67
http://irail.be/vehicle/IC_L4037,http://irail.be/stations/NMBS/008814449,IC_L,2017-01-22T16:36:00,2017-01-22T16:35:00,-67,-67
http://irail.be/vehicle/IC_L4037,http://irail.be/stations/NMBS/008814142,IC_L,2017-01-22T16:40:00,2017-01-22T16:40:00,-31,-31
http://irail.be/vehicle/IC_L4037,http://irail.be/stations/NMBS/008814159,IC_L,2017-01-22T16:41:00,2017-01-22T16:41:00,-31,-31
http://irail.be/vehicle/IC_L4037,http://irail.be/stations/NMBS/008814167,IC_L,2017-01-22T16:44:00,2017-01-22T16:43:00,-76,-24
http://irail.be/vehicle/IC_L4037,http://irail.be/stations/NMBS/008814175,IC_L,2017-01-22T16:45:00,2017-01-22T16:45:00,-76,-76
http://irail.be/vehicle/IC_L4037,http://irail.be/stations/NMBS/008814266,IC_L,2017-01-22T16:49:00,2017-01-22T16:48:00,-74,-76
http://irail.be/vehicle/IC_L4037,http://irail.be/stations/NMBS/008814258,IC_L,2017-01-22T16:52:00,2017-01-22T16:52:00,,-57
http://irail.be/vehicle/IC_L4037,http://irail.be/stations/NMBS/008833001,IC_L,2017-09-16T15:41:00,2017-09-16T15:41:00,38,
http://irail.be/vehicle/IC_L4037,http://irail.be/stations/NMBS/008811288,IC_L,2017-09-16T15:47:00,2017-09-16T15:46:00,16,16
http://irail.be/vehicle/IC_L4037,http://irail.be/stations/NMBS/008811270,IC_L,2017-09-16T15:49:00,2017-09-16T15:49:00,-50,-50
http://irail.be/vehicle/IC_L4037,http://irail.be/stations/NMBS/008811262,IC_L,2017-09-16T15:51:00,2017-09-16T15:51:00,-50,-50
http://irail.be/vehicle/IC_L4037,NO-URI,IC_L,2017-09-16T15:52:00,2017-09-16T15:52:00,-9,-9
http://irail.be/vehicle/IC_L4037,http://irail.be/stations/NMBS/008811254,IC_L,2017-09-16T15:54:00,2017-09-16T15:53:00,-36,-12
http://irail.be/vehicle/IC_L4037,http://irail.be/stations/NMBS/008811247,IC_L,2017-09-16T15:56:00,2017-09-16T15:56:00,15,15
http://irail.be/vehicle/IC_L4037,http://irail.be/stations/NMBS/008819406,IC_L,2017-09-16T16:02:00,2017-09-16T16:00:00,0,-13
http://irail.be/vehicle/IC_L4037,http://irail.be/stations/NMBS/008811155,IC_L,2017-09-16T16:08:00,2017-09-16T16:08:00,-25,-25
http://irail.be/vehicle/IC_L4037,http://irail.be/stations/NMBS/008811163,IC_L,2017-09-16T16:11:00,2017-09-16T16:10:00,-30,-11
http://irail.be/vehicle/IC_L4037,http://irail.be/stations/NMBS/008811106,IC_L,2017-09-16T16:13:00,2017-09-16T16:13:00,-30,-30
http://irail.be/vehicle/IC_L4037,NO-URI,IC_L,2017-09-16T16:13:00,2017-09-16T16:13:00,-25,-25
http://irail.be/vehicle/IC_L4037,http://irail.be/stations/NMBS/008811171,IC_L,2017-09-16T16:14:00,2017-09-16T16:14:00,-25,-25
http://irail.be/vehicle/IC_L4037,http://irail.be/stations/NMBS/008811916,IC_L,2017-09-16T16:18:00,2017-09-16T16:17:00,27,-29
http://irail.be/vehicle/IC_L4037,http://irail.be/stations/NMBS/008811304,IC_L,2017-09-16T16:21:00,2017-09-16T16:20:00,5,27
http://irail.be/vehicle/IC_L4037,http://irail.be/stations/NMBS/008811403,IC_L,2017-09-16T16:23:00,2017-09-16T16:23:00,5,5
http://irail.be/vehicle/IC_L4037,http://irail.be/stations/NMBS/008811411,IC_L,2017-09-16T16:25:00,2017-09-16T16:24:00,70,16
http://irail.be/vehicle/IC_L4037,http://irail.be/stations/NMBS/008814472,IC_L,2017-09-16T16:27:00,2017-09-16T16:27:00,-58,-58
http://irail.be/vehicle/IC_L4037,http://irail.be/stations/NMBS/008814456,IC_L,2017-09-16T16:29:00,2017-09-16T16:28:00,-58,-58
http://irail.be/vehicle/IC_L4037,http://irail.be/stations/NMBS/008814464,IC_L,2017-09-16T16:32:00,2017-09-16T16:32:00,-58,-58
http://irail.be/vehicle/IC_L4037,http://irail.be/stations/NMBS/008814449,IC_L,2017-09-16T16:35:00,2017-09-16T16:34:00,-58,-58
http://irail.be/vehicle/IC_L4037,http://irail.be/stations/NMBS/008814142,IC_L,2017-09-16T16:39:00,2017-09-16T16:39:00,-4,-4
http://irail.be/vehicle/IC_L4037,http://irail.be/stations/NMBS/008814159,IC_L,2017-09-16T16:41:00,2017-09-16T16:41:00,-4,-4
http://irail.be/vehicle/IC_L4037,http://irail.be/stations/NMBS/008814167,IC_L,2017-09-16T16:44:00,2017-09-16T16:43:00,-83,-30
http://irail.be/vehicle/IC_L4037,http://irail.be/stations/NMBS/008814175,IC_L,2017-09-16T16:46:00,2017-09-16T16:46:00,-83,-83
http://irail.be/vehicle/IC_L4037,http://irail.be/stations/NMBS/008814266,IC_L,2017-09-16T16:49:00,2017-09-16T16:48:00,0,-83
http://irail.be/vehicle/IC_L4037,http://irail.be/stations/NMBS/008814258,IC_L,2017-09-16T16:52:00,2017-09-16T16:52:00,,12
http://irail.be/vehicle/IC_L4037,http://irail.be/stations/NMBS/008833001,IC_L,2017-05-14T15:42:00,2017-05-14T15:42:00,19,
http://irail.be/vehicle/IC_L4037,http://irail.be/stations/NMBS/008811288,IC_L,2017-05-14T15:48:00,2017-05-14T15:47:00,-5,-5
http://irail.be/vehicle/IC_L4037,http://irail.be/stations/NMBS/008811270,IC_L,2017-05-14T15:50:00,2017-05-14T15:50:00,-5,-5
http://irail.be/vehicle/IC_L4037,http://irail.be/stations/NMBS/008811262,IC_L,2017-05-14T15:51:00,2017-05-14T15:51:00,-5,-5
http://irail.be/vehicle/IC_L4037,NO-URI,IC_L,2017-05-14T15:52:00,2017-05-14T15:52:00,43,43
http://irail.be/vehicle/IC_L4037,http://irail.be/stations/NMBS/008811254,IC_L,2017-05-14T15:54:00,2017-05-14T15:53:00,44,44
http://irail.be/vehicle/IC_L4037,http://irail.be/stations/NMBS/008811247,IC_L,2017-05-14T15:56:00,2017-05-14T15:56:00,19,19
http://irail.be/vehicle/IC_L4037,http://irail.be/stations/NMBS/008819406,IC_L,2017-05-14T16:02:00,2017-05-14T16:00:00,-4,-8
http://irail.be/vehicle/IC_L4037,http://irail.be/stations/NMBS/008811155,IC_L,2017-05-14T16:08:00,2017-05-14T16:08:00,-27,-27
http://irail.be/vehicle/IC_L4037,http://irail.be/stations/NMBS/008811163,IC_L,2017-05-14T16:11:00,2017-05-14T16:10:00,-2,-13
http://irail.be/vehicle/IC_L4037,http://irail.be/stations/NMBS/008811106,IC_L,2017-05-14T16:12:00,2017-05-14T16:12:00,-2,-2
http://irail.be/vehicle/IC_L4037,NO-URI,IC_L,2017-05-14T16:13:00,2017-05-14T16:13:00,-43,-43
http://irail.be/vehicle/IC_L4037,http://irail.be/stations/NMBS/008811171,IC_L,2017-05-14T16:14:00,2017-05-14T16:14:00,-43,-43
http://irail.be/vehicle/IC_L4037,http://irail.be/stations/NMBS/008811197,IC_L,2017-05-14T16:19:00,2017-05-14T16:16:00,-24,-24
http://irail.be/vehicle/IC_L4037,http://irail.be/stations/NMBS/008811205,IC_L,2017-05-14T16:22:00,2017-05-14T16:22:00,36,-24
http://irail.be/vehicle/IC_L4037,http://irail.be/stations/NMBS/008814472,IC_L,2017-05-14T16:24:00,2017-05-14T16:24:00,-26,-26
http://irail.be/vehicle/IC_L4037,http://irail.be/stations/NMBS/008814456,IC_L,2017-05-14T16:27:00,2017-05-14T16:26:00,-26,-26
http://irail.be/vehicle/IC_L4037,http://irail.be/stations/NMBS/008814464,IC_L,2017-05-14T16:30:00,2017-05-14T16:30:00,-26,-26
http://irail.be/vehicle/IC_L4037,http://irail.be/stations/NMBS/008814449,IC_L,2017-05-14T16:32:00,2017-05-14T16:31:00,-26,-26
http://irail.be/vehicle/IC_L4037,http://irail.be/stations/NMBS/008814142,IC_L,2017-05-14T16:36:00,2017-05-14T16:36:00,26,26
http://irail.be/vehicle/IC_L4037,http://irail.be/stations/NMBS/008814159,IC_L,2017-05-14T16:37:00,2017-05-14T16:37:00,26,26
http://irail.be/vehicle/IC_L4037,http://irail.be/stations/NMBS/008814167,IC_L,2017-05-14T16:40:00,2017-05-14T16:39:00,-35,23
http://irail.be/vehicle/IC_L4037,http://irail.be/stations/NMBS/008814175,IC_L,2017-05-14T16:41:00,2017-05-14T16:41:00,-35,-35
http://irail.be/vehicle/IC_L4037,http://irail.be/stations/NMBS/008814266,IC_L,2017-05-14T16:45:00,2017-05-14T16:44:00,-33,-35
http://irail.be/vehicle/IC_L4037,http://irail.be/stations/NMBS/008814258,IC_L,2017-05-14T16:48:00,2017-05-14T16:48:00,,-20
http://irail.be/vehicle/IC_L4037,http://irail.be/stations/NMBS/008833001,IC_L,2017-01-07T15:42:00,2017-01-07T15:42:00,29,
http://irail.be/vehicle/IC_L4037,http://irail.be/stations/NMBS/008811288,IC_L,2017-01-07T15:48:00,2017-01-07T15:47:00,37,37
http://irail.be/vehicle/IC_L4037,http://irail.be/stations/NMBS/008811270,IC_L,2017-01-07T15:50:00,2017-01-07T15:50:00,43,43
http://irail.be/vehicle/IC_L4037,http://irail.be/stations/NMBS/008811262,IC_L,2017-01-07T15:51:00,2017-01-07T15:51:00,43,43
http://irail.be/vehicle/IC_L4037,NO-URI,IC_L,2017-01-07T15:52:00,2017-01-07T15:52:00,103,103
http://irail.be/vehicle/IC_L4037,http://irail.be/stations/NMBS/008811254,IC_L,2017-01-07T15:54:00,2017-01-07T15:53:00,62,103
http://irail.be/vehicle/IC_L4037,http://irail.be/stations/NMBS/008811247,IC_L,2017-01-07T15:56:00,2017-01-07T15:56:00,127,127
http://irail.be/vehicle/IC_L4037,http://irail.be/stations/NMBS/008819406,IC_L,2017-01-07T16:02:00,2017-01-07T16:00:00,25,72
http://irail.be/vehicle/IC_L4037,http://irail.be/stations/NMBS/008811155,IC_L,2017-01-07T16:08:00,2017-01-07T16:08:00,-2,-2
http://irail.be/vehicle/IC_L4037,http://irail.be/stations/NMBS/008811163,IC_L,2017-01-07T16:11:00,2017-01-07T16:10:00,33,19
http://irail.be/vehicle/IC_L4037,http://irail.be/stations/NMBS/008811106,IC_L,2017-01-07T16:12:00,2017-01-07T16:12:00,33,33
http://irail.be/vehicle/IC_L4037,NO-URI,IC_L,2017-01-07T16:13:00,2017-01-07T16:13:00,-4,-4
http://irail.be/vehicle/IC_L4037,http://irail.be/stations/NMBS/008811171,IC_L,2017-01-07T16:14:00,2017-01-07T16:14:00,-4,-4
http://irail.be/vehicle/IC_L4037,http://irail.be/stations/NMBS/008811916,IC_L,2017-01-07T16:18:00,2017-01-07T16:17:00,36,-13
http://irail.be/vehicle/IC_L4037,http://irail.be/stations/NMBS/008811304,IC_L,2017-01-07T16:22:00,2017-01-07T16:20:00,-6,36
http://irail.be/vehicle/IC_L4037,http://irail.be/stations/NMBS/008811403,IC_L,2017-01-07T16:24:00,2017-01-07T16:24:00,-6,-6
http://irail.be/vehicle/IC_L4037,http://irail.be/stations/NMBS/008811411,IC_L,2017-01-07T16:26:00,2017-01-07T16:25:00,23,-1
http://irail.be/vehicle/IC_L4037,http://irail.be/stations/NMBS/008814472,IC_L,2017-01-07T16:29:00,2017-01-07T16:29:00,-5,-5
http://irail.be/vehicle/IC_L4037,http://irail.be/stations/NMBS/008814456,IC_L,2017-01-07T16:31:00,2017-01-07T16:30:00,-5,-5
http://irail.be/vehicle/IC_L4037,http://irail.be/stations/NMBS/008814464,IC_L,2017-01-07T16:34:00,2017-01-07T16:34:00,-5,-5
http://irail.be/vehicle/IC_L4037,http://irail.be/stations/NMBS/008814449,IC_L,2017-01-07T16:36:00,2017-01-07T16:35:00,-5,-5
http://irail.be/vehicle/IC_L4037,http://irail.be/stations/NMBS/008814142,IC_L,2017-01-07T16:40:00,2017-01-07T16:40:00,50,50
http://irail.be/vehicle/IC_L4037,http://irail.be/stations/NMBS/008814159,IC_L,2017-01-07T16:41:00,2017-01-07T16:41:00,50,50
http://irail.be/vehicle/IC_L4037,http://irail.be/stations/NMBS/008814167,IC_L,2017-01-07T16:44:00,2017-01-07T16:43:00,27,56
http://irail.be/vehicle/IC_L4037,http://irail.be/stations/NMBS/008814175,IC_L,2017-01-07T16:45:00,2017-01-07T16:45:00,27,27
http://irail.be/vehicle/IC_L4037,http://irail.be/stations/NMBS/008814266,IC_L,2017-01-07T16:49:00,2017-01-07T16:48:00,5,27
http://irail.be/vehicle/IC_L4037,http://irail.be/stations/NMBS/008814258,IC_L,2017-01-07T16:52:00,2017-01-07T16:52:00,,24
http://irail.be/vehicle/IC_L4037,http://irail.be/stations/NMBS/008833001,IC_L,2017-07-02T15:41:00,2017-07-02T15:41:00,29,
http://irail.be/vehicle/IC_L4037,http://irail.be/stations/NMBS/008811288,IC_L,2017-07-02T15:47:00,2017-07-02T15:46:00,-1,-1
http://irail.be/vehicle/IC_L4037,http://irail.be/stations/NMBS/008811270,IC_L,2017-07-02T15:49:00,2017-07-02T15:49:00,-14,-14
http://irail.be/vehicle/IC_L4037,http://irail.be/stations/NMBS/008811262,IC_L,2017-07-02T15:51:00,2017-07-02T15:51:00,-14,-14
http://irail.be/vehicle/IC_L4037,http://irail.be/stations/NMBS/008811254,IC_L,2017-07-02T15:54:00,2017-07-02T15:53:00,-43,-14
http://irail.be/vehicle/IC_L4037,http://irail.be/stations/NMBS/008811247,IC_L,2017-07-02T15:56:00,2017-07-02T15:56:00,14,14
http://irail.be/vehicle/IC_L4037,http://irail.be/stations/NMBS/008819406,IC_L,2017-07-02T16:02:00,2017-07-02T16:00:00,-6,5
http://irail.be/vehicle/IC_L4037,http://irail.be/stations/NMBS/008811155,IC_L,2017-07-02T16:08:00,2017-07-02T16:08:00,66,66
http://irail.be/vehicle/IC_L4037,http://irail.be/stations/NMBS/008811163,IC_L,2017-07-02T16:11:00,2017-07-02T16:10:00,42,57
http://irail.be/vehicle/IC_L4037,http://irail.be/stations/NMBS/008811106,IC_L,2017-07-02T16:12:00,2017-07-02T16:12:00,42,42
http://irail.be/vehicle/IC_L4037,NO-URI,IC_L,2017-07-02T16:13:00,2017-07-02T16:13:00,15,15
http://irail.be/vehicle/IC_L4037,http://irail.be/stations/NMBS/008811171,IC_L,2017-07-02T16:15:00,2017-07-02T16:15:00,15,15
http://irail.be/vehicle/IC_L4037,http://irail.be/stations/NMBS/008811916,IC_L,2017-07-02T16:18:00,2017-07-02T16:17:00,26,7
http://irail.be/vehicle/IC_L4037,http://irail.be/stations/NMBS/008811304,IC_L,2017-07-02T16:21:00,2017-07-02T16:20:00,58,26
http://irail.be/vehicle/IC_L4037,http://irail.be/stations/NMBS/008811403,IC_L,2017-07-02T16:22:00,2017-07-02T16:22:00,58,58
http://irail.be/vehicle/IC_L4037,http://irail.be/stations/NMBS/008811411,IC_L,2017-07-02T16:25:00,2017-07-02T16:24:00,90,39
http://irail.be/vehicle/IC_L4037,http://irail.be/stations/NMBS/008814472,IC_L,2017-07-02T16:27:00,2017-07-02T16:27:00,31,31
http://irail.be/vehicle/IC_L4037,http://irail.be/stations/NMBS/008814456,IC_L,2017-07-02T16:29:00,2017-07-02T16:28:00,31,31
http://irail.be/vehicle/IC_L4037,http://irail.be/stations/NMBS/008814464,IC_L,2017-07-02T16:32:00,2017-07-02T16:32:00,31,31
http://irail.be/vehicle/IC_L4037,http://irail.be/stations/NMBS/008814449,IC_L,2017-07-02T16:35:00,2017-07-02T16:34:00,31,31
http://irail.be/vehicle/IC_L4037,http://irail.be/stations/NMBS/008814142,IC_L,2017-07-02T16:39:00,2017-07-02T16:39:00,67,67
http://irail.be/vehicle/IC_L4037,http://irail.be/stations/NMBS/008814159,IC_L,2017-07-02T16:41:00,2017-07-02T16:41:00,67,67
http://irail.be/vehicle/IC_L4037,http://irail.be/stations/NMBS/008814167,IC_L,2017-07-02T16:44:00,2017-07-02T16:43:00,-2,42
http://irail.be/vehicle/IC_L4037,http://irail.be/stations/NMBS/008814175,IC_L,2017-07-02T16:45:00,2017-07-02T16:45:00,-2,-2
http://irail.be/vehicle/IC_L4037,http://irail.be/stations/NMBS/008814266,IC_L,2017-07-02T16:49:00,2017-07-02T16:48:00,0,-2
http://irail.be/vehicle/IC_L4037,http://irail.be/stations/NMBS/008814258,IC_L,2017-07-02T16:52:00,2017-07-02T16:52:00,,31
http://irail.be/vehicle/IC_L4037,http://irail.be/stations/NMBS/008833001,IC_L,2017-07-23T15:41:00,2017-07-23T15:41:00,81,
http://irail.be/vehicle/IC_L4037,http://irail.be/stations/NMBS/008811288,IC_L,2017-07-23T15:47:00,2017-07-23T15:46:00,44,44
http://irail.be/vehicle/IC_L4037,http://irail.be/stations/NMBS/008811270,IC_L,2017-07-23T15:49:00,2017-07-23T15:49:00,-13,-13
http://irail.be/vehicle/IC_L4037,http://irail.be/stations/NMBS/008811262,IC_L,2017-07-23T15:51:00,2017-07-23T15:51:00,-13,-13
http://irail.be/vehicle/IC_L4037,NO-URI,IC_L,2017-07-23T15:52:00,2017-07-23T15:52:00,63,63
http://irail.be/vehicle/IC_L4037,http://irail.be/stations/NMBS/008811254,IC_L,2017-07-23T15:54:00,2017-07-23T15:53:00,80,80
http://irail.be/vehicle/IC_L4037,http://irail.be/stations/NMBS/008811247,IC_L,2017-07-23T15:56:00,2017-07-23T15:56:00,65,65
http://irail.be/vehicle/IC_L4037,http://irail.be/stations/NMBS/008819406,IC_L,2017-07-23T16:02:00,2017-07-23T16:00:00,51,62
http://irail.be/vehicle/IC_L4037,http://irail.be/stations/NMBS/008811155,IC_L,2017-07-23T16:08:00,2017-07-23T16:08:00,22,22
http://irail.be/vehicle/IC_L4037,http://irail.be/stations/NMBS/008811163,IC_L,2017-07-23T16:11:00,2017-07-23T16:10:00,-15,40
http://irail.be/vehicle/IC_L4037,http://irail.be/stations/NMBS/008811106,IC_L,2017-07-23T16:13:00,2017-07-23T16:13:00,-15,-15
http://irail.be/vehicle/IC_L4037,NO-URI,IC_L,2017-07-23T16:13:00,2017-07-23T16:13:00,-6,-6
http://irail.be/vehicle/IC_L4037,http://irail.be/stations/NMBS/008811171,IC_L,2017-07-23T16:14:00,2017-07-23T16:14:00,-6,-6
http://irail.be/vehicle/IC_L4037,http://irail.be/stations/NMBS/008811916,IC_L,2017-07-23T16:18:00,2017-07-23T16:17:00,38,-14
http://irail.be/vehicle/IC_L4037,http://irail.be/stations/NMBS/008811304,IC_L,2017-07-23T16:21:00,2017-07-23T16:20:00,15,38
http://irail.be/vehicle/IC_L4037,http://irail.be/stations/NMBS/008811403,IC_L,2017-07-23T16:23:00,2017-07-23T16:23:00,15,15
http://irail.be/vehicle/IC_L4037,http://irail.be/stations/NMBS/008811411,IC_L,2017-07-23T16:25:00,2017-07-23T16:24:00,113,27
http://irail.be/vehicle/IC_L4037,http://irail.be/stations/NMBS/008814472,IC_L,2017-07-23T16:27:00,2017-07-23T16:27:00,5,5
http://irail.be/vehicle/IC_L4037,http://irail.be/stations/NMBS/008814456,IC_L,2017-07-23T16:29:00,2017-07-23T16:28:00,5,5
http://irail.be/vehicle/IC_L4037,http://irail.be/stations/NMBS/008814464,IC_L,2017-07-23T16:32:00,2017-07-23T16:32:00,5,5
http://irail.be/vehicle/IC_L4037,http://irail.be/stations/NMBS/008814449,IC_L,2017-07-23T16:35:00,2017-07-23T16:34:00,5,5
http://irail.be/vehicle/IC_L4037,http://irail.be/stations/NMBS/008814142,IC_L,2017-07-23T16:39:00,2017-07-23T16:39:00,66,66
http://irail.be/vehicle/IC_L4037,http://irail.be/stations/NMBS/008814159,IC_L,2017-07-23T16:41:00,2017-07-23T16:41:00,66,66
http://irail.be/vehicle/IC_L4037,http://irail.be/stations/NMBS/008814167,IC_L,2017-07-23T16:44:00,2017-07-23T16:43:00,90,60
http://irail.be/vehicle/IC_L4037,http://irail.be/stations/NMBS/008814175,IC_L,2017-07-23T16:46:00,2017-07-23T16:46:00,90,90
http://irail.be/vehicle/IC_L4037,http://irail.be/stations/NMBS/008814266,IC_L,2017-07-23T16:49:00,2017-07-23T16:48:00,61,90
http://irail.be/vehicle/IC_L4037,http://irail.be/stations/NMBS/008814258,IC_L,2017-07-23T16:52:00,2017-07-23T16:52:00,,84
http://irail.be/vehicle/IC_L4037,http://irail.be/stations/NMBS/008833001,IC_L,2017-11-11T15:41:00,2017-11-11T15:41:00,26,
http://irail.be/vehicle/IC_L4037,http://irail.be/stations/NMBS/008811288,IC_L,2017-11-11T15:47:00,2017-11-11T15:46:00,-1,-1
http://irail.be/vehicle/IC_L4037,http://irail.be/stations/NMBS/008811270,IC_L,2017-11-11T15:49:00,2017-11-11T15:49:00,-60,-60
http://irail.be/vehicle/IC_L4037,http://irail.be/stations/NMBS/008811262,IC_L,2017-11-11T15:51:00,2017-11-11T15:51:00,-60,-60
http://irail.be/vehicle/IC_L4037,NO-URI,IC_L,2017-11-11T15:52:00,2017-11-11T15:52:00,-9,-9
http://irail.be/vehicle/IC_L4037,http://irail.be/stations/NMBS/008811254,IC_L,2017-11-11T15:54:00,2017-11-11T15:53:00,-19,-1
http://irail.be/vehicle/IC_L4037,http://irail.be/stations/NMBS/008811247,IC_L,2017-11-11T15:56:00,2017-11-11T15:56:00,42,42
http://irail.be/vehicle/IC_L4037,http://irail.be/stations/NMBS/008819406,IC_L,2017-11-11T16:02:00,2017-11-11T16:00:00,-5,-6
http://irail.be/vehicle/IC_L4037,http://irail.be/stations/NMBS/008811155,IC_L,2017-11-11T16:08:00,2017-11-11T16:08:00,-21,-21
http://irail.be/vehicle/IC_L4037,http://irail.be/stations/NMBS/008811163,IC_L,2017-11-11T16:11:00,2017-11-11T16:10:00,-27,-9
http://irail.be/vehicle/IC_L4037,http://irail.be/stations/NMBS/008811106,IC_L,2017-11-11T16:13:00,2017-11-11T16:13:00,-27,-27
http://irail.be/vehicle/IC_L4037,NO-URI,IC_L,2017-11-11T16:13:00,2017-11-11T16:13:00,-15,-15
http://irail.be/vehicle/IC_L4037,http://irail.be/stations/NMBS/008811171,IC_L,2017-11-11T16:14:00,2017-11-11T16:14:00,-15,-15
http://irail.be/vehicle/IC_L4037,http://irail.be/stations/NMBS/008811916,IC_L,2017-11-11T16:18:00,2017-11-11T16:17:00,30,-3
http://irail.be/vehicle/IC_L4037,http://irail.be/stations/NMBS/008811304,IC_L,2017-11-11T16:21:00,2017-11-11T16:20:00,-4,30
http://irail.be/vehicle/IC_L4037,http://irail.be/stations/NMBS/008811403,IC_L,2017-11-11T16:23:00,2017-11-11T16:23:00,-4,-4
http://irail.be/vehicle/IC_L4037,http://irail.be/stations/NMBS/008811411,IC_L,2017-11-11T16:25:00,2017-11-11T16:24:00,57,-1
http://irail.be/vehicle/IC_L4037,http://irail.be/stations/NMBS/008814472,IC_L,2017-11-11T16:27:00,2017-11-11T16:27:00,-10,-10
http://irail.be/vehicle/IC_L4037,http://irail.be/stations/NMBS/008814456,IC_L,2017-11-11T16:29:00,2017-11-11T16:28:00,-10,-10
http://irail.be/vehicle/IC_L4037,http://irail.be/stations/NMBS/008814464,IC_L,2017-11-11T16:32:00,2017-11-11T16:32:00,-10,-10
http://irail.be/vehicle/IC_L4037,http://irail.be/stations/NMBS/008814449,IC_L,2017-11-11T16:35:00,2017-11-11T16:34:00,-10,-10
http://irail.be/vehicle/IC_L4037,http://irail.be/stations/NMBS/008814142,IC_L,2017-11-11T16:39:00,2017-11-11T16:39:00,7,7
http://irail.be/vehicle/IC_L4037,http://irail.be/stations/NMBS/008814159,IC_L,2017-11-11T16:41:00,2017-11-11T16:41:00,7,7
http://irail.be/vehicle/IC_L4037,http://irail.be/stations/NMBS/008814167,IC_L,2017-11-11T16:44:00,2017-11-11T16:43:00,22,-6
http://irail.be/vehicle/IC_L4037,http://irail.be/stations/NMBS/008814175,IC_L,2017-11-11T16:46:00,2017-11-11T16:46:00,22,22
http://irail.be/vehicle/IC_L4037,http://irail.be/stations/NMBS/008814266,IC_L,2017-11-11T16:49:00,2017-11-11T16:48:00,-2,22
http://irail.be/vehicle/IC_L4037,http://irail.be/stations/NMBS/008814258,IC_L,2017-11-11T16:52:00,2017-11-11T16:52:00,,3
http://irail.be/vehicle/IC_L4037,http://irail.be/stations/NMBS/008833001,IC_L,2017-06-10T15:42:00,2017-06-10T15:42:00,23,
http://irail.be/vehicle/IC_L4037,http://irail.be/stations/NMBS/008811288,IC_L,2017-06-10T15:48:00,2017-06-10T15:47:00,2,2
http://irail.be/vehicle/IC_L4037,http://irail.be/stations/NMBS/008811270,IC_L,2017-06-10T15:50:00,2017-06-10T15:50:00,-5,-5
http://irail.be/vehicle/IC_L4037,http://irail.be/stations/NMBS/008811262,IC_L,2017-06-10T15:51:00,2017-06-10T15:51:00,-5,-5
http://irail.be/vehicle/IC_L4037,NO-URI,IC_L,2017-06-10T15:52:00,2017-06-10T15:52:00,41,41
http://irail.be/vehicle/IC_L4037,http://irail.be/stations/NMBS/008811254,IC_L,2017-06-10T15:54:00,2017-06-10T15:53:00,34,34
http://irail.be/vehicle/IC_L4037,http://irail.be/stations/NMBS/008811247,IC_L,2017-06-10T15:56:00,2017-06-10T15:56:00,29,29
http://irail.be/vehicle/IC_L4037,http://irail.be/stations/NMBS/008819406,IC_L,2017-06-10T16:02:00,2017-06-10T16:00:00,-4,-17
http://irail.be/vehicle/IC_L4037,http://irail.be/stations/NMBS/008811155,IC_L,2017-06-10T16:08:00,2017-06-10T16:08:00,-40,-40
http://irail.be/vehicle/IC_L4037,http://irail.be/stations/NMBS/008811163,IC_L,2017-06-10T16:11:00,2017-06-10T16:10:00,16,-26
http://irail.be/vehicle/IC_L4037,http://irail.be/stations/NMBS/008811106,IC_L,2017-06-10T16:12:00,2017-06-10T16:12:00,16,16
http://irail.be/vehicle/IC_L4037,NO-URI,IC_L,2017-06-10T16:13:00,2017-06-10T16:13:00,-9,-9
http://irail.be/vehicle/IC_L4037,http://irail.be/stations/NMBS/008811171,IC_L,2017-06-10T16:14:00,2017-06-10T16:14:00,-9,-9
http://irail.be/vehicle/IC_L4037,http://irail.be/stations/NMBS/008811197,IC_L,2017-06-10T16:19:00,2017-06-10T16:16:00,0,0
http://irail.be/vehicle/IC_L4037,http://irail.be/stations/NMBS/008811205,IC_L,2017-06-10T16:22:00,2017-06-10T16:22:00,71,0
http://irail.be/vehicle/IC_L4037,http://irail.be/stations/NMBS/008814472,IC_L,2017-06-10T16:24:00,2017-06-10T16:24:00,8,8
http://irail.be/vehicle/IC_L4037,http://irail.be/stations/NMBS/008814456,IC_L,2017-06-10T16:27:00,2017-06-10T16:26:00,8,8
http://irail.be/vehicle/IC_L4037,http://irail.be/stations/NMBS/008814464,IC_L,2017-06-10T16:30:00,2017-06-10T16:30:00,8,8
http://irail.be/vehicle/IC_L4037,http://irail.be/stations/NMBS/008814449,IC_L,2017-06-10T16:32:00,2017-06-10T16:31:00,8,8
http://irail.be/vehicle/IC_L4037,http://irail.be/stations/NMBS/008814142,IC_L,2017-06-10T16:36:00,2017-06-10T16:36:00,63,63
http://irail.be/vehicle/IC_L4037,http://irail.be/stations/NMBS/008814159,IC_L,2017-06-10T16:37:00,2017-06-10T16:37:00,63,63
http://irail.be/vehicle/IC_L4037,http://irail.be/stations/NMBS/008814167,IC_L,2017-06-10T16:40:00,2017-06-10T16:39:00,16,60
http://irail.be/vehicle/IC_L4037,http://irail.be/stations/NMBS/008814175,IC_L,2017-06-10T16:41:00,2017-06-10T16:41:00,16,16
http://irail.be/vehicle/IC_L4037,http://irail.be/stations/NMBS/008814266,IC_L,2017-06-10T16:45:00,2017-06-10T16:44:00,-20,16
http://irail.be/vehicle/IC_L4037,http://irail.be/stations/NMBS/008814258,IC_L,2017-06-10T16:48:00,2017-06-10T16:48:00,,-7
http://irail.be/vehicle/IC_L4037,http://irail.be/stations/NMBS/008833001,IC_L,2017-01-08T15:42:00,2017-01-08T15:42:00,28,
http://irail.be/vehicle/IC_L4037,http://irail.be/stations/NMBS/008811288,IC_L,2017-01-08T15:48:00,2017-01-08T15:47:00,13,13
http://irail.be/vehicle/IC_L4037,http://irail.be/stations/NMBS/008811270,IC_L,2017-01-08T15:50:00,2017-01-08T15:50:00,3,3
http://irail.be/vehicle/IC_L4037,http://irail.be/stations/NMBS/008811262,IC_L,2017-01-08T15:51:00,2017-01-08T15:51:00,3,3
http://irail.be/vehicle/IC_L4037,NO-URI,IC_L,2017-01-08T15:52:00,2017-01-08T15:52:00,51,51
http://irail.be/vehicle/IC_L4037,http://irail.be/stations/NMBS/008811254,IC_L,2017-01-08T15:54:00,2017-01-08T15:53:00,-1,56
http://irail.be/vehicle/IC_L4037,http://irail.be/stations/NMBS/008811247,IC_L,2017-01-08T15:56:00,2017-01-08T15:56:00,64,64
http://irail.be/vehicle/IC_L4037,http://irail.be/stations/NMBS/008819406,IC_L,2017-01-08T16:02:00,2017-01-08T16:00:00,16,50
http://irail.be/vehicle/IC_L4037,http://irail.be/stations/NMBS/008811155,IC_L,2017-01-08T16:08:00,2017-01-08T16:08:00,-33,-33
http://irail.be/vehicle/IC_L4037,http://irail.be/stations/NMBS/008811163,IC_L,2017-01-08T16:11:00,2017-01-08T16:10:00,-7,-30
http://irail.be/vehicle/IC_L4037,http://irail.be/stations/NMBS/008811106,IC_L,2017-01-08T16:12:00,2017-01-08T16:12:00,-7,-7
http://irail.be/vehicle/IC_L4037,NO-URI,IC_L,2017-01-08T16:13:00,2017-01-08T16:13:00,-48,-48
http://irail.be/vehicle/IC_L4037,http://irail.be/stations/NMBS/008811171,IC_L,2017-01-08T16:14:00,2017-01-08T16:14:00,-48,-48
http://irail.be/vehicle/IC_L4037,http://irail.be/stations/NMBS/008811916,IC_L,2017-01-08T16:18:00,2017-01-08T16:17:00,35,-8
http://irail.be/vehicle/IC_L4037,http://irail.be/stations/NMBS/008811304,IC_L,2017-01-08T16:22:00,2017-01-08T16:20:00,-2,35
http://irail.be/vehicle/IC_L4037,http://irail.be/stations/NMBS/008811403,IC_L,2017-01-08T16:24:00,2017-01-08T16:24:00,-2,-2
http://irail.be/vehicle/IC_L4037,http://irail.be/stations/NMBS/008811411,IC_L,2017-01-08T16:26:00,2017-01-08T16:25:00,2,-2
http://irail.be/vehicle/IC_L4037,http://irail.be/stations/NMBS/008814472,IC_L,2017-01-08T16:29:00,2017-01-08T16:29:00,-50,-50
http://irail.be/vehicle/IC_L4037,http://irail.be/stations/NMBS/008814456,IC_L,2017-01-08T16:31:00,2017-01-08T16:30:00,-47,-50
http://irail.be/vehicle/IC_L4037,http://irail.be/stations/NMBS/008814464,IC_L,2017-01-08T16:34:00,2017-01-08T16:34:00,-47,-47
http://irail.be/vehicle/IC_L4037,http://irail.be/stations/NMBS/008814449,IC_L,2017-01-08T16:36:00,2017-01-08T16:35:00,-25,-25
http://irail.be/vehicle/IC_L4037,http://irail.be/stations/NMBS/008814142,IC_L,2017-01-08T16:40:00,2017-01-08T16:40:00,20,20
http://irail.be/vehicle/IC_L4037,http://irail.be/stations/NMBS/008814159,IC_L,2017-01-08T16:41:00,2017-01-08T16:41:00,20,20
http://irail.be/vehicle/IC_L4037,http://irail.be/stations/NMBS/008814167,IC_L,2017-01-08T16:44:00,2017-01-08T16:43:00,-9,16
http://irail.be/vehicle/IC_L4037,http://irail.be/stations/NMBS/008814175,IC_L,2017-01-08T16:45:00,2017-01-08T16:45:00,-9,-9
http://irail.be/vehicle/IC_L4037,http://irail.be/stations/NMBS/008814266,IC_L,2017-01-08T16:49:00,2017-01-08T16:48:00,-19,-9
http://irail.be/vehicle/IC_L4037,http://irail.be/stations/NMBS/008814258,IC_L,2017-01-08T16:52:00,2017-01-08T16:52:00,,-6
http://irail.be/vehicle/IC_L4037,http://irail.be/stations/NMBS/008833001,IC_L,2017-05-27T15:42:00,2017-05-27T15:42:00,29,
http://irail.be/vehicle/IC_L4037,http://irail.be/stations/NMBS/008811288,IC_L,2017-05-27T15:48:00,2017-05-27T15:47:00,-2,-2
http://irail.be/vehicle/IC_L4037,http://irail.be/stations/NMBS/008811270,IC_L,2017-05-27T15:50:00,2017-05-27T15:50:00,-10,-10
http://irail.be/vehicle/IC_L4037,http://irail.be/stations/NMBS/008811262,IC_L,2017-05-27T15:51:00,2017-05-27T15:51:00,-10,-10
http://irail.be/vehicle/IC_L4037,NO-URI,IC_L,2017-05-27T15:52:00,2017-05-27T15:52:00,38,38
http://irail.be/vehicle/IC_L4037,http://irail.be/stations/NMBS/008811254,IC_L,2017-05-27T15:54:00,2017-05-27T15:53:00,39,39
http://irail.be/vehicle/IC_L4037,http://irail.be/stations/NMBS/008811247,IC_L,2017-05-27T15:56:00,2017-05-27T15:56:00,48,48
http://irail.be/vehicle/IC_L4037,http://irail.be/stations/NMBS/008819406,IC_L,2017-05-27T16:02:00,2017-05-27T16:00:00,-4,-3
http://irail.be/vehicle/IC_L4037,http://irail.be/stations/NMBS/008811155,IC_L,2017-05-27T16:08:00,2017-05-27T16:08:00,-11,-11
http://irail.be/vehicle/IC_L4037,http://irail.be/stations/NMBS/008811163,IC_L,2017-05-27T16:11:00,2017-05-27T16:10:00,4,5
http://irail.be/vehicle/IC_L4037,http://irail.be/stations/NMBS/008811106,IC_L,2017-05-27T16:12:00,2017-05-27T16:12:00,4,4
http://irail.be/vehicle/IC_L4037,NO-URI,IC_L,2017-05-27T16:13:00,2017-05-27T16:13:00,-37,-37
http://irail.be/vehicle/IC_L4037,http://irail.be/stations/NMBS/008811171,IC_L,2017-05-27T16:14:00,2017-05-27T16:14:00,-37,-37
http://irail.be/vehicle/IC_L4037,http://irail.be/stations/NMBS/008811197,IC_L,2017-05-27T16:19:00,2017-05-27T16:16:00,-10,-10
http://irail.be/vehicle/IC_L4037,http://irail.be/stations/NMBS/008811205,IC_L,2017-05-27T16:22:00,2017-05-27T16:22:00,43,-10
http://irail.be/vehicle/IC_L4037,http://irail.be/stations/NMBS/008814472,IC_L,2017-05-27T16:24:00,2017-05-27T16:24:00,-22,-22
http://irail.be/vehicle/IC_L4037,http://irail.be/stations/NMBS/008814456,IC_L,2017-05-27T16:27:00,2017-05-27T16:26:00,-22,-22
http://irail.be/vehicle/IC_L4037,http://irail.be/stations/NMBS/008814464,IC_L,2017-05-27T16:30:00,2017-05-27T16:30:00,-22,-22
http://irail.be/vehicle/IC_L4037,http://irail.be/stations/NMBS/008814449,IC_L,2017-05-27T16:32:00,2017-05-27T16:31:00,-22,-22
http://irail.be/vehicle/IC_L4037,http://irail.be/stations/NMBS/008814142,IC_L,2017-05-27T16:36:00,2017-05-27T16:36:00,24,24
http://irail.be/vehicle/IC_L4037,http://irail.be/stations/NMBS/008814159,IC_L,2017-05-27T16:37:00,2017-05-27T16:37:00,24,24
http://irail.be/vehicle/IC_L4037,http://irail.be/stations/NMBS/008814167,IC_L,2017-05-27T16:40:00,2017-05-27T16:39:00,-2,23
http://irail.be/vehicle/IC_L4037,http://irail.be/stations/NMBS/008814175,IC_L,2017-05-27T16:41:00,2017-05-27T16:41:00,-2,-2
http://irail.be/vehicle/IC_L4037,http://irail.be/stations/NMBS/008814266,IC_L,2017-05-27T16:45:00,2017-05-27T16:44:00,-10,-2
http://irail.be/vehicle/IC_L4037,http://irail.be/stations/NMBS/008814258,IC_L,2017-05-27T16:48:00,2017-05-27T16:48:00,,6
http://irail.be/vehicle/IC_L4037,http://irail.be/stations/NMBS/008833001,IC_L,2017-06-04T15:42:00,2017-06-04T15:42:00,23,
http://irail.be/vehicle/IC_L4037,http://irail.be/stations/NMBS/008811288,IC_L,2017-06-04T15:48:00,2017-06-04T15:47:00,-3,-3
http://irail.be/vehicle/IC_L4037,http://irail.be/stations/NMBS/008811270,IC_L,2017-06-04T15:50:00,2017-06-04T15:50:00,-2,-2
http://irail.be/vehicle/IC_L4037,http://irail.be/stations/NMBS/008811262,IC_L,2017-06-04T15:51:00,2017-06-04T15:51:00,-2,-2
http://irail.be/vehicle/IC_L4037,NO-URI,IC_L,2017-06-04T15:52:00,2017-06-04T15:52:00,48,48
http://irail.be/vehicle/IC_L4037,http://irail.be/stations/NMBS/008811254,IC_L,2017-06-04T15:54:00,2017-06-04T15:53:00,13,54
http://irail.be/vehicle/IC_L4037,http://irail.be/stations/NMBS/008811247,IC_L,2017-06-04T15:56:00,2017-06-04T15:56:00,88,88
http://irail.be/vehicle/IC_L4037,http://irail.be/stations/NMBS/008819406,IC_L,2017-06-04T16:02:00,2017-06-04T16:00:00,15,60
http://irail.be/vehicle/IC_L4037,http://irail.be/stations/NMBS/008811155,IC_L,2017-06-04T16:08:00,2017-06-04T16:08:00,18,18
http://irail.be/vehicle/IC_L4037,http://irail.be/stations/NMBS/008811163,IC_L,2017-06-04T16:11:00,2017-06-04T16:10:00,22,36
http://irail.be/vehicle/IC_L4037,http://irail.be/stations/NMBS/008811106,IC_L,2017-06-04T16:12:00,2017-06-04T16:12:00,22,22
http://irail.be/vehicle/IC_L4037,NO-URI,IC_L,2017-06-04T16:13:00,2017-06-04T16:13:00,-16,-16
http://irail.be/vehicle/IC_L4037,http://irail.be/stations/NMBS/008811171,IC_L,2017-06-04T16:14:00,2017-06-04T16:14:00,-16,-16
http://irail.be/vehicle/IC_L4037,http://irail.be/stations/NMBS/008811197,IC_L,2017-06-04T16:19:00,2017-06-04T16:16:00,17,17
http://irail.be/vehicle/IC_L4037,http://irail.be/stations/NMBS/008811205,IC_L,2017-06-04T16:22:00,2017-06-04T16:22:00,78,17
http://irail.be/vehicle/IC_L4037,http://irail.be/stations/NMBS/008814472,IC_L,2017-06-04T16:24:00,2017-06-04T16:24:00,-29,-29
http://irail.be/vehicle/IC_L4037,http://irail.be/stations/NMBS/008814456,IC_L,2017-06-04T16:27:00,2017-06-04T16:26:00,-29,-29
http://irail.be/vehicle/IC_L4037,http://irail.be/stations/NMBS/008814464,IC_L,2017-06-04T16:30:00,2017-06-04T16:30:00,-29,-29
http://irail.be/vehicle/IC_L4037,http://irail.be/stations/NMBS/008814449,IC_L,2017-06-04T16:32:00,2017-06-04T16:31:00,-29,-29
http://irail.be/vehicle/IC_L4037,http://irail.be/stations/NMBS/008814142,IC_L,2017-06-04T16:36:00,2017-06-04T16:36:00,1,1
http://irail.be/vehicle/IC_L4037,http://irail.be/stations/NMBS/008814159,IC_L,2017-06-04T16:37:00,2017-06-04T16:37:00,1,1
http://irail.be/vehicle/IC_L4037,http://irail.be/stations/NMBS/008814167,IC_L,2017-06-04T16:40:00,2017-06-04T16:39:00,19,7
http://irail.be/vehicle/IC_L4037,http://irail.be/stations/NMBS/008814175,IC_L,2017-06-04T16:41:00,2017-06-04T16:41:00,19,19
http://irail.be/vehicle/IC_L4037,http://irail.be/stations/NMBS/008814266,IC_L,2017-06-04T16:45:00,2017-06-04T16:44:00,6,19
http://irail.be/vehicle/IC_L4037,http://irail.be/stations/NMBS/008814258,IC_L,2017-06-04T16:48:00,2017-06-04T16:48:00,,40
http://irail.be/vehicle/IC_L4037,http://irail.be/stations/NMBS/008833001,IC_L,2017-12-09T15:41:00,2017-12-09T15:41:00,45,
http://irail.be/vehicle/IC_L4037,http://irail.be/stations/NMBS/008811288,IC_L,2017-12-09T15:47:00,2017-12-09T15:46:00,35,35
http://irail.be/vehicle/IC_L4037,http://irail.be/stations/NMBS/008811270,IC_L,2017-12-09T15:49:00,2017-12-09T15:49:00,-23,-23
http://irail.be/vehicle/IC_L4037,http://irail.be/stations/NMBS/008811262,IC_L,2017-12-09T15:51:00,2017-12-09T15:51:00,-23,-23
http://irail.be/vehicle/IC_L4037,NO-URI,IC_L,2017-12-09T15:52:00,2017-12-09T15:52:00,26,26
http://irail.be/vehicle/IC_L4037,http://irail.be/stations/NMBS/008811254,IC_L,2017-12-09T15:54:00,2017-12-09T15:53:00,0,41
http://irail.be/vehicle/IC_L4037,http://irail.be/stations/NMBS/008811247,IC_L,2017-12-09T15:56:00,2017-12-09T15:56:00,89,89
http://irail.be/vehicle/IC_L4037,http://irail.be/stations/NMBS/008819406,IC_L,2017-12-09T16:02:00,2017-12-09T16:00:00,5,54
http://irail.be/vehicle/IC_L4037,http://irail.be/stations/NMBS/008811155,IC_L,2017-12-09T16:08:00,2017-12-09T16:08:00,26,26
http://irail.be/vehicle/IC_L4037,http://irail.be/stations/NMBS/008811163,IC_L,2017-12-09T16:11:00,2017-12-09T16:10:00,-2,36
http://irail.be/vehicle/IC_L4037,http://irail.be/stations/NMBS/008811106,IC_L,2017-12-09T16:13:00,2017-12-09T16:13:00,-2,-2
http://irail.be/vehicle/IC_L4037,NO-URI,IC_L,2017-12-09T16:13:00,2017-12-09T16:13:00,11,11
http://irail.be/vehicle/IC_L4037,http://irail.be/stations/NMBS/008811171,IC_L,2017-12-09T16:14:00,2017-12-09T16:14:00,11,11
http://irail.be/vehicle/IC_L4037,http://irail.be/stations/NMBS/008811916,IC_L,2017-12-09T16:18:00,2017-12-09T16:17:00,65,53
http://irail.be/vehicle/IC_L4037,http://irail.be/stations/NMBS/008811304,IC_L,2017-12-09T16:21:00,2017-12-09T16:20:00,37,65
http://irail.be/vehicle/IC_L4037,http://irail.be/stations/NMBS/008811403,IC_L,2017-12-09T16:23:00,2017-12-09T16:23:00,37,37
http://irail.be/vehicle/IC_L4037,http://irail.be/stations/NMBS/008811411,IC_L,2017-12-09T16:25:00,2017-12-09T16:24:00,134,64
http://irail.be/vehicle/IC_L4037,http://irail.be/stations/NMBS/008814472,IC_L,2017-12-09T16:27:00,2017-12-09T16:27:00,4,4
http://irail.be/vehicle/IC_L4037,http://irail.be/stations/NMBS/008814456,IC_L,2017-12-09T16:29:00,2017-12-09T16:28:00,4,4
http://irail.be/vehicle/IC_L4037,http://irail.be/stations/NMBS/008814464,IC_L,2017-12-09T16:32:00,2017-12-09T16:32:00,4,4
http://irail.be/vehicle/IC_L4037,http://irail.be/stations/NMBS/008814449,IC_L,2017-12-09T16:35:00,2017-12-09T16:34:00,4,4
http://irail.be/vehicle/IC_L4037,http://irail.be/stations/NMBS/008814142,IC_L,2017-12-09T16:39:00,2017-12-09T16:39:00,35,35
http://irail.be/vehicle/IC_L4037,http://irail.be/stations/NMBS/008814159,IC_L,2017-12-09T16:41:00,2017-12-09T16:41:00,35,35
http://irail.be/vehicle/IC_L4037,http://irail.be/stations/NMBS/008814167,IC_L,2017-12-09T16:44:00,2017-12-09T16:43:00,40,21
http://irail.be/vehicle/IC_L4037,http://irail.be/stations/NMBS/008814175,IC_L,2017-12-09T16:46:00,2017-12-09T16:46:00,40,40
http://irail.be/vehicle/IC_L4037,http://irail.be/stations/NMBS/008814266,IC_L,2017-12-09T16:49:00,2017-12-09T16:48:00,14,40
http://irail.be/vehicle/IC_L4037,http://irail.be/stations/NMBS/008814258,IC_L,2017-12-09T16:52:00,2017-12-09T16:52:00,,33
http://irail.be/vehicle/IC_L4037,http://irail.be/stations/NMBS/008833001,IC_L,2017-11-05T15:41:00,2017-11-05T15:41:00,25,
http://irail.be/vehicle/IC_L4037,http://irail.be/stations/NMBS/008811288,IC_L,2017-11-05T15:47:00,2017-11-05T15:46:00,-9,-9
http://irail.be/vehicle/IC_L4037,http://irail.be/stations/NMBS/008811270,IC_L,2017-11-05T15:49:00,2017-11-05T15:49:00,-61,-61
http://irail.be/vehicle/IC_L4037,http://irail.be/stations/NMBS/008811262,IC_L,2017-11-05T15:51:00,2017-11-05T15:51:00,-61,-61
http://irail.be/vehicle/IC_L4037,NO-URI,IC_L,2017-11-05T15:52:00,2017-11-05T15:52:00,13,13
http://irail.be/vehicle/IC_L4037,http://irail.be/stations/NMBS/008811254,IC_L,2017-11-05T15:54:00,2017-11-05T15:53:00,35,35
http://irail.be/vehicle/IC_L4037,http://irail.be/stations/NMBS/008811247,IC_L,2017-11-05T15:56:00,2017-11-05T15:56:00,11,11
http://irail.be/vehicle/IC_L4037,http://irail.be/stations/NMBS/008819406,IC_L,2017-11-05T16:02:00,2017-11-05T16:00:00,-8,-38
http://irail.be/vehicle/IC_L4037,http://irail.be/stations/NMBS/008811155,IC_L,2017-11-05T16:08:00,2017-11-05T16:08:00,-26,-26
http://irail.be/vehicle/IC_L4037,http://irail.be/stations/NMBS/008811163,IC_L,2017-11-05T16:11:00,2017-11-05T16:10:00,-41,-16
http://irail.be/vehicle/IC_L4037,http://irail.be/stations/NMBS/008811106,IC_L,2017-11-05T16:13:00,2017-11-05T16:13:00,-41,-41
http://irail.be/vehicle/IC_L4037,NO-URI,IC_L,2017-11-05T16:13:00,2017-11-05T16:13:00,-35,-35
http://irail.be/vehicle/IC_L4037,http://irail.be/stations/NMBS/008811171,IC_L,2017-11-05T16:14:00,2017-11-05T16:14:00,-35,-35
http://irail.be/vehicle/IC_L4037,http://irail.be/stations/NMBS/008811916,IC_L,2017-11-05T16:18:00,2017-11-05T16:17:00,35,-54
http://irail.be/vehicle/IC_L4037,http://irail.be/stations/NMBS/008811304,IC_L,2017-11-05T16:21:00,2017-11-05T16:20:00,-16,35
http://irail.be/vehicle/IC_L4037,http://irail.be/stations/NMBS/008811403,IC_L,2017-11-05T16:23:00,2017-11-05T16:23:00,-16,-16
http://irail.be/vehicle/IC_L4037,http://irail.be/stations/NMBS/008811411,IC_L,2017-11-05T16:25:00,2017-11-05T16:24:00,77,-11
http://irail.be/vehicle/IC_L4037,http://irail.be/stations/NMBS/008814472,IC_L,2017-11-05T16:27:00,2017-11-05T16:27:00,-10,-10
http://irail.be/vehicle/IC_L4037,http://irail.be/stations/NMBS/008814456,IC_L,2017-11-05T16:29:00,2017-11-05T16:28:00,-10,-10
http://irail.be/vehicle/IC_L4037,http://irail.be/stations/NMBS/008814464,IC_L,2017-11-05T16:32:00,2017-11-05T16:32:00,-10,-10
http://irail.be/vehicle/IC_L4037,http://irail.be/stations/NMBS/008814449,IC_L,2017-11-05T16:35:00,2017-11-05T16:34:00,-10,-10
http://irail.be/vehicle/IC_L4037,http://irail.be/stations/NMBS/008814142,IC_L,2017-11-05T16:39:00,2017-11-05T16:39:00,-9,-9
http://irail.be/vehicle/IC_L4037,http://irail.be/stations/NMBS/008814159,IC_L,2017-11-05T16:41:00,2017-11-05T16:41:00,-9,-9
http://irail.be/vehicle/IC_L4037,http://irail.be/stations/NMBS/008814167,IC_L,2017-11-05T16:44:00,2017-11-05T16:43:00,-23,-34
http://irail.be/vehicle/IC_L4037,http://irail.be/stations/NMBS/008814175,IC_L,2017-11-05T16:46:00,2017-11-05T16:46:00,-23,-23
http://irail.be/vehicle/IC_L4037,http://irail.be/stations/NMBS/008814266,IC_L,2017-11-05T16:49:00,2017-11-05T16:48:00,-10,-23
http://irail.be/vehicle/IC_L4037,http://irail.be/stations/NMBS/008814258,IC_L,2017-11-05T16:52:00,2017-11-05T16:52:00,,3
http://irail.be/vehicle/IC_L4037,http://irail.be/stations/NMBS/008833001,IC_L,2017-01-01T15:42:00,2017-01-01T15:42:00,29,
http://irail.be/vehicle/IC_L4037,http://irail.be/stations/NMBS/008811288,IC_L,2017-01-01T15:48:00,2017-01-01T15:47:00,18,18
http://irail.be/vehicle/IC_L4037,http://irail.be/stations/NMBS/008811270,IC_L,2017-01-01T15:50:00,2017-01-01T15:50:00,1,1
http://irail.be/vehicle/IC_L4037,http://irail.be/stations/NMBS/008811262,IC_L,2017-01-01T15:51:00,2017-01-01T15:51:00,20,20
http://irail.be/vehicle/IC_L4037,NO-URI,IC_L,2017-01-01T15:52:00,2017-01-01T15:52:00,69,69
http://irail.be/vehicle/IC_L4037,http://irail.be/stations/NMBS/008811254,IC_L,2017-01-01T15:54:00,2017-01-01T15:53:00,16,72
http://irail.be/vehicle/IC_L4037,http://irail.be/stations/NMBS/008811247,IC_L,2017-01-01T15:56:00,2017-01-01T15:56:00,72,72
http://irail.be/vehicle/IC_L4037,http://irail.be/stations/NMBS/008819406,IC_L,2017-01-01T16:02:00,2017-01-01T16:00:00,59,95
http://irail.be/vehicle/IC_L4037,http://irail.be/stations/NMBS/008811155,IC_L,2017-01-01T16:08:00,2017-01-01T16:08:00,74,74
http://irail.be/vehicle/IC_L4037,http://irail.be/stations/NMBS/008811163,IC_L,2017-01-01T16:11:00,2017-01-01T16:10:00,90,91
http://irail.be/vehicle/IC_L4037,http://irail.be/stations/NMBS/008811106,IC_L,2017-01-01T16:12:00,2017-01-01T16:12:00,90,90
http://irail.be/vehicle/IC_L4037,NO-URI,IC_L,2017-01-01T16:13:00,2017-01-01T16:13:00,52,52
http://irail.be/vehicle/IC_L4037,http://irail.be/stations/NMBS/008811171,IC_L,2017-01-01T16:14:00,2017-01-01T16:14:00,52,52
http://irail.be/vehicle/IC_L4037,http://irail.be/stations/NMBS/008811916,IC_L,2017-01-01T16:18:00,2017-01-01T16:17:00,72,65
http://irail.be/vehicle/IC_L4037,http://irail.be/stations/NMBS/008811304,IC_L,2017-01-01T16:22:00,2017-01-01T16:20:00,1,72
http://irail.be/vehicle/IC_L4037,http://irail.be/stations/NMBS/008811403,IC_L,2017-01-01T16:24:00,2017-01-01T16:24:00,1,1
http://irail.be/vehicle/IC_L4037,http://irail.be/stations/NMBS/008811411,IC_L,2017-01-01T16:26:00,2017-01-01T16:25:00,31,9
http://irail.be/vehicle/IC_L4037,http://irail.be/stations/NMBS/008814472,IC_L,2017-01-01T16:29:00,2017-01-01T16:29:00,-12,-12
http://irail.be/vehicle/IC_L4037,http://irail.be/stations/NMBS/008814456,IC_L,2017-01-01T16:31:00,2017-01-01T16:30:00,-12,-12
http://irail.be/vehicle/IC_L4037,http://irail.be/stations/NMBS/008814464,IC_L,2017-01-01T16:34:00,2017-01-01T16:34:00,-12,-12
http://irail.be/vehicle/IC_L4037,http://irail.be/stations/NMBS/008814449,IC_L,2017-01-01T16:36:00,2017-01-01T16:35:00,-12,-12
http://irail.be/vehicle/IC_L4037,http://irail.be/stations/NMBS/008814142,IC_L,2017-01-01T16:40:00,2017-01-01T16:40:00,41,41
http://irail.be/vehicle/IC_L4037,http://irail.be/stations/NMBS/008814159,IC_L,2017-01-01T16:41:00,2017-01-01T16:41:00,41,41
http://irail.be/vehicle/IC_L4037,http://irail.be/stations/NMBS/008814167,IC_L,2017-01-01T16:44:00,2017-01-01T16:43:00,28,53
http://irail.be/vehicle/IC_L4037,http://irail.be/stations/NMBS/008814175,IC_L,2017-01-01T16:45:00,2017-01-01T16:45:00,28,28
http://irail.be/vehicle/IC_L4037,http://irail.be/stations/NMBS/008814266,IC_L,2017-01-01T16:49:00,2017-01-01T16:48:00,7,28
http://irail.be/vehicle/IC_L4037,http://irail.be/stations/NMBS/008814258,IC_L,2017-01-01T16:52:00,2017-01-01T16:52:00,,30
http://irail.be/vehicle/IC_L4037,http://irail.be/stations/NMBS/008833001,IC_L,2017-03-26T15:42:00,2017-03-26T15:42:00,125,
http://irail.be/vehicle/IC_L4037,http://irail.be/stations/NMBS/008811288,IC_L,2017-03-26T15:48:00,2017-03-26T15:47:00,86,86
http://irail.be/vehicle/IC_L4037,http://irail.be/stations/NMBS/008811270,IC_L,2017-03-26T15:50:00,2017-03-26T15:50:00,78,78
http://irail.be/vehicle/IC_L4037,http://irail.be/stations/NMBS/008811262,IC_L,2017-03-26T15:51:00,2017-03-26T15:51:00,78,78
http://irail.be/vehicle/IC_L4037,NO-URI,IC_L,2017-03-26T15:52:00,2017-03-26T15:52:00,123,123
http://irail.be/vehicle/IC_L4037,http://irail.be/stations/NMBS/008811254,IC_L,2017-03-26T15:54:00,2017-03-26T15:53:00,116,116
http://irail.be/vehicle/IC_L4037,http://irail.be/stations/NMBS/008811247,IC_L,2017-03-26T15:56:00,2017-03-26T15:56:00,90,90
http://irail.be/vehicle/IC_L4037,http://irail.be/stations/NMBS/008819406,IC_L,2017-03-26T16:02:00,2017-03-26T16:00:00,706,759
http://irail.be/vehicle/IC_L4037,http://irail.be/stations/NMBS/008811155,IC_L,2017-03-26T16:08:00,2017-03-26T16:08:00,719,719
http://irail.be/vehicle/IC_L4037,http://irail.be/stations/NMBS/008811163,IC_L,2017-03-26T16:11:00,2017-03-26T16:10:00,699,721
http://irail.be/vehicle/IC_L4037,http://irail.be/stations/NMBS/008811106,IC_L,2017-03-26T16:12:00,2017-03-26T16:12:00,699,699
http://irail.be/vehicle/IC_L4037,NO-URI,IC_L,2017-03-26T16:13:00,2017-03-26T16:13:00,659,659
http://irail.be/vehicle/IC_L4037,http://irail.be/stations/NMBS/008811171,IC_L,2017-03-26T16:14:00,2017-03-26T16:14:00,659,659
http://irail.be/vehicle/IC_L4037,http://irail.be/stations/NMBS/008811197,IC_L,2017-03-26T16:19:00,2017-03-26T16:16:00,471,471
http://irail.be/vehicle/IC_L4037,http://irail.be/stations/NMBS/008811205,IC_L,2017-03-26T16:22:00,2017-03-26T16:22:00,507,471
http://irail.be/vehicle/IC_L4037,http://irail.be/stations/NMBS/008814472,IC_L,2017-03-26T16:24:00,2017-03-26T16:24:00,334,334
http://irail.be/vehicle/IC_L4037,http://irail.be/stations/NMBS/008814456,IC_L,2017-03-26T16:27:00,2017-03-26T16:26:00,334,334
http://irail.be/vehicle/IC_L4037,http://irail.be/stations/NMBS/008814464,IC_L,2017-03-26T16:30:00,2017-03-26T16:30:00,334,334
http://irail.be/vehicle/IC_L4037,http://irail.be/stations/NMBS/008814449,IC_L,2017-03-26T16:32:00,2017-03-26T16:31:00,334,334
http://irail.be/vehicle/IC_L4037,http://irail.be/stations/NMBS/008814142,IC_L,2017-03-26T16:36:00,2017-03-26T16:36:00,342,342
http://irail.be/vehicle/IC_L4037,http://irail.be/stations/NMBS/008814159,IC_L,2017-03-26T16:37:00,2017-03-26T16:37:00,342,342
http://irail.be/vehicle/IC_L4037,http://irail.be/stations/NMBS/008814167,IC_L,2017-03-26T16:40:00,2017-03-26T16:39:00,339,339
http://irail.be/vehicle/IC_L4037,http://irail.be/stations/NMBS/008814175,IC_L,2017-03-26T16:41:00,2017-03-26T16:41:00,262,262
http://irail.be/vehicle/IC_L4037,http://irail.be/stations/NMBS/008814266,IC_L,2017-03-26T16:45:00,2017-03-26T16:44:00,212,262
http://irail.be/vehicle/IC_L4037,http://irail.be/stations/NMBS/008814258,IC_L,2017-03-26T16:48:00,2017-03-26T16:48:00,,221
http://irail.be/vehicle/IC_L4037,http://irail.be/stations/NMBS/008833001,IC_L,2017-05-20T15:42:00,2017-05-20T15:42:00,27,
http://irail.be/vehicle/IC_L4037,http://irail.be/stations/NMBS/008811288,IC_L,2017-05-20T15:48:00,2017-05-20T15:47:00,3,3
http://irail.be/vehicle/IC_L4037,http://irail.be/stations/NMBS/008811270,IC_L,2017-05-20T15:50:00,2017-05-20T15:50:00,-1,-1
http://irail.be/vehicle/IC_L4037,http://irail.be/stations/NMBS/008811262,IC_L,2017-05-20T15:51:00,2017-05-20T15:51:00,-1,-1
http://irail.be/vehicle/IC_L4037,NO-URI,IC_L,2017-05-20T15:52:00,2017-05-20T15:52:00,48,48
http://irail.be/vehicle/IC_L4037,http://irail.be/stations/NMBS/008811254,IC_L,2017-05-20T15:54:00,2017-05-20T15:53:00,-8,47
http://irail.be/vehicle/IC_L4037,http://irail.be/stations/NMBS/008811247,IC_L,2017-05-20T15:56:00,2017-05-20T15:56:00,61,61
http://irail.be/vehicle/IC_L4037,http://irail.be/stations/NMBS/008819406,IC_L,2017-05-20T16:02:00,2017-05-20T16:00:00,18,46
http://irail.be/vehicle/IC_L4037,http://irail.be/stations/NMBS/008811155,IC_L,2017-05-20T16:08:00,2017-05-20T16:08:00,3,3
http://irail.be/vehicle/IC_L4037,http://irail.be/stations/NMBS/008811163,IC_L,2017-05-20T16:11:00,2017-05-20T16:10:00,19,15
http://irail.be/vehicle/IC_L4037,http://irail.be/stations/NMBS/008811106,IC_L,2017-05-20T16:12:00,2017-05-20T16:12:00,19,19
http://irail.be/vehicle/IC_L4037,NO-URI,IC_L,2017-05-20T16:13:00,2017-05-20T16:13:00,-18,-18
http://irail.be/vehicle/IC_L4037,http://irail.be/stations/NMBS/008811171,IC_L,2017-05-20T16:14:00,2017-05-20T16:14:00,-18,-18
http://irail.be/vehicle/IC_L4037,http://irail.be/stations/NMBS/008811197,IC_L,2017-05-20T16:19:00,2017-05-20T16:16:00,-5,-5
http://irail.be/vehicle/IC_L4037,http://irail.be/stations/NMBS/008811205,IC_L,2017-05-20T16:22:00,2017-05-20T16:22:00,66,-5
http://irail.be/vehicle/IC_L4037,http://irail.be/stations/NMBS/008814472,IC_L,2017-05-20T16:24:00,2017-05-20T16:24:00,96,96
http://irail.be/vehicle/IC_L4037,http://irail.be/stations/NMBS/008814456,IC_L,2017-05-20T16:27:00,2017-05-20T16:26:00,96,96
http://irail.be/vehicle/IC_L4037,http://irail.be/stations/NMBS/008814464,IC_L,2017-05-20T16:30:00,2017-05-20T16:30:00,96,96
http://irail.be/vehicle/IC_L4037,http://irail.be/stations/NMBS/008814449,IC_L,2017-05-20T16:32:00,2017-05-20T16:31:00,96,96
http://irail.be/vehicle/IC_L4037,http://irail.be/stations/NMBS/008814142,IC_L,2017-05-20T16:36:00,2017-05-20T16:36:00,128,128
http://irail.be/vehicle/IC_L4037,http://irail.be/stations/NMBS/008814159,IC_L,2017-05-20T16:37:00,2017-05-20T16:37:00,128,128
http://irail.be/vehicle/IC_L4037,http://irail.be/stations/NMBS/008814167,IC_L,2017-05-20T16:40:00,2017-05-20T16:39:00,75,124
http://irail.be/vehicle/IC_L4037,http://irail.be/stations/NMBS/008814175,IC_L,2017-05-20T16:41:00,2017-05-20T16:41:00,75,75
http://irail.be/vehicle/IC_L4037,http://irail.be/stations/NMBS/008814266,IC_L,2017-05-20T16:45:00,2017-05-20T16:44:00,71,75
http://irail.be/vehicle/IC_L4037,http://irail.be/stations/NMBS/008814258,IC_L,2017-05-20T16:48:00,2017-05-20T16:48:00,,86
http://irail.be/vehicle/IC_L4037,http://irail.be/stations/NMBS/008833001,IC_L,2017-06-05T15:42:00,2017-06-05T15:42:00,49,
http://irail.be/vehicle/IC_L4037,http://irail.be/stations/NMBS/008811288,IC_L,2017-06-05T15:48:00,2017-06-05T15:47:00,1,1
http://irail.be/vehicle/IC_L4037,http://irail.be/stations/NMBS/008811270,IC_L,2017-06-05T15:50:00,2017-06-05T15:50:00,-2,-2
http://irail.be/vehicle/IC_L4037,http://irail.be/stations/NMBS/008811262,IC_L,2017-06-05T15:51:00,2017-06-05T15:51:00,-2,-2
http://irail.be/vehicle/IC_L4037,NO-URI,IC_L,2017-06-05T15:52:00,2017-06-05T15:52:00,46,46
http://irail.be/vehicle/IC_L4037,http://irail.be/stations/NMBS/008811254,IC_L,2017-06-05T15:54:00,2017-06-05T15:53:00,43,43
http://irail.be/vehicle/IC_L4037,http://irail.be/stations/NMBS/008811247,IC_L,2017-06-05T15:56:00,2017-06-05T15:56:00,51,51
http://irail.be/vehicle/IC_L4037,http://irail.be/stations/NMBS/008819406,IC_L,2017-06-05T16:02:00,2017-06-05T16:00:00,15,21
http://irail.be/vehicle/IC_L4037,http://irail.be/stations/NMBS/008811155,IC_L,2017-06-05T16:08:00,2017-06-05T16:08:00,40,40
http://irail.be/vehicle/IC_L4037,http://irail.be/stations/NMBS/008811163,IC_L,2017-06-05T16:11:00,2017-06-05T16:10:00,23,44
http://irail.be/vehicle/IC_L4037,http://irail.be/stations/NMBS/008811106,IC_L,2017-06-05T16:12:00,2017-06-05T16:12:00,23,23
http://irail.be/vehicle/IC_L4037,NO-URI,IC_L,2017-06-05T16:13:00,2017-06-05T16:13:00,-14,-14
http://irail.be/vehicle/IC_L4037,http://irail.be/stations/NMBS/008811171,IC_L,2017-06-05T16:14:00,2017-06-05T16:14:00,-14,-14
http://irail.be/vehicle/IC_L4037,http://irail.be/stations/NMBS/008811197,IC_L,2017-06-05T16:19:00,2017-06-05T16:16:00,-15,-15
http://irail.be/vehicle/IC_L4037,http://irail.be/stations/NMBS/008811205,IC_L,2017-06-05T16:22:00,2017-06-05T16:22:00,36,-15
http://irail.be/vehicle/IC_L4037,http://irail.be/stations/NMBS/008814472,IC_L,2017-06-05T16:24:00,2017-06-05T16:24:00,-22,-22
http://irail.be/vehicle/IC_L4037,http://irail.be/stations/NMBS/008814456,IC_L,2017-06-05T16:27:00,2017-06-05T16:26:00,-22,-22
http://irail.be/vehicle/IC_L4037,http://irail.be/stations/NMBS/008814464,IC_L,2017-06-05T16:30:00,2017-06-05T16:30:00,-22,-22
http://irail.be/vehicle/IC_L4037,http://irail.be/stations/NMBS/008814449,IC_L,2017-06-05T16:32:00,2017-06-05T16:31:00,-22,-22
http://irail.be/vehicle/IC_L4037,http://irail.be/stations/NMBS/008814142,IC_L,2017-06-05T16:36:00,2017-06-05T16:36:00,27,27
http://irail.be/vehicle/IC_L4037,http://irail.be/stations/NMBS/008814159,IC_L,2017-06-05T16:37:00,2017-06-05T16:37:00,27,27
http://irail.be/vehicle/IC_L4037,http://irail.be/stations/NMBS/008814167,IC_L,2017-06-05T16:40:00,2017-06-05T16:39:00,88,27
http://irail.be/vehicle/IC_L4037,http://irail.be/stations/NMBS/008814175,IC_L,2017-06-05T16:41:00,2017-06-05T16:41:00,88,88
http://irail.be/vehicle/IC_L4037,http://irail.be/stations/NMBS/008814266,IC_L,2017-06-05T16:45:00,2017-06-05T16:44:00,45,88
http://irail.be/vehicle/IC_L4037,http://irail.be/stations/NMBS/008814258,IC_L,2017-06-05T16:48:00,2017-06-05T16:48:00,,61
http://irail.be/vehicle/IC_L4037,http://irail.be/stations/NMBS/008833001,IC_L,2017-10-01T15:41:00,2017-10-01T15:41:00,48,
http://irail.be/vehicle/IC_L4037,http://irail.be/stations/NMBS/008811288,IC_L,2017-10-01T15:47:00,2017-10-01T15:46:00,21,21
http://irail.be/vehicle/IC_L4037,http://irail.be/stations/NMBS/008811270,IC_L,2017-10-01T15:49:00,2017-10-01T15:49:00,-28,-28
http://irail.be/vehicle/IC_L4037,http://irail.be/stations/NMBS/008811262,IC_L,2017-10-01T15:51:00,2017-10-01T15:51:00,-28,-28
http://irail.be/vehicle/IC_L4037,NO-URI,IC_L,2017-10-01T15:52:00,2017-10-01T15:52:00,39,39
http://irail.be/vehicle/IC_L4037,http://irail.be/stations/NMBS/008811254,IC_L,2017-10-01T15:54:00,2017-10-01T15:53:00,57,57
http://irail.be/vehicle/IC_L4037,http://irail.be/stations/NMBS/008811247,IC_L,2017-10-01T15:56:00,2017-10-01T15:56:00,45,45
http://irail.be/vehicle/IC_L4037,http://irail.be/stations/NMBS/008819406,IC_L,2017-10-01T16:02:00,2017-10-01T16:00:00,13,-13
http://irail.be/vehicle/IC_L4037,http://irail.be/stations/NMBS/008811155,IC_L,2017-10-01T16:08:00,2017-10-01T16:08:00,-18,-18
http://irail.be/vehicle/IC_L4037,http://irail.be/stations/NMBS/008811163,IC_L,2017-10-01T16:11:00,2017-10-01T16:10:00,-19,-1
http://irail.be/vehicle/IC_L4037,http://irail.be/stations/NMBS/008811106,IC_L,2017-10-01T16:13:00,2017-10-01T16:13:00,-19,-19
http://irail.be/vehicle/IC_L4037,NO-URI,IC_L,2017-10-01T16:13:00,2017-10-01T16:13:00,-13,-13
http://irail.be/vehicle/IC_L4037,http://irail.be/stations/NMBS/008811171,IC_L,2017-10-01T16:14:00,2017-10-01T16:14:00,-13,-13
http://irail.be/vehicle/IC_L4037,http://irail.be/stations/NMBS/008811916,IC_L,2017-10-01T16:18:00,2017-10-01T16:17:00,37,-14
http://irail.be/vehicle/IC_L4037,http://irail.be/stations/NMBS/008811304,IC_L,2017-10-01T16:21:00,2017-10-01T16:20:00,-5,37
http://irail.be/vehicle/IC_L4037,http://irail.be/stations/NMBS/008811403,IC_L,2017-10-01T16:23:00,2017-10-01T16:23:00,-5,-5
http://irail.be/vehicle/IC_L4037,http://irail.be/stations/NMBS/008811411,IC_L,2017-10-01T16:25:00,2017-10-01T16:24:00,57,-6
http://irail.be/vehicle/IC_L4037,http://irail.be/stations/NMBS/008814472,IC_L,2017-10-01T16:27:00,2017-10-01T16:27:00,-1,-1
http://irail.be/vehicle/IC_L4037,http://irail.be/stations/NMBS/008814456,IC_L,2017-10-01T16:29:00,2017-10-01T16:28:00,-1,-1
http://irail.be/vehicle/IC_L4037,http://irail.be/stations/NMBS/008814464,IC_L,2017-10-01T16:32:00,2017-10-01T16:32:00,-1,-1
http://irail.be/vehicle/IC_L4037,http://irail.be/stations/NMBS/008814449,IC_L,2017-10-01T16:35:00,2017-10-01T16:34:00,-1,-1
http://irail.be/vehicle/IC_L4037,http://irail.be/stations/NMBS/008814142,IC_L,2017-10-01T16:39:00,2017-10-01T16:39:00,-2,-2
http://irail.be/vehicle/IC_L4037,http://irail.be/stations/NMBS/008814159,IC_L,2017-10-01T16:41:00,2017-10-01T16:41:00,-2,-2
http://irail.be/vehicle/IC_L4037,http://irail.be/stations/NMBS/008814167,IC_L,2017-10-01T16:44:00,2017-10-01T16:43:00,25,-33
http://irail.be/vehicle/IC_L4037,http://irail.be/stations/NMBS/008814175,IC_L,2017-10-01T16:46:00,2017-10-01T16:46:00,25,25
http://irail.be/vehicle/IC_L4037,http://irail.be/stations/NMBS/008814266,IC_L,2017-10-01T16:49:00,2017-10-01T16:48:00,-22,25
http://irail.be/vehicle/IC_L4037,http://irail.be/stations/NMBS/008814258,IC_L,2017-10-01T16:52:00,2017-10-01T16:52:00,,-11
http://irail.be/vehicle/IC_L4037,http://irail.be/stations/NMBS/008833001,IC_L,2017-07-29T15:41:00,2017-07-29T15:41:00,22,
http://irail.be/vehicle/IC_L4037,http://irail.be/stations/NMBS/008811288,IC_L,2017-07-29T15:47:00,2017-07-29T15:46:00,23,23
http://irail.be/vehicle/IC_L4037,http://irail.be/stations/NMBS/008811270,IC_L,2017-07-29T15:49:00,2017-07-29T15:49:00,-45,-45
http://irail.be/vehicle/IC_L4037,http://irail.be/stations/NMBS/008811262,IC_L,2017-07-29T15:51:00,2017-07-29T15:51:00,-45,-45
http://irail.be/vehicle/IC_L4037,NO-URI,IC_L,2017-07-29T15:52:00,2017-07-29T15:52:00,20,20
http://irail.be/vehicle/IC_L4037,http://irail.be/stations/NMBS/008811254,IC_L,2017-07-29T15:54:00,2017-07-29T15:53:00,34,34
http://irail.be/vehicle/IC_L4037,http://irail.be/stations/NMBS/008811247,IC_L,2017-07-29T15:56:00,2017-07-29T15:56:00,21,21
http://irail.be/vehicle/IC_L4037,http://irail.be/stations/NMBS/008819406,IC_L,2017-07-29T16:02:00,2017-07-29T16:00:00,-6,-16
http://irail.be/vehicle/IC_L4037,http://irail.be/stations/NMBS/008811155,IC_L,2017-07-29T16:08:00,2017-07-29T16:08:00,-16,-16
http://irail.be/vehicle/IC_L4037,http://irail.be/stations/NMBS/008811163,IC_L,2017-07-29T16:11:00,2017-07-29T16:10:00,-54,-3
http://irail.be/vehicle/IC_L4037,http://irail.be/stations/NMBS/008811106,IC_L,2017-07-29T16:13:00,2017-07-29T16:13:00,-54,-54
http://irail.be/vehicle/IC_L4037,NO-URI,IC_L,2017-07-29T16:13:00,2017-07-29T16:13:00,-41,-41
http://irail.be/vehicle/IC_L4037,http://irail.be/stations/NMBS/008811171,IC_L,2017-07-29T16:14:00,2017-07-29T16:14:00,-41,-41
http://irail.be/vehicle/IC_L4037,http://irail.be/stations/NMBS/008811916,IC_L,2017-07-29T16:18:00,2017-07-29T16:17:00,46,-47
http://irail.be/vehicle/IC_L4037,http://irail.be/stations/NMBS/008811304,IC_L,2017-07-29T16:21:00,2017-07-29T16:20:00,-6,46
http://irail.be/vehicle/IC_L4037,http://irail.be/stations/NMBS/008811403,IC_L,2017-07-29T16:23:00,2017-07-29T16:23:00,-6,-6
http://irail.be/vehicle/IC_L4037,http://irail.be/stations/NMBS/008811411,IC_L,2017-07-29T16:25:00,2017-07-29T16:24:00,66,9
http://irail.be/vehicle/IC_L4037,http://irail.be/stations/NMBS/008814472,IC_L,2017-07-29T16:27:00,2017-07-29T16:27:00,-66,-66
http://irail.be/vehicle/IC_L4037,http://irail.be/stations/NMBS/008814456,IC_L,2017-07-29T16:29:00,2017-07-29T16:28:00,-66,-66
http://irail.be/vehicle/IC_L4037,http://irail.be/stations/NMBS/008814464,IC_L,2017-07-29T16:32:00,2017-07-29T16:32:00,-66,-66
http://irail.be/vehicle/IC_L4037,http://irail.be/stations/NMBS/008814449,IC_L,2017-07-29T16:35:00,2017-07-29T16:34:00,-66,-66
http://irail.be/vehicle/IC_L4037,http://irail.be/stations/NMBS/008814142,IC_L,2017-07-29T16:39:00,2017-07-29T16:39:00,14,14
http://irail.be/vehicle/IC_L4037,http://irail.be/stations/NMBS/008814159,IC_L,2017-07-29T16:41:00,2017-07-29T16:41:00,14,14
http://irail.be/vehicle/IC_L4037,http://irail.be/stations/NMBS/008814167,IC_L,2017-07-29T16:44:00,2017-07-29T16:43:00,76,14
http://irail.be/vehicle/IC_L4037,http://irail.be/stations/NMBS/008814175,IC_L,2017-07-29T16:46:00,2017-07-29T16:46:00,76,76
http://irail.be/vehicle/IC_L4037,http://irail.be/stations/NMBS/008814266,IC_L,2017-07-29T16:49:00,2017-07-29T16:48:00,49,76
http://irail.be/vehicle/IC_L4037,http://irail.be/stations/NMBS/008814258,IC_L,2017-07-29T16:52:00,2017-07-29T16:52:00,,71
http://irail.be/vehicle/IC_L4037,http://irail.be/stations/NMBS/008833001,IC_L,2017-12-03T15:41:00,2017-12-03T15:41:00,31,
http://irail.be/vehicle/IC_L4037,http://irail.be/stations/NMBS/008811288,IC_L,2017-12-03T15:47:00,2017-12-03T15:46:00,-13,-13
http://irail.be/vehicle/IC_L4037,http://irail.be/stations/NMBS/008811270,IC_L,2017-12-03T15:49:00,2017-12-03T15:49:00,-76,-76
http://irail.be/vehicle/IC_L4037,http://irail.be/stations/NMBS/008811262,IC_L,2017-12-03T15:51:00,2017-12-03T15:51:00,-76,-76
http://irail.be/vehicle/IC_L4037,NO-URI,IC_L,2017-12-03T15:52:00,2017-12-03T15:52:00,-22,-22
http://irail.be/vehicle/IC_L4037,http://irail.be/stations/NMBS/008811254,IC_L,2017-12-03T15:54:00,2017-12-03T15:53:00,-45,-7
http://irail.be/vehicle/IC_L4037,http://irail.be/stations/NMBS/008811247,IC_L,2017-12-03T15:56:00,2017-12-03T15:56:00,14,14
http://irail.be/vehicle/IC_L4037,http://irail.be/stations/NMBS/008819406,IC_L,2017-12-03T16:02:00,2017-12-03T16:00:00,26,7
http://irail.be/vehicle/IC_L4037,http://irail.be/stations/NMBS/008811155,IC_L,2017-12-03T16:08:00,2017-12-03T16:08:00,33,33
http://irail.be/vehicle/IC_L4037,http://irail.be/stations/NMBS/008811163,IC_L,2017-12-03T16:11:00,2017-12-03T16:10:00,13,48
http://irail.be/vehicle/IC_L4037,http://irail.be/stations/NMBS/008811106,IC_L,2017-12-03T16:13:00,2017-12-03T16:13:00,13,13
http://irail.be/vehicle/IC_L4037,NO-URI,IC_L,2017-12-03T16:13:00,2017-12-03T16:13:00,25,25
http://irail.be/vehicle/IC_L4037,http://irail.be/stations/NMBS/008811171,IC_L,2017-12-03T16:14:00,2017-12-03T16:14:00,25,25
http://irail.be/vehicle/IC_L4037,http://irail.be/stations/NMBS/008811916,IC_L,2017-12-03T16:18:00,2017-12-03T16:17:00,60,56
http://irail.be/vehicle/IC_L4037,http://irail.be/stations/NMBS/008811304,IC_L,2017-12-03T16:21:00,2017-12-03T16:20:00,11,60
http://irail.be/vehicle/IC_L4037,http://irail.be/stations/NMBS/008811403,IC_L,2017-12-03T16:23:00,2017-12-03T16:23:00,11,11
http://irail.be/vehicle/IC_L4037,http://irail.be/stations/NMBS/008811411,IC_L,2017-12-03T16:25:00,2017-12-03T16:24:00,81,18
http://irail.be/vehicle/IC_L4037,http://irail.be/stations/NMBS/008814472,IC_L,2017-12-03T16:27:00,2017-12-03T16:27:00,-13,-13
http://irail.be/vehicle/IC_L4037,http://irail.be/stations/NMBS/008814456,IC_L,2017-12-03T16:29:00,2017-12-03T16:28:00,-13,-13
http://irail.be/vehicle/IC_L4037,http://irail.be/stations/NMBS/008814464,IC_L,2017-12-03T16:32:00,2017-12-03T16:32:00,-13,-13
http://irail.be/vehicle/IC_L4037,http://irail.be/stations/NMBS/008814449,IC_L,2017-12-03T16:35:00,2017-12-03T16:34:00,-13,-13
http://irail.be/vehicle/IC_L4037,http://irail.be/stations/NMBS/008814142,IC_L,2017-12-03T16:39:00,2017-12-03T16:39:00,38,38
http://irail.be/vehicle/IC_L4037,http://irail.be/stations/NMBS/008814159,IC_L,2017-12-03T16:41:00,2017-12-03T16:41:00,38,38
http://irail.be/vehicle/IC_L4037,http://irail.be/stations/NMBS/008814167,IC_L,2017-12-03T16:44:00,2017-12-03T16:43:00,26,21
http://irail.be/vehicle/IC_L4037,http://irail.be/stations/NMBS/008814175,IC_L,2017-12-03T16:46:00,2017-12-03T16:46:00,26,26
http://irail.be/vehicle/IC_L4037,http://irail.be/stations/NMBS/008814266,IC_L,2017-12-03T16:49:00,2017-12-03T16:48:00,-5,26
http://irail.be/vehicle/IC_L4037,http://irail.be/stations/NMBS/008814258,IC_L,2017-12-03T16:52:00,2017-12-03T16:52:00,,20
http://irail.be/vehicle/IC_L4037,http://irail.be/stations/NMBS/008833001,IC_L,2017-08-27T15:41:00,2017-08-27T15:41:00,22,
http://irail.be/vehicle/IC_L4037,http://irail.be/stations/NMBS/008811288,IC_L,2017-08-27T15:47:00,2017-08-27T15:46:00,54,54
http://irail.be/vehicle/IC_L4037,http://irail.be/stations/NMBS/008811270,IC_L,2017-08-27T15:49:00,2017-08-27T15:49:00,-14,-14
http://irail.be/vehicle/IC_L4037,http://irail.be/stations/NMBS/008811262,IC_L,2017-08-27T15:51:00,2017-08-27T15:51:00,-14,-14
http://irail.be/vehicle/IC_L4037,NO-URI,IC_L,2017-08-27T15:52:00,2017-08-27T15:52:00,32,32
http://irail.be/vehicle/IC_L4037,http://irail.be/stations/NMBS/008811254,IC_L,2017-08-27T15:54:00,2017-08-27T15:53:00,34,34
http://irail.be/vehicle/IC_L4037,http://irail.be/stations/NMBS/008811247,IC_L,2017-08-27T15:56:00,2017-08-27T15:56:00,29,29
http://irail.be/vehicle/IC_L4037,http://irail.be/stations/NMBS/008819406,IC_L,2017-08-27T16:02:00,2017-08-27T16:00:00,6,8
http://irail.be/vehicle/IC_L4037,http://irail.be/stations/NMBS/008811155,IC_L,2017-08-27T16:08:00,2017-08-27T16:08:00,40,40
http://irail.be/vehicle/IC_L4037,http://irail.be/stations/NMBS/008811163,IC_L,2017-08-27T16:11:00,2017-08-27T16:10:00,57,57
http://irail.be/vehicle/IC_L4037,http://irail.be/stations/NMBS/008811106,IC_L,2017-08-27T16:13:00,2017-08-27T16:13:00,-9,-9
http://irail.be/vehicle/IC_L4037,NO-URI,IC_L,2017-08-27T16:13:00,2017-08-27T16:13:00,-2,-2
http://irail.be/vehicle/IC_L4037,http://irail.be/stations/NMBS/008811171,IC_L,2017-08-27T16:14:00,2017-08-27T16:14:00,-2,-2
http://irail.be/vehicle/IC_L4037,http://irail.be/stations/NMBS/008811916,IC_L,2017-08-27T16:18:00,2017-08-27T16:17:00,33,31
http://irail.be/vehicle/IC_L4037,http://irail.be/stations/NMBS/008811304,IC_L,2017-08-27T16:21:00,2017-08-27T16:20:00,0,33
http://irail.be/vehicle/IC_L4037,http://irail.be/stations/NMBS/008811403,IC_L,2017-08-27T16:23:00,2017-08-27T16:23:00,0,0
http://irail.be/vehicle/IC_L4037,http://irail.be/stations/NMBS/008811411,IC_L,2017-08-27T16:25:00,2017-08-27T16:24:00,39,-1
http://irail.be/vehicle/IC_L4037,http://irail.be/stations/NMBS/008814472,IC_L,2017-08-27T16:27:00,2017-08-27T16:27:00,-23,-23
http://irail.be/vehicle/IC_L4037,http://irail.be/stations/NMBS/008814456,IC_L,2017-08-27T16:29:00,2017-08-27T16:28:00,-23,-23
http://irail.be/vehicle/IC_L4037,http://irail.be/stations/NMBS/008814464,IC_L,2017-08-27T16:32:00,2017-08-27T16:32:00,-23,-23
http://irail.be/vehicle/IC_L4037,http://irail.be/stations/NMBS/008814449,IC_L,2017-08-27T16:35:00,2017-08-27T16:34:00,-23,-23
http://irail.be/vehicle/IC_L4037,http://irail.be/stations/NMBS/008814142,IC_L,2017-08-27T16:39:00,2017-08-27T16:39:00,-7,-7
http://irail.be/vehicle/IC_L4037,http://irail.be/stations/NMBS/008814159,IC_L,2017-08-27T16:41:00,2017-08-27T16:41:00,-7,-7
http://irail.be/vehicle/IC_L4037,http://irail.be/stations/NMBS/008814167,IC_L,2017-08-27T16:44:00,2017-08-27T16:43:00,-4,-27
http://irail.be/vehicle/IC_L4037,http://irail.be/stations/NMBS/008814175,IC_L,2017-08-27T16:46:00,2017-08-27T16:46:00,-4,-4
http://irail.be/vehicle/IC_L4037,http://irail.be/stations/NMBS/008814266,IC_L,2017-08-27T16:49:00,2017-08-27T16:48:00,-3,-4
http://irail.be/vehicle/IC_L4037,http://irail.be/stations/NMBS/008814258,IC_L,2017-08-27T16:52:00,2017-08-27T16:52:00,,21
http://irail.be/vehicle/IC_L4037,http://irail.be/stations/NMBS/008811106,IC_L,2017-02-18T16:12:00,2017-02-18T16:12:00,-109,
http://irail.be/vehicle/IC_L4037,NO-URI,IC_L,2017-02-18T16:13:00,2017-02-18T16:13:00,-109,-109
http://irail.be/vehicle/IC_L4037,http://irail.be/stations/NMBS/008811171,IC_L,2017-02-18T16:14:00,2017-02-18T16:14:00,-109,-109
http://irail.be/vehicle/IC_L4037,http://irail.be/stations/NMBS/008811197,IC_L,2017-02-18T16:19:00,2017-02-18T16:16:00,4,4
http://irail.be/vehicle/IC_L4037,http://irail.be/stations/NMBS/008811205,IC_L,2017-02-18T16:22:00,2017-02-18T16:22:00,63,4
http://irail.be/vehicle/IC_L4037,http://irail.be/stations/NMBS/008814472,IC_L,2017-02-18T16:24:00,2017-02-18T16:24:00,-550,-550
http://irail.be/vehicle/IC_L4037,http://irail.be/stations/NMBS/008814456,IC_L,2017-02-18T16:27:00,2017-02-18T16:26:00,-550,-550
http://irail.be/vehicle/IC_L4037,http://irail.be/stations/NMBS/008814464,IC_L,2017-02-18T16:30:00,2017-02-18T16:30:00,-532,-550
http://irail.be/vehicle/IC_L4037,http://irail.be/stations/NMBS/008814449,IC_L,2017-02-18T16:32:00,2017-02-18T16:31:00,-532,-532
http://irail.be/vehicle/IC_L4037,http://irail.be/stations/NMBS/008814142,IC_L,2017-02-18T16:36:00,2017-02-18T16:36:00,62,62
http://irail.be/vehicle/IC_L4037,http://irail.be/stations/NMBS/008814159,IC_L,2017-02-18T16:37:00,2017-02-18T16:37:00,62,62
http://irail.be/vehicle/IC_L4037,http://irail.be/stations/NMBS/008814167,IC_L,2017-02-18T16:40:00,2017-02-18T16:39:00,-4,-4
http://irail.be/vehicle/IC_L4037,http://irail.be/stations/NMBS/008814175,IC_L,2017-02-18T16:41:00,2017-02-18T16:41:00,-4,-4
http://irail.be/vehicle/IC_L4037,http://irail.be/stations/NMBS/008814266,IC_L,2017-02-18T16:45:00,2017-02-18T16:44:00,7,-4
http://irail.be/vehicle/IC_L4037,http://irail.be/stations/NMBS/008814258,IC_L,2017-02-18T16:48:00,2017-02-18T16:48:00,,40
http://irail.be/vehicle/IC_L4037,http://irail.be/stations/NMBS/008833001,IC_L,2017-09-03T15:41:00,2017-09-03T15:41:00,36,
http://irail.be/vehicle/IC_L4037,http://irail.be/stations/NMBS/008811288,IC_L,2017-09-03T15:47:00,2017-09-03T15:46:00,28,28
http://irail.be/vehicle/IC_L4037,http://irail.be/stations/NMBS/008811270,IC_L,2017-09-03T15:49:00,2017-09-03T15:49:00,-52,-52
http://irail.be/vehicle/IC_L4037,http://irail.be/stations/NMBS/008811262,IC_L,2017-09-03T15:51:00,2017-09-03T15:51:00,-52,-52
http://irail.be/vehicle/IC_L4037,NO-URI,IC_L,2017-09-03T15:52:00,2017-09-03T15:52:00,-14,-14
http://irail.be/vehicle/IC_L4037,http://irail.be/stations/NMBS/008811254,IC_L,2017-09-03T15:54:00,2017-09-03T15:53:00,-17,-17
http://irail.be/vehicle/IC_L4037,http://irail.be/stations/NMBS/008811247,IC_L,2017-09-03T15:56:00,2017-09-03T15:56:00,-29,-29
http://irail.be/vehicle/IC_L4037,http://irail.be/stations/NMBS/008819406,IC_L,2017-09-03T16:02:00,2017-09-03T16:00:00,-1,9
http://irail.be/vehicle/IC_L4037,http://irail.be/stations/NMBS/008811155,IC_L,2017-09-03T16:08:00,2017-09-03T16:08:00,-10,-10
http://irail.be/vehicle/IC_L4037,http://irail.be/stations/NMBS/008811163,IC_L,2017-09-03T16:11:00,2017-09-03T16:10:00,-34,9
http://irail.be/vehicle/IC_L4037,http://irail.be/stations/NMBS/008811106,IC_L,2017-09-03T16:13:00,2017-09-03T16:13:00,-34,-34
http://irail.be/vehicle/IC_L4037,NO-URI,IC_L,2017-09-03T16:13:00,2017-09-03T16:13:00,-26,-26
http://irail.be/vehicle/IC_L4037,http://irail.be/stations/NMBS/008811171,IC_L,2017-09-03T16:14:00,2017-09-03T16:14:00,-26,-26
http://irail.be/vehicle/IC_L4037,http://irail.be/stations/NMBS/008811916,IC_L,2017-09-03T16:18:00,2017-09-03T16:17:00,30,1
http://irail.be/vehicle/IC_L4037,http://irail.be/stations/NMBS/008811304,IC_L,2017-09-03T16:21:00,2017-09-03T16:20:00,-1,30
http://irail.be/vehicle/IC_L4037,http://irail.be/stations/NMBS/008811403,IC_L,2017-09-03T16:23:00,2017-09-03T16:23:00,-1,-1
http://irail.be/vehicle/IC_L4037,http://irail.be/stations/NMBS/008811411,IC_L,2017-09-03T16:25:00,2017-09-03T16:24:00,55,5
http://irail.be/vehicle/IC_L4037,http://irail.be/stations/NMBS/008814472,IC_L,2017-09-03T16:27:00,2017-09-03T16:27:00,-102,-102
http://irail.be/vehicle/IC_L4037,http://irail.be/stations/NMBS/008814456,IC_L,2017-09-03T16:29:00,2017-09-03T16:28:00,-102,-102
http://irail.be/vehicle/IC_L4037,http://irail.be/stations/NMBS/008814464,IC_L,2017-09-03T16:32:00,2017-09-03T16:32:00,-102,-102
http://irail.be/vehicle/IC_L4037,http://irail.be/stations/NMBS/008814449,IC_L,2017-09-03T16:35:00,2017-09-03T16:34:00,-102,-102
http://irail.be/vehicle/IC_L4037,http://irail.be/stations/NMBS/008814142,IC_L,2017-09-03T16:39:00,2017-09-03T16:39:00,4,4
http://irail.be/vehicle/IC_L4037,http://irail.be/stations/NMBS/008814159,IC_L,2017-09-03T16:41:00,2017-09-03T16:41:00,4,4
http://irail.be/vehicle/IC_L4037,http://irail.be/stations/NMBS/008814167,IC_L,2017-09-03T16:44:00,2017-09-03T16:43:00,-58,-32
http://irail.be/vehicle/IC_L4037,http://irail.be/stations/NMBS/008814175,IC_L,2017-09-03T16:46:00,2017-09-03T16:46:00,-58,-58
http://irail.be/vehicle/IC_L4037,http://irail.be/stations/NMBS/008814266,IC_L,2017-09-03T16:49:00,2017-09-03T16:48:00,-88,-58
http://irail.be/vehicle/IC_L4037,http://irail.be/stations/NMBS/008814258,IC_L,2017-09-03T16:52:00,2017-09-03T16:52:00,,-81
http://irail.be/vehicle/IC_L4037,http://irail.be/stations/NMBS/008819406,IC_L,2017-02-19T16:02:00,2017-02-19T16:02:00,17,
http://irail.be/vehicle/IC_L4037,http://irail.be/stations/NMBS/008811155,IC_L,2017-02-19T16:08:00,2017-02-19T16:08:00,66,66
http://irail.be/vehicle/IC_L4037,http://irail.be/stations/NMBS/008811163,IC_L,2017-02-19T16:11:00,2017-02-19T16:10:00,71,81
http://irail.be/vehicle/IC_L4037,http://irail.be/stations/NMBS/008811106,IC_L,2017-02-19T16:12:00,2017-02-19T16:12:00,71,71
http://irail.be/vehicle/IC_L4037,NO-URI,IC_L,2017-02-19T16:13:00,2017-02-19T16:13:00,39,39
http://irail.be/vehicle/IC_L4037,http://irail.be/stations/NMBS/008811171,IC_L,2017-02-19T16:14:00,2017-02-19T16:14:00,39,39
http://irail.be/vehicle/IC_L4037,http://irail.be/stations/NMBS/008811197,IC_L,2017-02-19T16:19:00,2017-02-19T16:16:00,22,22
http://irail.be/vehicle/IC_L4037,http://irail.be/stations/NMBS/008811205,IC_L,2017-02-19T16:22:00,2017-02-19T16:22:00,89,22
http://irail.be/vehicle/IC_L4037,http://irail.be/stations/NMBS/008814472,IC_L,2017-02-19T16:24:00,2017-02-19T16:24:00,61,61
http://irail.be/vehicle/IC_L4037,http://irail.be/stations/NMBS/008814456,IC_L,2017-02-19T16:27:00,2017-02-19T16:26:00,61,61
http://irail.be/vehicle/IC_L4037,http://irail.be/stations/NMBS/008814464,IC_L,2017-02-19T16:30:00,2017-02-19T16:30:00,61,61
http://irail.be/vehicle/IC_L4037,http://irail.be/stations/NMBS/008814449,IC_L,2017-02-19T16:32:00,2017-02-19T16:31:00,61,61
http://irail.be/vehicle/IC_L4037,http://irail.be/stations/NMBS/008814142,IC_L,2017-02-19T16:36:00,2017-02-19T16:36:00,100,100
http://irail.be/vehicle/IC_L4037,http://irail.be/stations/NMBS/008814159,IC_L,2017-02-19T16:37:00,2017-02-19T16:37:00,100,100
http://irail.be/vehicle/IC_L4037,http://irail.be/stations/NMBS/008814167,IC_L,2017-02-19T16:40:00,2017-02-19T16:39:00,57,103
http://irail.be/vehicle/IC_L4037,http://irail.be/stations/NMBS/008814175,IC_L,2017-02-19T16:41:00,2017-02-19T16:41:00,57,57
http://irail.be/vehicle/IC_L4037,http://irail.be/stations/NMBS/008814266,IC_L,2017-02-19T16:45:00,2017-02-19T16:44:00,29,57
http://irail.be/vehicle/IC_L4037,http://irail.be/stations/NMBS/008814258,IC_L,2017-02-19T16:48:00,2017-02-19T16:48:00,,48
http://irail.be/vehicle/IC_L4037,http://irail.be/stations/NMBS/008833001,IC_L,2017-02-11T15:42:00,2017-02-11T15:42:00,48,
http://irail.be/vehicle/IC_L4037,http://irail.be/stations/NMBS/008811288,IC_L,2017-02-11T15:48:00,2017-02-11T15:47:00,308,308
http://irail.be/vehicle/IC_L4037,http://irail.be/stations/NMBS/008811270,IC_L,2017-02-11T15:50:00,2017-02-11T15:50:00,313,313
http://irail.be/vehicle/IC_L4037,http://irail.be/stations/NMBS/008811262,IC_L,2017-02-11T15:51:00,2017-02-11T15:51:00,313,313
http://irail.be/vehicle/IC_L4037,NO-URI,IC_L,2017-02-11T15:52:00,2017-02-11T15:52:00,361,361
http://irail.be/vehicle/IC_L4037,http://irail.be/stations/NMBS/008811254,IC_L,2017-02-11T15:54:00,2017-02-11T15:53:00,300,300
http://irail.be/vehicle/IC_L4037,http://irail.be/stations/NMBS/008811247,IC_L,2017-02-11T15:56:00,2017-02-11T15:56:00,366,366
http://irail.be/vehicle/IC_L4037,http://irail.be/stations/NMBS/008819406,IC_L,2017-02-11T16:02:00,2017-02-11T16:00:00,256,321
http://irail.be/vehicle/IC_L4037,http://irail.be/stations/NMBS/008811155,IC_L,2017-02-11T16:08:00,2017-02-11T16:08:00,260,260
http://irail.be/vehicle/IC_L4037,http://irail.be/stations/NMBS/008811163,IC_L,2017-02-11T16:11:00,2017-02-11T16:10:00,250,262
http://irail.be/vehicle/IC_L4037,http://irail.be/stations/NMBS/008811106,IC_L,2017-02-11T16:12:00,2017-02-11T16:12:00,250,250
http://irail.be/vehicle/IC_L4037,NO-URI,IC_L,2017-02-11T16:13:00,2017-02-11T16:13:00,212,212
http://irail.be/vehicle/IC_L4037,http://irail.be/stations/NMBS/008811171,IC_L,2017-02-11T16:14:00,2017-02-11T16:14:00,212,212
http://irail.be/vehicle/IC_L4037,http://irail.be/stations/NMBS/008811916,IC_L,2017-02-11T16:18:00,2017-02-11T16:17:00,191,205
http://irail.be/vehicle/IC_L4037,http://irail.be/stations/NMBS/008811304,IC_L,2017-02-11T16:22:00,2017-02-11T16:20:00,71,71
http://irail.be/vehicle/IC_L4037,http://irail.be/stations/NMBS/008811403,IC_L,2017-02-11T16:24:00,2017-02-11T16:24:00,71,71
http://irail.be/vehicle/IC_L4037,http://irail.be/stations/NMBS/008811411,IC_L,2017-02-11T16:26:00,2017-02-11T16:25:00,90,69
http://irail.be/vehicle/IC_L4037,http://irail.be/stations/NMBS/008814472,IC_L,2017-02-11T16:29:00,2017-02-11T16:29:00,37,37
http://irail.be/vehicle/IC_L4037,http://irail.be/stations/NMBS/008814456,IC_L,2017-02-11T16:31:00,2017-02-11T16:30:00,37,37
http://irail.be/vehicle/IC_L4037,http://irail.be/stations/NMBS/008814464,IC_L,2017-02-11T16:34:00,2017-02-11T16:34:00,37,37
http://irail.be/vehicle/IC_L4037,http://irail.be/stations/NMBS/008814449,IC_L,2017-02-11T16:36:00,2017-02-11T16:35:00,37,37
http://irail.be/vehicle/IC_L4037,http://irail.be/stations/NMBS/008814142,IC_L,2017-02-11T16:40:00,2017-02-11T16:40:00,96,96
http://irail.be/vehicle/IC_L4037,http://irail.be/stations/NMBS/008814159,IC_L,2017-02-11T16:41:00,2017-02-11T16:41:00,96,96
http://irail.be/vehicle/IC_L4037,http://irail.be/stations/NMBS/008814167,IC_L,2017-02-11T16:44:00,2017-02-11T16:43:00,82,102
http://irail.be/vehicle/IC_L4037,http://irail.be/stations/NMBS/008814175,IC_L,2017-02-11T16:45:00,2017-02-11T16:45:00,82,82
http://irail.be/vehicle/IC_L4037,http://irail.be/stations/NMBS/008814266,IC_L,2017-02-11T16:49:00,2017-02-11T16:48:00,51,82
http://irail.be/vehicle/IC_L4037,http://irail.be/stations/NMBS/008814258,IC_L,2017-02-11T16:52:00,2017-02-11T16:52:00,,82
