http://irail.be/vehicle/P8803,NO-URI,P,2018-09-13T17:05:00,2018-09-13T17:05:00,22,
http://irail.be/vehicle/P8803,http://irail.be/stations/NMBS/008811007,P,2018-09-13T17:20:00,2018-09-13T17:15:00,90,3
http://irail.be/vehicle/P8803,http://irail.be/stations/NMBS/008812005,P,2018-09-13T17:28:00,2018-09-13T17:25:00,307,231
http://irail.be/vehicle/P8803,http://irail.be/stations/NMBS/008813045,P,2018-09-13T17:30:00,2018-09-13T17:30:00,337,337
http://irail.be/vehicle/P8803,http://irail.be/stations/NMBS/008813003,P,2018-09-13T17:32:00,2018-09-13T17:31:00,476,436
http://irail.be/vehicle/P8803,http://irail.be/stations/NMBS/008813037,P,2018-09-13T17:34:00,2018-09-13T17:34:00,430,430
http://irail.be/vehicle/P8803,http://irail.be/stations/NMBS/008814001,P,2018-09-13T17:38:00,2018-09-13T17:36:00,537,547
http://irail.be/vehicle/P8803,http://irail.be/stations/NMBS/008814373,P,2018-09-13T17:42:00,2018-09-13T17:42:00,530,530
http://irail.be/vehicle/P8803,http://irail.be/stations/NMBS/008814308,P,2018-09-13T17:47:00,2018-09-13T17:47:00,794,794
http://irail.be/vehicle/P8803,http://irail.be/stations/NMBS/008814332,P,2018-09-13T17:49:00,2018-09-13T17:49:00,837,837
http://irail.be/vehicle/P8803,http://irail.be/stations/NMBS/008883808,P,2018-09-13T17:50:00,2018-09-13T17:50:00,1054,1054
http://irail.be/vehicle/P8803,http://irail.be/stations/NMBS/008883022,P,2018-09-13T17:53:00,2018-09-13T17:53:00,1057,1057
http://irail.be/vehicle/P8803,NO-URI,P,2018-09-13T17:54:00,2018-09-13T17:54:00,1055,1055
http://irail.be/vehicle/P8803,http://irail.be/stations/NMBS/008883006,P,2018-09-13T18:00:00,2018-09-13T17:59:00,1105,1102
http://irail.be/vehicle/P8803,http://irail.be/stations/NMBS/008883113,P,2018-09-13T18:06:00,2018-09-13T18:05:00,1134,1080
http://irail.be/vehicle/P8803,NO-URI,P,2018-09-13T18:10:00,2018-09-13T18:10:00,1085,1085
http://irail.be/vehicle/P8803,http://irail.be/stations/NMBS/008883121,P,2018-09-13T18:10:00,2018-09-13T18:10:00,1098,1098
http://irail.be/vehicle/P8803,http://irail.be/stations/NMBS/008881174,P,2018-09-13T18:11:00,2018-09-13T18:11:00,1124,1124
http://irail.be/vehicle/P8803,http://irail.be/stations/NMBS/008881166,P,2018-09-13T18:15:00,2018-09-13T18:14:00,1132,1115
http://irail.be/vehicle/P8803,http://irail.be/stations/NMBS/008881158,P,2018-09-13T18:18:00,2018-09-13T18:18:00,1132,1132
http://irail.be/vehicle/P8803,http://irail.be/stations/NMBS/008881125,P,2018-09-13T18:19:00,2018-09-13T18:19:00,1132,1132
http://irail.be/vehicle/P8803,http://irail.be/stations/NMBS/008881000,P,2018-09-13T18:28:00,2018-09-13T18:24:00,1073,1175
http://irail.be/vehicle/P8803,http://irail.be/stations/NMBS/008884566,P,2018-09-13T18:35:00,2018-09-13T18:34:00,1054,1073
http://irail.be/vehicle/P8803,http://irail.be/stations/NMBS/008884541,P,2018-09-13T18:39:00,2018-09-13T18:38:00,1159,1076
http://irail.be/vehicle/P8803,http://irail.be/stations/NMBS/008884004,P,2018-09-13T18:44:00,2018-09-13T18:42:00,1232,1222
http://irail.be/vehicle/P8803,http://irail.be/stations/NMBS/008884319,P,2018-09-13T18:48:00,2018-09-13T18:48:00,1544,1217
http://irail.be/vehicle/P8803,http://irail.be/stations/NMBS/008884327,P,2018-09-13T18:51:00,2018-09-13T18:51:00,1544,1544
http://irail.be/vehicle/P8803,http://irail.be/stations/NMBS/008884350,P,2018-09-13T18:54:00,2018-09-13T18:54:00,1544,1544
http://irail.be/vehicle/P8803,http://irail.be/stations/NMBS/008884335,P,2018-09-13T18:59:00,2018-09-13T18:59:00,,1544
http://irail.be/vehicle/P8803,NO-URI,P,2018-09-14T17:05:00,2018-09-14T17:05:00,1911,
http://irail.be/vehicle/P8803,http://irail.be/stations/NMBS/008811007,P,2018-09-14T17:20:00,2018-09-14T17:15:00,1600,1823
http://irail.be/vehicle/P8803,http://irail.be/stations/NMBS/008812005,P,2018-09-14T17:28:00,2018-09-14T17:25:00,1530,1607
http://irail.be/vehicle/P8803,http://irail.be/stations/NMBS/008813045,P,2018-09-14T17:30:00,2018-09-14T17:30:00,1577,1577
http://irail.be/vehicle/P8803,http://irail.be/stations/NMBS/008813003,P,2018-09-14T17:32:00,2018-09-14T17:31:00,1813,1782
http://irail.be/vehicle/P8803,http://irail.be/stations/NMBS/008813037,P,2018-09-14T17:34:00,2018-09-14T17:34:00,1761,1761
http://irail.be/vehicle/P8803,http://irail.be/stations/NMBS/008814001,P,2018-09-14T17:38:00,2018-09-14T17:36:00,1935,1807
http://irail.be/vehicle/P8803,http://irail.be/stations/NMBS/008814373,P,2018-09-14T17:42:00,2018-09-14T17:42:00,1945,1945
http://irail.be/vehicle/P8803,http://irail.be/stations/NMBS/008814308,P,2018-09-14T17:47:00,2018-09-14T17:47:00,2174,2174
http://irail.be/vehicle/P8803,http://irail.be/stations/NMBS/008814332,P,2018-09-14T17:49:00,2018-09-14T17:49:00,2161,2161
http://irail.be/vehicle/P8803,http://irail.be/stations/NMBS/008883808,P,2018-09-14T17:50:00,2018-09-14T17:50:00,2231,2231
http://irail.be/vehicle/P8803,http://irail.be/stations/NMBS/008883022,P,2018-09-14T17:53:00,2018-09-14T17:53:00,2212,2212
http://irail.be/vehicle/P8803,NO-URI,P,2018-09-14T17:54:00,2018-09-14T17:54:00,2172,2172
http://irail.be/vehicle/P8803,http://irail.be/stations/NMBS/008883006,P,2018-09-14T18:00:00,2018-09-14T17:59:00,2370,2329
http://irail.be/vehicle/P8803,http://irail.be/stations/NMBS/008883113,P,2018-09-14T18:06:00,2018-09-14T18:05:00,2417,2385
http://irail.be/vehicle/P8803,NO-URI,P,2018-09-14T18:10:00,2018-09-14T18:10:00,2365,2365
http://irail.be/vehicle/P8803,http://irail.be/stations/NMBS/008883121,P,2018-09-14T18:10:00,2018-09-14T18:10:00,2378,2378
http://irail.be/vehicle/P8803,http://irail.be/stations/NMBS/008881174,P,2018-09-14T18:11:00,2018-09-14T18:11:00,2418,2418
http://irail.be/vehicle/P8803,http://irail.be/stations/NMBS/008881166,P,2018-09-14T18:15:00,2018-09-14T18:14:00,2417,2430
http://irail.be/vehicle/P8803,http://irail.be/stations/NMBS/008881158,P,2018-09-14T18:18:00,2018-09-14T18:18:00,2417,2417
http://irail.be/vehicle/P8803,http://irail.be/stations/NMBS/008881125,P,2018-09-14T18:19:00,2018-09-14T18:19:00,2414,2414
http://irail.be/vehicle/P8803,http://irail.be/stations/NMBS/008881000,P,2018-09-14T18:24:00,2018-09-14T18:24:00,,2419
http://irail.be/vehicle/P8803,NO-URI,P,2018-09-04T17:05:00,2018-09-04T17:05:00,441,
http://irail.be/vehicle/P8803,http://irail.be/stations/NMBS/008811007,P,2018-09-04T17:20:00,2018-09-04T17:15:00,229,229
http://irail.be/vehicle/P8803,http://irail.be/stations/NMBS/008812005,P,2018-09-04T17:28:00,2018-09-04T17:25:00,137,217
http://irail.be/vehicle/P8803,http://irail.be/stations/NMBS/008813045,P,2018-09-04T17:30:00,2018-09-04T17:30:00,141,141
http://irail.be/vehicle/P8803,http://irail.be/stations/NMBS/008813003,P,2018-09-04T17:32:00,2018-09-04T17:31:00,246,172
http://irail.be/vehicle/P8803,http://irail.be/stations/NMBS/008813037,P,2018-09-04T17:34:00,2018-09-04T17:34:00,197,197
http://irail.be/vehicle/P8803,http://irail.be/stations/NMBS/008814001,P,2018-09-04T17:38:00,2018-09-04T17:36:00,203,246
http://irail.be/vehicle/P8803,http://irail.be/stations/NMBS/008814373,P,2018-09-04T17:42:00,2018-09-04T17:42:00,173,173
http://irail.be/vehicle/P8803,http://irail.be/stations/NMBS/008814365,P,2018-09-04T17:43:57,2018-09-04T17:43:57,86,86
http://irail.be/vehicle/P8803,http://irail.be/stations/NMBS/008814357,P,2018-09-04T17:45:34,2018-09-04T17:45:34,86,86
http://irail.be/vehicle/P8803,http://irail.be/stations/NMBS/008814340,P,2018-09-04T17:46:19,2018-09-04T17:46:19,100,100
http://irail.be/vehicle/P8803,http://irail.be/stations/NMBS/008814308,P,2018-09-04T17:47:00,2018-09-04T17:47:00,153,153
http://irail.be/vehicle/P8803,http://irail.be/stations/NMBS/008814332,P,2018-09-04T17:49:00,2018-09-04T17:49:00,142,142
http://irail.be/vehicle/P8803,http://irail.be/stations/NMBS/008883808,P,2018-09-04T17:50:00,2018-09-04T17:50:00,342,342
http://irail.be/vehicle/P8803,http://irail.be/stations/NMBS/008883022,P,2018-09-04T17:53:00,2018-09-04T17:53:00,367,367
http://irail.be/vehicle/P8803,NO-URI,P,2018-09-04T17:54:00,2018-09-04T17:54:00,326,326
http://irail.be/vehicle/P8803,http://irail.be/stations/NMBS/008883006,P,2018-09-04T17:59:00,2018-09-04T17:59:00,,291
http://irail.be/vehicle/P8803,NO-URI,P,2018-01-08T17:05:00,2018-01-08T17:05:00,-5,
http://irail.be/vehicle/P8803,http://irail.be/stations/NMBS/008811007,P,2018-01-08T17:20:00,2018-01-08T17:15:00,4,-174
http://irail.be/vehicle/P8803,http://irail.be/stations/NMBS/008812005,P,2018-01-08T17:28:00,2018-01-08T17:25:00,4,-72
http://irail.be/vehicle/P8803,http://irail.be/stations/NMBS/008813045,P,2018-01-08T17:30:00,2018-01-08T17:30:00,1,1
http://irail.be/vehicle/P8803,http://irail.be/stations/NMBS/008813003,P,2018-01-08T17:32:00,2018-01-08T17:31:00,182,134
http://irail.be/vehicle/P8803,http://irail.be/stations/NMBS/008813037,P,2018-01-08T17:34:00,2018-01-08T17:34:00,129,129
http://irail.be/vehicle/P8803,http://irail.be/stations/NMBS/008814001,P,2018-01-08T17:38:00,2018-01-08T17:36:00,251,189
http://irail.be/vehicle/P8803,http://irail.be/stations/NMBS/008814373,P,2018-01-08T17:42:00,2018-01-08T17:42:00,284,284
http://irail.be/vehicle/P8803,http://irail.be/stations/NMBS/008814365,P,2018-01-08T17:43:57,2018-01-08T17:43:57,221,221
http://irail.be/vehicle/P8803,http://irail.be/stations/NMBS/008814357,P,2018-01-08T17:45:34,2018-01-08T17:45:34,233,233
http://irail.be/vehicle/P8803,http://irail.be/stations/NMBS/008814340,P,2018-01-08T17:46:19,2018-01-08T17:46:19,255,255
http://irail.be/vehicle/P8803,http://irail.be/stations/NMBS/008814308,P,2018-01-08T17:47:00,2018-01-08T17:47:00,297,297
http://irail.be/vehicle/P8803,http://irail.be/stations/NMBS/008814332,P,2018-01-08T17:49:00,2018-01-08T17:49:00,315,315
http://irail.be/vehicle/P8803,http://irail.be/stations/NMBS/008883808,P,2018-01-08T17:50:00,2018-01-08T17:50:00,345,345
http://irail.be/vehicle/P8803,http://irail.be/stations/NMBS/008883022,P,2018-01-08T17:53:00,2018-01-08T17:53:00,297,297
http://irail.be/vehicle/P8803,NO-URI,P,2018-01-08T17:54:00,2018-01-08T17:54:00,248,248
http://irail.be/vehicle/P8803,http://irail.be/stations/NMBS/008883006,P,2018-01-08T18:00:00,2018-01-08T17:59:00,146,153
http://irail.be/vehicle/P8803,http://irail.be/stations/NMBS/008883113,P,2018-01-08T18:06:00,2018-01-08T18:05:00,131,108
http://irail.be/vehicle/P8803,NO-URI,P,2018-01-08T18:10:00,2018-01-08T18:10:00,84,84
http://irail.be/vehicle/P8803,http://irail.be/stations/NMBS/008883121,P,2018-01-08T18:10:00,2018-01-08T18:10:00,95,95
http://irail.be/vehicle/P8803,http://irail.be/stations/NMBS/008881174,P,2018-01-08T18:11:00,2018-01-08T18:11:00,116,116
http://irail.be/vehicle/P8803,http://irail.be/stations/NMBS/008881166,P,2018-01-08T18:15:00,2018-01-08T18:14:00,99,102
http://irail.be/vehicle/P8803,http://irail.be/stations/NMBS/008881158,P,2018-01-08T18:17:00,2018-01-08T18:17:00,99,99
http://irail.be/vehicle/P8803,http://irail.be/stations/NMBS/008881125,P,2018-01-08T18:20:00,2018-01-08T18:20:00,8,8
http://irail.be/vehicle/P8803,http://irail.be/stations/NMBS/008881000,P,2018-01-08T18:28:00,2018-01-08T18:24:00,240,-16
http://irail.be/vehicle/P8803,http://irail.be/stations/NMBS/008884566,P,2018-01-08T18:35:00,2018-01-08T18:34:00,240,240
http://irail.be/vehicle/P8803,http://irail.be/stations/NMBS/008884541,P,2018-01-08T18:39:00,2018-01-08T18:38:00,178,161
http://irail.be/vehicle/P8803,http://irail.be/stations/NMBS/008884004,P,2018-01-08T18:44:00,2018-01-08T18:42:00,140,198
http://irail.be/vehicle/P8803,http://irail.be/stations/NMBS/008884319,P,2018-01-08T18:48:00,2018-01-08T18:48:00,106,106
http://irail.be/vehicle/P8803,http://irail.be/stations/NMBS/008884327,P,2018-01-08T18:51:00,2018-01-08T18:51:00,71,71
http://irail.be/vehicle/P8803,http://irail.be/stations/NMBS/008884350,P,2018-01-08T18:54:00,2018-01-08T18:54:00,71,71
http://irail.be/vehicle/P8803,http://irail.be/stations/NMBS/008884335,P,2018-01-08T18:59:00,2018-01-08T18:59:00,,71
http://irail.be/vehicle/P8803,NO-URI,P,2018-05-07T17:05:00,2018-05-07T17:05:00,-60,
http://irail.be/vehicle/P8803,http://irail.be/stations/NMBS/008811007,P,2018-05-07T17:20:00,2018-05-07T17:15:00,13,-188
http://irail.be/vehicle/P8803,http://irail.be/stations/NMBS/008812005,P,2018-05-07T17:28:00,2018-05-07T17:25:00,50,90
http://irail.be/vehicle/P8803,http://irail.be/stations/NMBS/008813045,P,2018-05-07T17:30:00,2018-05-07T17:30:00,62,62
http://irail.be/vehicle/P8803,http://irail.be/stations/NMBS/008813003,P,2018-05-07T17:32:00,2018-05-07T17:31:00,188,156
http://irail.be/vehicle/P8803,http://irail.be/stations/NMBS/008813037,P,2018-05-07T17:34:00,2018-05-07T17:34:00,137,137
http://irail.be/vehicle/P8803,http://irail.be/stations/NMBS/008814001,P,2018-05-07T17:38:00,2018-05-07T17:36:00,193,177
http://irail.be/vehicle/P8803,http://irail.be/stations/NMBS/008814373,P,2018-05-07T17:42:00,2018-05-07T17:42:00,150,150
http://irail.be/vehicle/P8803,http://irail.be/stations/NMBS/008814308,P,2018-05-07T17:47:00,2018-05-07T17:47:00,92,92
http://irail.be/vehicle/P8803,http://irail.be/stations/NMBS/008814332,P,2018-05-07T17:49:00,2018-05-07T17:49:00,65,65
http://irail.be/vehicle/P8803,http://irail.be/stations/NMBS/008883808,P,2018-05-07T17:50:00,2018-05-07T17:50:00,36,36
http://irail.be/vehicle/P8803,http://irail.be/stations/NMBS/008883022,P,2018-05-07T17:53:00,2018-05-07T17:53:00,200,200
http://irail.be/vehicle/P8803,NO-URI,P,2018-05-07T17:54:00,2018-05-07T17:54:00,189,189
http://irail.be/vehicle/P8803,http://irail.be/stations/NMBS/008883006,P,2018-05-07T18:00:00,2018-05-07T17:59:00,563,476
http://irail.be/vehicle/P8803,http://irail.be/stations/NMBS/008883113,P,2018-05-07T18:06:00,2018-05-07T18:05:00,545,519
http://irail.be/vehicle/P8803,NO-URI,P,2018-05-07T18:10:00,2018-05-07T18:10:00,498,498
http://irail.be/vehicle/P8803,http://irail.be/stations/NMBS/008883121,P,2018-05-07T18:10:00,2018-05-07T18:10:00,509,509
http://irail.be/vehicle/P8803,http://irail.be/stations/NMBS/008881174,P,2018-05-07T18:11:00,2018-05-07T18:11:00,583,583
http://irail.be/vehicle/P8803,http://irail.be/stations/NMBS/008881166,P,2018-05-07T18:15:00,2018-05-07T18:14:00,566,574
http://irail.be/vehicle/P8803,http://irail.be/stations/NMBS/008881158,P,2018-05-07T18:17:00,2018-05-07T18:17:00,566,566
http://irail.be/vehicle/P8803,http://irail.be/stations/NMBS/008881125,P,2018-05-07T18:20:00,2018-05-07T18:20:00,473,473
http://irail.be/vehicle/P8803,http://irail.be/stations/NMBS/008881000,P,2018-05-07T18:28:00,2018-05-07T18:24:00,356,497
http://irail.be/vehicle/P8803,http://irail.be/stations/NMBS/008884566,P,2018-05-07T18:35:00,2018-05-07T18:34:00,356,356
http://irail.be/vehicle/P8803,http://irail.be/stations/NMBS/008884541,P,2018-05-07T18:39:00,2018-05-07T18:38:00,313,247
http://irail.be/vehicle/P8803,http://irail.be/stations/NMBS/008884004,P,2018-05-07T18:44:00,2018-05-07T18:42:00,361,339
http://irail.be/vehicle/P8803,http://irail.be/stations/NMBS/008884319,P,2018-05-07T18:48:00,2018-05-07T18:48:00,720,720
http://irail.be/vehicle/P8803,http://irail.be/stations/NMBS/008884327,P,2018-05-07T18:51:00,2018-05-07T18:51:00,679,679
http://irail.be/vehicle/P8803,http://irail.be/stations/NMBS/008884350,P,2018-05-07T18:54:00,2018-05-07T18:54:00,679,679
http://irail.be/vehicle/P8803,http://irail.be/stations/NMBS/008884335,P,2018-05-07T18:59:00,2018-05-07T18:59:00,,679
http://irail.be/vehicle/P8803,NO-URI,P,2018-09-25T17:05:00,2018-09-25T17:05:00,132,
http://irail.be/vehicle/P8803,http://irail.be/stations/NMBS/008811007,P,2018-09-25T17:20:00,2018-09-25T17:15:00,102,169
http://irail.be/vehicle/P8803,http://irail.be/stations/NMBS/008812005,P,2018-09-25T17:28:00,2018-09-25T17:25:00,116,73
http://irail.be/vehicle/P8803,http://irail.be/stations/NMBS/008813045,P,2018-09-25T17:30:00,2018-09-25T17:30:00,116,116
http://irail.be/vehicle/P8803,http://irail.be/stations/NMBS/008813003,P,2018-09-25T17:32:00,2018-09-25T17:31:00,290,273
http://irail.be/vehicle/P8803,http://irail.be/stations/NMBS/008813037,P,2018-09-25T17:34:00,2018-09-25T17:34:00,235,235
http://irail.be/vehicle/P8803,http://irail.be/stations/NMBS/008814001,P,2018-09-25T17:38:00,2018-09-25T17:36:00,269,307
http://irail.be/vehicle/P8803,http://irail.be/stations/NMBS/008814373,P,2018-09-25T17:42:00,2018-09-25T17:42:00,239,239
http://irail.be/vehicle/P8803,http://irail.be/stations/NMBS/008814308,P,2018-09-25T17:47:00,2018-09-25T17:47:00,207,207
http://irail.be/vehicle/P8803,http://irail.be/stations/NMBS/008814332,P,2018-09-25T17:49:00,2018-09-25T17:49:00,181,181
http://irail.be/vehicle/P8803,http://irail.be/stations/NMBS/008883808,P,2018-09-25T17:50:00,2018-09-25T17:50:00,201,201
http://irail.be/vehicle/P8803,http://irail.be/stations/NMBS/008883022,P,2018-09-25T17:53:00,2018-09-25T17:53:00,238,238
http://irail.be/vehicle/P8803,NO-URI,P,2018-09-25T17:54:00,2018-09-25T17:54:00,249,249
http://irail.be/vehicle/P8803,http://irail.be/stations/NMBS/008883006,P,2018-09-25T18:00:00,2018-09-25T17:59:00,1368,302
http://irail.be/vehicle/P8803,http://irail.be/stations/NMBS/008883113,P,2018-09-25T18:06:00,2018-09-25T18:05:00,1665,1368
http://irail.be/vehicle/P8803,NO-URI,P,2018-09-25T18:10:00,2018-09-25T18:10:00,1602,1602
http://irail.be/vehicle/P8803,http://irail.be/stations/NMBS/008883121,P,2018-09-25T18:10:00,2018-09-25T18:10:00,1613,1613
http://irail.be/vehicle/P8803,http://irail.be/stations/NMBS/008881174,P,2018-09-25T18:11:00,2018-09-25T18:11:00,1637,1637
http://irail.be/vehicle/P8803,http://irail.be/stations/NMBS/008881166,P,2018-09-25T18:15:00,2018-09-25T18:14:00,1959,1622
http://irail.be/vehicle/P8803,http://irail.be/stations/NMBS/008881158,P,2018-09-25T18:18:00,2018-09-25T18:18:00,1959,1959
http://irail.be/vehicle/P8803,http://irail.be/stations/NMBS/008881125,P,2018-09-25T18:19:00,2018-09-25T18:19:00,2016,2016
http://irail.be/vehicle/P8803,http://irail.be/stations/NMBS/008881000,P,2018-09-25T18:28:00,2018-09-25T18:24:00,2561,2506
http://irail.be/vehicle/P8803,http://irail.be/stations/NMBS/008884566,P,2018-09-25T18:35:00,2018-09-25T18:34:00,2519,2561
http://irail.be/vehicle/P8803,http://irail.be/stations/NMBS/008884541,P,2018-09-25T18:39:00,2018-09-25T18:38:00,2553,2535
http://irail.be/vehicle/P8803,http://irail.be/stations/NMBS/008884004,P,2018-09-25T18:44:00,2018-09-25T18:42:00,2625,2642
http://irail.be/vehicle/P8803,http://irail.be/stations/NMBS/008884319,P,2018-09-25T18:48:00,2018-09-25T18:48:00,2577,2577
http://irail.be/vehicle/P8803,http://irail.be/stations/NMBS/008884327,P,2018-09-25T18:51:00,2018-09-25T18:51:00,2565,2565
http://irail.be/vehicle/P8803,http://irail.be/stations/NMBS/008884350,P,2018-09-25T18:54:00,2018-09-25T18:54:00,2565,2565
http://irail.be/vehicle/P8803,http://irail.be/stations/NMBS/008884335,P,2018-09-25T18:59:00,2018-09-25T18:59:00,,2565
http://irail.be/vehicle/P8803,NO-URI,P,2018-03-05T17:05:00,2018-03-05T17:05:00,-87,
http://irail.be/vehicle/P8803,http://irail.be/stations/NMBS/008811007,P,2018-03-05T17:20:00,2018-03-05T17:15:00,13,-117
http://irail.be/vehicle/P8803,http://irail.be/stations/NMBS/008812005,P,2018-03-05T17:28:00,2018-03-05T17:25:00,96,-23
http://irail.be/vehicle/P8803,http://irail.be/stations/NMBS/008813045,P,2018-03-05T17:30:00,2018-03-05T17:30:00,100,100
http://irail.be/vehicle/P8803,http://irail.be/stations/NMBS/008813003,P,2018-03-05T17:32:00,2018-03-05T17:31:00,149,135
http://irail.be/vehicle/P8803,http://irail.be/stations/NMBS/008813037,P,2018-03-05T17:34:00,2018-03-05T17:34:00,96,96
http://irail.be/vehicle/P8803,http://irail.be/stations/NMBS/008814001,P,2018-03-05T17:38:00,2018-03-05T17:36:00,79,144
http://irail.be/vehicle/P8803,http://irail.be/stations/NMBS/008814373,P,2018-03-05T17:42:00,2018-03-05T17:42:00,60,60
http://irail.be/vehicle/P8803,http://irail.be/stations/NMBS/008814308,P,2018-03-05T17:47:00,2018-03-05T17:47:00,124,124
http://irail.be/vehicle/P8803,http://irail.be/stations/NMBS/008814332,P,2018-03-05T17:49:00,2018-03-05T17:49:00,99,99
http://irail.be/vehicle/P8803,http://irail.be/stations/NMBS/008883808,P,2018-03-05T17:50:00,2018-03-05T17:50:00,135,135
http://irail.be/vehicle/P8803,http://irail.be/stations/NMBS/008883022,P,2018-03-05T17:53:00,2018-03-05T17:53:00,189,189
http://irail.be/vehicle/P8803,NO-URI,P,2018-03-05T17:54:00,2018-03-05T17:54:00,236,236
http://irail.be/vehicle/P8803,http://irail.be/stations/NMBS/008883006,P,2018-03-05T18:00:00,2018-03-05T17:59:00,522,540
http://irail.be/vehicle/P8803,http://irail.be/stations/NMBS/008883113,P,2018-03-05T18:06:00,2018-03-05T18:05:00,492,468
http://irail.be/vehicle/P8803,NO-URI,P,2018-03-05T18:10:00,2018-03-05T18:10:00,427,427
http://irail.be/vehicle/P8803,http://irail.be/stations/NMBS/008883121,P,2018-03-05T18:10:00,2018-03-05T18:10:00,441,441
http://irail.be/vehicle/P8803,http://irail.be/stations/NMBS/008881174,P,2018-03-05T18:11:00,2018-03-05T18:11:00,463,463
http://irail.be/vehicle/P8803,http://irail.be/stations/NMBS/008881166,P,2018-03-05T18:15:00,2018-03-05T18:14:00,454,452
http://irail.be/vehicle/P8803,http://irail.be/stations/NMBS/008881158,P,2018-03-05T18:17:00,2018-03-05T18:17:00,454,454
http://irail.be/vehicle/P8803,http://irail.be/stations/NMBS/008881125,P,2018-03-05T18:20:00,2018-03-05T18:20:00,357,357
http://irail.be/vehicle/P8803,http://irail.be/stations/NMBS/008881000,P,2018-03-05T18:28:00,2018-03-05T18:24:00,562,335
http://irail.be/vehicle/P8803,http://irail.be/stations/NMBS/008884566,P,2018-03-05T18:35:00,2018-03-05T18:34:00,562,562
http://irail.be/vehicle/P8803,http://irail.be/stations/NMBS/008884541,P,2018-03-05T18:39:00,2018-03-05T18:38:00,530,514
http://irail.be/vehicle/P8803,http://irail.be/stations/NMBS/008884004,P,2018-03-05T18:44:00,2018-03-05T18:42:00,532,571
http://irail.be/vehicle/P8803,http://irail.be/stations/NMBS/008884319,P,2018-03-05T18:48:00,2018-03-05T18:48:00,865,797
http://irail.be/vehicle/P8803,http://irail.be/stations/NMBS/008884327,P,2018-03-05T18:51:00,2018-03-05T18:51:00,865,865
http://irail.be/vehicle/P8803,http://irail.be/stations/NMBS/008884350,P,2018-03-05T18:54:00,2018-03-05T18:54:00,865,865
http://irail.be/vehicle/P8803,http://irail.be/stations/NMBS/008884335,P,2018-03-05T18:59:00,2018-03-05T18:59:00,,865
http://irail.be/vehicle/P8803,NO-URI,P,2018-06-01T17:05:00,2018-06-01T17:05:00,23,
http://irail.be/vehicle/P8803,http://irail.be/stations/NMBS/008811007,P,2018-06-01T17:20:00,2018-06-01T17:15:00,16,-32
http://irail.be/vehicle/P8803,http://irail.be/stations/NMBS/008812005,P,2018-06-01T17:28:00,2018-06-01T17:25:00,106,-73
http://irail.be/vehicle/P8803,http://irail.be/stations/NMBS/008813045,P,2018-06-01T17:30:00,2018-06-01T17:30:00,108,108
http://irail.be/vehicle/P8803,http://irail.be/stations/NMBS/008813003,P,2018-06-01T17:32:00,2018-06-01T17:31:00,161,139
http://irail.be/vehicle/P8803,http://irail.be/stations/NMBS/008813037,P,2018-06-01T17:34:00,2018-06-01T17:34:00,110,110
http://irail.be/vehicle/P8803,http://irail.be/stations/NMBS/008814001,P,2018-06-01T17:38:00,2018-06-01T17:36:00,127,155
http://irail.be/vehicle/P8803,http://irail.be/stations/NMBS/008814373,P,2018-06-01T17:42:00,2018-06-01T17:42:00,96,96
http://irail.be/vehicle/P8803,http://irail.be/stations/NMBS/008814365,P,2018-06-01T17:43:18,2018-06-01T17:43:18,24,24
http://irail.be/vehicle/P8803,http://irail.be/stations/NMBS/008814357,P,2018-06-01T17:44:38,2018-06-01T17:44:38,24,24
http://irail.be/vehicle/P8803,http://irail.be/stations/NMBS/008814340,P,2018-06-01T17:45:25,2018-06-01T17:45:25,27,27
http://irail.be/vehicle/P8803,http://irail.be/stations/NMBS/008814308,P,2018-06-01T17:47:00,2018-06-01T17:47:00,198,198
http://irail.be/vehicle/P8803,http://irail.be/stations/NMBS/008814332,P,2018-06-01T17:49:00,2018-06-01T17:49:00,189,189
http://irail.be/vehicle/P8803,http://irail.be/stations/NMBS/008883808,P,2018-06-01T17:50:00,2018-06-01T17:50:00,389,389
http://irail.be/vehicle/P8803,http://irail.be/stations/NMBS/008883022,P,2018-06-01T17:53:00,2018-06-01T17:53:00,423,423
http://irail.be/vehicle/P8803,NO-URI,P,2018-06-01T17:54:00,2018-06-01T17:54:00,392,392
http://irail.be/vehicle/P8803,http://irail.be/stations/NMBS/008883006,P,2018-06-01T18:00:00,2018-06-01T17:59:00,367,392
http://irail.be/vehicle/P8803,http://irail.be/stations/NMBS/008883113,P,2018-06-01T18:06:00,2018-06-01T18:05:00,376,332
http://irail.be/vehicle/P8803,NO-URI,P,2018-06-01T18:10:00,2018-06-01T18:10:00,345,345
http://irail.be/vehicle/P8803,http://irail.be/stations/NMBS/008883121,P,2018-06-01T18:10:00,2018-06-01T18:10:00,356,356
http://irail.be/vehicle/P8803,http://irail.be/stations/NMBS/008881174,P,2018-06-01T18:11:00,2018-06-01T18:11:00,377,377
http://irail.be/vehicle/P8803,http://irail.be/stations/NMBS/008881166,P,2018-06-01T18:15:00,2018-06-01T18:14:00,533,437
http://irail.be/vehicle/P8803,http://irail.be/stations/NMBS/008881158,P,2018-06-01T18:17:00,2018-06-01T18:17:00,533,533
http://irail.be/vehicle/P8803,http://irail.be/stations/NMBS/008881125,P,2018-06-01T18:20:00,2018-06-01T18:20:00,439,439
http://irail.be/vehicle/P8803,http://irail.be/stations/NMBS/008881000,P,2018-06-01T18:28:00,2018-06-01T18:24:00,437,501
http://irail.be/vehicle/P8803,http://irail.be/stations/NMBS/008884566,P,2018-06-01T18:35:00,2018-06-01T18:34:00,479,437
http://irail.be/vehicle/P8803,http://irail.be/stations/NMBS/008884541,P,2018-06-01T18:39:00,2018-06-01T18:38:00,529,506
http://irail.be/vehicle/P8803,http://irail.be/stations/NMBS/008884004,P,2018-06-01T18:44:00,2018-06-01T18:42:00,532,575
http://irail.be/vehicle/P8803,http://irail.be/stations/NMBS/008884319,P,2018-06-01T18:48:00,2018-06-01T18:48:00,529,515
http://irail.be/vehicle/P8803,http://irail.be/stations/NMBS/008884327,P,2018-06-01T18:51:00,2018-06-01T18:51:00,529,529
http://irail.be/vehicle/P8803,http://irail.be/stations/NMBS/008884350,P,2018-06-01T18:54:00,2018-06-01T18:54:00,529,529
http://irail.be/vehicle/P8803,http://irail.be/stations/NMBS/008884335,P,2018-06-01T18:59:00,2018-06-01T18:59:00,,529
http://irail.be/vehicle/P8803,NO-URI,P,2018-10-05T17:05:00,2018-10-05T17:05:00,-110,
http://irail.be/vehicle/P8803,http://irail.be/stations/NMBS/008811007,P,2018-10-05T17:20:00,2018-10-05T17:15:00,-5,-125
http://irail.be/vehicle/P8803,http://irail.be/stations/NMBS/008812005,P,2018-10-05T17:28:00,2018-10-05T17:25:00,113,24
http://irail.be/vehicle/P8803,http://irail.be/stations/NMBS/008813045,P,2018-10-05T17:30:00,2018-10-05T17:30:00,116,116
http://irail.be/vehicle/P8803,http://irail.be/stations/NMBS/008813003,P,2018-10-05T17:32:00,2018-10-05T17:31:00,278,254
http://irail.be/vehicle/P8803,http://irail.be/stations/NMBS/008813037,P,2018-10-05T17:34:00,2018-10-05T17:34:00,224,224
http://irail.be/vehicle/P8803,http://irail.be/stations/NMBS/008814001,P,2018-10-05T17:38:00,2018-10-05T17:36:00,669,477
http://irail.be/vehicle/P8803,http://irail.be/stations/NMBS/008814373,P,2018-10-05T17:43:00,2018-10-05T17:42:00,1884,1884
http://irail.be/vehicle/P8803,http://irail.be/stations/NMBS/008814365,P,2018-10-05T18:00:07,2018-10-05T18:00:07,897,897
http://irail.be/vehicle/P8803,http://irail.be/stations/NMBS/008814357,P,2018-10-05T18:01:38,2018-10-05T18:01:38,897,897
http://irail.be/vehicle/P8803,http://irail.be/stations/NMBS/008814340,P,2018-10-05T18:02:22,2018-10-05T18:02:22,900,900
http://irail.be/vehicle/P8803,http://irail.be/stations/NMBS/008814308,P,2018-10-05T17:47:00,2018-10-05T17:47:00,1890,1890
http://irail.be/vehicle/P8803,http://irail.be/stations/NMBS/008814332,P,2018-10-05T17:49:00,2018-10-05T17:49:00,1872,1872
http://irail.be/vehicle/P8803,http://irail.be/stations/NMBS/008883808,P,2018-10-05T17:50:00,2018-10-05T17:50:00,1844,1844
http://irail.be/vehicle/P8803,http://irail.be/stations/NMBS/008883022,P,2018-10-05T17:53:00,2018-10-05T17:53:00,1801,1801
http://irail.be/vehicle/P8803,NO-URI,P,2018-10-05T17:54:00,2018-10-05T17:54:00,1780,1780
http://irail.be/vehicle/P8803,http://irail.be/stations/NMBS/008883006,P,2018-10-05T18:00:00,2018-10-05T17:59:00,1752,1778
http://irail.be/vehicle/P8803,http://irail.be/stations/NMBS/008883113,P,2018-10-05T18:06:00,2018-10-05T18:05:00,1711,1700
http://irail.be/vehicle/P8803,NO-URI,P,2018-10-05T18:10:00,2018-10-05T18:10:00,1657,1657
http://irail.be/vehicle/P8803,http://irail.be/stations/NMBS/008883121,P,2018-10-05T18:10:00,2018-10-05T18:10:00,1668,1668
http://irail.be/vehicle/P8803,http://irail.be/stations/NMBS/008881174,P,2018-10-05T18:11:00,2018-10-05T18:11:00,1692,1692
http://irail.be/vehicle/P8803,http://irail.be/stations/NMBS/008881166,P,2018-10-05T18:15:00,2018-10-05T18:14:00,1636,1679
http://irail.be/vehicle/P8803,http://irail.be/stations/NMBS/008881158,P,2018-10-05T18:18:00,2018-10-05T18:18:00,1636,1636
http://irail.be/vehicle/P8803,http://irail.be/stations/NMBS/008881125,P,2018-10-05T18:19:00,2018-10-05T18:19:00,1634,1634
http://irail.be/vehicle/P8803,http://irail.be/stations/NMBS/008881000,P,2018-10-05T18:28:00,2018-10-05T18:24:00,1918,1636
http://irail.be/vehicle/P8803,http://irail.be/stations/NMBS/008884566,P,2018-10-05T18:35:00,2018-10-05T18:34:00,1934,1918
http://irail.be/vehicle/P8803,http://irail.be/stations/NMBS/008884541,P,2018-10-05T18:39:00,2018-10-05T18:38:00,1947,1946
http://irail.be/vehicle/P8803,http://irail.be/stations/NMBS/008884004,P,2018-10-05T18:42:00,2018-10-05T18:42:00,,1983
http://irail.be/vehicle/P8803,NO-URI,P,2018-11-16T17:05:00,2018-11-16T17:05:00,49,
http://irail.be/vehicle/P8803,http://irail.be/stations/NMBS/008811007,P,2018-11-16T17:20:00,2018-11-16T17:15:00,-13,-28
http://irail.be/vehicle/P8803,http://irail.be/stations/NMBS/008812005,P,2018-11-16T17:28:00,2018-11-16T17:25:00,42,3
http://irail.be/vehicle/P8803,http://irail.be/stations/NMBS/008813045,P,2018-11-16T17:30:00,2018-11-16T17:30:00,59,59
http://irail.be/vehicle/P8803,http://irail.be/stations/NMBS/008813003,P,2018-11-16T17:32:00,2018-11-16T17:31:00,252,184
http://irail.be/vehicle/P8803,http://irail.be/stations/NMBS/008813037,P,2018-11-16T17:34:00,2018-11-16T17:34:00,199,199
http://irail.be/vehicle/P8803,http://irail.be/stations/NMBS/008814001,P,2018-11-16T17:38:00,2018-11-16T17:36:00,202,239
http://irail.be/vehicle/P8803,http://irail.be/stations/NMBS/008814373,P,2018-11-16T17:42:00,2018-11-16T17:42:00,162,162
http://irail.be/vehicle/P8803,http://irail.be/stations/NMBS/008814365,P,2018-11-16T17:43:57,2018-11-16T17:43:57,55,55
http://irail.be/vehicle/P8803,http://irail.be/stations/NMBS/008814357,P,2018-11-16T17:45:34,2018-11-16T17:45:34,55,55
http://irail.be/vehicle/P8803,http://irail.be/stations/NMBS/008814340,P,2018-11-16T17:46:19,2018-11-16T17:46:19,67,67
http://irail.be/vehicle/P8803,http://irail.be/stations/NMBS/008814308,P,2018-11-16T17:47:00,2018-11-16T17:47:00,122,122
http://irail.be/vehicle/P8803,http://irail.be/stations/NMBS/008814332,P,2018-11-16T17:49:00,2018-11-16T17:49:00,111,111
http://irail.be/vehicle/P8803,http://irail.be/stations/NMBS/008883808,P,2018-11-16T17:50:00,2018-11-16T17:50:00,161,161
http://irail.be/vehicle/P8803,http://irail.be/stations/NMBS/008883022,P,2018-11-16T17:53:00,2018-11-16T17:53:00,193,193
http://irail.be/vehicle/P8803,NO-URI,P,2018-11-16T17:54:00,2018-11-16T17:54:00,190,190
http://irail.be/vehicle/P8803,http://irail.be/stations/NMBS/008883006,P,2018-11-16T18:00:00,2018-11-16T17:59:00,315,318
http://irail.be/vehicle/P8803,http://irail.be/stations/NMBS/008883113,P,2018-11-16T18:06:00,2018-11-16T18:05:00,289,276
http://irail.be/vehicle/P8803,NO-URI,P,2018-11-16T18:10:00,2018-11-16T18:10:00,238,238
http://irail.be/vehicle/P8803,http://irail.be/stations/NMBS/008883121,P,2018-11-16T18:10:00,2018-11-16T18:10:00,249,249
http://irail.be/vehicle/P8803,http://irail.be/stations/NMBS/008881174,P,2018-11-16T18:11:00,2018-11-16T18:11:00,273,273
http://irail.be/vehicle/P8803,http://irail.be/stations/NMBS/008881166,P,2018-11-16T18:15:00,2018-11-16T18:14:00,248,264
http://irail.be/vehicle/P8803,http://irail.be/stations/NMBS/008881158,P,2018-11-16T18:18:00,2018-11-16T18:18:00,248,248
http://irail.be/vehicle/P8803,http://irail.be/stations/NMBS/008881125,P,2018-11-16T18:19:00,2018-11-16T18:19:00,490,490
http://irail.be/vehicle/P8803,http://irail.be/stations/NMBS/008881000,P,2018-11-16T18:28:00,2018-11-16T18:24:00,406,502
http://irail.be/vehicle/P8803,http://irail.be/stations/NMBS/008884566,P,2018-11-16T18:35:00,2018-11-16T18:34:00,348,406
http://irail.be/vehicle/P8803,http://irail.be/stations/NMBS/008884541,P,2018-11-16T18:39:00,2018-11-16T18:38:00,387,363
http://irail.be/vehicle/P8803,http://irail.be/stations/NMBS/008884004,P,2018-11-16T18:44:00,2018-11-16T18:42:00,395,425
http://irail.be/vehicle/P8803,http://irail.be/stations/NMBS/008884319,P,2018-11-16T18:48:00,2018-11-16T18:48:00,720,693
http://irail.be/vehicle/P8803,http://irail.be/stations/NMBS/008884327,P,2018-11-16T18:51:00,2018-11-16T18:51:00,720,720
http://irail.be/vehicle/P8803,http://irail.be/stations/NMBS/008884350,P,2018-11-16T18:54:00,2018-11-16T18:54:00,720,720
http://irail.be/vehicle/P8803,http://irail.be/stations/NMBS/008884335,P,2018-11-16T18:59:00,2018-11-16T18:59:00,,720
http://irail.be/vehicle/P8803,NO-URI,P,2018-05-14T17:05:00,2018-05-14T17:05:00,37,
http://irail.be/vehicle/P8803,http://irail.be/stations/NMBS/008811007,P,2018-05-14T17:20:00,2018-05-14T17:15:00,34,-99
http://irail.be/vehicle/P8803,http://irail.be/stations/NMBS/008812005,P,2018-05-14T17:28:00,2018-05-14T17:25:00,41,43
http://irail.be/vehicle/P8803,http://irail.be/stations/NMBS/008813045,P,2018-05-14T17:30:00,2018-05-14T17:30:00,45,45
http://irail.be/vehicle/P8803,http://irail.be/stations/NMBS/008813003,P,2018-05-14T17:32:00,2018-05-14T17:31:00,171,122
http://irail.be/vehicle/P8803,http://irail.be/stations/NMBS/008813037,P,2018-05-14T17:34:00,2018-05-14T17:34:00,121,121
http://irail.be/vehicle/P8803,http://irail.be/stations/NMBS/008814001,P,2018-05-14T17:38:00,2018-05-14T17:36:00,234,204
http://irail.be/vehicle/P8803,http://irail.be/stations/NMBS/008814373,P,2018-05-14T17:42:00,2018-05-14T17:42:00,200,200
http://irail.be/vehicle/P8803,http://irail.be/stations/NMBS/008814365,P,2018-05-14T17:43:18,2018-05-14T17:43:18,140,140
http://irail.be/vehicle/P8803,http://irail.be/stations/NMBS/008814357,P,2018-05-14T17:44:38,2018-05-14T17:44:38,140,140
http://irail.be/vehicle/P8803,http://irail.be/stations/NMBS/008814340,P,2018-05-14T17:45:25,2018-05-14T17:45:25,143,143
http://irail.be/vehicle/P8803,http://irail.be/stations/NMBS/008814308,P,2018-05-14T17:47:00,2018-05-14T17:47:00,126,126
http://irail.be/vehicle/P8803,http://irail.be/stations/NMBS/008814332,P,2018-05-14T17:49:00,2018-05-14T17:49:00,97,97
http://irail.be/vehicle/P8803,http://irail.be/stations/NMBS/008883808,P,2018-05-14T17:50:00,2018-05-14T17:50:00,240,240
http://irail.be/vehicle/P8803,http://irail.be/stations/NMBS/008883022,P,2018-05-14T17:53:00,2018-05-14T17:53:00,274,274
http://irail.be/vehicle/P8803,NO-URI,P,2018-05-14T17:54:00,2018-05-14T17:54:00,226,226
http://irail.be/vehicle/P8803,http://irail.be/stations/NMBS/008883006,P,2018-05-14T18:00:00,2018-05-14T17:59:00,160,183
http://irail.be/vehicle/P8803,http://irail.be/stations/NMBS/008883113,P,2018-05-14T18:06:00,2018-05-14T18:05:00,145,124
http://irail.be/vehicle/P8803,NO-URI,P,2018-05-14T18:10:00,2018-05-14T18:10:00,105,105
http://irail.be/vehicle/P8803,http://irail.be/stations/NMBS/008883121,P,2018-05-14T18:10:00,2018-05-14T18:10:00,117,117
http://irail.be/vehicle/P8803,http://irail.be/stations/NMBS/008881174,P,2018-05-14T18:11:00,2018-05-14T18:11:00,133,133
http://irail.be/vehicle/P8803,http://irail.be/stations/NMBS/008881166,P,2018-05-14T18:15:00,2018-05-14T18:14:00,108,119
http://irail.be/vehicle/P8803,http://irail.be/stations/NMBS/008881158,P,2018-05-14T18:17:00,2018-05-14T18:17:00,108,108
http://irail.be/vehicle/P8803,http://irail.be/stations/NMBS/008881125,P,2018-05-14T18:20:00,2018-05-14T18:20:00,21,21
http://irail.be/vehicle/P8803,http://irail.be/stations/NMBS/008881000,P,2018-05-14T18:28:00,2018-05-14T18:24:00,72,-14
http://irail.be/vehicle/P8803,http://irail.be/stations/NMBS/008884566,P,2018-05-14T18:35:00,2018-05-14T18:34:00,102,72
http://irail.be/vehicle/P8803,http://irail.be/stations/NMBS/008884541,P,2018-05-14T18:39:00,2018-05-14T18:38:00,133,121
http://irail.be/vehicle/P8803,http://irail.be/stations/NMBS/008884004,P,2018-05-14T18:44:00,2018-05-14T18:42:00,102,156
http://irail.be/vehicle/P8803,http://irail.be/stations/NMBS/008884319,P,2018-05-14T18:48:00,2018-05-14T18:48:00,62,62
http://irail.be/vehicle/P8803,http://irail.be/stations/NMBS/008884327,P,2018-05-14T18:51:00,2018-05-14T18:51:00,8,8
http://irail.be/vehicle/P8803,http://irail.be/stations/NMBS/008884350,P,2018-05-14T18:54:00,2018-05-14T18:54:00,8,8
http://irail.be/vehicle/P8803,http://irail.be/stations/NMBS/008884335,P,2018-05-14T18:59:00,2018-05-14T18:59:00,,8
http://irail.be/vehicle/P8803,NO-URI,P,2018-02-20T17:05:00,2018-02-20T17:05:00,-12,
http://irail.be/vehicle/P8803,http://irail.be/stations/NMBS/008811007,P,2018-02-20T17:20:00,2018-02-20T17:15:00,44,-168
http://irail.be/vehicle/P8803,http://irail.be/stations/NMBS/008812005,P,2018-02-20T17:28:00,2018-02-20T17:25:00,69,81
http://irail.be/vehicle/P8803,http://irail.be/stations/NMBS/008813045,P,2018-02-20T17:30:00,2018-02-20T17:30:00,70,70
http://irail.be/vehicle/P8803,http://irail.be/stations/NMBS/008813003,P,2018-02-20T17:32:00,2018-02-20T17:31:00,302,254
http://irail.be/vehicle/P8803,http://irail.be/stations/NMBS/008813037,P,2018-02-20T17:34:00,2018-02-20T17:34:00,251,251
http://irail.be/vehicle/P8803,http://irail.be/stations/NMBS/008814001,P,2018-02-20T17:38:00,2018-02-20T17:36:00,246,296
http://irail.be/vehicle/P8803,http://irail.be/stations/NMBS/008814373,P,2018-02-20T17:42:00,2018-02-20T17:42:00,213,213
http://irail.be/vehicle/P8803,http://irail.be/stations/NMBS/008814308,P,2018-02-20T17:47:00,2018-02-20T17:47:00,208,208
http://irail.be/vehicle/P8803,http://irail.be/stations/NMBS/008814332,P,2018-02-20T17:49:00,2018-02-20T17:49:00,189,189
http://irail.be/vehicle/P8803,http://irail.be/stations/NMBS/008883808,P,2018-02-20T17:50:00,2018-02-20T17:50:00,400,400
http://irail.be/vehicle/P8803,http://irail.be/stations/NMBS/008883022,P,2018-02-20T17:53:00,2018-02-20T17:53:00,424,424
http://irail.be/vehicle/P8803,NO-URI,P,2018-02-20T17:54:00,2018-02-20T17:54:00,382,382
http://irail.be/vehicle/P8803,http://irail.be/stations/NMBS/008883006,P,2018-02-20T18:00:00,2018-02-20T17:59:00,277,293
http://irail.be/vehicle/P8803,http://irail.be/stations/NMBS/008883113,P,2018-02-20T18:06:00,2018-02-20T18:05:00,237,213
http://irail.be/vehicle/P8803,NO-URI,P,2018-02-20T18:10:00,2018-02-20T18:10:00,169,169
http://irail.be/vehicle/P8803,http://irail.be/stations/NMBS/008883121,P,2018-02-20T18:10:00,2018-02-20T18:10:00,181,181
http://irail.be/vehicle/P8803,http://irail.be/stations/NMBS/008881174,P,2018-02-20T18:11:00,2018-02-20T18:11:00,199,199
http://irail.be/vehicle/P8803,http://irail.be/stations/NMBS/008881166,P,2018-02-20T18:15:00,2018-02-20T18:14:00,201,184
http://irail.be/vehicle/P8803,http://irail.be/stations/NMBS/008881158,P,2018-02-20T18:17:00,2018-02-20T18:17:00,201,201
http://irail.be/vehicle/P8803,http://irail.be/stations/NMBS/008881125,P,2018-02-20T18:20:00,2018-02-20T18:20:00,114,114
http://irail.be/vehicle/P8803,http://irail.be/stations/NMBS/008881000,P,2018-02-20T18:28:00,2018-02-20T18:24:00,267,412
http://irail.be/vehicle/P8803,http://irail.be/stations/NMBS/008884566,P,2018-02-20T18:35:00,2018-02-20T18:34:00,267,267
http://irail.be/vehicle/P8803,http://irail.be/stations/NMBS/008884541,P,2018-02-20T18:39:00,2018-02-20T18:38:00,166,163
http://irail.be/vehicle/P8803,http://irail.be/stations/NMBS/008884004,P,2018-02-20T18:44:00,2018-02-20T18:42:00,162,199
http://irail.be/vehicle/P8803,http://irail.be/stations/NMBS/008884319,P,2018-02-20T18:48:00,2018-02-20T18:48:00,134,134
http://irail.be/vehicle/P8803,http://irail.be/stations/NMBS/008884327,P,2018-02-20T18:51:00,2018-02-20T18:51:00,114,114
http://irail.be/vehicle/P8803,http://irail.be/stations/NMBS/008884350,P,2018-02-20T18:54:00,2018-02-20T18:54:00,114,114
http://irail.be/vehicle/P8803,http://irail.be/stations/NMBS/008884335,P,2018-02-20T18:59:00,2018-02-20T18:59:00,,114
http://irail.be/vehicle/P8803,NO-URI,P,2018-10-11T17:05:00,2018-10-11T17:05:00,111,
http://irail.be/vehicle/P8803,http://irail.be/stations/NMBS/008811007,P,2018-10-11T17:20:00,2018-10-11T17:15:00,-13,-18
http://irail.be/vehicle/P8803,http://irail.be/stations/NMBS/008812005,P,2018-10-11T17:28:00,2018-10-11T17:25:00,106,-88
http://irail.be/vehicle/P8803,http://irail.be/stations/NMBS/008813045,P,2018-10-11T17:30:00,2018-10-11T17:30:00,107,107
http://irail.be/vehicle/P8803,http://irail.be/stations/NMBS/008813003,P,2018-10-11T17:32:00,2018-10-11T17:31:00,144,133
http://irail.be/vehicle/P8803,http://irail.be/stations/NMBS/008813037,P,2018-10-11T17:34:00,2018-10-11T17:34:00,90,90
http://irail.be/vehicle/P8803,http://irail.be/stations/NMBS/008814001,P,2018-10-11T17:38:00,2018-10-11T17:36:00,65,134
http://irail.be/vehicle/P8803,http://irail.be/stations/NMBS/008814373,P,2018-10-11T17:42:00,2018-10-11T17:42:00,34,34
http://irail.be/vehicle/P8803,http://irail.be/stations/NMBS/008814308,P,2018-10-11T17:47:00,2018-10-11T17:47:00,299,299
http://irail.be/vehicle/P8803,http://irail.be/stations/NMBS/008814332,P,2018-10-11T17:49:00,2018-10-11T17:49:00,287,287
http://irail.be/vehicle/P8803,http://irail.be/stations/NMBS/008883808,P,2018-10-11T17:50:00,2018-10-11T17:50:00,480,480
http://irail.be/vehicle/P8803,http://irail.be/stations/NMBS/008883022,P,2018-10-11T17:53:00,2018-10-11T17:53:00,533,533
http://irail.be/vehicle/P8803,NO-URI,P,2018-10-11T17:54:00,2018-10-11T17:54:00,509,509
http://irail.be/vehicle/P8803,http://irail.be/stations/NMBS/008883006,P,2018-10-11T18:00:00,2018-10-11T17:59:00,461,469
http://irail.be/vehicle/P8803,http://irail.be/stations/NMBS/008883113,P,2018-10-11T18:06:00,2018-10-11T18:05:00,430,410
http://irail.be/vehicle/P8803,NO-URI,P,2018-10-11T18:10:00,2018-10-11T18:10:00,369,369
http://irail.be/vehicle/P8803,http://irail.be/stations/NMBS/008883121,P,2018-10-11T18:10:00,2018-10-11T18:10:00,381,381
http://irail.be/vehicle/P8803,http://irail.be/stations/NMBS/008881174,P,2018-10-11T18:11:00,2018-10-11T18:11:00,410,410
http://irail.be/vehicle/P8803,http://irail.be/stations/NMBS/008881166,P,2018-10-11T18:15:00,2018-10-11T18:14:00,374,400
http://irail.be/vehicle/P8803,http://irail.be/stations/NMBS/008881158,P,2018-10-11T18:18:00,2018-10-11T18:18:00,374,374
http://irail.be/vehicle/P8803,http://irail.be/stations/NMBS/008881125,P,2018-10-11T18:19:00,2018-10-11T18:19:00,373,373
http://irail.be/vehicle/P8803,http://irail.be/stations/NMBS/008881000,P,2018-10-11T18:28:00,2018-10-11T18:24:00,450,567
http://irail.be/vehicle/P8803,http://irail.be/stations/NMBS/008884566,P,2018-10-11T18:35:00,2018-10-11T18:34:00,450,450
http://irail.be/vehicle/P8803,http://irail.be/stations/NMBS/008884541,P,2018-10-11T18:39:00,2018-10-11T18:38:00,384,350
http://irail.be/vehicle/P8803,http://irail.be/stations/NMBS/008884004,P,2018-10-11T18:44:00,2018-10-11T18:42:00,552,416
http://irail.be/vehicle/P8803,http://irail.be/stations/NMBS/008884319,P,2018-10-11T18:48:00,2018-10-11T18:48:00,886,886
http://irail.be/vehicle/P8803,http://irail.be/stations/NMBS/008884327,P,2018-10-11T18:51:00,2018-10-11T18:51:00,833,833
http://irail.be/vehicle/P8803,http://irail.be/stations/NMBS/008884350,P,2018-10-11T18:54:00,2018-10-11T18:54:00,833,833
http://irail.be/vehicle/P8803,http://irail.be/stations/NMBS/008884335,P,2018-10-11T18:59:00,2018-10-11T18:59:00,,833
http://irail.be/vehicle/P8803,NO-URI,P,2018-03-23T17:05:00,2018-03-23T17:05:00,52,
http://irail.be/vehicle/P8803,http://irail.be/stations/NMBS/008811007,P,2018-03-23T17:20:00,2018-03-23T17:15:00,-5,-58
http://irail.be/vehicle/P8803,http://irail.be/stations/NMBS/008812005,P,2018-03-23T17:28:00,2018-03-23T17:25:00,27,-23
http://irail.be/vehicle/P8803,http://irail.be/stations/NMBS/008813045,P,2018-03-23T17:30:00,2018-03-23T17:30:00,28,28
http://irail.be/vehicle/P8803,http://irail.be/stations/NMBS/008813003,P,2018-03-23T17:32:00,2018-03-23T17:31:00,332,294
http://irail.be/vehicle/P8803,http://irail.be/stations/NMBS/008813037,P,2018-03-23T17:34:00,2018-03-23T17:34:00,280,280
http://irail.be/vehicle/P8803,http://irail.be/stations/NMBS/008814001,P,2018-03-23T17:38:00,2018-03-23T17:36:00,297,328
http://irail.be/vehicle/P8803,http://irail.be/stations/NMBS/008814373,P,2018-03-23T17:42:00,2018-03-23T17:42:00,303,303
http://irail.be/vehicle/P8803,http://irail.be/stations/NMBS/008814308,P,2018-03-23T17:47:00,2018-03-23T17:47:00,719,719
http://irail.be/vehicle/P8803,http://irail.be/stations/NMBS/008814332,P,2018-03-23T17:49:00,2018-03-23T17:49:00,696,696
http://irail.be/vehicle/P8803,http://irail.be/stations/NMBS/008883808,P,2018-03-23T17:50:00,2018-03-23T17:50:00,672,672
http://irail.be/vehicle/P8803,http://irail.be/stations/NMBS/008883022,P,2018-03-23T17:53:00,2018-03-23T17:53:00,623,623
http://irail.be/vehicle/P8803,NO-URI,P,2018-03-23T17:54:00,2018-03-23T17:54:00,569,569
http://irail.be/vehicle/P8803,http://irail.be/stations/NMBS/008883006,P,2018-03-23T18:00:00,2018-03-23T17:59:00,638,620
http://irail.be/vehicle/P8803,http://irail.be/stations/NMBS/008883113,P,2018-03-23T18:06:00,2018-03-23T18:05:00,654,622
http://irail.be/vehicle/P8803,NO-URI,P,2018-03-23T18:10:00,2018-03-23T18:10:00,596,596
http://irail.be/vehicle/P8803,http://irail.be/stations/NMBS/008883121,P,2018-03-23T18:10:00,2018-03-23T18:10:00,610,610
http://irail.be/vehicle/P8803,http://irail.be/stations/NMBS/008881174,P,2018-03-23T18:11:00,2018-03-23T18:11:00,635,635
http://irail.be/vehicle/P8803,http://irail.be/stations/NMBS/008881166,P,2018-03-23T18:15:00,2018-03-23T18:14:00,638,624
http://irail.be/vehicle/P8803,http://irail.be/stations/NMBS/008881158,P,2018-03-23T18:17:00,2018-03-23T18:17:00,638,638
http://irail.be/vehicle/P8803,http://irail.be/stations/NMBS/008881125,P,2018-03-23T18:20:00,2018-03-23T18:20:00,565,565
http://irail.be/vehicle/P8803,http://irail.be/stations/NMBS/008881000,P,2018-03-23T18:28:00,2018-03-23T18:24:00,497,596
http://irail.be/vehicle/P8803,http://irail.be/stations/NMBS/008884566,P,2018-03-23T18:35:00,2018-03-23T18:34:00,497,497
http://irail.be/vehicle/P8803,http://irail.be/stations/NMBS/008884541,P,2018-03-23T18:39:00,2018-03-23T18:38:00,458,425
http://irail.be/vehicle/P8803,http://irail.be/stations/NMBS/008884004,P,2018-03-23T18:44:00,2018-03-23T18:42:00,447,496
http://irail.be/vehicle/P8803,http://irail.be/stations/NMBS/008884319,P,2018-03-23T18:48:00,2018-03-23T18:48:00,531,409
http://irail.be/vehicle/P8803,http://irail.be/stations/NMBS/008884327,P,2018-03-23T18:51:00,2018-03-23T18:51:00,531,531
http://irail.be/vehicle/P8803,http://irail.be/stations/NMBS/008884350,P,2018-03-23T18:54:00,2018-03-23T18:54:00,531,531
http://irail.be/vehicle/P8803,http://irail.be/stations/NMBS/008884335,P,2018-03-23T18:59:00,2018-03-23T18:59:00,,531
http://irail.be/vehicle/P8803,NO-URI,P,2018-04-26T17:05:00,2018-04-26T17:05:00,274,
http://irail.be/vehicle/P8803,http://irail.be/stations/NMBS/008811007,P,2018-04-26T17:20:00,2018-04-26T17:15:00,5,161
http://irail.be/vehicle/P8803,http://irail.be/stations/NMBS/008812005,P,2018-04-26T17:28:00,2018-04-26T17:25:00,201,174
http://irail.be/vehicle/P8803,http://irail.be/stations/NMBS/008813045,P,2018-04-26T17:30:00,2018-04-26T17:30:00,304,304
http://irail.be/vehicle/P8803,http://irail.be/stations/NMBS/008813003,P,2018-04-26T17:32:00,2018-04-26T17:31:00,658,604
http://irail.be/vehicle/P8803,http://irail.be/stations/NMBS/008813037,P,2018-04-26T17:34:00,2018-04-26T17:34:00,611,611
http://irail.be/vehicle/P8803,http://irail.be/stations/NMBS/008814001,P,2018-04-26T17:38:00,2018-04-26T17:36:00,594,661
http://irail.be/vehicle/P8803,http://irail.be/stations/NMBS/008814373,P,2018-04-26T17:42:00,2018-04-26T17:42:00,605,605
http://irail.be/vehicle/P8803,http://irail.be/stations/NMBS/008814308,P,2018-04-26T17:47:00,2018-04-26T17:47:00,654,654
http://irail.be/vehicle/P8803,http://irail.be/stations/NMBS/008814332,P,2018-04-26T17:49:00,2018-04-26T17:49:00,681,681
http://irail.be/vehicle/P8803,http://irail.be/stations/NMBS/008883808,P,2018-04-26T17:50:00,2018-04-26T17:50:00,914,914
http://irail.be/vehicle/P8803,http://irail.be/stations/NMBS/008883022,P,2018-04-26T17:53:00,2018-04-26T17:53:00,954,954
http://irail.be/vehicle/P8803,NO-URI,P,2018-04-26T17:54:00,2018-04-26T17:54:00,907,907
http://irail.be/vehicle/P8803,http://irail.be/stations/NMBS/008883006,P,2018-04-26T18:00:00,2018-04-26T17:59:00,837,859
http://irail.be/vehicle/P8803,http://irail.be/stations/NMBS/008883113,P,2018-04-26T18:06:00,2018-04-26T18:05:00,815,788
http://irail.be/vehicle/P8803,NO-URI,P,2018-04-26T18:10:00,2018-04-26T18:10:00,753,753
http://irail.be/vehicle/P8803,http://irail.be/stations/NMBS/008883121,P,2018-04-26T18:10:00,2018-04-26T18:10:00,762,762
http://irail.be/vehicle/P8803,http://irail.be/stations/NMBS/008881174,P,2018-04-26T18:11:00,2018-04-26T18:11:00,849,849
http://irail.be/vehicle/P8803,http://irail.be/stations/NMBS/008881166,P,2018-04-26T18:15:00,2018-04-26T18:14:00,847,839
http://irail.be/vehicle/P8803,http://irail.be/stations/NMBS/008881158,P,2018-04-26T18:17:00,2018-04-26T18:17:00,847,847
http://irail.be/vehicle/P8803,http://irail.be/stations/NMBS/008881125,P,2018-04-26T18:20:00,2018-04-26T18:20:00,753,753
http://irail.be/vehicle/P8803,http://irail.be/stations/NMBS/008881000,P,2018-04-26T18:28:00,2018-04-26T18:24:00,573,726
http://irail.be/vehicle/P8803,http://irail.be/stations/NMBS/008884566,P,2018-04-26T18:35:00,2018-04-26T18:34:00,573,573
http://irail.be/vehicle/P8803,http://irail.be/stations/NMBS/008884541,P,2018-04-26T18:39:00,2018-04-26T18:38:00,482,468
http://irail.be/vehicle/P8803,http://irail.be/stations/NMBS/008884004,P,2018-04-26T18:44:00,2018-04-26T18:42:00,481,527
http://irail.be/vehicle/P8803,http://irail.be/stations/NMBS/008884319,P,2018-04-26T18:48:00,2018-04-26T18:48:00,441,441
http://irail.be/vehicle/P8803,http://irail.be/stations/NMBS/008884327,P,2018-04-26T18:51:00,2018-04-26T18:51:00,409,409
http://irail.be/vehicle/P8803,http://irail.be/stations/NMBS/008884350,P,2018-04-26T18:54:00,2018-04-26T18:54:00,409,409
http://irail.be/vehicle/P8803,http://irail.be/stations/NMBS/008884335,P,2018-04-26T18:59:00,2018-04-26T18:59:00,,409
http://irail.be/vehicle/P8803,NO-URI,P,2018-04-23T17:05:00,2018-04-23T17:05:00,163,
http://irail.be/vehicle/P8803,http://irail.be/stations/NMBS/008811007,P,2018-04-23T17:20:00,2018-04-23T17:15:00,66,36
http://irail.be/vehicle/P8803,http://irail.be/stations/NMBS/008812005,P,2018-04-23T17:28:00,2018-04-23T17:25:00,62,2
http://irail.be/vehicle/P8803,http://irail.be/stations/NMBS/008813045,P,2018-04-23T17:30:00,2018-04-23T17:30:00,64,64
http://irail.be/vehicle/P8803,http://irail.be/stations/NMBS/008813003,P,2018-04-23T17:32:00,2018-04-23T17:31:00,277,257
http://irail.be/vehicle/P8803,http://irail.be/stations/NMBS/008813037,P,2018-04-23T17:34:00,2018-04-23T17:34:00,223,223
http://irail.be/vehicle/P8803,http://irail.be/stations/NMBS/008814001,P,2018-04-23T17:38:00,2018-04-23T17:36:00,491,271
http://irail.be/vehicle/P8803,http://irail.be/stations/NMBS/008814373,P,2018-04-23T17:42:00,2018-04-23T17:42:00,557,557
http://irail.be/vehicle/P8803,http://irail.be/stations/NMBS/008814308,P,2018-04-23T17:47:00,2018-04-23T17:47:00,741,741
http://irail.be/vehicle/P8803,http://irail.be/stations/NMBS/008814332,P,2018-04-23T17:49:00,2018-04-23T17:49:00,716,716
http://irail.be/vehicle/P8803,http://irail.be/stations/NMBS/008883808,P,2018-04-23T17:50:00,2018-04-23T17:50:00,826,826
http://irail.be/vehicle/P8803,http://irail.be/stations/NMBS/008883022,P,2018-04-23T17:53:00,2018-04-23T17:53:00,806,806
http://irail.be/vehicle/P8803,NO-URI,P,2018-04-23T17:54:00,2018-04-23T17:54:00,756,756
http://irail.be/vehicle/P8803,http://irail.be/stations/NMBS/008883006,P,2018-04-23T18:00:00,2018-04-23T17:59:00,648,707
http://irail.be/vehicle/P8803,http://irail.be/stations/NMBS/008883113,P,2018-04-23T18:06:00,2018-04-23T18:05:00,611,587
http://irail.be/vehicle/P8803,NO-URI,P,2018-04-23T18:10:00,2018-04-23T18:10:00,551,551
http://irail.be/vehicle/P8803,http://irail.be/stations/NMBS/008883121,P,2018-04-23T18:10:00,2018-04-23T18:10:00,561,561
http://irail.be/vehicle/P8803,http://irail.be/stations/NMBS/008881174,P,2018-04-23T18:11:00,2018-04-23T18:11:00,641,641
http://irail.be/vehicle/P8803,http://irail.be/stations/NMBS/008881166,P,2018-04-23T18:15:00,2018-04-23T18:14:00,632,631
http://irail.be/vehicle/P8803,http://irail.be/stations/NMBS/008881158,P,2018-04-23T18:17:00,2018-04-23T18:17:00,632,632
http://irail.be/vehicle/P8803,http://irail.be/stations/NMBS/008881125,P,2018-04-23T18:20:00,2018-04-23T18:20:00,538,538
http://irail.be/vehicle/P8803,http://irail.be/stations/NMBS/008881000,P,2018-04-23T18:28:00,2018-04-23T18:24:00,586,512
http://irail.be/vehicle/P8803,http://irail.be/stations/NMBS/008884566,P,2018-04-23T18:35:00,2018-04-23T18:34:00,578,586
http://irail.be/vehicle/P8803,http://irail.be/stations/NMBS/008884541,P,2018-04-23T18:39:00,2018-04-23T18:38:00,586,589
http://irail.be/vehicle/P8803,http://irail.be/stations/NMBS/008884004,P,2018-04-23T18:44:00,2018-04-23T18:42:00,903,943
http://irail.be/vehicle/P8803,http://irail.be/stations/NMBS/008884319,P,2018-04-23T18:48:00,2018-04-23T18:48:00,893,891
http://irail.be/vehicle/P8803,http://irail.be/stations/NMBS/008884327,P,2018-04-23T18:51:00,2018-04-23T18:51:00,893,893
http://irail.be/vehicle/P8803,http://irail.be/stations/NMBS/008884350,P,2018-04-23T18:54:00,2018-04-23T18:54:00,893,893
http://irail.be/vehicle/P8803,http://irail.be/stations/NMBS/008884335,P,2018-04-23T18:59:00,2018-04-23T18:59:00,,893
http://irail.be/vehicle/P8803,NO-URI,P,2018-02-09T17:05:00,2018-02-09T17:05:00,209,
http://irail.be/vehicle/P8803,http://irail.be/stations/NMBS/008811007,P,2018-02-09T17:20:00,2018-02-09T17:15:00,19,89
http://irail.be/vehicle/P8803,http://irail.be/stations/NMBS/008812005,P,2018-02-09T17:28:00,2018-02-09T17:25:00,16,-3
http://irail.be/vehicle/P8803,http://irail.be/stations/NMBS/008813045,P,2018-02-09T17:30:00,2018-02-09T17:30:00,26,26
http://irail.be/vehicle/P8803,http://irail.be/stations/NMBS/008813003,P,2018-02-09T17:32:00,2018-02-09T17:31:00,215,178
http://irail.be/vehicle/P8803,http://irail.be/stations/NMBS/008813037,P,2018-02-09T17:34:00,2018-02-09T17:34:00,177,177
http://irail.be/vehicle/P8803,http://irail.be/stations/NMBS/008814001,P,2018-02-09T17:38:00,2018-02-09T17:36:00,321,253
http://irail.be/vehicle/P8803,http://irail.be/stations/NMBS/008814373,P,2018-02-09T17:42:00,2018-02-09T17:42:00,340,340
http://irail.be/vehicle/P8803,http://irail.be/stations/NMBS/008814365,P,2018-02-09T17:43:57,2018-02-09T17:43:57,290,290
http://irail.be/vehicle/P8803,http://irail.be/stations/NMBS/008814357,P,2018-02-09T17:45:34,2018-02-09T17:45:34,290,290
http://irail.be/vehicle/P8803,http://irail.be/stations/NMBS/008814340,P,2018-02-09T17:46:19,2018-02-09T17:46:19,297,297
http://irail.be/vehicle/P8803,http://irail.be/stations/NMBS/008814308,P,2018-02-09T17:47:00,2018-02-09T17:47:00,469,469
http://irail.be/vehicle/P8803,http://irail.be/stations/NMBS/008814332,P,2018-02-09T17:49:00,2018-02-09T17:49:00,478,478
http://irail.be/vehicle/P8803,http://irail.be/stations/NMBS/008883808,P,2018-02-09T17:50:00,2018-02-09T17:50:00,729,729
http://irail.be/vehicle/P8803,http://irail.be/stations/NMBS/008883022,P,2018-02-09T17:53:00,2018-02-09T17:53:00,765,765
http://irail.be/vehicle/P8803,NO-URI,P,2018-02-09T17:54:00,2018-02-09T17:54:00,726,726
http://irail.be/vehicle/P8803,http://irail.be/stations/NMBS/008883006,P,2018-02-09T18:00:00,2018-02-09T17:59:00,669,674
http://irail.be/vehicle/P8803,http://irail.be/stations/NMBS/008883113,P,2018-02-09T18:06:00,2018-02-09T18:05:00,693,660
http://irail.be/vehicle/P8803,NO-URI,P,2018-02-09T18:10:00,2018-02-09T18:10:00,662,662
http://irail.be/vehicle/P8803,http://irail.be/stations/NMBS/008883121,P,2018-02-09T18:10:00,2018-02-09T18:10:00,676,676
http://irail.be/vehicle/P8803,http://irail.be/stations/NMBS/008881174,P,2018-02-09T18:11:00,2018-02-09T18:11:00,697,697
http://irail.be/vehicle/P8803,http://irail.be/stations/NMBS/008881166,P,2018-02-09T18:15:00,2018-02-09T18:14:00,701,683
http://irail.be/vehicle/P8803,http://irail.be/stations/NMBS/008881158,P,2018-02-09T18:17:00,2018-02-09T18:17:00,701,701
http://irail.be/vehicle/P8803,http://irail.be/stations/NMBS/008881125,P,2018-02-09T18:20:00,2018-02-09T18:20:00,614,614
http://irail.be/vehicle/P8803,http://irail.be/stations/NMBS/008881000,P,2018-02-09T18:28:00,2018-02-09T18:24:00,477,585
http://irail.be/vehicle/P8803,http://irail.be/stations/NMBS/008884566,P,2018-02-09T18:35:00,2018-02-09T18:34:00,477,477
http://irail.be/vehicle/P8803,http://irail.be/stations/NMBS/008884541,P,2018-02-09T18:39:00,2018-02-09T18:38:00,394,378
http://irail.be/vehicle/P8803,http://irail.be/stations/NMBS/008884004,P,2018-02-09T18:44:00,2018-02-09T18:42:00,394,422
http://irail.be/vehicle/P8803,http://irail.be/stations/NMBS/008884319,P,2018-02-09T18:48:00,2018-02-09T18:48:00,529,518
http://irail.be/vehicle/P8803,http://irail.be/stations/NMBS/008884327,P,2018-02-09T18:51:00,2018-02-09T18:51:00,529,529
http://irail.be/vehicle/P8803,http://irail.be/stations/NMBS/008884350,P,2018-02-09T18:54:00,2018-02-09T18:54:00,529,529
http://irail.be/vehicle/P8803,http://irail.be/stations/NMBS/008884335,P,2018-02-09T18:59:00,2018-02-09T18:59:00,,529
http://irail.be/vehicle/P8803,NO-URI,P,2018-06-25T17:05:00,2018-06-25T17:05:00,-59,
http://irail.be/vehicle/P8803,http://irail.be/stations/NMBS/008811007,P,2018-06-25T17:20:00,2018-06-25T17:15:00,7,130
http://irail.be/vehicle/P8803,http://irail.be/stations/NMBS/008812005,P,2018-06-25T17:28:00,2018-06-25T17:25:00,5,47
http://irail.be/vehicle/P8803,http://irail.be/stations/NMBS/008813045,P,2018-06-25T17:30:00,2018-06-25T17:30:00,11,11
http://irail.be/vehicle/P8803,http://irail.be/stations/NMBS/008813003,P,2018-06-25T17:32:00,2018-06-25T17:31:00,213,177
http://irail.be/vehicle/P8803,http://irail.be/stations/NMBS/008813037,P,2018-06-25T17:34:00,2018-06-25T17:34:00,170,170
http://irail.be/vehicle/P8803,http://irail.be/stations/NMBS/008814001,P,2018-06-25T17:38:00,2018-06-25T17:36:00,598,265
http://irail.be/vehicle/P8803,http://irail.be/stations/NMBS/008814373,P,2018-06-25T17:42:00,2018-06-25T17:42:00,813,813
http://irail.be/vehicle/P8803,http://irail.be/stations/NMBS/008814308,P,2018-06-25T17:47:00,2018-06-25T17:47:00,838,838
http://irail.be/vehicle/P8803,http://irail.be/stations/NMBS/008814332,P,2018-06-25T17:49:00,2018-06-25T17:49:00,811,811
http://irail.be/vehicle/P8803,http://irail.be/stations/NMBS/008883808,P,2018-06-25T17:50:00,2018-06-25T17:50:00,855,855
http://irail.be/vehicle/P8803,http://irail.be/stations/NMBS/008883022,P,2018-06-25T17:53:00,2018-06-25T17:53:00,850,850
http://irail.be/vehicle/P8803,NO-URI,P,2018-06-25T17:54:00,2018-06-25T17:54:00,812,812
http://irail.be/vehicle/P8803,http://irail.be/stations/NMBS/008883006,P,2018-06-25T18:00:00,2018-06-25T17:59:00,766,790
http://irail.be/vehicle/P8803,http://irail.be/stations/NMBS/008883113,P,2018-06-25T18:06:00,2018-06-25T18:05:00,746,715
http://irail.be/vehicle/P8803,NO-URI,P,2018-06-25T18:10:00,2018-06-25T18:10:00,697,697
http://irail.be/vehicle/P8803,http://irail.be/stations/NMBS/008883121,P,2018-06-25T18:10:00,2018-06-25T18:10:00,708,708
http://irail.be/vehicle/P8803,http://irail.be/stations/NMBS/008881174,P,2018-06-25T18:11:00,2018-06-25T18:11:00,737,737
http://irail.be/vehicle/P8803,http://irail.be/stations/NMBS/008881166,P,2018-06-25T18:15:00,2018-06-25T18:14:00,800,740
http://irail.be/vehicle/P8803,http://irail.be/stations/NMBS/008881158,P,2018-06-25T18:18:00,2018-06-25T18:18:00,800,800
http://irail.be/vehicle/P8803,http://irail.be/stations/NMBS/008881125,P,2018-06-25T18:19:00,2018-06-25T18:19:00,833,833
http://irail.be/vehicle/P8803,http://irail.be/stations/NMBS/008881000,P,2018-06-25T18:28:00,2018-06-25T18:24:00,1201,920
http://irail.be/vehicle/P8803,http://irail.be/stations/NMBS/008884566,P,2018-06-25T18:35:00,2018-06-25T18:34:00,1201,1201
http://irail.be/vehicle/P8803,http://irail.be/stations/NMBS/008884541,P,2018-06-25T18:39:00,2018-06-25T18:38:00,1101,1090
http://irail.be/vehicle/P8803,http://irail.be/stations/NMBS/008884004,P,2018-06-25T18:44:00,2018-06-25T18:42:00,1109,1134
http://irail.be/vehicle/P8803,http://irail.be/stations/NMBS/008884319,P,2018-06-25T18:48:00,2018-06-25T18:48:00,1361,1361
http://irail.be/vehicle/P8803,http://irail.be/stations/NMBS/008884327,P,2018-06-25T18:51:00,2018-06-25T18:51:00,1335,1335
http://irail.be/vehicle/P8803,http://irail.be/stations/NMBS/008884350,P,2018-06-25T18:54:00,2018-06-25T18:54:00,1335,1335
http://irail.be/vehicle/P8803,http://irail.be/stations/NMBS/008884335,P,2018-06-25T18:59:00,2018-06-25T18:59:00,,1335
http://irail.be/vehicle/P8803,NO-URI,P,2018-03-19T17:05:00,2018-03-19T17:05:00,21,
http://irail.be/vehicle/P8803,http://irail.be/stations/NMBS/008811007,P,2018-03-19T17:20:00,2018-03-19T17:15:00,29,-123
http://irail.be/vehicle/P8803,http://irail.be/stations/NMBS/008812005,P,2018-03-19T17:28:00,2018-03-19T17:25:00,253,129
http://irail.be/vehicle/P8803,http://irail.be/stations/NMBS/008813045,P,2018-03-19T17:30:00,2018-03-19T17:30:00,458,458
http://irail.be/vehicle/P8803,http://irail.be/stations/NMBS/008813003,P,2018-03-19T17:32:00,2018-03-19T17:31:00,813,753
http://irail.be/vehicle/P8803,http://irail.be/stations/NMBS/008813037,P,2018-03-19T17:34:00,2018-03-19T17:34:00,760,760
http://irail.be/vehicle/P8803,http://irail.be/stations/NMBS/008814001,P,2018-03-19T17:38:00,2018-03-19T17:36:00,758,805
http://irail.be/vehicle/P8803,http://irail.be/stations/NMBS/008814373,P,2018-03-19T17:42:00,2018-03-19T17:42:00,751,751
http://irail.be/vehicle/P8803,http://irail.be/stations/NMBS/008814308,P,2018-03-19T17:47:00,2018-03-19T17:47:00,1230,1230
http://irail.be/vehicle/P8803,http://irail.be/stations/NMBS/008814332,P,2018-03-19T17:49:00,2018-03-19T17:49:00,1203,1203
http://irail.be/vehicle/P8803,http://irail.be/stations/NMBS/008883808,P,2018-03-19T17:50:00,2018-03-19T17:50:00,1175,1175
http://irail.be/vehicle/P8803,http://irail.be/stations/NMBS/008883022,P,2018-03-19T17:53:00,2018-03-19T17:53:00,1125,1125
http://irail.be/vehicle/P8803,NO-URI,P,2018-03-19T17:54:00,2018-03-19T17:54:00,1071,1071
http://irail.be/vehicle/P8803,http://irail.be/stations/NMBS/008883006,P,2018-03-19T18:00:00,2018-03-19T17:59:00,978,1015
http://irail.be/vehicle/P8803,http://irail.be/stations/NMBS/008883113,P,2018-03-19T18:06:00,2018-03-19T18:05:00,979,952
http://irail.be/vehicle/P8803,NO-URI,P,2018-03-19T18:10:00,2018-03-19T18:10:00,919,919
http://irail.be/vehicle/P8803,http://irail.be/stations/NMBS/008883121,P,2018-03-19T18:10:00,2018-03-19T18:10:00,932,932
http://irail.be/vehicle/P8803,http://irail.be/stations/NMBS/008881174,P,2018-03-19T18:11:00,2018-03-19T18:11:00,954,954
http://irail.be/vehicle/P8803,http://irail.be/stations/NMBS/008881166,P,2018-03-19T18:15:00,2018-03-19T18:14:00,967,944
http://irail.be/vehicle/P8803,http://irail.be/stations/NMBS/008881158,P,2018-03-19T18:17:00,2018-03-19T18:17:00,967,967
http://irail.be/vehicle/P8803,http://irail.be/stations/NMBS/008881125,P,2018-03-19T18:20:00,2018-03-19T18:20:00,1113,1113
http://irail.be/vehicle/P8803,http://irail.be/stations/NMBS/008881000,P,2018-03-19T18:28:00,2018-03-19T18:24:00,1043,1138
http://irail.be/vehicle/P8803,http://irail.be/stations/NMBS/008884566,P,2018-03-19T18:35:00,2018-03-19T18:34:00,1043,1043
http://irail.be/vehicle/P8803,http://irail.be/stations/NMBS/008884541,P,2018-03-19T18:39:00,2018-03-19T18:38:00,967,957
http://irail.be/vehicle/P8803,http://irail.be/stations/NMBS/008884004,P,2018-03-19T18:44:00,2018-03-19T18:42:00,972,1000
http://irail.be/vehicle/P8803,http://irail.be/stations/NMBS/008884319,P,2018-03-19T18:48:00,2018-03-19T18:48:00,944,934
http://irail.be/vehicle/P8803,http://irail.be/stations/NMBS/008884327,P,2018-03-19T18:51:00,2018-03-19T18:51:00,944,944
http://irail.be/vehicle/P8803,http://irail.be/stations/NMBS/008884350,P,2018-03-19T18:54:00,2018-03-19T18:54:00,944,944
http://irail.be/vehicle/P8803,http://irail.be/stations/NMBS/008884335,P,2018-03-19T18:59:00,2018-03-19T18:59:00,,944
http://irail.be/vehicle/P8803,NO-URI,P,2018-10-31T17:05:00,2018-10-31T17:05:00,268,
http://irail.be/vehicle/P8803,http://irail.be/stations/NMBS/008811007,P,2018-10-31T17:20:00,2018-10-31T17:15:00,48,178
http://irail.be/vehicle/P8803,http://irail.be/stations/NMBS/008812005,P,2018-10-31T17:28:00,2018-10-31T17:25:00,1,57
http://irail.be/vehicle/P8803,http://irail.be/stations/NMBS/008813045,P,2018-10-31T17:30:00,2018-10-31T17:30:00,10,10
http://irail.be/vehicle/P8803,http://irail.be/stations/NMBS/008813003,P,2018-10-31T17:32:00,2018-10-31T17:31:00,119,76
http://irail.be/vehicle/P8803,http://irail.be/stations/NMBS/008813037,P,2018-10-31T17:34:00,2018-10-31T17:34:00,70,70
http://irail.be/vehicle/P8803,http://irail.be/stations/NMBS/008814001,P,2018-10-31T17:38:00,2018-10-31T17:36:00,150,163
http://irail.be/vehicle/P8803,http://irail.be/stations/NMBS/008814373,P,2018-10-31T17:42:00,2018-10-31T17:42:00,123,123
http://irail.be/vehicle/P8803,http://irail.be/stations/NMBS/008814308,P,2018-10-31T17:47:00,2018-10-31T17:47:00,417,417
http://irail.be/vehicle/P8803,http://irail.be/stations/NMBS/008814332,P,2018-10-31T17:49:00,2018-10-31T17:49:00,411,411
http://irail.be/vehicle/P8803,http://irail.be/stations/NMBS/008883808,P,2018-10-31T17:50:00,2018-10-31T17:50:00,469,469
http://irail.be/vehicle/P8803,http://irail.be/stations/NMBS/008883022,P,2018-10-31T17:53:00,2018-10-31T17:53:00,518,518
http://irail.be/vehicle/P8803,NO-URI,P,2018-10-31T17:54:00,2018-10-31T17:54:00,514,514
http://irail.be/vehicle/P8803,http://irail.be/stations/NMBS/008883006,P,2018-10-31T18:00:00,2018-10-31T17:59:00,574,578
http://irail.be/vehicle/P8803,http://irail.be/stations/NMBS/008883113,P,2018-10-31T18:06:00,2018-10-31T18:05:00,580,539
http://irail.be/vehicle/P8803,NO-URI,P,2018-10-31T18:10:00,2018-10-31T18:10:00,534,534
http://irail.be/vehicle/P8803,http://irail.be/stations/NMBS/008883121,P,2018-10-31T18:10:00,2018-10-31T18:10:00,546,546
http://irail.be/vehicle/P8803,http://irail.be/stations/NMBS/008881174,P,2018-10-31T18:11:00,2018-10-31T18:11:00,578,578
http://irail.be/vehicle/P8803,http://irail.be/stations/NMBS/008881166,P,2018-10-31T18:15:00,2018-10-31T18:14:00,602,568
http://irail.be/vehicle/P8803,http://irail.be/stations/NMBS/008881158,P,2018-10-31T18:18:00,2018-10-31T18:18:00,602,602
http://irail.be/vehicle/P8803,http://irail.be/stations/NMBS/008881125,P,2018-10-31T18:19:00,2018-10-31T18:19:00,605,605
http://irail.be/vehicle/P8803,http://irail.be/stations/NMBS/008881000,P,2018-10-31T18:28:00,2018-10-31T18:24:00,502,579
http://irail.be/vehicle/P8803,http://irail.be/stations/NMBS/008884566,P,2018-10-31T18:35:00,2018-10-31T18:34:00,500,502
http://irail.be/vehicle/P8803,http://irail.be/stations/NMBS/008884541,P,2018-10-31T18:39:00,2018-10-31T18:38:00,558,520
http://irail.be/vehicle/P8803,http://irail.be/stations/NMBS/008884004,P,2018-10-31T18:44:00,2018-10-31T18:42:00,586,599
http://irail.be/vehicle/P8803,http://irail.be/stations/NMBS/008884319,P,2018-10-31T18:48:00,2018-10-31T18:48:00,913,852
http://irail.be/vehicle/P8803,http://irail.be/stations/NMBS/008884327,P,2018-10-31T18:51:00,2018-10-31T18:51:00,913,913
http://irail.be/vehicle/P8803,http://irail.be/stations/NMBS/008884350,P,2018-10-31T18:54:00,2018-10-31T18:54:00,913,913
http://irail.be/vehicle/P8803,http://irail.be/stations/NMBS/008884335,P,2018-10-31T18:59:00,2018-10-31T18:59:00,,913
http://irail.be/vehicle/P8803,NO-URI,P,2018-03-26T17:05:00,2018-03-26T17:05:00,-94,
http://irail.be/vehicle/P8803,http://irail.be/stations/NMBS/008811007,P,2018-03-26T17:20:00,2018-03-26T17:15:00,19,-205
http://irail.be/vehicle/P8803,http://irail.be/stations/NMBS/008812005,P,2018-03-26T17:28:00,2018-03-26T17:25:00,145,70
http://irail.be/vehicle/P8803,http://irail.be/stations/NMBS/008813045,P,2018-03-26T17:30:00,2018-03-26T17:30:00,159,159
http://irail.be/vehicle/P8803,http://irail.be/stations/NMBS/008813003,P,2018-03-26T17:32:00,2018-03-26T17:31:00,298,251
http://irail.be/vehicle/P8803,http://irail.be/stations/NMBS/008813037,P,2018-03-26T17:34:00,2018-03-26T17:34:00,246,246
http://irail.be/vehicle/P8803,http://irail.be/stations/NMBS/008814001,P,2018-03-26T17:38:00,2018-03-26T17:36:00,375,363
http://irail.be/vehicle/P8803,http://irail.be/stations/NMBS/008814373,P,2018-03-26T17:42:00,2018-03-26T17:42:00,360,360
http://irail.be/vehicle/P8803,http://irail.be/stations/NMBS/008814365,P,2018-03-26T17:43:57,2018-03-26T17:43:57,294,294
http://irail.be/vehicle/P8803,http://irail.be/stations/NMBS/008814357,P,2018-03-26T17:45:34,2018-03-26T17:45:34,294,294
http://irail.be/vehicle/P8803,http://irail.be/stations/NMBS/008814340,P,2018-03-26T17:46:19,2018-03-26T17:46:19,319,319
http://irail.be/vehicle/P8803,http://irail.be/stations/NMBS/008814308,P,2018-03-26T17:47:00,2018-03-26T17:47:00,640,640
http://irail.be/vehicle/P8803,http://irail.be/stations/NMBS/008814332,P,2018-03-26T17:49:00,2018-03-26T17:49:00,638,638
http://irail.be/vehicle/P8803,http://irail.be/stations/NMBS/008883808,P,2018-03-26T17:50:00,2018-03-26T17:50:00,808,808
http://irail.be/vehicle/P8803,http://irail.be/stations/NMBS/008883022,P,2018-03-26T17:53:00,2018-03-26T17:53:00,795,795
http://irail.be/vehicle/P8803,NO-URI,P,2018-03-26T17:54:00,2018-03-26T17:54:00,752,752
http://irail.be/vehicle/P8803,http://irail.be/stations/NMBS/008883006,P,2018-03-26T18:00:00,2018-03-26T17:59:00,747,779
http://irail.be/vehicle/P8803,http://irail.be/stations/NMBS/008883113,P,2018-03-26T18:06:00,2018-03-26T18:05:00,725,705
http://irail.be/vehicle/P8803,NO-URI,P,2018-03-26T18:10:00,2018-03-26T18:10:00,665,665
http://irail.be/vehicle/P8803,http://irail.be/stations/NMBS/008883121,P,2018-03-26T18:10:00,2018-03-26T18:10:00,678,678
http://irail.be/vehicle/P8803,http://irail.be/stations/NMBS/008881174,P,2018-03-26T18:11:00,2018-03-26T18:11:00,709,709
http://irail.be/vehicle/P8803,http://irail.be/stations/NMBS/008881166,P,2018-03-26T18:15:00,2018-03-26T18:14:00,725,710
http://irail.be/vehicle/P8803,http://irail.be/stations/NMBS/008881158,P,2018-03-26T18:17:00,2018-03-26T18:17:00,725,725
http://irail.be/vehicle/P8803,http://irail.be/stations/NMBS/008881125,P,2018-03-26T18:20:00,2018-03-26T18:20:00,638,638
http://irail.be/vehicle/P8803,http://irail.be/stations/NMBS/008881000,P,2018-03-26T18:28:00,2018-03-26T18:24:00,699,741
http://irail.be/vehicle/P8803,http://irail.be/stations/NMBS/008884566,P,2018-03-26T18:35:00,2018-03-26T18:34:00,699,699
http://irail.be/vehicle/P8803,http://irail.be/stations/NMBS/008884541,P,2018-03-26T18:39:00,2018-03-26T18:38:00,576,580
http://irail.be/vehicle/P8803,http://irail.be/stations/NMBS/008884004,P,2018-03-26T18:44:00,2018-03-26T18:42:00,556,605
http://irail.be/vehicle/P8803,http://irail.be/stations/NMBS/008884319,P,2018-03-26T18:48:00,2018-03-26T18:48:00,525,525
http://irail.be/vehicle/P8803,http://irail.be/stations/NMBS/008884327,P,2018-03-26T18:51:00,2018-03-26T18:51:00,450,450
http://irail.be/vehicle/P8803,http://irail.be/stations/NMBS/008884350,P,2018-03-26T18:54:00,2018-03-26T18:54:00,450,450
http://irail.be/vehicle/P8803,http://irail.be/stations/NMBS/008884335,P,2018-03-26T18:59:00,2018-03-26T18:59:00,,450
http://irail.be/vehicle/P8803,NO-URI,P,2018-03-08T17:05:00,2018-03-08T17:05:00,-125,
http://irail.be/vehicle/P8803,http://irail.be/stations/NMBS/008811007,P,2018-03-08T17:20:00,2018-03-08T17:15:00,11,-193
http://irail.be/vehicle/P8803,http://irail.be/stations/NMBS/008812005,P,2018-03-08T17:28:00,2018-03-08T17:25:00,4,-39
http://irail.be/vehicle/P8803,http://irail.be/stations/NMBS/008813045,P,2018-03-08T17:30:00,2018-03-08T17:30:00,16,16
http://irail.be/vehicle/P8803,http://irail.be/stations/NMBS/008813003,P,2018-03-08T17:32:00,2018-03-08T17:31:00,114,54
http://irail.be/vehicle/P8803,http://irail.be/stations/NMBS/008813037,P,2018-03-08T17:34:00,2018-03-08T17:34:00,64,64
http://irail.be/vehicle/P8803,http://irail.be/stations/NMBS/008814001,P,2018-03-08T17:38:00,2018-03-08T17:36:00,74,119
http://irail.be/vehicle/P8803,http://irail.be/stations/NMBS/008814373,P,2018-03-08T17:42:00,2018-03-08T17:42:00,56,56
http://irail.be/vehicle/P8803,http://irail.be/stations/NMBS/008814365,P,2018-03-08T17:43:57,2018-03-08T17:43:57,-56,-56
http://irail.be/vehicle/P8803,http://irail.be/stations/NMBS/008814357,P,2018-03-08T17:45:34,2018-03-08T17:45:34,-56,-56
http://irail.be/vehicle/P8803,http://irail.be/stations/NMBS/008814340,P,2018-03-08T17:46:19,2018-03-08T17:46:19,-47,-47
http://irail.be/vehicle/P8803,http://irail.be/stations/NMBS/008814308,P,2018-03-08T17:47:00,2018-03-08T17:47:00,22,22
http://irail.be/vehicle/P8803,http://irail.be/stations/NMBS/008814332,P,2018-03-08T17:49:00,2018-03-08T17:49:00,23,23
http://irail.be/vehicle/P8803,http://irail.be/stations/NMBS/008883808,P,2018-03-08T17:50:00,2018-03-08T17:50:00,343,343
http://irail.be/vehicle/P8803,http://irail.be/stations/NMBS/008883022,P,2018-03-08T17:53:00,2018-03-08T17:53:00,381,381
http://irail.be/vehicle/P8803,NO-URI,P,2018-03-08T17:54:00,2018-03-08T17:54:00,332,332
http://irail.be/vehicle/P8803,http://irail.be/stations/NMBS/008883006,P,2018-03-08T18:00:00,2018-03-08T17:59:00,299,293
http://irail.be/vehicle/P8803,http://irail.be/stations/NMBS/008883113,P,2018-03-08T18:06:00,2018-03-08T18:05:00,273,255
http://irail.be/vehicle/P8803,NO-URI,P,2018-03-08T18:10:00,2018-03-08T18:10:00,223,223
http://irail.be/vehicle/P8803,http://irail.be/stations/NMBS/008883121,P,2018-03-08T18:10:00,2018-03-08T18:10:00,237,237
http://irail.be/vehicle/P8803,http://irail.be/stations/NMBS/008881174,P,2018-03-08T18:11:00,2018-03-08T18:11:00,260,260
http://irail.be/vehicle/P8803,http://irail.be/stations/NMBS/008881166,P,2018-03-08T18:15:00,2018-03-08T18:14:00,259,249
http://irail.be/vehicle/P8803,http://irail.be/stations/NMBS/008881158,P,2018-03-08T18:17:00,2018-03-08T18:17:00,259,259
http://irail.be/vehicle/P8803,http://irail.be/stations/NMBS/008881125,P,2018-03-08T18:20:00,2018-03-08T18:20:00,182,182
http://irail.be/vehicle/P8803,http://irail.be/stations/NMBS/008881000,P,2018-03-08T18:28:00,2018-03-08T18:24:00,309,399
http://irail.be/vehicle/P8803,http://irail.be/stations/NMBS/008884566,P,2018-03-08T18:35:00,2018-03-08T18:34:00,309,309
http://irail.be/vehicle/P8803,http://irail.be/stations/NMBS/008884541,P,2018-03-08T18:39:00,2018-03-08T18:38:00,227,212
http://irail.be/vehicle/P8803,http://irail.be/stations/NMBS/008884004,P,2018-03-08T18:44:00,2018-03-08T18:42:00,226,265
http://irail.be/vehicle/P8803,http://irail.be/stations/NMBS/008884319,P,2018-03-08T18:48:00,2018-03-08T18:48:00,632,605
http://irail.be/vehicle/P8803,http://irail.be/stations/NMBS/008884327,P,2018-03-08T18:51:00,2018-03-08T18:51:00,632,632
http://irail.be/vehicle/P8803,http://irail.be/stations/NMBS/008884350,P,2018-03-08T18:54:00,2018-03-08T18:54:00,632,632
http://irail.be/vehicle/P8803,http://irail.be/stations/NMBS/008884335,P,2018-03-08T18:59:00,2018-03-08T18:59:00,,632
http://irail.be/vehicle/P8803,NO-URI,P,2018-12-14T17:05:00,2018-12-14T17:05:00,45,
http://irail.be/vehicle/P8803,http://irail.be/stations/NMBS/008811007,P,2018-12-14T17:18:00,2018-12-14T17:15:00,28,-22
http://irail.be/vehicle/P8803,http://irail.be/stations/NMBS/008812005,P,2018-12-14T17:25:00,2018-12-14T17:23:00,33,12
http://irail.be/vehicle/P8803,http://irail.be/stations/NMBS/008813045,P,2018-12-14T17:27:00,2018-12-14T17:27:00,43,43
http://irail.be/vehicle/P8803,http://irail.be/stations/NMBS/008813003,P,2018-12-14T17:30:00,2018-12-14T17:29:00,129,79
http://irail.be/vehicle/P8803,http://irail.be/stations/NMBS/008813037,P,2018-12-14T17:31:00,2018-12-14T17:31:00,128,128
http://irail.be/vehicle/P8803,http://irail.be/stations/NMBS/008814001,P,2018-12-14T17:39:00,2018-12-14T17:34:00,42,131
http://irail.be/vehicle/P8803,http://irail.be/stations/NMBS/008814373,P,2018-12-14T17:43:00,2018-12-14T17:43:00,62,62
http://irail.be/vehicle/P8803,http://irail.be/stations/NMBS/008814365,P,2018-12-14T17:44:58,2018-12-14T17:44:58,-41,-41
http://irail.be/vehicle/P8803,http://irail.be/stations/NMBS/008814357,P,2018-12-14T17:46:37,2018-12-14T17:46:37,-41,-41
http://irail.be/vehicle/P8803,http://irail.be/stations/NMBS/008814340,P,2018-12-14T17:47:22,2018-12-14T17:47:22,-39,-39
http://irail.be/vehicle/P8803,http://irail.be/stations/NMBS/008814308,P,2018-12-14T17:49:00,2018-12-14T17:49:00,99,99
http://irail.be/vehicle/P8803,http://irail.be/stations/NMBS/008814332,P,2018-12-14T17:50:00,2018-12-14T17:50:00,116,116
http://irail.be/vehicle/P8803,http://irail.be/stations/NMBS/008883808,P,2018-12-14T17:52:00,2018-12-14T17:52:00,290,290
http://irail.be/vehicle/P8803,http://irail.be/stations/NMBS/008883022,P,2018-12-14T17:54:00,2018-12-14T17:54:00,325,325
http://irail.be/vehicle/P8803,NO-URI,P,2018-12-14T17:55:00,2018-12-14T17:55:00,281,281
http://irail.be/vehicle/P8803,http://irail.be/stations/NMBS/008883006,P,2018-12-14T18:01:00,2018-12-14T18:00:00,487,444
http://irail.be/vehicle/P8803,http://irail.be/stations/NMBS/008883113,P,2018-12-14T18:07:00,2018-12-14T18:06:00,471,445
http://irail.be/vehicle/P8803,NO-URI,P,2018-12-14T18:11:00,2018-12-14T18:11:00,412,412
http://irail.be/vehicle/P8803,http://irail.be/stations/NMBS/008883121,P,2018-12-14T18:11:00,2018-12-14T18:11:00,424,424
http://irail.be/vehicle/P8803,http://irail.be/stations/NMBS/008881174,P,2018-12-14T18:13:00,2018-12-14T18:13:00,447,447
http://irail.be/vehicle/P8803,http://irail.be/stations/NMBS/008881166,P,2018-12-14T18:16:00,2018-12-14T18:15:00,438,441
http://irail.be/vehicle/P8803,http://irail.be/stations/NMBS/008881158,P,2018-12-14T18:19:00,2018-12-14T18:19:00,438,438
http://irail.be/vehicle/P8803,http://irail.be/stations/NMBS/008881125,P,2018-12-14T18:21:00,2018-12-14T18:21:00,507,507
http://irail.be/vehicle/P8803,http://irail.be/stations/NMBS/008881000,P,2018-12-14T18:28:00,2018-12-14T18:25:00,469,384
http://irail.be/vehicle/P8803,http://irail.be/stations/NMBS/008884566,P,2018-12-14T18:35:00,2018-12-14T18:34:00,469,469
http://irail.be/vehicle/P8803,http://irail.be/stations/NMBS/008884541,P,2018-12-14T18:39:00,2018-12-14T18:38:00,350,375
http://irail.be/vehicle/P8803,http://irail.be/stations/NMBS/008884004,P,2018-12-14T18:45:00,2018-12-14T18:43:00,334,382
http://irail.be/vehicle/P8803,http://irail.be/stations/NMBS/008884319,P,2018-12-14T18:49:00,2018-12-14T18:49:00,359,293
http://irail.be/vehicle/P8803,http://irail.be/stations/NMBS/008884327,P,2018-12-14T18:52:00,2018-12-14T18:52:00,359,359
http://irail.be/vehicle/P8803,http://irail.be/stations/NMBS/008884350,P,2018-12-14T18:55:00,2018-12-14T18:55:00,359,359
http://irail.be/vehicle/P8803,http://irail.be/stations/NMBS/008884335,P,2018-12-14T19:00:00,2018-12-14T19:00:00,,359
http://irail.be/vehicle/P8803,NO-URI,P,2018-05-31T17:05:00,2018-05-31T17:05:00,177,
http://irail.be/vehicle/P8803,http://irail.be/stations/NMBS/008811007,P,2018-05-31T17:20:00,2018-05-31T17:15:00,43,108
http://irail.be/vehicle/P8803,http://irail.be/stations/NMBS/008812005,P,2018-05-31T17:28:00,2018-05-31T17:25:00,76,-10
http://irail.be/vehicle/P8803,http://irail.be/stations/NMBS/008813045,P,2018-05-31T17:30:00,2018-05-31T17:30:00,72,72
http://irail.be/vehicle/P8803,http://irail.be/stations/NMBS/008813003,P,2018-05-31T17:32:00,2018-05-31T17:31:00,313,295
http://irail.be/vehicle/P8803,http://irail.be/stations/NMBS/008813037,P,2018-05-31T17:34:00,2018-05-31T17:34:00,264,264
http://irail.be/vehicle/P8803,http://irail.be/stations/NMBS/008814001,P,2018-05-31T17:38:00,2018-05-31T17:36:00,286,310
http://irail.be/vehicle/P8803,http://irail.be/stations/NMBS/008814373,P,2018-05-31T17:42:00,2018-05-31T17:42:00,271,271
http://irail.be/vehicle/P8803,http://irail.be/stations/NMBS/008814308,P,2018-05-31T17:47:00,2018-05-31T17:47:00,569,569
http://irail.be/vehicle/P8803,http://irail.be/stations/NMBS/008814332,P,2018-05-31T17:49:00,2018-05-31T17:49:00,547,547
http://irail.be/vehicle/P8803,http://irail.be/stations/NMBS/008883808,P,2018-05-31T17:50:00,2018-05-31T17:50:00,795,795
http://irail.be/vehicle/P8803,http://irail.be/stations/NMBS/008883022,P,2018-05-31T17:53:00,2018-05-31T17:53:00,758,758
http://irail.be/vehicle/P8803,NO-URI,P,2018-05-31T17:54:00,2018-05-31T17:54:00,703,703
http://irail.be/vehicle/P8803,http://irail.be/stations/NMBS/008883006,P,2018-05-31T18:00:00,2018-05-31T17:59:00,671,710
http://irail.be/vehicle/P8803,http://irail.be/stations/NMBS/008883113,P,2018-05-31T18:06:00,2018-05-31T18:05:00,624,608
http://irail.be/vehicle/P8803,NO-URI,P,2018-05-31T18:10:00,2018-05-31T18:10:00,561,561
http://irail.be/vehicle/P8803,http://irail.be/stations/NMBS/008883121,P,2018-05-31T18:10:00,2018-05-31T18:10:00,571,571
http://irail.be/vehicle/P8803,http://irail.be/stations/NMBS/008881174,P,2018-05-31T18:11:00,2018-05-31T18:11:00,590,590
http://irail.be/vehicle/P8803,http://irail.be/stations/NMBS/008881166,P,2018-05-31T18:15:00,2018-05-31T18:14:00,751,675
http://irail.be/vehicle/P8803,http://irail.be/stations/NMBS/008881158,P,2018-05-31T18:17:00,2018-05-31T18:17:00,751,751
http://irail.be/vehicle/P8803,http://irail.be/stations/NMBS/008881125,P,2018-05-31T18:20:00,2018-05-31T18:20:00,643,643
http://irail.be/vehicle/P8803,http://irail.be/stations/NMBS/008881000,P,2018-05-31T18:28:00,2018-05-31T18:24:00,851,773
http://irail.be/vehicle/P8803,http://irail.be/stations/NMBS/008884566,P,2018-05-31T18:35:00,2018-05-31T18:34:00,842,851
http://irail.be/vehicle/P8803,http://irail.be/stations/NMBS/008884541,P,2018-05-31T18:39:00,2018-05-31T18:38:00,838,852
http://irail.be/vehicle/P8803,http://irail.be/stations/NMBS/008884004,P,2018-05-31T18:44:00,2018-05-31T18:42:00,805,867
http://irail.be/vehicle/P8803,http://irail.be/stations/NMBS/008884319,P,2018-05-31T18:48:00,2018-05-31T18:48:00,928,928
http://irail.be/vehicle/P8803,http://irail.be/stations/NMBS/008884327,P,2018-05-31T18:51:00,2018-05-31T18:51:00,866,866
http://irail.be/vehicle/P8803,http://irail.be/stations/NMBS/008884350,P,2018-05-31T18:54:00,2018-05-31T18:54:00,866,866
http://irail.be/vehicle/P8803,http://irail.be/stations/NMBS/008884335,P,2018-05-31T18:59:00,2018-05-31T18:59:00,,866
http://irail.be/vehicle/P8803,NO-URI,P,2018-06-18T17:05:00,2018-06-18T17:05:00,117,
http://irail.be/vehicle/P8803,http://irail.be/stations/NMBS/008811007,P,2018-06-18T17:20:00,2018-06-18T17:15:00,13,64
http://irail.be/vehicle/P8803,http://irail.be/stations/NMBS/008812005,P,2018-06-18T17:28:00,2018-06-18T17:25:00,159,23
http://irail.be/vehicle/P8803,http://irail.be/stations/NMBS/008813045,P,2018-06-18T17:30:00,2018-06-18T17:30:00,181,181
http://irail.be/vehicle/P8803,http://irail.be/stations/NMBS/008813003,P,2018-06-18T17:32:00,2018-06-18T17:31:00,248,220
http://irail.be/vehicle/P8803,http://irail.be/stations/NMBS/008813037,P,2018-06-18T17:34:00,2018-06-18T17:34:00,200,200
http://irail.be/vehicle/P8803,http://irail.be/stations/NMBS/008814001,P,2018-06-18T17:38:00,2018-06-18T17:36:00,277,286
http://irail.be/vehicle/P8803,http://irail.be/stations/NMBS/008814373,P,2018-06-18T17:42:00,2018-06-18T17:42:00,299,299
http://irail.be/vehicle/P8803,http://irail.be/stations/NMBS/008814308,P,2018-06-18T17:47:00,2018-06-18T17:47:00,294,294
http://irail.be/vehicle/P8803,http://irail.be/stations/NMBS/008814332,P,2018-06-18T17:49:00,2018-06-18T17:49:00,269,269
http://irail.be/vehicle/P8803,http://irail.be/stations/NMBS/008883808,P,2018-06-18T17:50:00,2018-06-18T17:50:00,288,288
http://irail.be/vehicle/P8803,http://irail.be/stations/NMBS/008883022,P,2018-06-18T17:53:00,2018-06-18T17:53:00,278,278
http://irail.be/vehicle/P8803,NO-URI,P,2018-06-18T17:54:00,2018-06-18T17:54:00,240,240
http://irail.be/vehicle/P8803,http://irail.be/stations/NMBS/008883006,P,2018-06-18T18:00:00,2018-06-18T17:59:00,285,250
http://irail.be/vehicle/P8803,http://irail.be/stations/NMBS/008883113,P,2018-06-18T18:06:00,2018-06-18T18:05:00,271,258
http://irail.be/vehicle/P8803,NO-URI,P,2018-06-18T18:10:00,2018-06-18T18:10:00,227,227
http://irail.be/vehicle/P8803,http://irail.be/stations/NMBS/008883121,P,2018-06-18T18:10:00,2018-06-18T18:10:00,238,238
http://irail.be/vehicle/P8803,http://irail.be/stations/NMBS/008881174,P,2018-06-18T18:11:00,2018-06-18T18:11:00,261,261
http://irail.be/vehicle/P8803,http://irail.be/stations/NMBS/008881166,P,2018-06-18T18:15:00,2018-06-18T18:14:00,347,301
http://irail.be/vehicle/P8803,http://irail.be/stations/NMBS/008881158,P,2018-06-18T18:18:00,2018-06-18T18:18:00,347,347
http://irail.be/vehicle/P8803,http://irail.be/stations/NMBS/008881125,P,2018-06-18T18:19:00,2018-06-18T18:19:00,393,393
http://irail.be/vehicle/P8803,http://irail.be/stations/NMBS/008881000,P,2018-06-18T18:28:00,2018-06-18T18:24:00,261,334
http://irail.be/vehicle/P8803,http://irail.be/stations/NMBS/008884566,P,2018-06-18T18:35:00,2018-06-18T18:34:00,261,261
http://irail.be/vehicle/P8803,http://irail.be/stations/NMBS/008884541,P,2018-06-18T18:39:00,2018-06-18T18:38:00,220,188
http://irail.be/vehicle/P8803,http://irail.be/stations/NMBS/008884004,P,2018-06-18T18:44:00,2018-06-18T18:42:00,242,260
http://irail.be/vehicle/P8803,http://irail.be/stations/NMBS/008884319,P,2018-06-18T18:48:00,2018-06-18T18:48:00,267,223
http://irail.be/vehicle/P8803,http://irail.be/stations/NMBS/008884327,P,2018-06-18T18:51:00,2018-06-18T18:51:00,267,267
http://irail.be/vehicle/P8803,http://irail.be/stations/NMBS/008884350,P,2018-06-18T18:54:00,2018-06-18T18:54:00,267,267
http://irail.be/vehicle/P8803,http://irail.be/stations/NMBS/008884335,P,2018-06-18T18:59:00,2018-06-18T18:59:00,,267
http://irail.be/vehicle/P8803,NO-URI,P,2018-01-19T17:05:00,2018-01-19T17:05:00,-84,
http://irail.be/vehicle/P8803,http://irail.be/stations/NMBS/008811007,P,2018-01-19T17:20:00,2018-01-19T17:15:00,128,-220
http://irail.be/vehicle/P8803,http://irail.be/stations/NMBS/008812005,P,2018-01-19T17:28:00,2018-01-19T17:25:00,87,191
http://irail.be/vehicle/P8803,http://irail.be/stations/NMBS/008813045,P,2018-01-19T17:30:00,2018-01-19T17:30:00,86,86
http://irail.be/vehicle/P8803,http://irail.be/stations/NMBS/008813003,P,2018-01-19T17:32:00,2018-01-19T17:31:00,133,115
http://irail.be/vehicle/P8803,http://irail.be/stations/NMBS/008813037,P,2018-01-19T17:34:00,2018-01-19T17:34:00,77,77
http://irail.be/vehicle/P8803,http://irail.be/stations/NMBS/008814001,P,2018-01-19T17:38:00,2018-01-19T17:36:00,108,125
http://irail.be/vehicle/P8803,http://irail.be/stations/NMBS/008814373,P,2018-01-19T17:42:00,2018-01-19T17:42:00,112,112
http://irail.be/vehicle/P8803,http://irail.be/stations/NMBS/008814365,P,2018-01-19T17:43:57,2018-01-19T17:43:57,-5,-5
http://irail.be/vehicle/P8803,http://irail.be/stations/NMBS/008814357,P,2018-01-19T17:45:34,2018-01-19T17:45:34,-5,-5
http://irail.be/vehicle/P8803,http://irail.be/stations/NMBS/008814340,P,2018-01-19T17:46:19,2018-01-19T17:46:19,32,32
http://irail.be/vehicle/P8803,http://irail.be/stations/NMBS/008814308,P,2018-01-19T17:47:00,2018-01-19T17:47:00,158,158
http://irail.be/vehicle/P8803,http://irail.be/stations/NMBS/008814332,P,2018-01-19T17:49:00,2018-01-19T17:49:00,166,166
http://irail.be/vehicle/P8803,http://irail.be/stations/NMBS/008883808,P,2018-01-19T17:50:00,2018-01-19T17:50:00,392,392
http://irail.be/vehicle/P8803,http://irail.be/stations/NMBS/008883022,P,2018-01-19T17:53:00,2018-01-19T17:53:00,392,392
http://irail.be/vehicle/P8803,NO-URI,P,2018-01-19T17:54:00,2018-01-19T17:54:00,345,345
http://irail.be/vehicle/P8803,http://irail.be/stations/NMBS/008883006,P,2018-01-19T18:00:00,2018-01-19T17:59:00,285,292
http://irail.be/vehicle/P8803,http://irail.be/stations/NMBS/008883113,P,2018-01-19T18:06:00,2018-01-19T18:05:00,258,232
http://irail.be/vehicle/P8803,NO-URI,P,2018-01-19T18:10:00,2018-01-19T18:10:00,214,214
http://irail.be/vehicle/P8803,http://irail.be/stations/NMBS/008883121,P,2018-01-19T18:10:00,2018-01-19T18:10:00,225,225
http://irail.be/vehicle/P8803,http://irail.be/stations/NMBS/008881174,P,2018-01-19T18:11:00,2018-01-19T18:11:00,249,249
http://irail.be/vehicle/P8803,http://irail.be/stations/NMBS/008881166,P,2018-01-19T18:15:00,2018-01-19T18:14:00,279,236
http://irail.be/vehicle/P8803,http://irail.be/stations/NMBS/008881158,P,2018-01-19T18:17:00,2018-01-19T18:17:00,279,279
http://irail.be/vehicle/P8803,http://irail.be/stations/NMBS/008881125,P,2018-01-19T18:20:00,2018-01-19T18:20:00,301,301
http://irail.be/vehicle/P8803,http://irail.be/stations/NMBS/008881000,P,2018-01-19T18:28:00,2018-01-19T18:24:00,298,384
http://irail.be/vehicle/P8803,http://irail.be/stations/NMBS/008884566,P,2018-01-19T18:35:00,2018-01-19T18:34:00,312,298
http://irail.be/vehicle/P8803,http://irail.be/stations/NMBS/008884541,P,2018-01-19T18:39:00,2018-01-19T18:38:00,335,328
http://irail.be/vehicle/P8803,http://irail.be/stations/NMBS/008884004,P,2018-01-19T18:44:00,2018-01-19T18:42:00,330,371
http://irail.be/vehicle/P8803,http://irail.be/stations/NMBS/008884319,P,2018-01-19T18:48:00,2018-01-19T18:48:00,426,404
http://irail.be/vehicle/P8803,http://irail.be/stations/NMBS/008884327,P,2018-01-19T18:51:00,2018-01-19T18:51:00,426,426
http://irail.be/vehicle/P8803,http://irail.be/stations/NMBS/008884350,P,2018-01-19T18:54:00,2018-01-19T18:54:00,426,426
http://irail.be/vehicle/P8803,http://irail.be/stations/NMBS/008884335,P,2018-01-19T18:59:00,2018-01-19T18:59:00,,426
http://irail.be/vehicle/P8803,NO-URI,P,2018-10-08T17:05:00,2018-10-08T17:05:00,177,
http://irail.be/vehicle/P8803,http://irail.be/stations/NMBS/008811007,P,2018-10-08T17:20:00,2018-10-08T17:15:00,-35,173
http://irail.be/vehicle/P8803,http://irail.be/stations/NMBS/008812005,P,2018-10-08T17:28:00,2018-10-08T17:25:00,120,114
http://irail.be/vehicle/P8803,http://irail.be/stations/NMBS/008813045,P,2018-10-08T17:30:00,2018-10-08T17:30:00,127,127
http://irail.be/vehicle/P8803,http://irail.be/stations/NMBS/008813003,P,2018-10-08T17:32:00,2018-10-08T17:31:00,328,279
http://irail.be/vehicle/P8803,http://irail.be/stations/NMBS/008813037,P,2018-10-08T17:34:00,2018-10-08T17:34:00,284,284
http://irail.be/vehicle/P8803,http://irail.be/stations/NMBS/008814001,P,2018-10-08T17:38:00,2018-10-08T17:36:00,293,334
http://irail.be/vehicle/P8803,http://irail.be/stations/NMBS/008814373,P,2018-10-08T17:42:00,2018-10-08T17:42:00,273,273
http://irail.be/vehicle/P8803,http://irail.be/stations/NMBS/008814308,P,2018-10-08T17:47:00,2018-10-08T17:47:00,244,244
http://irail.be/vehicle/P8803,http://irail.be/stations/NMBS/008814332,P,2018-10-08T17:49:00,2018-10-08T17:49:00,217,217
http://irail.be/vehicle/P8803,http://irail.be/stations/NMBS/008883808,P,2018-10-08T17:50:00,2018-10-08T17:50:00,253,253
http://irail.be/vehicle/P8803,http://irail.be/stations/NMBS/008883022,P,2018-10-08T17:53:00,2018-10-08T17:53:00,307,307
http://irail.be/vehicle/P8803,NO-URI,P,2018-10-08T17:54:00,2018-10-08T17:54:00,310,310
http://irail.be/vehicle/P8803,http://irail.be/stations/NMBS/008883006,P,2018-10-08T18:00:00,2018-10-08T17:59:00,360,323
http://irail.be/vehicle/P8803,http://irail.be/stations/NMBS/008883113,P,2018-10-08T18:06:00,2018-10-08T18:05:00,347,315
http://irail.be/vehicle/P8803,NO-URI,P,2018-10-08T18:10:00,2018-10-08T18:10:00,295,295
http://irail.be/vehicle/P8803,http://irail.be/stations/NMBS/008883121,P,2018-10-08T18:10:00,2018-10-08T18:10:00,307,307
http://irail.be/vehicle/P8803,http://irail.be/stations/NMBS/008881174,P,2018-10-08T18:11:00,2018-10-08T18:11:00,337,337
http://irail.be/vehicle/P8803,http://irail.be/stations/NMBS/008881166,P,2018-10-08T18:15:00,2018-10-08T18:14:00,315,326
http://irail.be/vehicle/P8803,http://irail.be/stations/NMBS/008881158,P,2018-10-08T18:18:00,2018-10-08T18:18:00,315,315
http://irail.be/vehicle/P8803,http://irail.be/stations/NMBS/008881125,P,2018-10-08T18:19:00,2018-10-08T18:19:00,313,313
http://irail.be/vehicle/P8803,http://irail.be/stations/NMBS/008881000,P,2018-10-08T18:28:00,2018-10-08T18:24:00,263,377
http://irail.be/vehicle/P8803,http://irail.be/stations/NMBS/008884566,P,2018-10-08T18:35:00,2018-10-08T18:34:00,263,263
http://irail.be/vehicle/P8803,http://irail.be/stations/NMBS/008884541,P,2018-10-08T18:39:00,2018-10-08T18:38:00,238,206
http://irail.be/vehicle/P8803,http://irail.be/stations/NMBS/008884004,P,2018-10-08T18:44:00,2018-10-08T18:42:00,253,287
http://irail.be/vehicle/P8803,http://irail.be/stations/NMBS/008884319,P,2018-10-08T18:48:00,2018-10-08T18:48:00,307,291
http://irail.be/vehicle/P8803,http://irail.be/stations/NMBS/008884327,P,2018-10-08T18:51:00,2018-10-08T18:51:00,307,307
http://irail.be/vehicle/P8803,http://irail.be/stations/NMBS/008884350,P,2018-10-08T18:54:00,2018-10-08T18:54:00,307,307
http://irail.be/vehicle/P8803,http://irail.be/stations/NMBS/008884335,P,2018-10-08T18:59:00,2018-10-08T18:59:00,,307
http://irail.be/vehicle/P8803,NO-URI,P,2018-10-30T17:05:00,2018-10-30T17:05:00,-134,
http://irail.be/vehicle/P8803,http://irail.be/stations/NMBS/008811007,P,2018-10-30T17:20:00,2018-10-30T17:15:00,13,-254
http://irail.be/vehicle/P8803,http://irail.be/stations/NMBS/008812005,P,2018-10-30T17:28:00,2018-10-30T17:25:00,-11,11
http://irail.be/vehicle/P8803,http://irail.be/stations/NMBS/008813045,P,2018-10-30T17:30:00,2018-10-30T17:30:00,1,1
http://irail.be/vehicle/P8803,http://irail.be/stations/NMBS/008813003,P,2018-10-30T17:32:00,2018-10-30T17:31:00,225,182
http://irail.be/vehicle/P8803,http://irail.be/stations/NMBS/008813037,P,2018-10-30T17:34:00,2018-10-30T17:34:00,179,179
http://irail.be/vehicle/P8803,http://irail.be/stations/NMBS/008814001,P,2018-10-30T17:38:00,2018-10-30T17:36:00,289,228
http://irail.be/vehicle/P8803,http://irail.be/stations/NMBS/008814373,P,2018-10-30T17:42:00,2018-10-30T17:42:00,289,289
http://irail.be/vehicle/P8803,http://irail.be/stations/NMBS/008814308,P,2018-10-30T17:47:00,2018-10-30T17:47:00,566,566
http://irail.be/vehicle/P8803,http://irail.be/stations/NMBS/008814332,P,2018-10-30T17:49:00,2018-10-30T17:49:00,539,539
http://irail.be/vehicle/P8803,http://irail.be/stations/NMBS/008883808,P,2018-10-30T17:50:00,2018-10-30T17:50:00,519,519
http://irail.be/vehicle/P8803,http://irail.be/stations/NMBS/008883022,P,2018-10-30T17:53:00,2018-10-30T17:53:00,475,475
http://irail.be/vehicle/P8803,NO-URI,P,2018-10-30T17:54:00,2018-10-30T17:54:00,421,421
http://irail.be/vehicle/P8803,http://irail.be/stations/NMBS/008883006,P,2018-10-30T18:00:00,2018-10-30T17:59:00,498,475
http://irail.be/vehicle/P8803,http://irail.be/stations/NMBS/008883113,P,2018-10-30T18:06:00,2018-10-30T18:05:00,1021,717
http://irail.be/vehicle/P8803,NO-URI,P,2018-10-30T18:10:00,2018-10-30T18:10:00,1408,1408
http://irail.be/vehicle/P8803,http://irail.be/stations/NMBS/008883121,P,2018-10-30T18:10:00,2018-10-30T18:10:00,1428,1428
http://irail.be/vehicle/P8803,http://irail.be/stations/NMBS/008881174,P,2018-10-30T18:11:00,2018-10-30T18:11:00,1464,1464
http://irail.be/vehicle/P8803,http://irail.be/stations/NMBS/008881166,P,2018-10-30T18:15:00,2018-10-30T18:14:00,1448,1452
http://irail.be/vehicle/P8803,http://irail.be/stations/NMBS/008881158,P,2018-10-30T18:18:00,2018-10-30T18:18:00,1448,1448
http://irail.be/vehicle/P8803,http://irail.be/stations/NMBS/008881125,P,2018-10-30T18:19:00,2018-10-30T18:19:00,1465,1465
http://irail.be/vehicle/P8803,http://irail.be/stations/NMBS/008881000,P,2018-10-30T18:28:00,2018-10-30T18:24:00,1683,1544
http://irail.be/vehicle/P8803,http://irail.be/stations/NMBS/008884566,P,2018-10-30T18:35:00,2018-10-30T18:34:00,1683,1683
http://irail.be/vehicle/P8803,http://irail.be/stations/NMBS/008884541,P,2018-10-30T18:39:00,2018-10-30T18:38:00,1592,1583
http://irail.be/vehicle/P8803,http://irail.be/stations/NMBS/008884004,P,2018-10-30T18:44:00,2018-10-30T18:42:00,1575,1620
http://irail.be/vehicle/P8803,http://irail.be/stations/NMBS/008884319,P,2018-10-30T18:48:00,2018-10-30T18:48:00,1786,1768
http://irail.be/vehicle/P8803,http://irail.be/stations/NMBS/008884327,P,2018-10-30T18:51:00,2018-10-30T18:51:00,1786,1786
http://irail.be/vehicle/P8803,http://irail.be/stations/NMBS/008884350,P,2018-10-30T18:54:00,2018-10-30T18:54:00,1786,1786
http://irail.be/vehicle/P8803,http://irail.be/stations/NMBS/008884335,P,2018-10-30T18:59:00,2018-10-30T18:59:00,,1786
http://irail.be/vehicle/P8803,NO-URI,P,2018-05-09T17:05:00,2018-05-09T17:05:00,224,
http://irail.be/vehicle/P8803,http://irail.be/stations/NMBS/008811007,P,2018-05-09T17:20:00,2018-05-09T17:15:00,46,147
http://irail.be/vehicle/P8803,http://irail.be/stations/NMBS/008812005,P,2018-05-09T17:28:00,2018-05-09T17:25:00,39,62
http://irail.be/vehicle/P8803,http://irail.be/stations/NMBS/008813045,P,2018-05-09T17:30:00,2018-05-09T17:30:00,52,52
http://irail.be/vehicle/P8803,http://irail.be/stations/NMBS/008813003,P,2018-05-09T17:32:00,2018-05-09T17:31:00,216,162
http://irail.be/vehicle/P8803,http://irail.be/stations/NMBS/008813037,P,2018-05-09T17:34:00,2018-05-09T17:34:00,180,180
http://irail.be/vehicle/P8803,http://irail.be/stations/NMBS/008814001,P,2018-05-09T17:38:00,2018-05-09T17:36:00,205,250
http://irail.be/vehicle/P8803,http://irail.be/stations/NMBS/008814373,P,2018-05-09T17:42:00,2018-05-09T17:42:00,172,172
http://irail.be/vehicle/P8803,http://irail.be/stations/NMBS/008814308,P,2018-05-09T17:47:00,2018-05-09T17:47:00,157,157
http://irail.be/vehicle/P8803,http://irail.be/stations/NMBS/008814332,P,2018-05-09T17:49:00,2018-05-09T17:49:00,131,131
http://irail.be/vehicle/P8803,http://irail.be/stations/NMBS/008883808,P,2018-05-09T17:50:00,2018-05-09T17:50:00,101,101
http://irail.be/vehicle/P8803,http://irail.be/stations/NMBS/008883022,P,2018-05-09T17:53:00,2018-05-09T17:53:00,62,62
http://irail.be/vehicle/P8803,NO-URI,P,2018-05-09T17:54:00,2018-05-09T17:54:00,10,10
http://irail.be/vehicle/P8803,http://irail.be/stations/NMBS/008883006,P,2018-05-09T18:00:00,2018-05-09T17:59:00,276,289
http://irail.be/vehicle/P8803,http://irail.be/stations/NMBS/008883113,P,2018-05-09T18:06:00,2018-05-09T18:05:00,264,237
http://irail.be/vehicle/P8803,NO-URI,P,2018-05-09T18:10:00,2018-05-09T18:10:00,225,225
http://irail.be/vehicle/P8803,http://irail.be/stations/NMBS/008883121,P,2018-05-09T18:10:00,2018-05-09T18:10:00,238,238
http://irail.be/vehicle/P8803,http://irail.be/stations/NMBS/008881174,P,2018-05-09T18:11:00,2018-05-09T18:11:00,259,259
http://irail.be/vehicle/P8803,http://irail.be/stations/NMBS/008881166,P,2018-05-09T18:15:00,2018-05-09T18:14:00,242,246
http://irail.be/vehicle/P8803,http://irail.be/stations/NMBS/008881158,P,2018-05-09T18:17:00,2018-05-09T18:17:00,242,242
http://irail.be/vehicle/P8803,http://irail.be/stations/NMBS/008881125,P,2018-05-09T18:20:00,2018-05-09T18:20:00,380,380
http://irail.be/vehicle/P8803,http://irail.be/stations/NMBS/008881000,P,2018-05-09T18:28:00,2018-05-09T18:24:00,809,416
http://irail.be/vehicle/P8803,http://irail.be/stations/NMBS/008884566,P,2018-05-09T18:35:00,2018-05-09T18:34:00,809,809
http://irail.be/vehicle/P8803,http://irail.be/stations/NMBS/008884541,P,2018-05-09T18:39:00,2018-05-09T18:38:00,722,711
http://irail.be/vehicle/P8803,http://irail.be/stations/NMBS/008884004,P,2018-05-09T18:44:00,2018-05-09T18:42:00,698,748
http://irail.be/vehicle/P8803,http://irail.be/stations/NMBS/008884319,P,2018-05-09T18:48:00,2018-05-09T18:48:00,809,784
http://irail.be/vehicle/P8803,http://irail.be/stations/NMBS/008884327,P,2018-05-09T18:51:00,2018-05-09T18:51:00,809,809
http://irail.be/vehicle/P8803,http://irail.be/stations/NMBS/008884350,P,2018-05-09T18:54:00,2018-05-09T18:54:00,809,809
http://irail.be/vehicle/P8803,http://irail.be/stations/NMBS/008884335,P,2018-05-09T18:59:00,2018-05-09T18:59:00,,809
http://irail.be/vehicle/P8803,NO-URI,P,2018-06-21T17:05:00,2018-06-21T17:05:00,-56,
http://irail.be/vehicle/P8803,http://irail.be/stations/NMBS/008811007,P,2018-06-21T17:20:00,2018-06-21T17:15:00,-13,-101
http://irail.be/vehicle/P8803,http://irail.be/stations/NMBS/008812005,P,2018-06-21T17:28:00,2018-06-21T17:25:00,18,0
http://irail.be/vehicle/P8803,http://irail.be/stations/NMBS/008813045,P,2018-06-21T17:30:00,2018-06-21T17:30:00,63,63
http://irail.be/vehicle/P8803,http://irail.be/stations/NMBS/008813003,P,2018-06-21T17:32:00,2018-06-21T17:31:00,352,311
http://irail.be/vehicle/P8803,http://irail.be/stations/NMBS/008813037,P,2018-06-21T17:34:00,2018-06-21T17:34:00,312,312
http://irail.be/vehicle/P8803,http://irail.be/stations/NMBS/008814001,P,2018-06-21T17:38:00,2018-06-21T17:36:00,370,365
http://irail.be/vehicle/P8803,http://irail.be/stations/NMBS/008814373,P,2018-06-21T17:42:00,2018-06-21T17:42:00,354,354
http://irail.be/vehicle/P8803,http://irail.be/stations/NMBS/008814308,P,2018-06-21T17:47:00,2018-06-21T17:47:00,324,324
http://irail.be/vehicle/P8803,http://irail.be/stations/NMBS/008814332,P,2018-06-21T17:49:00,2018-06-21T17:49:00,297,297
http://irail.be/vehicle/P8803,http://irail.be/stations/NMBS/008883808,P,2018-06-21T17:50:00,2018-06-21T17:50:00,308,308
http://irail.be/vehicle/P8803,http://irail.be/stations/NMBS/008883022,P,2018-06-21T17:53:00,2018-06-21T17:53:00,307,307
http://irail.be/vehicle/P8803,NO-URI,P,2018-06-21T17:54:00,2018-06-21T17:54:00,263,263
http://irail.be/vehicle/P8803,http://irail.be/stations/NMBS/008883006,P,2018-06-21T18:00:00,2018-06-21T17:59:00,324,366
http://irail.be/vehicle/P8803,http://irail.be/stations/NMBS/008883113,P,2018-06-21T18:06:00,2018-06-21T18:05:00,295,269
http://irail.be/vehicle/P8803,NO-URI,P,2018-06-21T18:10:00,2018-06-21T18:10:00,240,240
http://irail.be/vehicle/P8803,http://irail.be/stations/NMBS/008883121,P,2018-06-21T18:10:00,2018-06-21T18:10:00,251,251
http://irail.be/vehicle/P8803,http://irail.be/stations/NMBS/008881174,P,2018-06-21T18:11:00,2018-06-21T18:11:00,272,272
http://irail.be/vehicle/P8803,http://irail.be/stations/NMBS/008881166,P,2018-06-21T18:15:00,2018-06-21T18:14:00,367,301
http://irail.be/vehicle/P8803,http://irail.be/stations/NMBS/008881158,P,2018-06-21T18:18:00,2018-06-21T18:18:00,367,367
http://irail.be/vehicle/P8803,http://irail.be/stations/NMBS/008881125,P,2018-06-21T18:19:00,2018-06-21T18:19:00,411,411
http://irail.be/vehicle/P8803,http://irail.be/stations/NMBS/008881000,P,2018-06-21T18:28:00,2018-06-21T18:24:00,201,346
http://irail.be/vehicle/P8803,http://irail.be/stations/NMBS/008884566,P,2018-06-21T18:35:00,2018-06-21T18:34:00,201,201
http://irail.be/vehicle/P8803,http://irail.be/stations/NMBS/008884541,P,2018-06-21T18:39:00,2018-06-21T18:38:00,112,112
http://irail.be/vehicle/P8803,http://irail.be/stations/NMBS/008884004,P,2018-06-21T18:44:00,2018-06-21T18:42:00,423,146
http://irail.be/vehicle/P8803,http://irail.be/stations/NMBS/008884319,P,2018-06-21T18:48:00,2018-06-21T18:48:00,559,559
http://irail.be/vehicle/P8803,http://irail.be/stations/NMBS/008884327,P,2018-06-21T18:51:00,2018-06-21T18:51:00,478,478
http://irail.be/vehicle/P8803,http://irail.be/stations/NMBS/008884350,P,2018-06-21T18:54:00,2018-06-21T18:54:00,478,478
http://irail.be/vehicle/P8803,http://irail.be/stations/NMBS/008884335,P,2018-06-21T18:59:00,2018-06-21T18:59:00,,478
http://irail.be/vehicle/P8803,NO-URI,P,2018-06-14T17:05:00,2018-06-14T17:05:00,468,
http://irail.be/vehicle/P8803,http://irail.be/stations/NMBS/008811007,P,2018-06-14T17:20:00,2018-06-14T17:15:00,136,392
http://irail.be/vehicle/P8803,http://irail.be/stations/NMBS/008812005,P,2018-06-14T17:28:00,2018-06-14T17:25:00,314,237
http://irail.be/vehicle/P8803,http://irail.be/stations/NMBS/008813045,P,2018-06-14T17:30:00,2018-06-14T17:30:00,390,390
http://irail.be/vehicle/P8803,http://irail.be/stations/NMBS/008813003,P,2018-06-14T17:32:00,2018-06-14T17:31:00,790,733
http://irail.be/vehicle/P8803,http://irail.be/stations/NMBS/008813037,P,2018-06-14T17:34:00,2018-06-14T17:34:00,736,736
http://irail.be/vehicle/P8803,http://irail.be/stations/NMBS/008814001,P,2018-06-14T17:38:00,2018-06-14T17:36:00,771,804
http://irail.be/vehicle/P8803,http://irail.be/stations/NMBS/008814373,P,2018-06-14T17:42:00,2018-06-14T17:42:00,744,744
http://irail.be/vehicle/P8803,http://irail.be/stations/NMBS/008814308,P,2018-06-14T17:47:00,2018-06-14T17:47:00,854,854
http://irail.be/vehicle/P8803,http://irail.be/stations/NMBS/008814332,P,2018-06-14T17:49:00,2018-06-14T17:49:00,830,830
http://irail.be/vehicle/P8803,http://irail.be/stations/NMBS/008883808,P,2018-06-14T17:50:00,2018-06-14T17:50:00,1023,1023
http://irail.be/vehicle/P8803,http://irail.be/stations/NMBS/008883022,P,2018-06-14T17:53:00,2018-06-14T17:53:00,1010,1010
http://irail.be/vehicle/P8803,NO-URI,P,2018-06-14T17:54:00,2018-06-14T17:54:00,959,959
http://irail.be/vehicle/P8803,http://irail.be/stations/NMBS/008883006,P,2018-06-14T18:00:00,2018-06-14T17:59:00,877,910
http://irail.be/vehicle/P8803,http://irail.be/stations/NMBS/008883113,P,2018-06-14T18:06:00,2018-06-14T18:05:00,873,850
http://irail.be/vehicle/P8803,NO-URI,P,2018-06-14T18:10:00,2018-06-14T18:10:00,865,865
http://irail.be/vehicle/P8803,http://irail.be/stations/NMBS/008883121,P,2018-06-14T18:10:00,2018-06-14T18:10:00,880,880
http://irail.be/vehicle/P8803,http://irail.be/stations/NMBS/008881174,P,2018-06-14T18:11:00,2018-06-14T18:11:00,904,904
http://irail.be/vehicle/P8803,http://irail.be/stations/NMBS/008881166,P,2018-06-14T18:15:00,2018-06-14T18:14:00,947,923
http://irail.be/vehicle/P8803,http://irail.be/stations/NMBS/008881158,P,2018-06-14T18:18:00,2018-06-14T18:18:00,947,947
http://irail.be/vehicle/P8803,http://irail.be/stations/NMBS/008881125,P,2018-06-14T18:19:00,2018-06-14T18:19:00,958,958
http://irail.be/vehicle/P8803,http://irail.be/stations/NMBS/008881000,P,2018-06-14T18:28:00,2018-06-14T18:24:00,719,890
http://irail.be/vehicle/P8803,http://irail.be/stations/NMBS/008884566,P,2018-06-14T18:35:00,2018-06-14T18:34:00,719,719
http://irail.be/vehicle/P8803,http://irail.be/stations/NMBS/008884541,P,2018-06-14T18:39:00,2018-06-14T18:38:00,631,614
http://irail.be/vehicle/P8803,http://irail.be/stations/NMBS/008884004,P,2018-06-14T18:44:00,2018-06-14T18:42:00,621,668
http://irail.be/vehicle/P8803,http://irail.be/stations/NMBS/008884319,P,2018-06-14T18:48:00,2018-06-14T18:48:00,574,574
http://irail.be/vehicle/P8803,http://irail.be/stations/NMBS/008884327,P,2018-06-14T18:51:00,2018-06-14T18:51:00,556,556
http://irail.be/vehicle/P8803,http://irail.be/stations/NMBS/008884350,P,2018-06-14T18:54:00,2018-06-14T18:54:00,556,556
http://irail.be/vehicle/P8803,http://irail.be/stations/NMBS/008884335,P,2018-06-14T18:59:00,2018-06-14T18:59:00,,556
http://irail.be/vehicle/P8803,NO-URI,P,2018-03-02T17:05:00,2018-03-02T17:05:00,-118,
http://irail.be/vehicle/P8803,http://irail.be/stations/NMBS/008811007,P,2018-03-02T17:20:00,2018-03-02T17:15:00,13,-134
http://irail.be/vehicle/P8803,http://irail.be/stations/NMBS/008812005,P,2018-03-02T17:28:00,2018-03-02T17:25:00,174,51
http://irail.be/vehicle/P8803,http://irail.be/stations/NMBS/008813045,P,2018-03-02T17:30:00,2018-03-02T17:30:00,285,285
http://irail.be/vehicle/P8803,http://irail.be/stations/NMBS/008813003,P,2018-03-02T17:32:00,2018-03-02T17:31:00,622,564
http://irail.be/vehicle/P8803,http://irail.be/stations/NMBS/008813037,P,2018-03-02T17:34:00,2018-03-02T17:34:00,578,578
http://irail.be/vehicle/P8803,http://irail.be/stations/NMBS/008814001,P,2018-03-02T17:38:00,2018-03-02T17:36:00,650,627
http://irail.be/vehicle/P8803,http://irail.be/stations/NMBS/008814373,P,2018-03-02T17:42:00,2018-03-02T17:42:00,673,673
http://irail.be/vehicle/P8803,http://irail.be/stations/NMBS/008814308,P,2018-03-02T17:47:00,2018-03-02T17:47:00,779,779
http://irail.be/vehicle/P8803,http://irail.be/stations/NMBS/008814332,P,2018-03-02T17:49:00,2018-03-02T17:49:00,759,759
http://irail.be/vehicle/P8803,http://irail.be/stations/NMBS/008883808,P,2018-03-02T17:50:00,2018-03-02T17:50:00,793,793
http://irail.be/vehicle/P8803,http://irail.be/stations/NMBS/008883022,P,2018-03-02T17:53:00,2018-03-02T17:53:00,778,778
http://irail.be/vehicle/P8803,NO-URI,P,2018-03-02T17:54:00,2018-03-02T17:54:00,733,733
http://irail.be/vehicle/P8803,http://irail.be/stations/NMBS/008883006,P,2018-03-02T18:00:00,2018-03-02T17:59:00,743,711
http://irail.be/vehicle/P8803,http://irail.be/stations/NMBS/008883113,P,2018-03-02T18:06:00,2018-03-02T18:05:00,747,707
http://irail.be/vehicle/P8803,NO-URI,P,2018-03-02T18:10:00,2018-03-02T18:10:00,703,703
http://irail.be/vehicle/P8803,http://irail.be/stations/NMBS/008883121,P,2018-03-02T18:10:00,2018-03-02T18:10:00,717,717
http://irail.be/vehicle/P8803,http://irail.be/stations/NMBS/008881174,P,2018-03-02T18:11:00,2018-03-02T18:11:00,744,744
http://irail.be/vehicle/P8803,http://irail.be/stations/NMBS/008881166,P,2018-03-02T18:15:00,2018-03-02T18:14:00,766,735
http://irail.be/vehicle/P8803,http://irail.be/stations/NMBS/008881158,P,2018-03-02T18:17:00,2018-03-02T18:17:00,766,766
http://irail.be/vehicle/P8803,http://irail.be/stations/NMBS/008881125,P,2018-03-02T18:20:00,2018-03-02T18:20:00,678,678
http://irail.be/vehicle/P8803,http://irail.be/stations/NMBS/008881000,P,2018-03-02T18:28:00,2018-03-02T18:24:00,679,736
http://irail.be/vehicle/P8803,http://irail.be/stations/NMBS/008884566,P,2018-03-02T18:35:00,2018-03-02T18:34:00,679,679
http://irail.be/vehicle/P8803,http://irail.be/stations/NMBS/008884541,P,2018-03-02T18:39:00,2018-03-02T18:38:00,633,598
http://irail.be/vehicle/P8803,http://irail.be/stations/NMBS/008884004,P,2018-03-02T18:44:00,2018-03-02T18:42:00,657,691
http://irail.be/vehicle/P8803,http://irail.be/stations/NMBS/008884319,P,2018-03-02T18:48:00,2018-03-02T18:48:00,703,624
http://irail.be/vehicle/P8803,http://irail.be/stations/NMBS/008884327,P,2018-03-02T18:51:00,2018-03-02T18:51:00,703,703
http://irail.be/vehicle/P8803,http://irail.be/stations/NMBS/008884350,P,2018-03-02T18:54:00,2018-03-02T18:54:00,703,703
http://irail.be/vehicle/P8803,http://irail.be/stations/NMBS/008884335,P,2018-03-02T18:59:00,2018-03-02T18:59:00,,703
http://irail.be/vehicle/P8803,NO-URI,P,2018-02-06T17:05:00,2018-02-06T17:05:00,-54,
http://irail.be/vehicle/P8803,http://irail.be/stations/NMBS/008811007,P,2018-02-06T17:20:00,2018-02-06T17:15:00,3,-40
http://irail.be/vehicle/P8803,http://irail.be/stations/NMBS/008812005,P,2018-02-06T17:28:00,2018-02-06T17:25:00,17,56
http://irail.be/vehicle/P8803,http://irail.be/stations/NMBS/008813045,P,2018-02-06T17:30:00,2018-02-06T17:30:00,97,97
http://irail.be/vehicle/P8803,http://irail.be/stations/NMBS/008813003,P,2018-02-06T17:32:00,2018-02-06T17:31:00,384,328
http://irail.be/vehicle/P8803,http://irail.be/stations/NMBS/008813037,P,2018-02-06T17:34:00,2018-02-06T17:34:00,333,333
http://irail.be/vehicle/P8803,http://irail.be/stations/NMBS/008814001,P,2018-02-06T17:38:00,2018-02-06T17:36:00,359,385
http://irail.be/vehicle/P8803,http://irail.be/stations/NMBS/008814373,P,2018-02-06T17:42:00,2018-02-06T17:42:00,330,330
http://irail.be/vehicle/P8803,http://irail.be/stations/NMBS/008814308,P,2018-02-06T17:47:00,2018-02-06T17:47:00,571,571
http://irail.be/vehicle/P8803,http://irail.be/stations/NMBS/008814332,P,2018-02-06T17:49:00,2018-02-06T17:49:00,551,551
http://irail.be/vehicle/P8803,http://irail.be/stations/NMBS/008883808,P,2018-02-06T17:50:00,2018-02-06T17:50:00,533,533
http://irail.be/vehicle/P8803,http://irail.be/stations/NMBS/008883022,P,2018-02-06T17:53:00,2018-02-06T17:53:00,488,488
http://irail.be/vehicle/P8803,NO-URI,P,2018-02-06T17:54:00,2018-02-06T17:54:00,439,439
http://irail.be/vehicle/P8803,http://irail.be/stations/NMBS/008883006,P,2018-02-06T18:00:00,2018-02-06T17:59:00,502,429
http://irail.be/vehicle/P8803,http://irail.be/stations/NMBS/008883113,P,2018-02-06T18:06:00,2018-02-06T18:05:00,482,453
http://irail.be/vehicle/P8803,NO-URI,P,2018-02-06T18:10:00,2018-02-06T18:10:00,425,425
http://irail.be/vehicle/P8803,http://irail.be/stations/NMBS/008883121,P,2018-02-06T18:10:00,2018-02-06T18:10:00,439,439
http://irail.be/vehicle/P8803,http://irail.be/stations/NMBS/008881174,P,2018-02-06T18:11:00,2018-02-06T18:11:00,461,461
http://irail.be/vehicle/P8803,http://irail.be/stations/NMBS/008881166,P,2018-02-06T18:15:00,2018-02-06T18:14:00,532,457
http://irail.be/vehicle/P8803,http://irail.be/stations/NMBS/008881158,P,2018-02-06T18:17:00,2018-02-06T18:17:00,532,532
http://irail.be/vehicle/P8803,http://irail.be/stations/NMBS/008881125,P,2018-02-06T18:20:00,2018-02-06T18:20:00,561,561
http://irail.be/vehicle/P8803,http://irail.be/stations/NMBS/008881000,P,2018-02-06T18:28:00,2018-02-06T18:24:00,492,588
http://irail.be/vehicle/P8803,http://irail.be/stations/NMBS/008884566,P,2018-02-06T18:35:00,2018-02-06T18:34:00,492,492
http://irail.be/vehicle/P8803,http://irail.be/stations/NMBS/008884541,P,2018-02-06T18:39:00,2018-02-06T18:38:00,457,404
http://irail.be/vehicle/P8803,http://irail.be/stations/NMBS/008884004,P,2018-02-06T18:44:00,2018-02-06T18:42:00,456,489
http://irail.be/vehicle/P8803,http://irail.be/stations/NMBS/008884319,P,2018-02-06T18:48:00,2018-02-06T18:48:00,710,660
http://irail.be/vehicle/P8803,http://irail.be/stations/NMBS/008884327,P,2018-02-06T18:51:00,2018-02-06T18:51:00,710,710
http://irail.be/vehicle/P8803,http://irail.be/stations/NMBS/008884350,P,2018-02-06T18:54:00,2018-02-06T18:54:00,710,710
http://irail.be/vehicle/P8803,http://irail.be/stations/NMBS/008884335,P,2018-02-06T18:59:00,2018-02-06T18:59:00,,710
http://irail.be/vehicle/P8803,NO-URI,P,2018-03-30T17:05:00,2018-03-30T17:05:00,133,
http://irail.be/vehicle/P8803,http://irail.be/stations/NMBS/008811007,P,2018-03-30T17:20:00,2018-03-30T17:15:00,47,73
http://irail.be/vehicle/P8803,http://irail.be/stations/NMBS/008812005,P,2018-03-30T17:28:00,2018-03-30T17:25:00,179,54
http://irail.be/vehicle/P8803,http://irail.be/stations/NMBS/008813045,P,2018-03-30T17:30:00,2018-03-30T17:30:00,188,188
http://irail.be/vehicle/P8803,http://irail.be/stations/NMBS/008813003,P,2018-03-30T17:32:00,2018-03-30T17:31:00,257,239
http://irail.be/vehicle/P8803,http://irail.be/stations/NMBS/008813037,P,2018-03-30T17:34:00,2018-03-30T17:34:00,213,213
http://irail.be/vehicle/P8803,http://irail.be/stations/NMBS/008814001,P,2018-03-30T17:38:00,2018-03-30T17:36:00,261,313
http://irail.be/vehicle/P8803,http://irail.be/stations/NMBS/008814373,P,2018-03-30T17:42:00,2018-03-30T17:42:00,238,238
http://irail.be/vehicle/P8803,http://irail.be/stations/NMBS/008814308,P,2018-03-30T17:47:00,2018-03-30T17:47:00,666,666
http://irail.be/vehicle/P8803,http://irail.be/stations/NMBS/008814332,P,2018-03-30T17:49:00,2018-03-30T17:49:00,640,640
http://irail.be/vehicle/P8803,http://irail.be/stations/NMBS/008883808,P,2018-03-30T17:50:00,2018-03-30T17:50:00,615,615
http://irail.be/vehicle/P8803,http://irail.be/stations/NMBS/008883022,P,2018-03-30T17:53:00,2018-03-30T17:53:00,564,564
http://irail.be/vehicle/P8803,NO-URI,P,2018-03-30T17:54:00,2018-03-30T17:54:00,509,509
http://irail.be/vehicle/P8803,http://irail.be/stations/NMBS/008883006,P,2018-03-30T18:00:00,2018-03-30T17:59:00,550,451
http://irail.be/vehicle/P8803,http://irail.be/stations/NMBS/008883113,P,2018-03-30T18:06:00,2018-03-30T18:05:00,573,547
http://irail.be/vehicle/P8803,NO-URI,P,2018-03-30T18:10:00,2018-03-30T18:10:00,551,551
http://irail.be/vehicle/P8803,http://irail.be/stations/NMBS/008883121,P,2018-03-30T18:10:00,2018-03-30T18:10:00,567,567
http://irail.be/vehicle/P8803,http://irail.be/stations/NMBS/008881174,P,2018-03-30T18:11:00,2018-03-30T18:11:00,590,590
http://irail.be/vehicle/P8803,http://irail.be/stations/NMBS/008881166,P,2018-03-30T18:15:00,2018-03-30T18:14:00,622,577
http://irail.be/vehicle/P8803,http://irail.be/stations/NMBS/008881158,P,2018-03-30T18:17:00,2018-03-30T18:17:00,622,622
http://irail.be/vehicle/P8803,http://irail.be/stations/NMBS/008881125,P,2018-03-30T18:20:00,2018-03-30T18:20:00,549,549
http://irail.be/vehicle/P8803,http://irail.be/stations/NMBS/008881000,P,2018-03-30T18:28:00,2018-03-30T18:24:00,741,824
http://irail.be/vehicle/P8803,http://irail.be/stations/NMBS/008884566,P,2018-03-30T18:35:00,2018-03-30T18:34:00,741,741
http://irail.be/vehicle/P8803,http://irail.be/stations/NMBS/008884541,P,2018-03-30T18:39:00,2018-03-30T18:38:00,719,687
http://irail.be/vehicle/P8803,http://irail.be/stations/NMBS/008884004,P,2018-03-30T18:44:00,2018-03-30T18:42:00,755,776
http://irail.be/vehicle/P8803,http://irail.be/stations/NMBS/008884319,P,2018-03-30T18:48:00,2018-03-30T18:48:00,751,726
http://irail.be/vehicle/P8803,http://irail.be/stations/NMBS/008884327,P,2018-03-30T18:51:00,2018-03-30T18:51:00,751,751
http://irail.be/vehicle/P8803,http://irail.be/stations/NMBS/008884350,P,2018-03-30T18:54:00,2018-03-30T18:54:00,751,751
http://irail.be/vehicle/P8803,http://irail.be/stations/NMBS/008884335,P,2018-03-30T18:59:00,2018-03-30T18:59:00,,751
http://irail.be/vehicle/P8803,NO-URI,P,2018-09-06T17:05:00,2018-09-06T17:05:00,409,
http://irail.be/vehicle/P8803,http://irail.be/stations/NMBS/008811007,P,2018-09-06T17:20:00,2018-09-06T17:15:00,88,320
http://irail.be/vehicle/P8803,http://irail.be/stations/NMBS/008812005,P,2018-09-06T17:28:00,2018-09-06T17:25:00,304,365
http://irail.be/vehicle/P8803,http://irail.be/stations/NMBS/008813045,P,2018-09-06T17:30:00,2018-09-06T17:30:00,370,370
http://irail.be/vehicle/P8803,http://irail.be/stations/NMBS/008813003,P,2018-09-06T17:32:00,2018-09-06T17:31:00,617,585
http://irail.be/vehicle/P8803,http://irail.be/stations/NMBS/008813037,P,2018-09-06T17:34:00,2018-09-06T17:34:00,568,568
http://irail.be/vehicle/P8803,http://irail.be/stations/NMBS/008814001,P,2018-09-06T17:38:00,2018-09-06T17:36:00,687,656
http://irail.be/vehicle/P8803,http://irail.be/stations/NMBS/008814373,P,2018-09-06T17:42:00,2018-09-06T17:42:00,768,768
http://irail.be/vehicle/P8803,http://irail.be/stations/NMBS/008814308,P,2018-09-06T17:47:00,2018-09-06T17:47:00,1032,1032
http://irail.be/vehicle/P8803,http://irail.be/stations/NMBS/008814332,P,2018-09-06T17:49:00,2018-09-06T17:49:00,1063,1063
http://irail.be/vehicle/P8803,http://irail.be/stations/NMBS/008883808,P,2018-09-06T17:50:00,2018-09-06T17:50:00,1107,1107
http://irail.be/vehicle/P8803,http://irail.be/stations/NMBS/008883022,P,2018-09-06T17:53:00,2018-09-06T17:53:00,1118,1118
http://irail.be/vehicle/P8803,NO-URI,P,2018-09-06T17:54:00,2018-09-06T17:54:00,1171,1171
http://irail.be/vehicle/P8803,http://irail.be/stations/NMBS/008883006,P,2018-09-06T18:00:00,2018-09-06T17:59:00,1256,1211
http://irail.be/vehicle/P8803,http://irail.be/stations/NMBS/008883113,P,2018-09-06T18:06:00,2018-09-06T18:05:00,1270,1256
http://irail.be/vehicle/P8803,NO-URI,P,2018-09-06T18:10:00,2018-09-06T18:10:00,1215,1215
http://irail.be/vehicle/P8803,http://irail.be/stations/NMBS/008883121,P,2018-09-06T18:10:00,2018-09-06T18:10:00,1226,1226
http://irail.be/vehicle/P8803,http://irail.be/stations/NMBS/008881174,P,2018-09-06T18:11:00,2018-09-06T18:11:00,1325,1325
http://irail.be/vehicle/P8803,http://irail.be/stations/NMBS/008881166,P,2018-09-06T18:15:00,2018-09-06T18:14:00,1296,1330
http://irail.be/vehicle/P8803,http://irail.be/stations/NMBS/008881158,P,2018-09-06T18:18:00,2018-09-06T18:18:00,1296,1296
http://irail.be/vehicle/P8803,http://irail.be/stations/NMBS/008881125,P,2018-09-06T18:19:00,2018-09-06T18:19:00,1288,1288
http://irail.be/vehicle/P8803,http://irail.be/stations/NMBS/008881000,P,2018-09-06T18:28:00,2018-09-06T18:24:00,1667,1581
http://irail.be/vehicle/P8803,http://irail.be/stations/NMBS/008884566,P,2018-09-06T18:35:00,2018-09-06T18:34:00,1667,1667
http://irail.be/vehicle/P8803,http://irail.be/stations/NMBS/008884541,P,2018-09-06T18:39:00,2018-09-06T18:38:00,1630,1606
http://irail.be/vehicle/P8803,http://irail.be/stations/NMBS/008884004,P,2018-09-06T18:44:00,2018-09-06T18:42:00,1635,1667
http://irail.be/vehicle/P8803,http://irail.be/stations/NMBS/008884319,P,2018-09-06T18:48:00,2018-09-06T18:48:00,1606,1601
http://irail.be/vehicle/P8803,http://irail.be/stations/NMBS/008884327,P,2018-09-06T18:51:00,2018-09-06T18:51:00,1606,1606
http://irail.be/vehicle/P8803,http://irail.be/stations/NMBS/008884350,P,2018-09-06T18:54:00,2018-09-06T18:54:00,1606,1606
http://irail.be/vehicle/P8803,http://irail.be/stations/NMBS/008884335,P,2018-09-06T18:59:00,2018-09-06T18:59:00,,1606
http://irail.be/vehicle/P8803,NO-URI,P,2018-03-20T17:05:00,2018-03-20T17:05:00,-41,
http://irail.be/vehicle/P8803,http://irail.be/stations/NMBS/008811007,P,2018-03-20T17:20:00,2018-03-20T17:15:00,40,-116
http://irail.be/vehicle/P8803,http://irail.be/stations/NMBS/008812005,P,2018-03-20T17:28:00,2018-03-20T17:25:00,138,54
http://irail.be/vehicle/P8803,http://irail.be/stations/NMBS/008813045,P,2018-03-20T17:30:00,2018-03-20T17:30:00,139,139
http://irail.be/vehicle/P8803,http://irail.be/stations/NMBS/008813003,P,2018-03-20T17:32:00,2018-03-20T17:31:00,229,212
http://irail.be/vehicle/P8803,http://irail.be/stations/NMBS/008813037,P,2018-03-20T17:34:00,2018-03-20T17:34:00,177,177
http://irail.be/vehicle/P8803,http://irail.be/stations/NMBS/008814001,P,2018-03-20T17:38:00,2018-03-20T17:36:00,225,264
http://irail.be/vehicle/P8803,http://irail.be/stations/NMBS/008814373,P,2018-03-20T17:42:00,2018-03-20T17:42:00,271,271
http://irail.be/vehicle/P8803,http://irail.be/stations/NMBS/008814365,P,2018-03-20T17:43:57,2018-03-20T17:43:57,296,296
http://irail.be/vehicle/P8803,http://irail.be/stations/NMBS/008814357,P,2018-03-20T17:45:34,2018-03-20T17:45:34,296,296
http://irail.be/vehicle/P8803,http://irail.be/stations/NMBS/008814340,P,2018-03-20T17:46:19,2018-03-20T17:46:19,356,356
http://irail.be/vehicle/P8803,http://irail.be/stations/NMBS/008814308,P,2018-03-20T17:47:00,2018-03-20T17:47:00,706,706
http://irail.be/vehicle/P8803,http://irail.be/stations/NMBS/008814332,P,2018-03-20T17:49:00,2018-03-20T17:49:00,835,835
http://irail.be/vehicle/P8803,http://irail.be/stations/NMBS/008883808,P,2018-03-20T17:50:00,2018-03-20T17:50:00,921,921
http://irail.be/vehicle/P8803,http://irail.be/stations/NMBS/008883022,P,2018-03-20T17:53:00,2018-03-20T17:53:00,900,900
http://irail.be/vehicle/P8803,NO-URI,P,2018-03-20T17:54:00,2018-03-20T17:54:00,861,861
http://irail.be/vehicle/P8803,http://irail.be/stations/NMBS/008883006,P,2018-03-20T18:00:00,2018-03-20T17:59:00,921,937
http://irail.be/vehicle/P8803,http://irail.be/stations/NMBS/008883113,P,2018-03-20T18:06:00,2018-03-20T18:05:00,933,905
http://irail.be/vehicle/P8803,NO-URI,P,2018-03-20T18:10:00,2018-03-20T18:10:00,883,883
http://irail.be/vehicle/P8803,http://irail.be/stations/NMBS/008883121,P,2018-03-20T18:10:00,2018-03-20T18:10:00,896,896
http://irail.be/vehicle/P8803,http://irail.be/stations/NMBS/008881174,P,2018-03-20T18:11:00,2018-03-20T18:11:00,918,918
http://irail.be/vehicle/P8803,http://irail.be/stations/NMBS/008881166,P,2018-03-20T18:15:00,2018-03-20T18:14:00,940,905
http://irail.be/vehicle/P8803,http://irail.be/stations/NMBS/008881158,P,2018-03-20T18:17:00,2018-03-20T18:17:00,940,940
http://irail.be/vehicle/P8803,http://irail.be/stations/NMBS/008881125,P,2018-03-20T18:20:00,2018-03-20T18:20:00,944,944
http://irail.be/vehicle/P8803,http://irail.be/stations/NMBS/008881000,P,2018-03-20T18:28:00,2018-03-20T18:24:00,943,989
http://irail.be/vehicle/P8803,http://irail.be/stations/NMBS/008884566,P,2018-03-20T18:35:00,2018-03-20T18:34:00,943,943
http://irail.be/vehicle/P8803,http://irail.be/stations/NMBS/008884541,P,2018-03-20T18:39:00,2018-03-20T18:38:00,858,834
http://irail.be/vehicle/P8803,http://irail.be/stations/NMBS/008884004,P,2018-03-20T18:44:00,2018-03-20T18:42:00,854,891
http://irail.be/vehicle/P8803,http://irail.be/stations/NMBS/008884319,P,2018-03-20T18:48:00,2018-03-20T18:48:00,872,807
http://irail.be/vehicle/P8803,http://irail.be/stations/NMBS/008884327,P,2018-03-20T18:51:00,2018-03-20T18:51:00,872,872
http://irail.be/vehicle/P8803,http://irail.be/stations/NMBS/008884350,P,2018-03-20T18:54:00,2018-03-20T18:54:00,872,872
http://irail.be/vehicle/P8803,http://irail.be/stations/NMBS/008884335,P,2018-03-20T18:59:00,2018-03-20T18:59:00,,872
http://irail.be/vehicle/P8803,NO-URI,P,2018-01-17T17:05:00,2018-01-17T17:05:00,-71,
http://irail.be/vehicle/P8803,http://irail.be/stations/NMBS/008811007,P,2018-01-17T17:20:00,2018-01-17T17:15:00,15,-189
http://irail.be/vehicle/P8803,http://irail.be/stations/NMBS/008812005,P,2018-01-17T17:28:00,2018-01-17T17:25:00,0,-1
http://irail.be/vehicle/P8803,http://irail.be/stations/NMBS/008813045,P,2018-01-17T17:30:00,2018-01-17T17:30:00,3,3
http://irail.be/vehicle/P8803,http://irail.be/stations/NMBS/008813003,P,2018-01-17T17:32:00,2018-01-17T17:31:00,44,33
http://irail.be/vehicle/P8803,http://irail.be/stations/NMBS/008813037,P,2018-01-17T17:34:00,2018-01-17T17:34:00,-3,-3
http://irail.be/vehicle/P8803,http://irail.be/stations/NMBS/008814001,P,2018-01-17T17:38:00,2018-01-17T17:36:00,65,54
http://irail.be/vehicle/P8803,http://irail.be/stations/NMBS/008814373,P,2018-01-17T17:42:00,2018-01-17T17:42:00,48,48
http://irail.be/vehicle/P8803,http://irail.be/stations/NMBS/008814308,P,2018-01-17T17:47:00,2018-01-17T17:47:00,139,139
http://irail.be/vehicle/P8803,http://irail.be/stations/NMBS/008814332,P,2018-01-17T17:49:00,2018-01-17T17:49:00,118,118
http://irail.be/vehicle/P8803,http://irail.be/stations/NMBS/008883808,P,2018-01-17T17:50:00,2018-01-17T17:50:00,266,266
http://irail.be/vehicle/P8803,http://irail.be/stations/NMBS/008883022,P,2018-01-17T17:53:00,2018-01-17T17:53:00,370,370
http://irail.be/vehicle/P8803,NO-URI,P,2018-01-17T17:54:00,2018-01-17T17:54:00,455,455
http://irail.be/vehicle/P8803,http://irail.be/stations/NMBS/008883006,P,2018-01-17T18:00:00,2018-01-17T17:59:00,520,507
http://irail.be/vehicle/P8803,http://irail.be/stations/NMBS/008883113,P,2018-01-17T18:06:00,2018-01-17T18:05:00,510,463
http://irail.be/vehicle/P8803,NO-URI,P,2018-01-17T18:10:00,2018-01-17T18:10:00,454,454
http://irail.be/vehicle/P8803,http://irail.be/stations/NMBS/008883121,P,2018-01-17T18:10:00,2018-01-17T18:10:00,465,465
http://irail.be/vehicle/P8803,http://irail.be/stations/NMBS/008881174,P,2018-01-17T18:11:00,2018-01-17T18:11:00,488,488
http://irail.be/vehicle/P8803,http://irail.be/stations/NMBS/008881166,P,2018-01-17T18:15:00,2018-01-17T18:14:00,472,474
http://irail.be/vehicle/P8803,http://irail.be/stations/NMBS/008881158,P,2018-01-17T18:17:00,2018-01-17T18:17:00,472,472
http://irail.be/vehicle/P8803,http://irail.be/stations/NMBS/008881125,P,2018-01-17T18:20:00,2018-01-17T18:20:00,375,375
http://irail.be/vehicle/P8803,http://irail.be/stations/NMBS/008881000,P,2018-01-17T18:28:00,2018-01-17T18:24:00,473,571
http://irail.be/vehicle/P8803,http://irail.be/stations/NMBS/008884566,P,2018-01-17T18:35:00,2018-01-17T18:34:00,473,473
http://irail.be/vehicle/P8803,http://irail.be/stations/NMBS/008884541,P,2018-01-17T18:39:00,2018-01-17T18:38:00,438,401
http://irail.be/vehicle/P8803,http://irail.be/stations/NMBS/008884004,P,2018-01-17T18:44:00,2018-01-17T18:42:00,461,467
http://irail.be/vehicle/P8803,http://irail.be/stations/NMBS/008884319,P,2018-01-17T18:48:00,2018-01-17T18:48:00,483,444
http://irail.be/vehicle/P8803,http://irail.be/stations/NMBS/008884327,P,2018-01-17T18:51:00,2018-01-17T18:51:00,483,483
http://irail.be/vehicle/P8803,http://irail.be/stations/NMBS/008884350,P,2018-01-17T18:54:00,2018-01-17T18:54:00,483,483
http://irail.be/vehicle/P8803,http://irail.be/stations/NMBS/008884335,P,2018-01-17T18:59:00,2018-01-17T18:59:00,,483
http://irail.be/vehicle/P8803,NO-URI,P,2018-09-26T17:05:00,2018-09-26T17:05:00,270,
http://irail.be/vehicle/P8803,http://irail.be/stations/NMBS/008811007,P,2018-09-26T17:20:00,2018-09-26T17:15:00,68,236
http://irail.be/vehicle/P8803,http://irail.be/stations/NMBS/008812005,P,2018-09-26T17:28:00,2018-09-26T17:25:00,114,129
http://irail.be/vehicle/P8803,http://irail.be/stations/NMBS/008813045,P,2018-09-26T17:30:00,2018-09-26T17:30:00,133,133
http://irail.be/vehicle/P8803,http://irail.be/stations/NMBS/008813003,P,2018-09-26T17:32:00,2018-09-26T17:31:00,275,246
http://irail.be/vehicle/P8803,http://irail.be/stations/NMBS/008813037,P,2018-09-26T17:34:00,2018-09-26T17:34:00,231,231
http://irail.be/vehicle/P8803,http://irail.be/stations/NMBS/008814001,P,2018-09-26T17:38:00,2018-09-26T17:36:00,301,330
http://irail.be/vehicle/P8803,http://irail.be/stations/NMBS/008814373,P,2018-09-26T17:42:00,2018-09-26T17:42:00,274,274
http://irail.be/vehicle/P8803,http://irail.be/stations/NMBS/008814308,P,2018-09-26T17:47:00,2018-09-26T17:47:00,262,262
http://irail.be/vehicle/P8803,http://irail.be/stations/NMBS/008814332,P,2018-09-26T17:49:00,2018-09-26T17:49:00,238,238
http://irail.be/vehicle/P8803,http://irail.be/stations/NMBS/008883808,P,2018-09-26T17:50:00,2018-09-26T17:50:00,218,218
http://irail.be/vehicle/P8803,http://irail.be/stations/NMBS/008883022,P,2018-09-26T17:53:00,2018-09-26T17:53:00,219,219
http://irail.be/vehicle/P8803,NO-URI,P,2018-09-26T17:54:00,2018-09-26T17:54:00,287,287
http://irail.be/vehicle/P8803,http://irail.be/stations/NMBS/008883006,P,2018-09-26T18:00:00,2018-09-26T17:59:00,288,319
http://irail.be/vehicle/P8803,http://irail.be/stations/NMBS/008883113,P,2018-09-26T18:06:00,2018-09-26T18:05:00,289,244
http://irail.be/vehicle/P8803,NO-URI,P,2018-09-26T18:10:00,2018-09-26T18:10:00,236,236
http://irail.be/vehicle/P8803,http://irail.be/stations/NMBS/008883121,P,2018-09-26T18:10:00,2018-09-26T18:10:00,248,248
http://irail.be/vehicle/P8803,http://irail.be/stations/NMBS/008881174,P,2018-09-26T18:11:00,2018-09-26T18:11:00,273,273
http://irail.be/vehicle/P8803,http://irail.be/stations/NMBS/008881166,P,2018-09-26T18:15:00,2018-09-26T18:14:00,236,259
http://irail.be/vehicle/P8803,http://irail.be/stations/NMBS/008881158,P,2018-09-26T18:18:00,2018-09-26T18:18:00,236,236
http://irail.be/vehicle/P8803,http://irail.be/stations/NMBS/008881125,P,2018-09-26T18:19:00,2018-09-26T18:19:00,233,233
http://irail.be/vehicle/P8803,http://irail.be/stations/NMBS/008881000,P,2018-09-26T18:28:00,2018-09-26T18:24:00,60,174
http://irail.be/vehicle/P8803,http://irail.be/stations/NMBS/008884566,P,2018-09-26T18:35:00,2018-09-26T18:34:00,60,60
http://irail.be/vehicle/P8803,http://irail.be/stations/NMBS/008884541,P,2018-09-26T18:39:00,2018-09-26T18:38:00,24,-20
http://irail.be/vehicle/P8803,http://irail.be/stations/NMBS/008884004,P,2018-09-26T18:44:00,2018-09-26T18:42:00,59,70
http://irail.be/vehicle/P8803,http://irail.be/stations/NMBS/008884319,P,2018-09-26T18:48:00,2018-09-26T18:48:00,160,54
http://irail.be/vehicle/P8803,http://irail.be/stations/NMBS/008884327,P,2018-09-26T18:51:00,2018-09-26T18:51:00,160,160
http://irail.be/vehicle/P8803,http://irail.be/stations/NMBS/008884350,P,2018-09-26T18:54:00,2018-09-26T18:54:00,160,160
http://irail.be/vehicle/P8803,http://irail.be/stations/NMBS/008884335,P,2018-09-26T18:59:00,2018-09-26T18:59:00,,160
http://irail.be/vehicle/P8803,NO-URI,P,2018-09-28T17:05:00,2018-09-28T17:05:00,201,
http://irail.be/vehicle/P8803,http://irail.be/stations/NMBS/008811007,P,2018-09-28T17:20:00,2018-09-28T17:15:00,154,62
http://irail.be/vehicle/P8803,http://irail.be/stations/NMBS/008812005,P,2018-09-28T17:28:00,2018-09-28T17:25:00,176,165
http://irail.be/vehicle/P8803,http://irail.be/stations/NMBS/008813045,P,2018-09-28T17:30:00,2018-09-28T17:30:00,183,183
http://irail.be/vehicle/P8803,http://irail.be/stations/NMBS/008813003,P,2018-09-28T17:32:00,2018-09-28T17:31:00,305,281
http://irail.be/vehicle/P8803,http://irail.be/stations/NMBS/008813037,P,2018-09-28T17:34:00,2018-09-28T17:34:00,252,252
http://irail.be/vehicle/P8803,http://irail.be/stations/NMBS/008814001,P,2018-09-28T17:38:00,2018-09-28T17:36:00,248,298
http://irail.be/vehicle/P8803,http://irail.be/stations/NMBS/008814373,P,2018-09-28T17:42:00,2018-09-28T17:42:00,224,224
http://irail.be/vehicle/P8803,http://irail.be/stations/NMBS/008814308,P,2018-09-28T17:47:00,2018-09-28T17:47:00,222,222
http://irail.be/vehicle/P8803,http://irail.be/stations/NMBS/008814332,P,2018-09-28T17:49:00,2018-09-28T17:49:00,196,196
http://irail.be/vehicle/P8803,http://irail.be/stations/NMBS/008883808,P,2018-09-28T17:50:00,2018-09-28T17:50:00,222,222
http://irail.be/vehicle/P8803,http://irail.be/stations/NMBS/008883022,P,2018-09-28T17:53:00,2018-09-28T17:53:00,240,240
http://irail.be/vehicle/P8803,NO-URI,P,2018-09-28T17:54:00,2018-09-28T17:54:00,317,317
http://irail.be/vehicle/P8803,http://irail.be/stations/NMBS/008883006,P,2018-09-28T18:00:00,2018-09-28T17:59:00,486,521
http://irail.be/vehicle/P8803,http://irail.be/stations/NMBS/008883113,P,2018-09-28T18:06:00,2018-09-28T18:05:00,467,448
http://irail.be/vehicle/P8803,NO-URI,P,2018-09-28T18:10:00,2018-09-28T18:10:00,417,417
http://irail.be/vehicle/P8803,http://irail.be/stations/NMBS/008883121,P,2018-09-28T18:10:00,2018-09-28T18:10:00,430,430
http://irail.be/vehicle/P8803,http://irail.be/stations/NMBS/008881174,P,2018-09-28T18:11:00,2018-09-28T18:11:00,454,454
http://irail.be/vehicle/P8803,http://irail.be/stations/NMBS/008881166,P,2018-09-28T18:15:00,2018-09-28T18:14:00,418,440
http://irail.be/vehicle/P8803,http://irail.be/stations/NMBS/008881158,P,2018-09-28T18:18:00,2018-09-28T18:18:00,418,418
http://irail.be/vehicle/P8803,http://irail.be/stations/NMBS/008881125,P,2018-09-28T18:19:00,2018-09-28T18:19:00,415,415
http://irail.be/vehicle/P8803,http://irail.be/stations/NMBS/008881000,P,2018-09-28T18:28:00,2018-09-28T18:24:00,815,460
http://irail.be/vehicle/P8803,http://irail.be/stations/NMBS/008884566,P,2018-09-28T18:35:00,2018-09-28T18:34:00,837,815
http://irail.be/vehicle/P8803,http://irail.be/stations/NMBS/008884541,P,2018-09-28T18:39:00,2018-09-28T18:38:00,860,853
http://irail.be/vehicle/P8803,http://irail.be/stations/NMBS/008884004,P,2018-09-28T18:44:00,2018-09-28T18:42:00,896,904
http://irail.be/vehicle/P8803,http://irail.be/stations/NMBS/008884319,P,2018-09-28T18:48:00,2018-09-28T18:48:00,916,899
http://irail.be/vehicle/P8803,http://irail.be/stations/NMBS/008884327,P,2018-09-28T18:51:00,2018-09-28T18:51:00,916,916
http://irail.be/vehicle/P8803,http://irail.be/stations/NMBS/008884350,P,2018-09-28T18:54:00,2018-09-28T18:54:00,916,916
http://irail.be/vehicle/P8803,http://irail.be/stations/NMBS/008884335,P,2018-09-28T18:59:00,2018-09-28T18:59:00,,916
http://irail.be/vehicle/P8803,NO-URI,P,2018-05-08T17:05:00,2018-05-08T17:05:00,89,
http://irail.be/vehicle/P8803,http://irail.be/stations/NMBS/008811007,P,2018-05-08T17:20:00,2018-05-08T17:15:00,11,-30
http://irail.be/vehicle/P8803,http://irail.be/stations/NMBS/008812005,P,2018-05-08T17:28:00,2018-05-08T17:25:00,41,-60
http://irail.be/vehicle/P8803,http://irail.be/stations/NMBS/008813045,P,2018-05-08T17:30:00,2018-05-08T17:30:00,49,49
http://irail.be/vehicle/P8803,http://irail.be/stations/NMBS/008813003,P,2018-05-08T17:32:00,2018-05-08T17:31:00,252,196
http://irail.be/vehicle/P8803,http://irail.be/stations/NMBS/008813037,P,2018-05-08T17:34:00,2018-05-08T17:34:00,210,210
http://irail.be/vehicle/P8803,http://irail.be/stations/NMBS/008814001,P,2018-05-08T17:38:00,2018-05-08T17:36:00,262,257
http://irail.be/vehicle/P8803,http://irail.be/stations/NMBS/008814373,P,2018-05-08T17:42:00,2018-05-08T17:42:00,251,251
http://irail.be/vehicle/P8803,http://irail.be/stations/NMBS/008814308,P,2018-05-08T17:47:00,2018-05-08T17:47:00,457,457
http://irail.be/vehicle/P8803,http://irail.be/stations/NMBS/008814332,P,2018-05-08T17:49:00,2018-05-08T17:49:00,430,430
http://irail.be/vehicle/P8803,http://irail.be/stations/NMBS/008883808,P,2018-05-08T17:50:00,2018-05-08T17:50:00,399,399
http://irail.be/vehicle/P8803,http://irail.be/stations/NMBS/008883022,P,2018-05-08T17:53:00,2018-05-08T17:53:00,350,350
http://irail.be/vehicle/P8803,NO-URI,P,2018-05-08T17:54:00,2018-05-08T17:54:00,297,297
http://irail.be/vehicle/P8803,http://irail.be/stations/NMBS/008883006,P,2018-05-08T18:00:00,2018-05-08T17:59:00,211,247
http://irail.be/vehicle/P8803,http://irail.be/stations/NMBS/008883113,P,2018-05-08T18:06:00,2018-05-08T18:05:00,187,171
http://irail.be/vehicle/P8803,NO-URI,P,2018-05-08T18:10:00,2018-05-08T18:10:00,143,143
http://irail.be/vehicle/P8803,http://irail.be/stations/NMBS/008883121,P,2018-05-08T18:10:00,2018-05-08T18:10:00,156,156
http://irail.be/vehicle/P8803,http://irail.be/stations/NMBS/008881174,P,2018-05-08T18:11:00,2018-05-08T18:11:00,171,171
http://irail.be/vehicle/P8803,http://irail.be/stations/NMBS/008881166,P,2018-05-08T18:15:00,2018-05-08T18:14:00,169,156
http://irail.be/vehicle/P8803,http://irail.be/stations/NMBS/008881158,P,2018-05-08T18:17:00,2018-05-08T18:17:00,169,169
http://irail.be/vehicle/P8803,http://irail.be/stations/NMBS/008881125,P,2018-05-08T18:20:00,2018-05-08T18:20:00,81,81
http://irail.be/vehicle/P8803,http://irail.be/stations/NMBS/008881000,P,2018-05-08T18:28:00,2018-05-08T18:24:00,251,177
http://irail.be/vehicle/P8803,http://irail.be/stations/NMBS/008884566,P,2018-05-08T18:35:00,2018-05-08T18:34:00,238,251
http://irail.be/vehicle/P8803,http://irail.be/stations/NMBS/008884541,P,2018-05-08T18:39:00,2018-05-08T18:38:00,290,272
http://irail.be/vehicle/P8803,http://irail.be/stations/NMBS/008884004,P,2018-05-08T18:44:00,2018-05-08T18:42:00,284,328
http://irail.be/vehicle/P8803,http://irail.be/stations/NMBS/008884319,P,2018-05-08T18:48:00,2018-05-08T18:48:00,570,570
http://irail.be/vehicle/P8803,http://irail.be/stations/NMBS/008884327,P,2018-05-08T18:51:00,2018-05-08T18:51:00,545,545
http://irail.be/vehicle/P8803,http://irail.be/stations/NMBS/008884350,P,2018-05-08T18:54:00,2018-05-08T18:54:00,545,545
http://irail.be/vehicle/P8803,http://irail.be/stations/NMBS/008884335,P,2018-05-08T18:59:00,2018-05-08T18:59:00,,545
http://irail.be/vehicle/P8803,NO-URI,P,2018-03-09T17:05:00,2018-03-09T17:05:00,75,
http://irail.be/vehicle/P8803,http://irail.be/stations/NMBS/008811007,P,2018-03-09T17:20:00,2018-03-09T17:15:00,15,-39
http://irail.be/vehicle/P8803,http://irail.be/stations/NMBS/008812005,P,2018-03-09T17:28:00,2018-03-09T17:25:00,59,71
http://irail.be/vehicle/P8803,http://irail.be/stations/NMBS/008813045,P,2018-03-09T17:30:00,2018-03-09T17:30:00,82,82
http://irail.be/vehicle/P8803,http://irail.be/stations/NMBS/008813003,P,2018-03-09T17:32:00,2018-03-09T17:31:00,276,244
http://irail.be/vehicle/P8803,http://irail.be/stations/NMBS/008813037,P,2018-03-09T17:34:00,2018-03-09T17:34:00,221,221
http://irail.be/vehicle/P8803,http://irail.be/stations/NMBS/008814001,P,2018-03-09T17:38:00,2018-03-09T17:36:00,277,264
http://irail.be/vehicle/P8803,http://irail.be/stations/NMBS/008814373,P,2018-03-09T17:42:00,2018-03-09T17:42:00,268,268
http://irail.be/vehicle/P8803,http://irail.be/stations/NMBS/008814308,P,2018-03-09T17:47:00,2018-03-09T17:47:00,338,338
http://irail.be/vehicle/P8803,http://irail.be/stations/NMBS/008814332,P,2018-03-09T17:49:00,2018-03-09T17:49:00,311,311
http://irail.be/vehicle/P8803,http://irail.be/stations/NMBS/008883808,P,2018-03-09T17:50:00,2018-03-09T17:50:00,502,502
http://irail.be/vehicle/P8803,http://irail.be/stations/NMBS/008883022,P,2018-03-09T17:53:00,2018-03-09T17:53:00,532,532
http://irail.be/vehicle/P8803,NO-URI,P,2018-03-09T17:54:00,2018-03-09T17:54:00,493,493
http://irail.be/vehicle/P8803,http://irail.be/stations/NMBS/008883006,P,2018-03-09T18:00:00,2018-03-09T17:59:00,823,782
http://irail.be/vehicle/P8803,http://irail.be/stations/NMBS/008883113,P,2018-03-09T18:06:00,2018-03-09T18:05:00,794,779
http://irail.be/vehicle/P8803,NO-URI,P,2018-03-09T18:10:00,2018-03-09T18:10:00,748,748
http://irail.be/vehicle/P8803,http://irail.be/stations/NMBS/008883121,P,2018-03-09T18:10:00,2018-03-09T18:10:00,762,762
http://irail.be/vehicle/P8803,http://irail.be/stations/NMBS/008881174,P,2018-03-09T18:11:00,2018-03-09T18:11:00,785,785
http://irail.be/vehicle/P8803,http://irail.be/stations/NMBS/008881166,P,2018-03-09T18:15:00,2018-03-09T18:14:00,785,774
http://irail.be/vehicle/P8803,http://irail.be/stations/NMBS/008881158,P,2018-03-09T18:17:00,2018-03-09T18:17:00,785,785
http://irail.be/vehicle/P8803,http://irail.be/stations/NMBS/008881125,P,2018-03-09T18:20:00,2018-03-09T18:20:00,696,696
http://irail.be/vehicle/P8803,http://irail.be/stations/NMBS/008881000,P,2018-03-09T18:28:00,2018-03-09T18:24:00,551,679
http://irail.be/vehicle/P8803,http://irail.be/stations/NMBS/008884566,P,2018-03-09T18:35:00,2018-03-09T18:34:00,551,551
http://irail.be/vehicle/P8803,http://irail.be/stations/NMBS/008884541,P,2018-03-09T18:39:00,2018-03-09T18:38:00,527,474
http://irail.be/vehicle/P8803,http://irail.be/stations/NMBS/008884004,P,2018-03-09T18:44:00,2018-03-09T18:42:00,1324,571
http://irail.be/vehicle/P8803,http://irail.be/stations/NMBS/008884319,P,2018-03-09T18:48:00,2018-03-09T18:48:00,1361,1286
http://irail.be/vehicle/P8803,http://irail.be/stations/NMBS/008884327,P,2018-03-09T18:51:00,2018-03-09T18:51:00,1361,1361
http://irail.be/vehicle/P8803,http://irail.be/stations/NMBS/008884350,P,2018-03-09T18:54:00,2018-03-09T18:54:00,1361,1361
http://irail.be/vehicle/P8803,http://irail.be/stations/NMBS/008884335,P,2018-03-09T18:59:00,2018-03-09T18:59:00,,1361
http://irail.be/vehicle/P8803,NO-URI,P,2018-02-23T17:05:00,2018-02-23T17:05:00,-256,
http://irail.be/vehicle/P8803,http://irail.be/stations/NMBS/008811007,P,2018-02-23T17:20:00,2018-02-23T17:15:00,45,-322
http://irail.be/vehicle/P8803,http://irail.be/stations/NMBS/008812005,P,2018-02-23T17:28:00,2018-02-23T17:25:00,32,-27
http://irail.be/vehicle/P8803,http://irail.be/stations/NMBS/008813045,P,2018-02-23T17:30:00,2018-02-23T17:30:00,39,39
http://irail.be/vehicle/P8803,http://irail.be/stations/NMBS/008813003,P,2018-02-23T17:32:00,2018-02-23T17:31:00,275,216
http://irail.be/vehicle/P8803,http://irail.be/stations/NMBS/008813037,P,2018-02-23T17:34:00,2018-02-23T17:34:00,222,222
http://irail.be/vehicle/P8803,http://irail.be/stations/NMBS/008814001,P,2018-02-23T17:38:00,2018-02-23T17:36:00,409,265
http://irail.be/vehicle/P8803,http://irail.be/stations/NMBS/008814373,P,2018-02-23T17:42:00,2018-02-23T17:42:00,429,429
http://irail.be/vehicle/P8803,http://irail.be/stations/NMBS/008814308,P,2018-02-23T17:47:00,2018-02-23T17:47:00,708,708
http://irail.be/vehicle/P8803,http://irail.be/stations/NMBS/008814332,P,2018-02-23T17:49:00,2018-02-23T17:49:00,686,686
http://irail.be/vehicle/P8803,http://irail.be/stations/NMBS/008883808,P,2018-02-23T17:50:00,2018-02-23T17:50:00,790,790
http://irail.be/vehicle/P8803,http://irail.be/stations/NMBS/008883022,P,2018-02-23T17:53:00,2018-02-23T17:53:00,841,841
http://irail.be/vehicle/P8803,NO-URI,P,2018-02-23T17:54:00,2018-02-23T17:54:00,805,805
http://irail.be/vehicle/P8803,http://irail.be/stations/NMBS/008883006,P,2018-02-23T18:00:00,2018-02-23T17:59:00,769,745
http://irail.be/vehicle/P8803,http://irail.be/stations/NMBS/008883113,P,2018-02-23T18:06:00,2018-02-23T18:05:00,780,741
http://irail.be/vehicle/P8803,NO-URI,P,2018-02-23T18:10:00,2018-02-23T18:10:00,746,746
http://irail.be/vehicle/P8803,http://irail.be/stations/NMBS/008883121,P,2018-02-23T18:10:00,2018-02-23T18:10:00,760,760
http://irail.be/vehicle/P8803,http://irail.be/stations/NMBS/008881174,P,2018-02-23T18:11:00,2018-02-23T18:11:00,789,789
http://irail.be/vehicle/P8803,http://irail.be/stations/NMBS/008881166,P,2018-02-23T18:15:00,2018-02-23T18:14:00,813,781
http://irail.be/vehicle/P8803,http://irail.be/stations/NMBS/008881158,P,2018-02-23T18:17:00,2018-02-23T18:17:00,813,813
http://irail.be/vehicle/P8803,http://irail.be/stations/NMBS/008881125,P,2018-02-23T18:20:00,2018-02-23T18:20:00,718,718
http://irail.be/vehicle/P8803,http://irail.be/stations/NMBS/008881000,P,2018-02-23T18:28:00,2018-02-23T18:24:00,644,729
http://irail.be/vehicle/P8803,http://irail.be/stations/NMBS/008884566,P,2018-02-23T18:35:00,2018-02-23T18:34:00,644,644
http://irail.be/vehicle/P8803,http://irail.be/stations/NMBS/008884541,P,2018-02-23T18:39:00,2018-02-23T18:38:00,567,529
http://irail.be/vehicle/P8803,http://irail.be/stations/NMBS/008884004,P,2018-02-23T18:44:00,2018-02-23T18:42:00,586,605
http://irail.be/vehicle/P8803,http://irail.be/stations/NMBS/008884319,P,2018-02-23T18:48:00,2018-02-23T18:48:00,782,587
http://irail.be/vehicle/P8803,http://irail.be/stations/NMBS/008884327,P,2018-02-23T18:51:00,2018-02-23T18:51:00,782,782
http://irail.be/vehicle/P8803,http://irail.be/stations/NMBS/008884350,P,2018-02-23T18:54:00,2018-02-23T18:54:00,782,782
http://irail.be/vehicle/P8803,http://irail.be/stations/NMBS/008884335,P,2018-02-23T18:59:00,2018-02-23T18:59:00,,782
http://irail.be/vehicle/P8803,NO-URI,P,2018-10-16T17:05:00,2018-10-16T17:05:00,-64,
http://irail.be/vehicle/P8803,http://irail.be/stations/NMBS/008811007,P,2018-10-16T17:20:00,2018-10-16T17:15:00,-5,-122
http://irail.be/vehicle/P8803,http://irail.be/stations/NMBS/008812005,P,2018-10-16T17:28:00,2018-10-16T17:25:00,3,28
http://irail.be/vehicle/P8803,http://irail.be/stations/NMBS/008813045,P,2018-10-16T17:30:00,2018-10-16T17:30:00,100,100
http://irail.be/vehicle/P8803,http://irail.be/stations/NMBS/008813003,P,2018-10-16T17:32:00,2018-10-16T17:31:00,336,293
http://irail.be/vehicle/P8803,http://irail.be/stations/NMBS/008813037,P,2018-10-16T17:34:00,2018-10-16T17:34:00,287,287
http://irail.be/vehicle/P8803,http://irail.be/stations/NMBS/008814001,P,2018-10-16T17:38:00,2018-10-16T17:36:00,295,339
http://irail.be/vehicle/P8803,http://irail.be/stations/NMBS/008814373,P,2018-10-16T17:42:00,2018-10-16T17:42:00,272,272
http://irail.be/vehicle/P8803,http://irail.be/stations/NMBS/008814308,P,2018-10-16T17:47:00,2018-10-16T17:47:00,251,251
http://irail.be/vehicle/P8803,http://irail.be/stations/NMBS/008814332,P,2018-10-16T17:49:00,2018-10-16T17:49:00,225,225
http://irail.be/vehicle/P8803,http://irail.be/stations/NMBS/008883808,P,2018-10-16T17:50:00,2018-10-16T17:50:00,353,353
http://irail.be/vehicle/P8803,http://irail.be/stations/NMBS/008883022,P,2018-10-16T17:53:00,2018-10-16T17:53:00,340,340
http://irail.be/vehicle/P8803,NO-URI,P,2018-10-16T17:54:00,2018-10-16T17:54:00,291,291
http://irail.be/vehicle/P8803,http://irail.be/stations/NMBS/008883006,P,2018-10-16T18:00:00,2018-10-16T17:59:00,395,370
http://irail.be/vehicle/P8803,http://irail.be/stations/NMBS/008883113,P,2018-10-16T18:06:00,2018-10-16T18:05:00,385,347
http://irail.be/vehicle/P8803,NO-URI,P,2018-10-16T18:10:00,2018-10-16T18:10:00,334,334
http://irail.be/vehicle/P8803,http://irail.be/stations/NMBS/008883121,P,2018-10-16T18:10:00,2018-10-16T18:10:00,345,345
http://irail.be/vehicle/P8803,http://irail.be/stations/NMBS/008881174,P,2018-10-16T18:11:00,2018-10-16T18:11:00,370,370
http://irail.be/vehicle/P8803,http://irail.be/stations/NMBS/008881166,P,2018-10-16T18:15:00,2018-10-16T18:14:00,334,360
http://irail.be/vehicle/P8803,http://irail.be/stations/NMBS/008881158,P,2018-10-16T18:18:00,2018-10-16T18:18:00,334,334
http://irail.be/vehicle/P8803,http://irail.be/stations/NMBS/008881125,P,2018-10-16T18:19:00,2018-10-16T18:19:00,333,333
http://irail.be/vehicle/P8803,http://irail.be/stations/NMBS/008881000,P,2018-10-16T18:28:00,2018-10-16T18:24:00,447,299
http://irail.be/vehicle/P8803,http://irail.be/stations/NMBS/008884566,P,2018-10-16T18:35:00,2018-10-16T18:34:00,447,447
http://irail.be/vehicle/P8803,http://irail.be/stations/NMBS/008884541,P,2018-10-16T18:39:00,2018-10-16T18:38:00,348,328
http://irail.be/vehicle/P8803,http://irail.be/stations/NMBS/008884004,P,2018-10-16T18:44:00,2018-10-16T18:42:00,543,391
http://irail.be/vehicle/P8803,http://irail.be/stations/NMBS/008884319,P,2018-10-16T18:48:00,2018-10-16T18:48:00,743,713
http://irail.be/vehicle/P8803,http://irail.be/stations/NMBS/008884327,P,2018-10-16T18:51:00,2018-10-16T18:51:00,743,743
http://irail.be/vehicle/P8803,http://irail.be/stations/NMBS/008884350,P,2018-10-16T18:54:00,2018-10-16T18:54:00,743,743
http://irail.be/vehicle/P8803,http://irail.be/stations/NMBS/008884335,P,2018-10-16T18:59:00,2018-10-16T18:59:00,,743
http://irail.be/vehicle/P8803,NO-URI,P,2018-09-19T17:05:00,2018-09-19T17:05:00,9,
http://irail.be/vehicle/P8803,http://irail.be/stations/NMBS/008811007,P,2018-09-19T17:20:00,2018-09-19T17:15:00,-6,-89
http://irail.be/vehicle/P8803,http://irail.be/stations/NMBS/008812005,P,2018-09-19T17:28:00,2018-09-19T17:25:00,25,-13
http://irail.be/vehicle/P8803,http://irail.be/stations/NMBS/008813045,P,2018-09-19T17:30:00,2018-09-19T17:30:00,21,21
http://irail.be/vehicle/P8803,http://irail.be/stations/NMBS/008813003,P,2018-09-19T17:32:00,2018-09-19T17:31:00,186,163
http://irail.be/vehicle/P8803,http://irail.be/stations/NMBS/008813037,P,2018-09-19T17:34:00,2018-09-19T17:34:00,131,131
http://irail.be/vehicle/P8803,http://irail.be/stations/NMBS/008814001,P,2018-09-19T17:38:00,2018-09-19T17:36:00,1553,176
http://irail.be/vehicle/P8803,http://irail.be/stations/NMBS/008814373,P,2018-09-19T17:42:00,2018-09-19T17:42:00,1519,1519
http://irail.be/vehicle/P8803,http://irail.be/stations/NMBS/008814308,P,2018-09-19T17:47:00,2018-09-19T17:47:00,1467,1467
http://irail.be/vehicle/P8803,http://irail.be/stations/NMBS/008814332,P,2018-09-19T17:49:00,2018-09-19T17:49:00,1439,1439
http://irail.be/vehicle/P8803,http://irail.be/stations/NMBS/008883808,P,2018-09-19T17:50:00,2018-09-19T17:50:00,1407,1407
http://irail.be/vehicle/P8803,http://irail.be/stations/NMBS/008883022,P,2018-09-19T17:53:00,2018-09-19T17:53:00,1372,1372
http://irail.be/vehicle/P8803,NO-URI,P,2018-09-19T17:54:00,2018-09-19T17:54:00,1592,1592
http://irail.be/vehicle/P8803,http://irail.be/stations/NMBS/008883006,P,2018-09-19T18:00:00,2018-09-19T17:59:00,1791,1735
http://irail.be/vehicle/P8803,http://irail.be/stations/NMBS/008883113,P,2018-09-19T18:06:00,2018-09-19T18:05:00,1757,1747
http://irail.be/vehicle/P8803,NO-URI,P,2018-09-19T18:10:00,2018-09-19T18:10:00,1695,1695
http://irail.be/vehicle/P8803,http://irail.be/stations/NMBS/008883121,P,2018-09-19T18:10:00,2018-09-19T18:10:00,1707,1707
http://irail.be/vehicle/P8803,http://irail.be/stations/NMBS/008881174,P,2018-09-19T18:11:00,2018-09-19T18:11:00,1725,1725
http://irail.be/vehicle/P8803,http://irail.be/stations/NMBS/008881166,P,2018-09-19T18:15:00,2018-09-19T18:14:00,1785,1807
http://irail.be/vehicle/P8803,http://irail.be/stations/NMBS/008881158,P,2018-09-19T18:18:00,2018-09-19T18:18:00,1785,1785
http://irail.be/vehicle/P8803,http://irail.be/stations/NMBS/008881125,P,2018-09-19T18:19:00,2018-09-19T18:19:00,1774,1774
http://irail.be/vehicle/P8803,http://irail.be/stations/NMBS/008881000,P,2018-09-19T18:28:00,2018-09-19T18:24:00,1627,1745
http://irail.be/vehicle/P8803,http://irail.be/stations/NMBS/008884566,P,2018-09-19T18:35:00,2018-09-19T18:34:00,1627,1627
http://irail.be/vehicle/P8803,http://irail.be/stations/NMBS/008884541,P,2018-09-19T18:39:00,2018-09-19T18:38:00,1551,1526
http://irail.be/vehicle/P8803,http://irail.be/stations/NMBS/008884004,P,2018-09-19T18:42:00,2018-09-19T18:42:00,,1582
http://irail.be/vehicle/P8803,NO-URI,P,2018-01-10T17:05:00,2018-01-10T17:05:00,-128,
http://irail.be/vehicle/P8803,http://irail.be/stations/NMBS/008811007,P,2018-01-10T17:20:00,2018-01-10T17:15:00,76,-244
http://irail.be/vehicle/P8803,http://irail.be/stations/NMBS/008812005,P,2018-01-10T17:28:00,2018-01-10T17:25:00,21,34
http://irail.be/vehicle/P8803,http://irail.be/stations/NMBS/008813045,P,2018-01-10T17:30:00,2018-01-10T17:30:00,23,23
http://irail.be/vehicle/P8803,http://irail.be/stations/NMBS/008813003,P,2018-01-10T17:32:00,2018-01-10T17:31:00,145,100
http://irail.be/vehicle/P8803,http://irail.be/stations/NMBS/008813037,P,2018-01-10T17:34:00,2018-01-10T17:34:00,90,90
http://irail.be/vehicle/P8803,http://irail.be/stations/NMBS/008814001,P,2018-01-10T17:38:00,2018-01-10T17:36:00,183,212
http://irail.be/vehicle/P8803,http://irail.be/stations/NMBS/008814373,P,2018-01-10T17:42:00,2018-01-10T17:42:00,194,194
http://irail.be/vehicle/P8803,http://irail.be/stations/NMBS/008814308,P,2018-01-10T17:47:00,2018-01-10T17:47:00,229,229
http://irail.be/vehicle/P8803,http://irail.be/stations/NMBS/008814332,P,2018-01-10T17:49:00,2018-01-10T17:49:00,207,207
http://irail.be/vehicle/P8803,http://irail.be/stations/NMBS/008883808,P,2018-01-10T17:50:00,2018-01-10T17:50:00,316,316
http://irail.be/vehicle/P8803,http://irail.be/stations/NMBS/008883022,P,2018-01-10T17:53:00,2018-01-10T17:53:00,448,448
http://irail.be/vehicle/P8803,NO-URI,P,2018-01-10T17:54:00,2018-01-10T17:54:00,514,514
http://irail.be/vehicle/P8803,http://irail.be/stations/NMBS/008883006,P,2018-01-10T18:00:00,2018-01-10T17:59:00,567,488
http://irail.be/vehicle/P8803,http://irail.be/stations/NMBS/008883113,P,2018-01-10T18:06:00,2018-01-10T18:05:00,526,500
http://irail.be/vehicle/P8803,NO-URI,P,2018-01-10T18:10:00,2018-01-10T18:10:00,459,459
http://irail.be/vehicle/P8803,http://irail.be/stations/NMBS/008883121,P,2018-01-10T18:10:00,2018-01-10T18:10:00,469,469
http://irail.be/vehicle/P8803,http://irail.be/stations/NMBS/008881174,P,2018-01-10T18:11:00,2018-01-10T18:11:00,488,488
http://irail.be/vehicle/P8803,http://irail.be/stations/NMBS/008881166,P,2018-01-10T18:15:00,2018-01-10T18:14:00,485,474
http://irail.be/vehicle/P8803,http://irail.be/stations/NMBS/008881158,P,2018-01-10T18:17:00,2018-01-10T18:17:00,485,485
http://irail.be/vehicle/P8803,http://irail.be/stations/NMBS/008881125,P,2018-01-10T18:20:00,2018-01-10T18:20:00,489,489
http://irail.be/vehicle/P8803,http://irail.be/stations/NMBS/008881000,P,2018-01-10T18:28:00,2018-01-10T18:24:00,858,715
http://irail.be/vehicle/P8803,http://irail.be/stations/NMBS/008884566,P,2018-01-10T18:35:00,2018-01-10T18:34:00,873,858
http://irail.be/vehicle/P8803,http://irail.be/stations/NMBS/008884541,P,2018-01-10T18:39:00,2018-01-10T18:38:00,889,880
http://irail.be/vehicle/P8803,http://irail.be/stations/NMBS/008884004,P,2018-01-10T18:44:00,2018-01-10T18:42:00,872,927
http://irail.be/vehicle/P8803,http://irail.be/stations/NMBS/008884319,P,2018-01-10T18:48:00,2018-01-10T18:48:00,955,955
http://irail.be/vehicle/P8803,http://irail.be/stations/NMBS/008884327,P,2018-01-10T18:51:00,2018-01-10T18:51:00,938,938
http://irail.be/vehicle/P8803,http://irail.be/stations/NMBS/008884350,P,2018-01-10T18:54:00,2018-01-10T18:54:00,938,938
http://irail.be/vehicle/P8803,http://irail.be/stations/NMBS/008884335,P,2018-01-10T18:59:00,2018-01-10T18:59:00,,938
http://irail.be/vehicle/P8803,NO-URI,P,2018-01-15T17:05:00,2018-01-15T17:05:00,-19,
http://irail.be/vehicle/P8803,http://irail.be/stations/NMBS/008811007,P,2018-01-15T17:20:00,2018-01-15T17:15:00,54,-137
http://irail.be/vehicle/P8803,http://irail.be/stations/NMBS/008812005,P,2018-01-15T17:28:00,2018-01-15T17:25:00,154,48
http://irail.be/vehicle/P8803,http://irail.be/stations/NMBS/008813045,P,2018-01-15T17:30:00,2018-01-15T17:30:00,163,163
http://irail.be/vehicle/P8803,http://irail.be/stations/NMBS/008813003,P,2018-01-15T17:32:00,2018-01-15T17:31:00,390,377
http://irail.be/vehicle/P8803,http://irail.be/stations/NMBS/008813037,P,2018-01-15T17:34:00,2018-01-15T17:34:00,346,346
http://irail.be/vehicle/P8803,http://irail.be/stations/NMBS/008814001,P,2018-01-15T17:38:00,2018-01-15T17:36:00,604,635
http://irail.be/vehicle/P8803,http://irail.be/stations/NMBS/008814373,P,2018-01-15T17:42:00,2018-01-15T17:42:00,591,591
http://irail.be/vehicle/P8803,http://irail.be/stations/NMBS/008814308,P,2018-01-15T17:47:00,2018-01-15T17:47:00,693,693
http://irail.be/vehicle/P8803,http://irail.be/stations/NMBS/008814332,P,2018-01-15T17:49:00,2018-01-15T17:49:00,674,674
http://irail.be/vehicle/P8803,http://irail.be/stations/NMBS/008883808,P,2018-01-15T17:50:00,2018-01-15T17:50:00,795,795
http://irail.be/vehicle/P8803,http://irail.be/stations/NMBS/008883022,P,2018-01-15T17:53:00,2018-01-15T17:53:00,823,823
http://irail.be/vehicle/P8803,NO-URI,P,2018-01-15T17:54:00,2018-01-15T17:54:00,784,784
http://irail.be/vehicle/P8803,http://irail.be/stations/NMBS/008883006,P,2018-01-15T18:00:00,2018-01-15T17:59:00,733,732
http://irail.be/vehicle/P8803,http://irail.be/stations/NMBS/008883113,P,2018-01-15T18:06:00,2018-01-15T18:05:00,734,709
http://irail.be/vehicle/P8803,NO-URI,P,2018-01-15T18:10:00,2018-01-15T18:10:00,709,709
http://irail.be/vehicle/P8803,http://irail.be/stations/NMBS/008883121,P,2018-01-15T18:10:00,2018-01-15T18:10:00,721,721
http://irail.be/vehicle/P8803,http://irail.be/stations/NMBS/008881174,P,2018-01-15T18:11:00,2018-01-15T18:11:00,748,748
http://irail.be/vehicle/P8803,http://irail.be/stations/NMBS/008881166,P,2018-01-15T18:15:00,2018-01-15T18:14:00,766,743
http://irail.be/vehicle/P8803,http://irail.be/stations/NMBS/008881158,P,2018-01-15T18:17:00,2018-01-15T18:17:00,766,766
http://irail.be/vehicle/P8803,http://irail.be/stations/NMBS/008881125,P,2018-01-15T18:20:00,2018-01-15T18:20:00,686,686
http://irail.be/vehicle/P8803,http://irail.be/stations/NMBS/008881000,P,2018-01-15T18:28:00,2018-01-15T18:24:00,824,812
http://irail.be/vehicle/P8803,http://irail.be/stations/NMBS/008884566,P,2018-01-15T18:35:00,2018-01-15T18:34:00,824,824
http://irail.be/vehicle/P8803,http://irail.be/stations/NMBS/008884541,P,2018-01-15T18:39:00,2018-01-15T18:38:00,777,742
http://irail.be/vehicle/P8803,http://irail.be/stations/NMBS/008884004,P,2018-01-15T18:44:00,2018-01-15T18:42:00,798,819
http://irail.be/vehicle/P8803,http://irail.be/stations/NMBS/008884319,P,2018-01-15T18:48:00,2018-01-15T18:48:00,828,766
http://irail.be/vehicle/P8803,http://irail.be/stations/NMBS/008884327,P,2018-01-15T18:51:00,2018-01-15T18:51:00,828,828
http://irail.be/vehicle/P8803,http://irail.be/stations/NMBS/008884350,P,2018-01-15T18:54:00,2018-01-15T18:54:00,828,828
http://irail.be/vehicle/P8803,http://irail.be/stations/NMBS/008884335,P,2018-01-15T18:59:00,2018-01-15T18:59:00,,828
http://irail.be/vehicle/P8803,NO-URI,P,2018-06-08T17:05:00,2018-06-08T17:05:00,4174,
http://irail.be/vehicle/P8803,http://irail.be/stations/NMBS/008811007,P,2018-06-08T17:20:00,2018-06-08T17:15:00,4231,4127
http://irail.be/vehicle/P8803,http://irail.be/stations/NMBS/008812005,P,2018-06-08T17:28:00,2018-06-08T17:25:00,4263,4257
http://irail.be/vehicle/P8803,http://irail.be/stations/NMBS/008813045,P,2018-06-08T17:30:00,2018-06-08T17:30:00,4268,4268
http://irail.be/vehicle/P8803,http://irail.be/stations/NMBS/008813003,P,2018-06-08T17:32:00,2018-06-08T17:31:00,4354,4307
http://irail.be/vehicle/P8803,http://irail.be/stations/NMBS/008813037,P,2018-06-08T17:33:00,2018-06-08T17:33:00,4357,4357
http://irail.be/vehicle/P8803,http://irail.be/stations/NMBS/008814001,P,2018-06-08T17:38:00,2018-06-08T17:36:00,6711,4399
http://irail.be/vehicle/P8803,http://irail.be/stations/NMBS/008814373,P,2018-06-08T17:41:00,2018-06-08T17:41:00,6713,6713
http://irail.be/vehicle/P8803,http://irail.be/stations/NMBS/008814365,P,2018-06-08T17:43:32,2018-06-08T17:43:32,6586,6586
http://irail.be/vehicle/P8803,http://irail.be/stations/NMBS/008814357,P,2018-06-08T17:45:09,2018-06-08T17:45:09,6586,6586
http://irail.be/vehicle/P8803,http://irail.be/stations/NMBS/008814340,P,2018-06-08T17:45:54,2018-06-08T17:45:54,6587,6587
http://irail.be/vehicle/P8803,http://irail.be/stations/NMBS/008814308,P,2018-06-08T17:47:00,2018-06-08T17:47:00,6698,6698
http://irail.be/vehicle/P8803,http://irail.be/stations/NMBS/008814332,P,2018-06-08T17:49:00,2018-06-08T17:49:00,7142,7142
http://irail.be/vehicle/P8803,http://irail.be/stations/NMBS/008883808,P,2018-06-08T17:50:00,2018-06-08T17:50:00,7176,7176
http://irail.be/vehicle/P8803,http://irail.be/stations/NMBS/008883022,P,2018-06-08T17:53:00,2018-06-08T17:53:00,7129,7129
http://irail.be/vehicle/P8803,NO-URI,P,2018-06-08T17:54:00,2018-06-08T17:54:00,7075,7075
http://irail.be/vehicle/P8803,http://irail.be/stations/NMBS/008883006,P,2018-06-08T18:00:00,2018-06-08T17:59:00,7335,7049
http://irail.be/vehicle/P8803,http://irail.be/stations/NMBS/008883212,P,2018-06-08T18:04:00,2018-06-08T18:04:00,7424,7424
http://irail.be/vehicle/P8803,http://irail.be/stations/NMBS/008883220,P,2018-06-08T18:05:00,2018-06-08T18:05:00,7563,7563
http://irail.be/vehicle/P8803,http://irail.be/stations/NMBS/008883238,P,2018-06-08T18:08:00,2018-06-08T18:08:00,7564,7564
http://irail.be/vehicle/P8803,NO-URI,P,2018-06-08T18:11:00,2018-06-08T18:11:00,7649,7649
http://irail.be/vehicle/P8803,http://irail.be/stations/NMBS/008882107,P,2018-06-08T18:12:00,2018-06-08T18:12:00,7738,7738
http://irail.be/vehicle/P8803,http://irail.be/stations/NMBS/008881463,P,2018-06-08T18:15:00,2018-06-08T18:15:00,7942,7942
http://irail.be/vehicle/P8803,http://irail.be/stations/NMBS/008881455,P,2018-06-08T18:16:00,2018-06-08T18:16:00,7890,7890
http://irail.be/vehicle/P8803,http://irail.be/stations/NMBS/008881430,P,2018-06-08T18:18:00,2018-06-08T18:18:00,7890,7890
http://irail.be/vehicle/P8803,NO-URI,P,2018-06-08T18:20:00,2018-06-08T18:20:00,7890,7890
http://irail.be/vehicle/P8803,http://irail.be/stations/NMBS/008881406,P,2018-06-08T18:20:00,2018-06-08T18:20:00,7904,7904
http://irail.be/vehicle/P8803,http://irail.be/stations/NMBS/008881315,P,2018-06-08T18:23:00,2018-06-08T18:23:00,8076,8076
http://irail.be/vehicle/P8803,http://irail.be/stations/NMBS/008881000,P,2018-06-08T18:28:00,2018-06-08T18:24:00,8004,8076
http://irail.be/vehicle/P8803,http://irail.be/stations/NMBS/008884566,P,2018-06-08T18:35:00,2018-06-08T18:34:00,7955,8004
http://irail.be/vehicle/P8803,http://irail.be/stations/NMBS/008884541,P,2018-06-08T18:39:00,2018-06-08T18:38:00,7995,7973
http://irail.be/vehicle/P8803,http://irail.be/stations/NMBS/008884004,P,2018-06-08T18:44:00,2018-06-08T18:42:00,8016,8048
http://irail.be/vehicle/P8803,http://irail.be/stations/NMBS/008884319,P,2018-06-08T18:48:00,2018-06-08T18:48:00,8066,7977
http://irail.be/vehicle/P8803,http://irail.be/stations/NMBS/008884327,P,2018-06-08T18:51:00,2018-06-08T18:51:00,8066,8066
http://irail.be/vehicle/P8803,http://irail.be/stations/NMBS/008884350,P,2018-06-08T18:54:00,2018-06-08T18:54:00,8066,8066
http://irail.be/vehicle/P8803,http://irail.be/stations/NMBS/008884335,P,2018-06-08T18:59:00,2018-06-08T18:59:00,,8066
http://irail.be/vehicle/P8803,NO-URI,P,2018-05-15T17:05:00,2018-05-15T17:05:00,61,
http://irail.be/vehicle/P8803,http://irail.be/stations/NMBS/008811007,P,2018-05-15T17:20:00,2018-05-15T17:15:00,284,75
http://irail.be/vehicle/P8803,http://irail.be/stations/NMBS/008812005,P,2018-05-15T17:28:00,2018-05-15T17:25:00,398,371
http://irail.be/vehicle/P8803,http://irail.be/stations/NMBS/008813045,P,2018-05-15T17:30:00,2018-05-15T17:30:00,406,406
http://irail.be/vehicle/P8803,http://irail.be/stations/NMBS/008813003,P,2018-05-15T17:32:00,2018-05-15T17:31:00,547,505
http://irail.be/vehicle/P8803,http://irail.be/stations/NMBS/008813037,P,2018-05-15T17:34:00,2018-05-15T17:34:00,501,501
http://irail.be/vehicle/P8803,http://irail.be/stations/NMBS/008814001,P,2018-05-15T17:38:00,2018-05-15T17:36:00,630,605
http://irail.be/vehicle/P8803,http://irail.be/stations/NMBS/008814373,P,2018-05-15T17:42:00,2018-05-15T17:42:00,612,612
http://irail.be/vehicle/P8803,http://irail.be/stations/NMBS/008814308,P,2018-05-15T17:47:00,2018-05-15T17:47:00,753,753
http://irail.be/vehicle/P8803,http://irail.be/stations/NMBS/008814332,P,2018-05-15T17:49:00,2018-05-15T17:49:00,729,729
http://irail.be/vehicle/P8803,http://irail.be/stations/NMBS/008883808,P,2018-05-15T17:50:00,2018-05-15T17:50:00,856,856
http://irail.be/vehicle/P8803,http://irail.be/stations/NMBS/008883022,P,2018-05-15T17:53:00,2018-05-15T17:53:00,872,872
http://irail.be/vehicle/P8803,NO-URI,P,2018-05-15T17:54:00,2018-05-15T17:54:00,864,864
http://irail.be/vehicle/P8803,http://irail.be/stations/NMBS/008883006,P,2018-05-15T18:00:00,2018-05-15T17:59:00,836,850
http://irail.be/vehicle/P8803,http://irail.be/stations/NMBS/008883113,P,2018-05-15T18:06:00,2018-05-15T18:05:00,820,777
http://irail.be/vehicle/P8803,NO-URI,P,2018-05-15T18:10:00,2018-05-15T18:10:00,760,760
http://irail.be/vehicle/P8803,http://irail.be/stations/NMBS/008883121,P,2018-05-15T18:10:00,2018-05-15T18:10:00,772,772
http://irail.be/vehicle/P8803,http://irail.be/stations/NMBS/008881174,P,2018-05-15T18:11:00,2018-05-15T18:11:00,797,797
http://irail.be/vehicle/P8803,http://irail.be/stations/NMBS/008881166,P,2018-05-15T18:15:00,2018-05-15T18:14:00,809,787
http://irail.be/vehicle/P8803,http://irail.be/stations/NMBS/008881158,P,2018-05-15T18:17:00,2018-05-15T18:17:00,809,809
http://irail.be/vehicle/P8803,http://irail.be/stations/NMBS/008881125,P,2018-05-15T18:20:00,2018-05-15T18:20:00,718,718
http://irail.be/vehicle/P8803,http://irail.be/stations/NMBS/008881000,P,2018-05-15T18:28:00,2018-05-15T18:24:00,726,698
http://irail.be/vehicle/P8803,http://irail.be/stations/NMBS/008884566,P,2018-05-15T18:35:00,2018-05-15T18:34:00,726,726
http://irail.be/vehicle/P8803,http://irail.be/stations/NMBS/008884541,P,2018-05-15T18:39:00,2018-05-15T18:38:00,649,616
http://irail.be/vehicle/P8803,http://irail.be/stations/NMBS/008884004,P,2018-05-15T18:44:00,2018-05-15T18:42:00,705,700
http://irail.be/vehicle/P8803,http://irail.be/stations/NMBS/008884319,P,2018-05-15T18:48:00,2018-05-15T18:48:00,706,675
http://irail.be/vehicle/P8803,http://irail.be/stations/NMBS/008884327,P,2018-05-15T18:51:00,2018-05-15T18:51:00,706,706
http://irail.be/vehicle/P8803,http://irail.be/stations/NMBS/008884350,P,2018-05-15T18:54:00,2018-05-15T18:54:00,706,706
http://irail.be/vehicle/P8803,http://irail.be/stations/NMBS/008884335,P,2018-05-15T18:59:00,2018-05-15T18:59:00,,706
http://irail.be/vehicle/P8803,NO-URI,P,2018-02-28T17:05:00,2018-02-28T17:05:00,248,
http://irail.be/vehicle/P8803,http://irail.be/stations/NMBS/008811007,P,2018-02-28T17:20:00,2018-02-28T17:15:00,91,188
http://irail.be/vehicle/P8803,http://irail.be/stations/NMBS/008812005,P,2018-02-28T17:28:00,2018-02-28T17:25:00,265,57
http://irail.be/vehicle/P8803,http://irail.be/stations/NMBS/008813045,P,2018-02-28T17:30:00,2018-02-28T17:30:00,272,272
http://irail.be/vehicle/P8803,http://irail.be/stations/NMBS/008813003,P,2018-02-28T17:32:00,2018-02-28T17:31:00,451,382
http://irail.be/vehicle/P8803,http://irail.be/stations/NMBS/008813037,P,2018-02-28T17:34:00,2018-02-28T17:34:00,402,402
http://irail.be/vehicle/P8803,http://irail.be/stations/NMBS/008814001,P,2018-02-28T17:38:00,2018-02-28T17:36:00,565,575
http://irail.be/vehicle/P8803,http://irail.be/stations/NMBS/008814373,P,2018-02-28T17:42:00,2018-02-28T17:42:00,586,586
http://irail.be/vehicle/P8803,http://irail.be/stations/NMBS/008814308,P,2018-02-28T17:47:00,2018-02-28T17:47:00,695,695
http://irail.be/vehicle/P8803,http://irail.be/stations/NMBS/008814332,P,2018-02-28T17:49:00,2018-02-28T17:49:00,677,677
http://irail.be/vehicle/P8803,http://irail.be/stations/NMBS/008883808,P,2018-02-28T17:50:00,2018-02-28T17:50:00,721,721
http://irail.be/vehicle/P8803,http://irail.be/stations/NMBS/008883022,P,2018-02-28T17:53:00,2018-02-28T17:53:00,725,725
http://irail.be/vehicle/P8803,NO-URI,P,2018-02-28T17:54:00,2018-02-28T17:54:00,684,684
http://irail.be/vehicle/P8803,http://irail.be/stations/NMBS/008883006,P,2018-02-28T18:00:00,2018-02-28T17:59:00,686,638
http://irail.be/vehicle/P8803,http://irail.be/stations/NMBS/008883113,P,2018-02-28T18:06:00,2018-02-28T18:05:00,751,662
http://irail.be/vehicle/P8803,NO-URI,P,2018-02-28T18:10:00,2018-02-28T18:10:00,701,701
http://irail.be/vehicle/P8803,http://irail.be/stations/NMBS/008883121,P,2018-02-28T18:10:00,2018-02-28T18:10:00,714,714
http://irail.be/vehicle/P8803,http://irail.be/stations/NMBS/008881174,P,2018-02-28T18:11:00,2018-02-28T18:11:00,738,738
http://irail.be/vehicle/P8803,http://irail.be/stations/NMBS/008881166,P,2018-02-28T18:15:00,2018-02-28T18:14:00,818,730
http://irail.be/vehicle/P8803,http://irail.be/stations/NMBS/008881158,P,2018-02-28T18:17:00,2018-02-28T18:17:00,818,818
http://irail.be/vehicle/P8803,http://irail.be/stations/NMBS/008881125,P,2018-02-28T18:20:00,2018-02-28T18:20:00,728,728
http://irail.be/vehicle/P8803,http://irail.be/stations/NMBS/008881000,P,2018-02-28T18:28:00,2018-02-28T18:24:00,563,708
http://irail.be/vehicle/P8803,http://irail.be/stations/NMBS/008884566,P,2018-02-28T18:35:00,2018-02-28T18:34:00,563,563
http://irail.be/vehicle/P8803,http://irail.be/stations/NMBS/008884541,P,2018-02-28T18:39:00,2018-02-28T18:38:00,505,469
http://irail.be/vehicle/P8803,http://irail.be/stations/NMBS/008884004,P,2018-02-28T18:44:00,2018-02-28T18:42:00,497,544
http://irail.be/vehicle/P8803,http://irail.be/stations/NMBS/008884319,P,2018-02-28T18:48:00,2018-02-28T18:48:00,547,459
http://irail.be/vehicle/P8803,http://irail.be/stations/NMBS/008884327,P,2018-02-28T18:51:00,2018-02-28T18:51:00,547,547
http://irail.be/vehicle/P8803,http://irail.be/stations/NMBS/008884350,P,2018-02-28T18:54:00,2018-02-28T18:54:00,547,547
http://irail.be/vehicle/P8803,http://irail.be/stations/NMBS/008884335,P,2018-02-28T18:59:00,2018-02-28T18:59:00,,547
http://irail.be/vehicle/P8803,NO-URI,P,2018-03-16T17:05:00,2018-03-16T17:05:00,-123,
http://irail.be/vehicle/P8803,http://irail.be/stations/NMBS/008811007,P,2018-03-16T17:20:00,2018-03-16T17:15:00,18,-208
http://irail.be/vehicle/P8803,http://irail.be/stations/NMBS/008812005,P,2018-03-16T17:28:00,2018-03-16T17:25:00,15,-65
http://irail.be/vehicle/P8803,http://irail.be/stations/NMBS/008813045,P,2018-03-16T17:30:00,2018-03-16T17:30:00,23,23
http://irail.be/vehicle/P8803,http://irail.be/stations/NMBS/008813003,P,2018-03-16T17:32:00,2018-03-16T17:31:00,90,57
http://irail.be/vehicle/P8803,http://irail.be/stations/NMBS/008813037,P,2018-03-16T17:34:00,2018-03-16T17:34:00,39,39
http://irail.be/vehicle/P8803,http://irail.be/stations/NMBS/008814001,P,2018-03-16T17:38:00,2018-03-16T17:36:00,105,88
http://irail.be/vehicle/P8803,http://irail.be/stations/NMBS/008814373,P,2018-03-16T17:42:00,2018-03-16T17:42:00,128,128
http://irail.be/vehicle/P8803,http://irail.be/stations/NMBS/008814308,P,2018-03-16T17:47:00,2018-03-16T17:47:00,225,225
http://irail.be/vehicle/P8803,http://irail.be/stations/NMBS/008814332,P,2018-03-16T17:49:00,2018-03-16T17:49:00,197,197
http://irail.be/vehicle/P8803,http://irail.be/stations/NMBS/008883808,P,2018-03-16T17:50:00,2018-03-16T17:50:00,320,320
http://irail.be/vehicle/P8803,http://irail.be/stations/NMBS/008883022,P,2018-03-16T17:53:00,2018-03-16T17:53:00,317,317
http://irail.be/vehicle/P8803,NO-URI,P,2018-03-16T17:54:00,2018-03-16T17:54:00,270,270
http://irail.be/vehicle/P8803,http://irail.be/stations/NMBS/008883006,P,2018-03-16T18:00:00,2018-03-16T17:59:00,388,330
http://irail.be/vehicle/P8803,http://irail.be/stations/NMBS/008883113,P,2018-03-16T18:06:00,2018-03-16T18:05:00,382,360
http://irail.be/vehicle/P8803,NO-URI,P,2018-03-16T18:10:00,2018-03-16T18:10:00,321,321
http://irail.be/vehicle/P8803,http://irail.be/stations/NMBS/008883121,P,2018-03-16T18:10:00,2018-03-16T18:10:00,334,334
http://irail.be/vehicle/P8803,http://irail.be/stations/NMBS/008881174,P,2018-03-16T18:11:00,2018-03-16T18:11:00,356,356
http://irail.be/vehicle/P8803,http://irail.be/stations/NMBS/008881166,P,2018-03-16T18:15:00,2018-03-16T18:14:00,349,345
http://irail.be/vehicle/P8803,http://irail.be/stations/NMBS/008881158,P,2018-03-16T18:17:00,2018-03-16T18:17:00,349,349
http://irail.be/vehicle/P8803,http://irail.be/stations/NMBS/008881125,P,2018-03-16T18:20:00,2018-03-16T18:20:00,253,253
http://irail.be/vehicle/P8803,http://irail.be/stations/NMBS/008881000,P,2018-03-16T18:28:00,2018-03-16T18:24:00,183,294
http://irail.be/vehicle/P8803,http://irail.be/stations/NMBS/008884566,P,2018-03-16T18:35:00,2018-03-16T18:34:00,183,183
http://irail.be/vehicle/P8803,http://irail.be/stations/NMBS/008884541,P,2018-03-16T18:39:00,2018-03-16T18:38:00,80,82
http://irail.be/vehicle/P8803,http://irail.be/stations/NMBS/008884004,P,2018-03-16T18:44:00,2018-03-16T18:42:00,84,114
http://irail.be/vehicle/P8803,http://irail.be/stations/NMBS/008884319,P,2018-03-16T18:48:00,2018-03-16T18:48:00,83,83
http://irail.be/vehicle/P8803,http://irail.be/stations/NMBS/008884327,P,2018-03-16T18:51:00,2018-03-16T18:51:00,73,73
http://irail.be/vehicle/P8803,http://irail.be/stations/NMBS/008884350,P,2018-03-16T18:54:00,2018-03-16T18:54:00,73,73
http://irail.be/vehicle/P8803,http://irail.be/stations/NMBS/008884335,P,2018-03-16T18:59:00,2018-03-16T18:59:00,,73
http://irail.be/vehicle/P8803,NO-URI,P,2018-12-13T17:05:00,2018-12-13T17:05:00,32,
http://irail.be/vehicle/P8803,http://irail.be/stations/NMBS/008811007,P,2018-12-13T17:18:00,2018-12-13T17:15:00,10,-1
http://irail.be/vehicle/P8803,http://irail.be/stations/NMBS/008812005,P,2018-12-13T17:25:00,2018-12-13T17:23:00,15,10
http://irail.be/vehicle/P8803,http://irail.be/stations/NMBS/008813045,P,2018-12-13T17:27:00,2018-12-13T17:27:00,21,21
http://irail.be/vehicle/P8803,http://irail.be/stations/NMBS/008813003,P,2018-12-13T17:30:00,2018-12-13T17:29:00,42,6
http://irail.be/vehicle/P8803,http://irail.be/stations/NMBS/008813037,P,2018-12-13T17:31:00,2018-12-13T17:31:00,40,40
http://irail.be/vehicle/P8803,http://irail.be/stations/NMBS/008814001,P,2018-12-13T17:39:00,2018-12-13T17:34:00,23,39
http://irail.be/vehicle/P8803,http://irail.be/stations/NMBS/008814373,P,2018-12-13T17:43:00,2018-12-13T17:43:00,42,42
http://irail.be/vehicle/P8803,http://irail.be/stations/NMBS/008814308,P,2018-12-13T17:49:00,2018-12-13T17:49:00,-13,-13
http://irail.be/vehicle/P8803,http://irail.be/stations/NMBS/008814332,P,2018-12-13T17:50:00,2018-12-13T17:50:00,-18,-18
http://irail.be/vehicle/P8803,http://irail.be/stations/NMBS/008883808,P,2018-12-13T17:52:00,2018-12-13T17:52:00,-43,-43
http://irail.be/vehicle/P8803,http://irail.be/stations/NMBS/008883022,P,2018-12-13T17:54:00,2018-12-13T17:54:00,353,353
http://irail.be/vehicle/P8803,NO-URI,P,2018-12-13T17:55:00,2018-12-13T17:55:00,370,370
http://irail.be/vehicle/P8803,http://irail.be/stations/NMBS/008883006,P,2018-12-13T18:01:00,2018-12-13T18:00:00,389,360
http://irail.be/vehicle/P8803,http://irail.be/stations/NMBS/008883113,P,2018-12-13T18:07:00,2018-12-13T18:06:00,473,350
http://irail.be/vehicle/P8803,NO-URI,P,2018-12-13T18:11:00,2018-12-13T18:11:00,415,415
http://irail.be/vehicle/P8803,http://irail.be/stations/NMBS/008883121,P,2018-12-13T18:11:00,2018-12-13T18:11:00,425,425
http://irail.be/vehicle/P8803,http://irail.be/stations/NMBS/008881174,P,2018-12-13T18:13:00,2018-12-13T18:13:00,443,443
http://irail.be/vehicle/P8803,http://irail.be/stations/NMBS/008881166,P,2018-12-13T18:16:00,2018-12-13T18:15:00,535,431
http://irail.be/vehicle/P8803,http://irail.be/stations/NMBS/008881158,P,2018-12-13T18:19:00,2018-12-13T18:19:00,535,535
http://irail.be/vehicle/P8803,http://irail.be/stations/NMBS/008881125,P,2018-12-13T18:21:00,2018-12-13T18:21:00,604,604
http://irail.be/vehicle/P8803,http://irail.be/stations/NMBS/008881000,P,2018-12-13T18:28:00,2018-12-13T18:25:00,490,514
http://irail.be/vehicle/P8803,http://irail.be/stations/NMBS/008884566,P,2018-12-13T18:35:00,2018-12-13T18:34:00,490,490
http://irail.be/vehicle/P8803,http://irail.be/stations/NMBS/008884541,P,2018-12-13T18:39:00,2018-12-13T18:38:00,421,418
http://irail.be/vehicle/P8803,http://irail.be/stations/NMBS/008884004,P,2018-12-13T18:45:00,2018-12-13T18:43:00,417,457
http://irail.be/vehicle/P8803,http://irail.be/stations/NMBS/008884319,P,2018-12-13T18:49:00,2018-12-13T18:49:00,406,381
http://irail.be/vehicle/P8803,http://irail.be/stations/NMBS/008884327,P,2018-12-13T18:52:00,2018-12-13T18:52:00,406,406
http://irail.be/vehicle/P8803,http://irail.be/stations/NMBS/008884350,P,2018-12-13T18:55:00,2018-12-13T18:55:00,406,406
http://irail.be/vehicle/P8803,http://irail.be/stations/NMBS/008884335,P,2018-12-13T19:00:00,2018-12-13T19:00:00,,406
http://irail.be/vehicle/P8803,NO-URI,P,2018-10-09T17:05:00,2018-10-09T17:05:00,189,
http://irail.be/vehicle/P8803,http://irail.be/stations/NMBS/008811007,P,2018-10-09T17:20:00,2018-10-09T17:15:00,17,118
http://irail.be/vehicle/P8803,http://irail.be/stations/NMBS/008812005,P,2018-10-09T17:28:00,2018-10-09T17:25:00,42,-18
http://irail.be/vehicle/P8803,http://irail.be/stations/NMBS/008813045,P,2018-10-09T17:30:00,2018-10-09T17:30:00,54,54
http://irail.be/vehicle/P8803,http://irail.be/stations/NMBS/008813003,P,2018-10-09T17:32:00,2018-10-09T17:31:00,229,202
http://irail.be/vehicle/P8803,http://irail.be/stations/NMBS/008813037,P,2018-10-09T17:34:00,2018-10-09T17:34:00,178,178
http://irail.be/vehicle/P8803,http://irail.be/stations/NMBS/008814001,P,2018-10-09T17:38:00,2018-10-09T17:36:00,189,249
http://irail.be/vehicle/P8803,http://irail.be/stations/NMBS/008814373,P,2018-10-09T17:42:00,2018-10-09T17:42:00,148,148
http://irail.be/vehicle/P8803,http://irail.be/stations/NMBS/008814308,P,2018-10-09T17:47:00,2018-10-09T17:47:00,168,168
http://irail.be/vehicle/P8803,http://irail.be/stations/NMBS/008814332,P,2018-10-09T17:49:00,2018-10-09T17:49:00,208,208
http://irail.be/vehicle/P8803,http://irail.be/stations/NMBS/008883808,P,2018-10-09T17:50:00,2018-10-09T17:50:00,432,432
http://irail.be/vehicle/P8803,http://irail.be/stations/NMBS/008883022,P,2018-10-09T17:53:00,2018-10-09T17:53:00,438,438
http://irail.be/vehicle/P8803,NO-URI,P,2018-10-09T17:54:00,2018-10-09T17:54:00,435,435
http://irail.be/vehicle/P8803,http://irail.be/stations/NMBS/008883006,P,2018-10-09T18:00:00,2018-10-09T17:59:00,481,447
http://irail.be/vehicle/P8803,http://irail.be/stations/NMBS/008883113,P,2018-10-09T18:06:00,2018-10-09T18:05:00,478,458
http://irail.be/vehicle/P8803,NO-URI,P,2018-10-09T18:10:00,2018-10-09T18:10:00,440,440
http://irail.be/vehicle/P8803,http://irail.be/stations/NMBS/008883121,P,2018-10-09T18:10:00,2018-10-09T18:10:00,452,452
http://irail.be/vehicle/P8803,http://irail.be/stations/NMBS/008881174,P,2018-10-09T18:11:00,2018-10-09T18:11:00,481,481
http://irail.be/vehicle/P8803,http://irail.be/stations/NMBS/008881166,P,2018-10-09T18:15:00,2018-10-09T18:14:00,446,470
http://irail.be/vehicle/P8803,http://irail.be/stations/NMBS/008881158,P,2018-10-09T18:18:00,2018-10-09T18:18:00,446,446
http://irail.be/vehicle/P8803,http://irail.be/stations/NMBS/008881125,P,2018-10-09T18:19:00,2018-10-09T18:19:00,1022,1022
http://irail.be/vehicle/P8803,http://irail.be/stations/NMBS/008881000,P,2018-10-09T18:28:00,2018-10-09T18:24:00,948,1014
http://irail.be/vehicle/P8803,http://irail.be/stations/NMBS/008884566,P,2018-10-09T18:35:00,2018-10-09T18:34:00,948,948
http://irail.be/vehicle/P8803,http://irail.be/stations/NMBS/008884541,P,2018-10-09T18:39:00,2018-10-09T18:38:00,944,887
http://irail.be/vehicle/P8803,http://irail.be/stations/NMBS/008884004,P,2018-10-09T18:44:00,2018-10-09T18:42:00,1032,1021
http://irail.be/vehicle/P8803,http://irail.be/stations/NMBS/008884319,P,2018-10-09T18:48:00,2018-10-09T18:48:00,1094,987
http://irail.be/vehicle/P8803,http://irail.be/stations/NMBS/008884327,P,2018-10-09T18:51:00,2018-10-09T18:51:00,1094,1094
http://irail.be/vehicle/P8803,http://irail.be/stations/NMBS/008884350,P,2018-10-09T18:54:00,2018-10-09T18:54:00,1094,1094
http://irail.be/vehicle/P8803,http://irail.be/stations/NMBS/008884335,P,2018-10-09T18:59:00,2018-10-09T18:59:00,,1094
http://irail.be/vehicle/P8803,NO-URI,P,2018-03-13T17:05:00,2018-03-13T17:05:00,91,
http://irail.be/vehicle/P8803,http://irail.be/stations/NMBS/008811007,P,2018-03-13T17:20:00,2018-03-13T17:15:00,43,15
http://irail.be/vehicle/P8803,http://irail.be/stations/NMBS/008812005,P,2018-03-13T17:28:00,2018-03-13T17:25:00,95,114
http://irail.be/vehicle/P8803,http://irail.be/stations/NMBS/008813045,P,2018-03-13T17:30:00,2018-03-13T17:30:00,101,101
http://irail.be/vehicle/P8803,http://irail.be/stations/NMBS/008813003,P,2018-03-13T17:32:00,2018-03-13T17:31:00,204,144
http://irail.be/vehicle/P8803,http://irail.be/stations/NMBS/008813037,P,2018-03-13T17:34:00,2018-03-13T17:34:00,167,167
http://irail.be/vehicle/P8803,http://irail.be/stations/NMBS/008814001,P,2018-03-13T17:38:00,2018-03-13T17:36:00,214,222
http://irail.be/vehicle/P8803,http://irail.be/stations/NMBS/008814373,P,2018-03-13T17:42:00,2018-03-13T17:42:00,191,191
http://irail.be/vehicle/P8803,http://irail.be/stations/NMBS/008814308,P,2018-03-13T17:47:00,2018-03-13T17:47:00,164,164
http://irail.be/vehicle/P8803,http://irail.be/stations/NMBS/008814332,P,2018-03-13T17:49:00,2018-03-13T17:49:00,139,139
http://irail.be/vehicle/P8803,http://irail.be/stations/NMBS/008883808,P,2018-03-13T17:50:00,2018-03-13T17:50:00,121,121
http://irail.be/vehicle/P8803,http://irail.be/stations/NMBS/008883022,P,2018-03-13T17:53:00,2018-03-13T17:53:00,80,80
http://irail.be/vehicle/P8803,NO-URI,P,2018-03-13T17:54:00,2018-03-13T17:54:00,28,28
http://irail.be/vehicle/P8803,http://irail.be/stations/NMBS/008883006,P,2018-03-13T18:00:00,2018-03-13T17:59:00,140,112
http://irail.be/vehicle/P8803,http://irail.be/stations/NMBS/008883113,P,2018-03-13T18:06:00,2018-03-13T18:05:00,201,142
http://irail.be/vehicle/P8803,NO-URI,P,2018-03-13T18:10:00,2018-03-13T18:10:00,175,175
http://irail.be/vehicle/P8803,http://irail.be/stations/NMBS/008883121,P,2018-03-13T18:10:00,2018-03-13T18:10:00,189,189
http://irail.be/vehicle/P8803,http://irail.be/stations/NMBS/008881174,P,2018-03-13T18:11:00,2018-03-13T18:11:00,217,217
http://irail.be/vehicle/P8803,http://irail.be/stations/NMBS/008881166,P,2018-03-13T18:15:00,2018-03-13T18:14:00,246,209
http://irail.be/vehicle/P8803,http://irail.be/stations/NMBS/008881158,P,2018-03-13T18:17:00,2018-03-13T18:17:00,246,246
http://irail.be/vehicle/P8803,http://irail.be/stations/NMBS/008881125,P,2018-03-13T18:20:00,2018-03-13T18:20:00,158,158
http://irail.be/vehicle/P8803,http://irail.be/stations/NMBS/008881000,P,2018-03-13T18:28:00,2018-03-13T18:24:00,228,149
http://irail.be/vehicle/P8803,http://irail.be/stations/NMBS/008884566,P,2018-03-13T18:35:00,2018-03-13T18:34:00,228,228
http://irail.be/vehicle/P8803,http://irail.be/stations/NMBS/008884541,P,2018-03-13T18:39:00,2018-03-13T18:38:00,254,168
http://irail.be/vehicle/P8803,http://irail.be/stations/NMBS/008884004,P,2018-03-13T18:44:00,2018-03-13T18:42:00,261,290
http://irail.be/vehicle/P8803,http://irail.be/stations/NMBS/008884319,P,2018-03-13T18:48:00,2018-03-13T18:48:00,326,224
http://irail.be/vehicle/P8803,http://irail.be/stations/NMBS/008884327,P,2018-03-13T18:51:00,2018-03-13T18:51:00,326,326
http://irail.be/vehicle/P8803,http://irail.be/stations/NMBS/008884350,P,2018-03-13T18:54:00,2018-03-13T18:54:00,326,326
http://irail.be/vehicle/P8803,http://irail.be/stations/NMBS/008884335,P,2018-03-13T18:59:00,2018-03-13T18:59:00,,326
http://irail.be/vehicle/P8803,NO-URI,P,2018-12-03T17:05:00,2018-12-03T17:05:00,-290,
http://irail.be/vehicle/P8803,http://irail.be/stations/NMBS/008811007,P,2018-12-03T17:20:00,2018-12-03T17:15:00,-3,-345
http://irail.be/vehicle/P8803,http://irail.be/stations/NMBS/008812005,P,2018-12-03T17:28:00,2018-12-03T17:25:00,135,58
http://irail.be/vehicle/P8803,http://irail.be/stations/NMBS/008813045,P,2018-12-03T17:30:00,2018-12-03T17:30:00,149,149
http://irail.be/vehicle/P8803,http://irail.be/stations/NMBS/008813003,P,2018-12-03T17:32:00,2018-12-03T17:31:00,336,278
http://irail.be/vehicle/P8803,http://irail.be/stations/NMBS/008813037,P,2018-12-03T17:34:00,2018-12-03T17:34:00,288,288
http://irail.be/vehicle/P8803,http://irail.be/stations/NMBS/008814001,P,2018-12-03T17:38:00,2018-12-03T17:36:00,295,337
http://irail.be/vehicle/P8803,http://irail.be/stations/NMBS/008814373,P,2018-12-03T17:42:00,2018-12-03T17:42:00,267,267
http://irail.be/vehicle/P8803,http://irail.be/stations/NMBS/008814308,P,2018-12-03T17:47:00,2018-12-03T17:47:00,248,248
http://irail.be/vehicle/P8803,http://irail.be/stations/NMBS/008814332,P,2018-12-03T17:49:00,2018-12-03T17:49:00,223,223
http://irail.be/vehicle/P8803,http://irail.be/stations/NMBS/008883808,P,2018-12-03T17:50:00,2018-12-03T17:50:00,418,418
http://irail.be/vehicle/P8803,http://irail.be/stations/NMBS/008883022,P,2018-12-03T17:53:00,2018-12-03T17:53:00,423,423
http://irail.be/vehicle/P8803,NO-URI,P,2018-12-03T17:54:00,2018-12-03T17:54:00,395,395
http://irail.be/vehicle/P8803,http://irail.be/stations/NMBS/008883006,P,2018-12-03T18:00:00,2018-12-03T17:59:00,618,576
http://irail.be/vehicle/P8803,http://irail.be/stations/NMBS/008883113,P,2018-12-03T18:06:00,2018-12-03T18:05:00,634,607
http://irail.be/vehicle/P8803,NO-URI,P,2018-12-03T18:10:00,2018-12-03T18:10:00,618,618
http://irail.be/vehicle/P8803,http://irail.be/stations/NMBS/008883121,P,2018-12-03T18:10:00,2018-12-03T18:10:00,632,632
http://irail.be/vehicle/P8803,http://irail.be/stations/NMBS/008881174,P,2018-12-03T18:11:00,2018-12-03T18:11:00,654,654
http://irail.be/vehicle/P8803,http://irail.be/stations/NMBS/008881166,P,2018-12-03T18:15:00,2018-12-03T18:14:00,635,640
http://irail.be/vehicle/P8803,http://irail.be/stations/NMBS/008881158,P,2018-12-03T18:18:00,2018-12-03T18:18:00,635,635
http://irail.be/vehicle/P8803,http://irail.be/stations/NMBS/008881125,P,2018-12-03T18:19:00,2018-12-03T18:19:00,710,710
http://irail.be/vehicle/P8803,http://irail.be/stations/NMBS/008881000,P,2018-12-03T18:28:00,2018-12-03T18:24:00,932,781
http://irail.be/vehicle/P8803,http://irail.be/stations/NMBS/008884566,P,2018-12-03T18:35:00,2018-12-03T18:34:00,932,932
http://irail.be/vehicle/P8803,http://irail.be/stations/NMBS/008884541,P,2018-12-03T18:39:00,2018-12-03T18:38:00,923,863
http://irail.be/vehicle/P8803,http://irail.be/stations/NMBS/008884004,P,2018-12-03T18:44:00,2018-12-03T18:42:00,935,969
http://irail.be/vehicle/P8803,http://irail.be/stations/NMBS/008884319,P,2018-12-03T18:48:00,2018-12-03T18:48:00,899,899
http://irail.be/vehicle/P8803,http://irail.be/stations/NMBS/008884327,P,2018-12-03T18:51:00,2018-12-03T18:51:00,862,862
http://irail.be/vehicle/P8803,http://irail.be/stations/NMBS/008884350,P,2018-12-03T18:54:00,2018-12-03T18:54:00,862,862
http://irail.be/vehicle/P8803,http://irail.be/stations/NMBS/008884335,P,2018-12-03T18:59:00,2018-12-03T18:59:00,,862
http://irail.be/vehicle/P8803,NO-URI,P,2018-10-23T17:05:00,2018-10-23T17:05:00,-245,
http://irail.be/vehicle/P8803,http://irail.be/stations/NMBS/008811007,P,2018-10-23T17:20:00,2018-10-23T17:15:00,-28,-371
http://irail.be/vehicle/P8803,http://irail.be/stations/NMBS/008812005,P,2018-10-23T17:28:00,2018-10-23T17:25:00,18,-127
http://irail.be/vehicle/P8803,http://irail.be/stations/NMBS/008813045,P,2018-10-23T17:30:00,2018-10-23T17:30:00,17,17
http://irail.be/vehicle/P8803,http://irail.be/stations/NMBS/008813003,P,2018-10-23T17:32:00,2018-10-23T17:31:00,264,214
http://irail.be/vehicle/P8803,http://irail.be/stations/NMBS/008813037,P,2018-10-23T17:34:00,2018-10-23T17:34:00,210,210
http://irail.be/vehicle/P8803,http://irail.be/stations/NMBS/008814001,P,2018-10-23T17:38:00,2018-10-23T17:36:00,256,321
http://irail.be/vehicle/P8803,http://irail.be/stations/NMBS/008814373,P,2018-10-23T17:42:00,2018-10-23T17:42:00,212,212
http://irail.be/vehicle/P8803,http://irail.be/stations/NMBS/008814308,P,2018-10-23T17:47:00,2018-10-23T17:47:00,539,539
http://irail.be/vehicle/P8803,http://irail.be/stations/NMBS/008814332,P,2018-10-23T17:49:00,2018-10-23T17:49:00,512,512
http://irail.be/vehicle/P8803,http://irail.be/stations/NMBS/008883808,P,2018-10-23T17:50:00,2018-10-23T17:50:00,480,480
http://irail.be/vehicle/P8803,http://irail.be/stations/NMBS/008883022,P,2018-10-23T17:53:00,2018-10-23T17:53:00,425,425
http://irail.be/vehicle/P8803,NO-URI,P,2018-10-23T17:54:00,2018-10-23T17:54:00,371,371
http://irail.be/vehicle/P8803,http://irail.be/stations/NMBS/008883006,P,2018-10-23T18:00:00,2018-10-23T17:59:00,273,280
http://irail.be/vehicle/P8803,http://irail.be/stations/NMBS/008883113,P,2018-10-23T18:06:00,2018-10-23T18:05:00,215,209
http://irail.be/vehicle/P8803,NO-URI,P,2018-10-23T18:10:00,2018-10-23T18:10:00,154,154
http://irail.be/vehicle/P8803,http://irail.be/stations/NMBS/008883121,P,2018-10-23T18:10:00,2018-10-23T18:10:00,162,162
http://irail.be/vehicle/P8803,http://irail.be/stations/NMBS/008881174,P,2018-10-23T18:11:00,2018-10-23T18:11:00,183,183
http://irail.be/vehicle/P8803,http://irail.be/stations/NMBS/008881166,P,2018-10-23T18:15:00,2018-10-23T18:14:00,135,171
http://irail.be/vehicle/P8803,http://irail.be/stations/NMBS/008881158,P,2018-10-23T18:18:00,2018-10-23T18:18:00,135,135
http://irail.be/vehicle/P8803,http://irail.be/stations/NMBS/008881125,P,2018-10-23T18:19:00,2018-10-23T18:19:00,127,127
http://irail.be/vehicle/P8803,http://irail.be/stations/NMBS/008881000,P,2018-10-23T18:28:00,2018-10-23T18:24:00,35,79
http://irail.be/vehicle/P8803,http://irail.be/stations/NMBS/008884566,P,2018-10-23T18:35:00,2018-10-23T18:34:00,37,35
http://irail.be/vehicle/P8803,http://irail.be/stations/NMBS/008884541,P,2018-10-23T18:39:00,2018-10-23T18:38:00,83,49
http://irail.be/vehicle/P8803,http://irail.be/stations/NMBS/008884004,P,2018-10-23T18:44:00,2018-10-23T18:42:00,61,117
http://irail.be/vehicle/P8803,http://irail.be/stations/NMBS/008884319,P,2018-10-23T18:48:00,2018-10-23T18:48:00,51,31
http://irail.be/vehicle/P8803,http://irail.be/stations/NMBS/008884327,P,2018-10-23T18:51:00,2018-10-23T18:51:00,51,51
http://irail.be/vehicle/P8803,http://irail.be/stations/NMBS/008884350,P,2018-10-23T18:54:00,2018-10-23T18:54:00,51,51
http://irail.be/vehicle/P8803,http://irail.be/stations/NMBS/008884335,P,2018-10-23T18:59:00,2018-10-23T18:59:00,,51
http://irail.be/vehicle/P8803,NO-URI,P,2018-06-20T17:05:00,2018-06-20T17:05:00,33,
http://irail.be/vehicle/P8803,http://irail.be/stations/NMBS/008811007,P,2018-06-20T17:20:00,2018-06-20T17:15:00,-11,-64
http://irail.be/vehicle/P8803,http://irail.be/stations/NMBS/008812005,P,2018-06-20T17:28:00,2018-06-20T17:25:00,61,-43
http://irail.be/vehicle/P8803,http://irail.be/stations/NMBS/008813045,P,2018-06-20T17:30:00,2018-06-20T17:30:00,62,62
http://irail.be/vehicle/P8803,http://irail.be/stations/NMBS/008813003,P,2018-06-20T17:32:00,2018-06-20T17:31:00,114,87
http://irail.be/vehicle/P8803,http://irail.be/stations/NMBS/008813037,P,2018-06-20T17:34:00,2018-06-20T17:34:00,60,60
http://irail.be/vehicle/P8803,http://irail.be/stations/NMBS/008814001,P,2018-06-20T17:38:00,2018-06-20T17:36:00,49,102
http://irail.be/vehicle/P8803,http://irail.be/stations/NMBS/008814373,P,2018-06-20T17:42:00,2018-06-20T17:42:00,15,15
http://irail.be/vehicle/P8803,http://irail.be/stations/NMBS/008814365,P,2018-06-20T17:43:57,2018-06-20T17:43:57,-106,-106
http://irail.be/vehicle/P8803,http://irail.be/stations/NMBS/008814357,P,2018-06-20T17:45:34,2018-06-20T17:45:34,-106,-106
http://irail.be/vehicle/P8803,http://irail.be/stations/NMBS/008814340,P,2018-06-20T17:46:19,2018-06-20T17:46:19,-107,-107
http://irail.be/vehicle/P8803,http://irail.be/stations/NMBS/008814308,P,2018-06-20T17:47:00,2018-06-20T17:47:00,-82,-82
http://irail.be/vehicle/P8803,http://irail.be/stations/NMBS/008814332,P,2018-06-20T17:49:00,2018-06-20T17:49:00,-100,-100
http://irail.be/vehicle/P8803,http://irail.be/stations/NMBS/008883808,P,2018-06-20T17:50:00,2018-06-20T17:50:00,-64,-64
http://irail.be/vehicle/P8803,http://irail.be/stations/NMBS/008883022,P,2018-06-20T17:53:00,2018-06-20T17:53:00,18,18
http://irail.be/vehicle/P8803,NO-URI,P,2018-06-20T17:54:00,2018-06-20T17:54:00,-5,-5
http://irail.be/vehicle/P8803,http://irail.be/stations/NMBS/008883006,P,2018-06-20T18:00:00,2018-06-20T17:59:00,50,42
http://irail.be/vehicle/P8803,http://irail.be/stations/NMBS/008883113,P,2018-06-20T18:06:00,2018-06-20T18:05:00,36,13
http://irail.be/vehicle/P8803,NO-URI,P,2018-06-20T18:10:00,2018-06-20T18:10:00,-8,-8
http://irail.be/vehicle/P8803,http://irail.be/stations/NMBS/008883121,P,2018-06-20T18:10:00,2018-06-20T18:10:00,3,3
http://irail.be/vehicle/P8803,http://irail.be/stations/NMBS/008881174,P,2018-06-20T18:11:00,2018-06-20T18:11:00,28,28
http://irail.be/vehicle/P8803,http://irail.be/stations/NMBS/008881166,P,2018-06-20T18:15:00,2018-06-20T18:14:00,143,108
http://irail.be/vehicle/P8803,http://irail.be/stations/NMBS/008881158,P,2018-06-20T18:18:00,2018-06-20T18:18:00,143,143
http://irail.be/vehicle/P8803,http://irail.be/stations/NMBS/008881125,P,2018-06-20T18:19:00,2018-06-20T18:19:00,197,197
http://irail.be/vehicle/P8803,http://irail.be/stations/NMBS/008881000,P,2018-06-20T18:28:00,2018-06-20T18:24:00,389,166
http://irail.be/vehicle/P8803,http://irail.be/stations/NMBS/008884566,P,2018-06-20T18:35:00,2018-06-20T18:34:00,389,389
http://irail.be/vehicle/P8803,http://irail.be/stations/NMBS/008884541,P,2018-06-20T18:39:00,2018-06-20T18:38:00,326,328
http://irail.be/vehicle/P8803,http://irail.be/stations/NMBS/008884004,P,2018-06-20T18:44:00,2018-06-20T18:42:00,408,345
http://irail.be/vehicle/P8803,http://irail.be/stations/NMBS/008884319,P,2018-06-20T18:48:00,2018-06-20T18:48:00,711,711
http://irail.be/vehicle/P8803,http://irail.be/stations/NMBS/008884327,P,2018-06-20T18:51:00,2018-06-20T18:51:00,660,660
http://irail.be/vehicle/P8803,http://irail.be/stations/NMBS/008884350,P,2018-06-20T18:54:00,2018-06-20T18:54:00,660,660
http://irail.be/vehicle/P8803,http://irail.be/stations/NMBS/008884335,P,2018-06-20T18:59:00,2018-06-20T18:59:00,,660
http://irail.be/vehicle/P8803,NO-URI,P,2018-11-05T17:05:00,2018-11-05T17:05:00,200,
http://irail.be/vehicle/P8803,http://irail.be/stations/NMBS/008811007,P,2018-11-05T17:20:00,2018-11-05T17:15:00,-15,235
http://irail.be/vehicle/P8803,http://irail.be/stations/NMBS/008812005,P,2018-11-05T17:28:00,2018-11-05T17:25:00,72,100
http://irail.be/vehicle/P8803,http://irail.be/stations/NMBS/008813045,P,2018-11-05T17:30:00,2018-11-05T17:30:00,150,150
http://irail.be/vehicle/P8803,http://irail.be/stations/NMBS/008813003,P,2018-11-05T17:32:00,2018-11-05T17:31:00,399,361
http://irail.be/vehicle/P8803,http://irail.be/stations/NMBS/008813037,P,2018-11-05T17:34:00,2018-11-05T17:34:00,346,346
http://irail.be/vehicle/P8803,http://irail.be/stations/NMBS/008814001,P,2018-11-05T17:38:00,2018-11-05T17:36:00,412,505
http://irail.be/vehicle/P8803,http://irail.be/stations/NMBS/008814373,P,2018-11-05T17:42:00,2018-11-05T17:42:00,421,421
http://irail.be/vehicle/P8803,http://irail.be/stations/NMBS/008814308,P,2018-11-05T17:47:00,2018-11-05T17:47:00,405,405
http://irail.be/vehicle/P8803,http://irail.be/stations/NMBS/008814332,P,2018-11-05T17:49:00,2018-11-05T17:49:00,378,378
http://irail.be/vehicle/P8803,http://irail.be/stations/NMBS/008883808,P,2018-11-05T17:50:00,2018-11-05T17:50:00,357,357
http://irail.be/vehicle/P8803,http://irail.be/stations/NMBS/008883022,P,2018-11-05T17:53:00,2018-11-05T17:53:00,342,342
http://irail.be/vehicle/P8803,NO-URI,P,2018-11-05T17:54:00,2018-11-05T17:54:00,311,311
http://irail.be/vehicle/P8803,http://irail.be/stations/NMBS/008883006,P,2018-11-05T18:00:00,2018-11-05T17:59:00,293,272
http://irail.be/vehicle/P8803,http://irail.be/stations/NMBS/008883113,P,2018-11-05T18:06:00,2018-11-05T18:05:00,267,232
http://irail.be/vehicle/P8803,NO-URI,P,2018-11-05T18:10:00,2018-11-05T18:10:00,209,209
http://irail.be/vehicle/P8803,http://irail.be/stations/NMBS/008883121,P,2018-11-05T18:10:00,2018-11-05T18:10:00,222,222
http://irail.be/vehicle/P8803,http://irail.be/stations/NMBS/008881174,P,2018-11-05T18:11:00,2018-11-05T18:11:00,253,253
http://irail.be/vehicle/P8803,http://irail.be/stations/NMBS/008881166,P,2018-11-05T18:15:00,2018-11-05T18:14:00,215,242
http://irail.be/vehicle/P8803,http://irail.be/stations/NMBS/008881158,P,2018-11-05T18:18:00,2018-11-05T18:18:00,215,215
http://irail.be/vehicle/P8803,http://irail.be/stations/NMBS/008881125,P,2018-11-05T18:19:00,2018-11-05T18:19:00,214,214
http://irail.be/vehicle/P8803,http://irail.be/stations/NMBS/008881000,P,2018-11-05T18:28:00,2018-11-05T18:24:00,240,246
http://irail.be/vehicle/P8803,http://irail.be/stations/NMBS/008884566,P,2018-11-05T18:35:00,2018-11-05T18:34:00,240,240
http://irail.be/vehicle/P8803,http://irail.be/stations/NMBS/008884541,P,2018-11-05T18:39:00,2018-11-05T18:38:00,159,132
http://irail.be/vehicle/P8803,http://irail.be/stations/NMBS/008884004,P,2018-11-05T18:44:00,2018-11-05T18:42:00,169,202
http://irail.be/vehicle/P8803,http://irail.be/stations/NMBS/008884319,P,2018-11-05T18:48:00,2018-11-05T18:48:00,267,257
http://irail.be/vehicle/P8803,http://irail.be/stations/NMBS/008884327,P,2018-11-05T18:51:00,2018-11-05T18:51:00,267,267
http://irail.be/vehicle/P8803,http://irail.be/stations/NMBS/008884350,P,2018-11-05T18:54:00,2018-11-05T18:54:00,267,267
http://irail.be/vehicle/P8803,http://irail.be/stations/NMBS/008884335,P,2018-11-05T18:59:00,2018-11-05T18:59:00,,267
http://irail.be/vehicle/P8803,NO-URI,P,2018-03-14T17:05:00,2018-03-14T17:05:00,-94,
http://irail.be/vehicle/P8803,http://irail.be/stations/NMBS/008811007,P,2018-03-14T17:20:00,2018-03-14T17:15:00,8,-123
http://irail.be/vehicle/P8803,http://irail.be/stations/NMBS/008812005,P,2018-03-14T17:28:00,2018-03-14T17:25:00,5,-74
http://irail.be/vehicle/P8803,http://irail.be/stations/NMBS/008813045,P,2018-03-14T17:30:00,2018-03-14T17:30:00,19,19
http://irail.be/vehicle/P8803,http://irail.be/stations/NMBS/008813003,P,2018-03-14T17:32:00,2018-03-14T17:31:00,125,95
http://irail.be/vehicle/P8803,http://irail.be/stations/NMBS/008813037,P,2018-03-14T17:34:00,2018-03-14T17:34:00,79,79
http://irail.be/vehicle/P8803,http://irail.be/stations/NMBS/008814001,P,2018-03-14T17:38:00,2018-03-14T17:36:00,259,173
http://irail.be/vehicle/P8803,http://irail.be/stations/NMBS/008814373,P,2018-03-14T17:42:00,2018-03-14T17:42:00,289,289
http://irail.be/vehicle/P8803,http://irail.be/stations/NMBS/008814308,P,2018-03-14T17:47:00,2018-03-14T17:47:00,603,603
http://irail.be/vehicle/P8803,http://irail.be/stations/NMBS/008814332,P,2018-03-14T17:49:00,2018-03-14T17:49:00,577,577
http://irail.be/vehicle/P8803,http://irail.be/stations/NMBS/008883808,P,2018-03-14T17:50:00,2018-03-14T17:50:00,551,551
http://irail.be/vehicle/P8803,http://irail.be/stations/NMBS/008883022,P,2018-03-14T17:53:00,2018-03-14T17:53:00,506,506
http://irail.be/vehicle/P8803,NO-URI,P,2018-03-14T17:54:00,2018-03-14T17:54:00,454,454
http://irail.be/vehicle/P8803,http://irail.be/stations/NMBS/008883006,P,2018-03-14T18:00:00,2018-03-14T17:59:00,493,496
http://irail.be/vehicle/P8803,http://irail.be/stations/NMBS/008883113,P,2018-03-14T18:06:00,2018-03-14T18:05:00,507,481
http://irail.be/vehicle/P8803,NO-URI,P,2018-03-14T18:10:00,2018-03-14T18:10:00,458,458
http://irail.be/vehicle/P8803,http://irail.be/stations/NMBS/008883121,P,2018-03-14T18:10:00,2018-03-14T18:10:00,472,472
http://irail.be/vehicle/P8803,http://irail.be/stations/NMBS/008881174,P,2018-03-14T18:11:00,2018-03-14T18:11:00,495,495
http://irail.be/vehicle/P8803,http://irail.be/stations/NMBS/008881166,P,2018-03-14T18:15:00,2018-03-14T18:14:00,475,483
http://irail.be/vehicle/P8803,http://irail.be/stations/NMBS/008881158,P,2018-03-14T18:17:00,2018-03-14T18:17:00,475,475
http://irail.be/vehicle/P8803,http://irail.be/stations/NMBS/008881125,P,2018-03-14T18:20:00,2018-03-14T18:20:00,385,385
http://irail.be/vehicle/P8803,http://irail.be/stations/NMBS/008881000,P,2018-03-14T18:28:00,2018-03-14T18:24:00,258,357
http://irail.be/vehicle/P8803,http://irail.be/stations/NMBS/008884566,P,2018-03-14T18:35:00,2018-03-14T18:34:00,258,258
http://irail.be/vehicle/P8803,http://irail.be/stations/NMBS/008884541,P,2018-03-14T18:39:00,2018-03-14T18:38:00,167,155
http://irail.be/vehicle/P8803,http://irail.be/stations/NMBS/008884004,P,2018-03-14T18:44:00,2018-03-14T18:42:00,175,200
http://irail.be/vehicle/P8803,http://irail.be/stations/NMBS/008884319,P,2018-03-14T18:48:00,2018-03-14T18:48:00,128,128
http://irail.be/vehicle/P8803,http://irail.be/stations/NMBS/008884327,P,2018-03-14T18:51:00,2018-03-14T18:51:00,122,122
http://irail.be/vehicle/P8803,http://irail.be/stations/NMBS/008884350,P,2018-03-14T18:54:00,2018-03-14T18:54:00,122,122
http://irail.be/vehicle/P8803,http://irail.be/stations/NMBS/008884335,P,2018-03-14T18:59:00,2018-03-14T18:59:00,,122
http://irail.be/vehicle/P8803,NO-URI,P,2018-11-23T17:05:00,2018-11-23T17:05:00,23,
http://irail.be/vehicle/P8803,http://irail.be/stations/NMBS/008811007,P,2018-11-23T17:20:00,2018-11-23T17:15:00,6,-56
http://irail.be/vehicle/P8803,http://irail.be/stations/NMBS/008812005,P,2018-11-23T17:28:00,2018-11-23T17:25:00,-14,9
http://irail.be/vehicle/P8803,http://irail.be/stations/NMBS/008813045,P,2018-11-23T17:30:00,2018-11-23T17:30:00,-12,-12
http://irail.be/vehicle/P8803,http://irail.be/stations/NMBS/008813003,P,2018-11-23T17:32:00,2018-11-23T17:31:00,49,21
http://irail.be/vehicle/P8803,http://irail.be/stations/NMBS/008813037,P,2018-11-23T17:34:00,2018-11-23T17:34:00,-3,-3
http://irail.be/vehicle/P8803,http://irail.be/stations/NMBS/008814001,P,2018-11-23T17:38:00,2018-11-23T17:36:00,300,205
http://irail.be/vehicle/P8803,http://irail.be/stations/NMBS/008814373,P,2018-11-23T17:42:00,2018-11-23T17:42:00,317,317
http://irail.be/vehicle/P8803,http://irail.be/stations/NMBS/008814365,P,2018-11-23T17:43:57,2018-11-23T17:43:57,219,219
http://irail.be/vehicle/P8803,http://irail.be/stations/NMBS/008814357,P,2018-11-23T17:45:34,2018-11-23T17:45:34,219,219
http://irail.be/vehicle/P8803,http://irail.be/stations/NMBS/008814340,P,2018-11-23T17:46:19,2018-11-23T17:46:19,231,231
http://irail.be/vehicle/P8803,http://irail.be/stations/NMBS/008814308,P,2018-11-23T17:47:00,2018-11-23T17:47:00,266,266
http://irail.be/vehicle/P8803,http://irail.be/stations/NMBS/008814332,P,2018-11-23T17:49:00,2018-11-23T17:49:00,249,249
http://irail.be/vehicle/P8803,http://irail.be/stations/NMBS/008883808,P,2018-11-23T17:50:00,2018-11-23T17:50:00,225,225
http://irail.be/vehicle/P8803,http://irail.be/stations/NMBS/008883022,P,2018-11-23T17:53:00,2018-11-23T17:53:00,178,178
http://irail.be/vehicle/P8803,NO-URI,P,2018-11-23T17:54:00,2018-11-23T17:54:00,127,127
http://irail.be/vehicle/P8803,http://irail.be/stations/NMBS/008883006,P,2018-11-23T18:00:00,2018-11-23T17:59:00,339,266
http://irail.be/vehicle/P8803,http://irail.be/stations/NMBS/008883113,P,2018-11-23T18:06:00,2018-11-23T18:05:00,347,300
http://irail.be/vehicle/P8803,NO-URI,P,2018-11-23T18:10:00,2018-11-23T18:10:00,289,289
http://irail.be/vehicle/P8803,http://irail.be/stations/NMBS/008883121,P,2018-11-23T18:10:00,2018-11-23T18:10:00,300,300
http://irail.be/vehicle/P8803,http://irail.be/stations/NMBS/008881174,P,2018-11-23T18:11:00,2018-11-23T18:11:00,326,326
http://irail.be/vehicle/P8803,http://irail.be/stations/NMBS/008881166,P,2018-11-23T18:15:00,2018-11-23T18:14:00,302,315
http://irail.be/vehicle/P8803,http://irail.be/stations/NMBS/008881158,P,2018-11-23T18:18:00,2018-11-23T18:18:00,302,302
http://irail.be/vehicle/P8803,http://irail.be/stations/NMBS/008881125,P,2018-11-23T18:19:00,2018-11-23T18:19:00,351,351
http://irail.be/vehicle/P8803,http://irail.be/stations/NMBS/008881000,P,2018-11-23T18:28:00,2018-11-23T18:24:00,396,457
http://irail.be/vehicle/P8803,http://irail.be/stations/NMBS/008884566,P,2018-11-23T18:35:00,2018-11-23T18:34:00,396,396
http://irail.be/vehicle/P8803,http://irail.be/stations/NMBS/008884541,P,2018-11-23T18:39:00,2018-11-23T18:38:00,374,313
http://irail.be/vehicle/P8803,http://irail.be/stations/NMBS/008884004,P,2018-11-23T18:44:00,2018-11-23T18:42:00,547,425
http://irail.be/vehicle/P8803,http://irail.be/stations/NMBS/008884319,P,2018-11-23T18:48:00,2018-11-23T18:48:00,579,510
http://irail.be/vehicle/P8803,http://irail.be/stations/NMBS/008884327,P,2018-11-23T18:51:00,2018-11-23T18:51:00,579,579
http://irail.be/vehicle/P8803,http://irail.be/stations/NMBS/008884350,P,2018-11-23T18:54:00,2018-11-23T18:54:00,579,579
http://irail.be/vehicle/P8803,http://irail.be/stations/NMBS/008884335,P,2018-11-23T18:59:00,2018-11-23T18:59:00,,579
http://irail.be/vehicle/P8803,NO-URI,P,2018-01-22T17:05:00,2018-01-22T17:05:00,216,
http://irail.be/vehicle/P8803,http://irail.be/stations/NMBS/008811007,P,2018-01-22T17:20:00,2018-01-22T17:15:00,135,285
http://irail.be/vehicle/P8803,http://irail.be/stations/NMBS/008812005,P,2018-01-22T17:28:00,2018-01-22T17:25:00,369,328
http://irail.be/vehicle/P8803,http://irail.be/stations/NMBS/008813045,P,2018-01-22T17:30:00,2018-01-22T17:30:00,382,382
http://irail.be/vehicle/P8803,http://irail.be/stations/NMBS/008813003,P,2018-01-22T17:32:00,2018-01-22T17:31:00,716,625
http://irail.be/vehicle/P8803,http://irail.be/stations/NMBS/008813037,P,2018-01-22T17:34:00,2018-01-22T17:34:00,688,688
http://irail.be/vehicle/P8803,http://irail.be/stations/NMBS/008814001,P,2018-01-22T17:38:00,2018-01-22T17:36:00,1387,835
http://irail.be/vehicle/P8803,http://irail.be/stations/NMBS/008814373,P,2018-01-22T17:42:00,2018-01-22T17:42:00,1409,1409
http://irail.be/vehicle/P8803,http://irail.be/stations/NMBS/008814308,P,2018-01-22T17:47:00,2018-01-22T17:47:00,1388,1388
http://irail.be/vehicle/P8803,http://irail.be/stations/NMBS/008814332,P,2018-01-22T17:49:00,2018-01-22T17:49:00,1370,1370
http://irail.be/vehicle/P8803,http://irail.be/stations/NMBS/008883808,P,2018-01-22T17:50:00,2018-01-22T17:50:00,1355,1355
http://irail.be/vehicle/P8803,http://irail.be/stations/NMBS/008883022,P,2018-01-22T17:53:00,2018-01-22T17:53:00,1446,1446
http://irail.be/vehicle/P8803,NO-URI,P,2018-01-22T17:54:00,2018-01-22T17:54:00,1459,1459
http://irail.be/vehicle/P8803,http://irail.be/stations/NMBS/008883006,P,2018-01-22T18:00:00,2018-01-22T17:59:00,1443,1420
http://irail.be/vehicle/P8803,http://irail.be/stations/NMBS/008883113,P,2018-01-22T18:06:00,2018-01-22T18:05:00,1450,1403
http://irail.be/vehicle/P8803,NO-URI,P,2018-01-22T18:10:00,2018-01-22T18:10:00,1397,1397
http://irail.be/vehicle/P8803,http://irail.be/stations/NMBS/008883121,P,2018-01-22T18:10:00,2018-01-22T18:10:00,1409,1409
http://irail.be/vehicle/P8803,http://irail.be/stations/NMBS/008881174,P,2018-01-22T18:11:00,2018-01-22T18:11:00,1433,1433
http://irail.be/vehicle/P8803,http://irail.be/stations/NMBS/008881166,P,2018-01-22T18:15:00,2018-01-22T18:14:00,1435,1418
http://irail.be/vehicle/P8803,http://irail.be/stations/NMBS/008881158,P,2018-01-22T18:17:00,2018-01-22T18:17:00,1435,1435
http://irail.be/vehicle/P8803,http://irail.be/stations/NMBS/008881125,P,2018-01-22T18:20:00,2018-01-22T18:20:00,1343,1343
http://irail.be/vehicle/P8803,http://irail.be/stations/NMBS/008881000,P,2018-01-22T18:28:00,2018-01-22T18:24:00,1185,1314
http://irail.be/vehicle/P8803,http://irail.be/stations/NMBS/008884566,P,2018-01-22T18:35:00,2018-01-22T18:34:00,1185,1185
http://irail.be/vehicle/P8803,http://irail.be/stations/NMBS/008884541,P,2018-01-22T18:39:00,2018-01-22T18:38:00,1157,1106
http://irail.be/vehicle/P8803,http://irail.be/stations/NMBS/008884004,P,2018-01-22T18:44:00,2018-01-22T18:42:00,1181,1205
http://irail.be/vehicle/P8803,http://irail.be/stations/NMBS/008884319,P,2018-01-22T18:48:00,2018-01-22T18:48:00,1173,1136
http://irail.be/vehicle/P8803,http://irail.be/stations/NMBS/008884327,P,2018-01-22T18:51:00,2018-01-22T18:51:00,1173,1173
http://irail.be/vehicle/P8803,http://irail.be/stations/NMBS/008884350,P,2018-01-22T18:54:00,2018-01-22T18:54:00,1173,1173
http://irail.be/vehicle/P8803,http://irail.be/stations/NMBS/008884335,P,2018-01-22T18:59:00,2018-01-22T18:59:00,,1173
http://irail.be/vehicle/P8803,NO-URI,P,2018-03-12T17:05:00,2018-03-12T17:05:00,137,
http://irail.be/vehicle/P8803,http://irail.be/stations/NMBS/008811007,P,2018-03-12T17:20:00,2018-03-12T17:15:00,7,31
http://irail.be/vehicle/P8803,http://irail.be/stations/NMBS/008812005,P,2018-03-12T17:28:00,2018-03-12T17:25:00,91,-5
http://irail.be/vehicle/P8803,http://irail.be/stations/NMBS/008813045,P,2018-03-12T17:30:00,2018-03-12T17:30:00,162,162
http://irail.be/vehicle/P8803,http://irail.be/stations/NMBS/008813003,P,2018-03-12T17:32:00,2018-03-12T17:31:00,410,363
http://irail.be/vehicle/P8803,http://irail.be/stations/NMBS/008813037,P,2018-03-12T17:34:00,2018-03-12T17:34:00,371,371
http://irail.be/vehicle/P8803,http://irail.be/stations/NMBS/008814001,P,2018-03-12T17:38:00,2018-03-12T17:36:00,572,496
http://irail.be/vehicle/P8803,http://irail.be/stations/NMBS/008814373,P,2018-03-12T17:42:00,2018-03-12T17:42:00,553,553
http://irail.be/vehicle/P8803,http://irail.be/stations/NMBS/008814308,P,2018-03-12T17:47:00,2018-03-12T17:47:00,525,525
http://irail.be/vehicle/P8803,http://irail.be/stations/NMBS/008814332,P,2018-03-12T17:49:00,2018-03-12T17:49:00,499,499
http://irail.be/vehicle/P8803,http://irail.be/stations/NMBS/008883808,P,2018-03-12T17:50:00,2018-03-12T17:50:00,735,735
http://irail.be/vehicle/P8803,http://irail.be/stations/NMBS/008883022,P,2018-03-12T17:53:00,2018-03-12T17:53:00,756,756
http://irail.be/vehicle/P8803,NO-URI,P,2018-03-12T17:54:00,2018-03-12T17:54:00,706,706
http://irail.be/vehicle/P8803,http://irail.be/stations/NMBS/008883006,P,2018-03-12T18:00:00,2018-03-12T17:59:00,839,831
http://irail.be/vehicle/P8803,http://irail.be/stations/NMBS/008883113,P,2018-03-12T18:06:00,2018-03-12T18:05:00,839,812
http://irail.be/vehicle/P8803,NO-URI,P,2018-03-12T18:10:00,2018-03-12T18:10:00,789,789
http://irail.be/vehicle/P8803,http://irail.be/stations/NMBS/008883121,P,2018-03-12T18:10:00,2018-03-12T18:10:00,803,803
http://irail.be/vehicle/P8803,http://irail.be/stations/NMBS/008881174,P,2018-03-12T18:11:00,2018-03-12T18:11:00,831,831
http://irail.be/vehicle/P8803,http://irail.be/stations/NMBS/008881166,P,2018-03-12T18:15:00,2018-03-12T18:14:00,860,824
http://irail.be/vehicle/P8803,http://irail.be/stations/NMBS/008881158,P,2018-03-12T18:17:00,2018-03-12T18:17:00,860,860
http://irail.be/vehicle/P8803,http://irail.be/stations/NMBS/008881125,P,2018-03-12T18:20:00,2018-03-12T18:20:00,774,774
http://irail.be/vehicle/P8803,http://irail.be/stations/NMBS/008881000,P,2018-03-12T18:28:00,2018-03-12T18:24:00,1078,1169
http://irail.be/vehicle/P8803,http://irail.be/stations/NMBS/008884566,P,2018-03-12T18:35:00,2018-03-12T18:34:00,1024,1078
http://irail.be/vehicle/P8803,http://irail.be/stations/NMBS/008884541,P,2018-03-12T18:39:00,2018-03-12T18:38:00,1082,1044
http://irail.be/vehicle/P8803,http://irail.be/stations/NMBS/008884004,P,2018-03-12T18:44:00,2018-03-12T18:42:00,1126,1146
http://irail.be/vehicle/P8803,http://irail.be/stations/NMBS/008884319,P,2018-03-12T18:48:00,2018-03-12T18:48:00,1275,1067
http://irail.be/vehicle/P8803,http://irail.be/stations/NMBS/008884327,P,2018-03-12T18:51:00,2018-03-12T18:51:00,1275,1275
http://irail.be/vehicle/P8803,http://irail.be/stations/NMBS/008884350,P,2018-03-12T18:54:00,2018-03-12T18:54:00,1275,1275
http://irail.be/vehicle/P8803,http://irail.be/stations/NMBS/008884335,P,2018-03-12T18:59:00,2018-03-12T18:59:00,,1275
http://irail.be/vehicle/P8803,NO-URI,P,2018-10-26T17:05:00,2018-10-26T17:05:00,232,
http://irail.be/vehicle/P8803,http://irail.be/stations/NMBS/008811007,P,2018-10-26T17:20:00,2018-10-26T17:15:00,-1,101
http://irail.be/vehicle/P8803,http://irail.be/stations/NMBS/008812005,P,2018-10-26T17:28:00,2018-10-26T17:25:00,-7,-49
http://irail.be/vehicle/P8803,http://irail.be/stations/NMBS/008813045,P,2018-10-26T17:30:00,2018-10-26T17:30:00,-5,-5
http://irail.be/vehicle/P8803,http://irail.be/stations/NMBS/008813003,P,2018-10-26T17:32:00,2018-10-26T17:31:00,88,62
http://irail.be/vehicle/P8803,http://irail.be/stations/NMBS/008813037,P,2018-10-26T17:34:00,2018-10-26T17:34:00,34,34
http://irail.be/vehicle/P8803,http://irail.be/stations/NMBS/008814001,P,2018-10-26T17:38:00,2018-10-26T17:36:00,168,78
http://irail.be/vehicle/P8803,http://irail.be/stations/NMBS/008814373,P,2018-10-26T17:42:00,2018-10-26T17:42:00,162,162
http://irail.be/vehicle/P8803,http://irail.be/stations/NMBS/008814365,P,2018-10-26T17:43:57,2018-10-26T17:43:57,84,84
http://irail.be/vehicle/P8803,http://irail.be/stations/NMBS/008814357,P,2018-10-26T17:45:34,2018-10-26T17:45:34,84,84
http://irail.be/vehicle/P8803,http://irail.be/stations/NMBS/008814340,P,2018-10-26T17:46:19,2018-10-26T17:46:19,98,98
http://irail.be/vehicle/P8803,http://irail.be/stations/NMBS/008814308,P,2018-10-26T17:47:00,2018-10-26T17:47:00,365,365
http://irail.be/vehicle/P8803,http://irail.be/stations/NMBS/008814332,P,2018-10-26T17:49:00,2018-10-26T17:49:00,398,398
http://irail.be/vehicle/P8803,http://irail.be/stations/NMBS/008883808,P,2018-10-26T17:50:00,2018-10-26T17:50:00,504,504
http://irail.be/vehicle/P8803,http://irail.be/stations/NMBS/008883022,P,2018-10-26T17:53:00,2018-10-26T17:53:00,547,547
http://irail.be/vehicle/P8803,NO-URI,P,2018-10-26T17:54:00,2018-10-26T17:54:00,557,557
http://irail.be/vehicle/P8803,http://irail.be/stations/NMBS/008883006,P,2018-10-26T18:00:00,2018-10-26T17:59:00,959,826
http://irail.be/vehicle/P8803,http://irail.be/stations/NMBS/008883113,P,2018-10-26T18:06:00,2018-10-26T18:05:00,1009,992
http://irail.be/vehicle/P8803,NO-URI,P,2018-10-26T18:10:00,2018-10-26T18:10:00,993,993
http://irail.be/vehicle/P8803,http://irail.be/stations/NMBS/008883121,P,2018-10-26T18:10:00,2018-10-26T18:10:00,1009,1009
http://irail.be/vehicle/P8803,http://irail.be/stations/NMBS/008881174,P,2018-10-26T18:11:00,2018-10-26T18:11:00,1042,1042
http://irail.be/vehicle/P8803,http://irail.be/stations/NMBS/008881166,P,2018-10-26T18:15:00,2018-10-26T18:14:00,1040,1029
http://irail.be/vehicle/P8803,http://irail.be/stations/NMBS/008881158,P,2018-10-26T18:18:00,2018-10-26T18:18:00,1040,1040
http://irail.be/vehicle/P8803,http://irail.be/stations/NMBS/008881125,P,2018-10-26T18:19:00,2018-10-26T18:19:00,1169,1169
http://irail.be/vehicle/P8803,http://irail.be/stations/NMBS/008881000,P,2018-10-26T18:28:00,2018-10-26T18:24:00,1202,1238
http://irail.be/vehicle/P8803,http://irail.be/stations/NMBS/008884566,P,2018-10-26T18:35:00,2018-10-26T18:34:00,1202,1202
http://irail.be/vehicle/P8803,http://irail.be/stations/NMBS/008884541,P,2018-10-26T18:39:00,2018-10-26T18:38:00,1255,1218
http://irail.be/vehicle/P8803,http://irail.be/stations/NMBS/008884004,P,2018-10-26T18:44:00,2018-10-26T18:42:00,1258,1302
http://irail.be/vehicle/P8803,http://irail.be/stations/NMBS/008884319,P,2018-10-26T18:48:00,2018-10-26T18:48:00,1266,1220
http://irail.be/vehicle/P8803,http://irail.be/stations/NMBS/008884327,P,2018-10-26T18:51:00,2018-10-26T18:51:00,1266,1266
http://irail.be/vehicle/P8803,http://irail.be/stations/NMBS/008884350,P,2018-10-26T18:54:00,2018-10-26T18:54:00,1266,1266
http://irail.be/vehicle/P8803,http://irail.be/stations/NMBS/008884335,P,2018-10-26T18:59:00,2018-10-26T18:59:00,,1266
http://irail.be/vehicle/P8803,NO-URI,P,2018-05-04T17:05:00,2018-05-04T17:05:00,123,
http://irail.be/vehicle/P8803,http://irail.be/stations/NMBS/008811007,P,2018-05-04T17:20:00,2018-05-04T17:15:00,31,35
http://irail.be/vehicle/P8803,http://irail.be/stations/NMBS/008812005,P,2018-05-04T17:28:00,2018-05-04T17:25:00,-1,-56
http://irail.be/vehicle/P8803,http://irail.be/stations/NMBS/008813045,P,2018-05-04T17:30:00,2018-05-04T17:30:00,6,6
http://irail.be/vehicle/P8803,http://irail.be/stations/NMBS/008813003,P,2018-05-04T17:32:00,2018-05-04T17:31:00,69,46
http://irail.be/vehicle/P8803,http://irail.be/stations/NMBS/008813037,P,2018-05-04T17:34:00,2018-05-04T17:34:00,18,18
http://irail.be/vehicle/P8803,http://irail.be/stations/NMBS/008814001,P,2018-05-04T17:38:00,2018-05-04T17:36:00,132,62
http://irail.be/vehicle/P8803,http://irail.be/stations/NMBS/008814373,P,2018-05-04T17:42:00,2018-05-04T17:42:00,241,241
http://irail.be/vehicle/P8803,http://irail.be/stations/NMBS/008814365,P,2018-05-04T17:43:18,2018-05-04T17:43:18,398,398
http://irail.be/vehicle/P8803,http://irail.be/stations/NMBS/008814357,P,2018-05-04T17:44:38,2018-05-04T17:44:38,398,398
http://irail.be/vehicle/P8803,http://irail.be/stations/NMBS/008814340,P,2018-05-04T17:45:24,2018-05-04T17:45:24,443,443
http://irail.be/vehicle/P8803,http://irail.be/stations/NMBS/008814308,P,2018-05-04T17:47:00,2018-05-04T17:47:00,464,464
http://irail.be/vehicle/P8803,http://irail.be/stations/NMBS/008814332,P,2018-05-04T17:49:00,2018-05-04T17:49:00,435,435
http://irail.be/vehicle/P8803,http://irail.be/stations/NMBS/008883808,P,2018-05-04T17:50:00,2018-05-04T17:50:00,617,617
http://irail.be/vehicle/P8803,http://irail.be/stations/NMBS/008883022,P,2018-05-04T17:53:00,2018-05-04T17:53:00,610,610
http://irail.be/vehicle/P8803,NO-URI,P,2018-05-04T17:54:00,2018-05-04T17:54:00,560,560
http://irail.be/vehicle/P8803,http://irail.be/stations/NMBS/008883006,P,2018-05-04T18:00:00,2018-05-04T17:59:00,564,534
http://irail.be/vehicle/P8803,http://irail.be/stations/NMBS/008883113,P,2018-05-04T18:06:00,2018-05-04T18:05:00,534,523
http://irail.be/vehicle/P8803,NO-URI,P,2018-05-04T18:10:00,2018-05-04T18:10:00,487,487
http://irail.be/vehicle/P8803,http://irail.be/stations/NMBS/008883121,P,2018-05-04T18:10:00,2018-05-04T18:10:00,499,499
http://irail.be/vehicle/P8803,http://irail.be/stations/NMBS/008881174,P,2018-05-04T18:11:00,2018-05-04T18:11:00,574,574
http://irail.be/vehicle/P8803,http://irail.be/stations/NMBS/008881166,P,2018-05-04T18:15:00,2018-05-04T18:14:00,555,566
http://irail.be/vehicle/P8803,http://irail.be/stations/NMBS/008881158,P,2018-05-04T18:17:00,2018-05-04T18:17:00,555,555
http://irail.be/vehicle/P8803,http://irail.be/stations/NMBS/008881125,P,2018-05-04T18:20:00,2018-05-04T18:20:00,461,461
http://irail.be/vehicle/P8803,http://irail.be/stations/NMBS/008881000,P,2018-05-04T18:28:00,2018-05-04T18:24:00,342,427
http://irail.be/vehicle/P8803,http://irail.be/stations/NMBS/008884566,P,2018-05-04T18:35:00,2018-05-04T18:34:00,342,342
http://irail.be/vehicle/P8803,http://irail.be/stations/NMBS/008884541,P,2018-05-04T18:39:00,2018-05-04T18:38:00,213,204
http://irail.be/vehicle/P8803,http://irail.be/stations/NMBS/008884004,P,2018-05-04T18:44:00,2018-05-04T18:42:00,737,248
http://irail.be/vehicle/P8803,http://irail.be/stations/NMBS/008884319,P,2018-05-04T18:48:00,2018-05-04T18:48:00,695,695
http://irail.be/vehicle/P8803,http://irail.be/stations/NMBS/008884327,P,2018-05-04T18:51:00,2018-05-04T18:51:00,631,631
http://irail.be/vehicle/P8803,http://irail.be/stations/NMBS/008884350,P,2018-05-04T18:54:00,2018-05-04T18:54:00,631,631
http://irail.be/vehicle/P8803,http://irail.be/stations/NMBS/008884335,P,2018-05-04T18:59:00,2018-05-04T18:59:00,,631
http://irail.be/vehicle/P8803,NO-URI,P,2018-01-26T17:05:00,2018-01-26T17:05:00,-28,
http://irail.be/vehicle/P8803,http://irail.be/stations/NMBS/008811007,P,2018-01-26T17:20:00,2018-01-26T17:15:00,24,-158
http://irail.be/vehicle/P8803,http://irail.be/stations/NMBS/008812005,P,2018-01-26T17:28:00,2018-01-26T17:25:00,33,-18
http://irail.be/vehicle/P8803,http://irail.be/stations/NMBS/008813045,P,2018-01-26T17:30:00,2018-01-26T17:30:00,33,33
http://irail.be/vehicle/P8803,http://irail.be/stations/NMBS/008813003,P,2018-01-26T17:32:00,2018-01-26T17:31:00,58,65
http://irail.be/vehicle/P8803,http://irail.be/stations/NMBS/008813037,P,2018-01-26T17:34:00,2018-01-26T17:34:00,58,58
http://irail.be/vehicle/P8803,http://irail.be/stations/NMBS/008814001,P,2018-01-26T17:38:00,2018-01-26T17:36:00,129,58
http://irail.be/vehicle/P8803,http://irail.be/stations/NMBS/008814308,P,2018-01-26T17:47:00,2018-01-26T17:47:00,100,100
http://irail.be/vehicle/P8803,http://irail.be/stations/NMBS/008814332,P,2018-01-26T17:49:00,2018-01-26T17:49:00,79,79
http://irail.be/vehicle/P8803,http://irail.be/stations/NMBS/008883808,P,2018-01-26T17:50:00,2018-01-26T17:50:00,52,52
http://irail.be/vehicle/P8803,http://irail.be/stations/NMBS/008883022,P,2018-01-26T17:53:00,2018-01-26T17:53:00,-2,-2
http://irail.be/vehicle/P8803,NO-URI,P,2018-01-26T17:54:00,2018-01-26T17:54:00,-51,-51
http://irail.be/vehicle/P8803,http://irail.be/stations/NMBS/008883006,P,2018-01-26T18:00:00,2018-01-26T17:59:00,59,-8
http://irail.be/vehicle/P8803,http://irail.be/stations/NMBS/008883113,P,2018-01-26T18:06:00,2018-01-26T18:05:00,67,49
http://irail.be/vehicle/P8803,NO-URI,P,2018-01-26T18:10:00,2018-01-26T18:10:00,32,32
http://irail.be/vehicle/P8803,http://irail.be/stations/NMBS/008883121,P,2018-01-26T18:10:00,2018-01-26T18:10:00,44,44
http://irail.be/vehicle/P8803,http://irail.be/stations/NMBS/008881174,P,2018-01-26T18:11:00,2018-01-26T18:11:00,71,71
http://irail.be/vehicle/P8803,http://irail.be/stations/NMBS/008881166,P,2018-01-26T18:15:00,2018-01-26T18:14:00,216,138
http://irail.be/vehicle/P8803,http://irail.be/stations/NMBS/008881158,P,2018-01-26T18:17:00,2018-01-26T18:17:00,216,216
http://irail.be/vehicle/P8803,http://irail.be/stations/NMBS/008881125,P,2018-01-26T18:20:00,2018-01-26T18:20:00,249,249
http://irail.be/vehicle/P8803,http://irail.be/stations/NMBS/008881000,P,2018-01-26T18:28:00,2018-01-26T18:24:00,377,452
http://irail.be/vehicle/P8803,http://irail.be/stations/NMBS/008884566,P,2018-01-26T18:35:00,2018-01-26T18:34:00,377,377
http://irail.be/vehicle/P8803,http://irail.be/stations/NMBS/008884541,P,2018-01-26T18:39:00,2018-01-26T18:38:00,327,294
http://irail.be/vehicle/P8803,http://irail.be/stations/NMBS/008884004,P,2018-01-26T18:44:00,2018-01-26T18:42:00,383,366
http://irail.be/vehicle/P8803,http://irail.be/stations/NMBS/008884319,P,2018-01-26T18:48:00,2018-01-26T18:48:00,498,498
http://irail.be/vehicle/P8803,http://irail.be/stations/NMBS/008884327,P,2018-01-26T18:51:00,2018-01-26T18:51:00,488,488
http://irail.be/vehicle/P8803,http://irail.be/stations/NMBS/008884350,P,2018-01-26T18:54:00,2018-01-26T18:54:00,488,488
http://irail.be/vehicle/P8803,http://irail.be/stations/NMBS/008884335,P,2018-01-26T18:59:00,2018-01-26T18:59:00,,488
http://irail.be/vehicle/P8803,NO-URI,P,2018-05-29T17:05:00,2018-05-29T17:05:00,-280,
http://irail.be/vehicle/P8803,http://irail.be/stations/NMBS/008811007,P,2018-05-29T17:20:00,2018-05-29T17:15:00,589,-385
http://irail.be/vehicle/P8803,http://irail.be/stations/NMBS/008812005,P,2018-05-29T17:28:00,2018-05-29T17:25:00,394,501
http://irail.be/vehicle/P8803,http://irail.be/stations/NMBS/008813045,P,2018-05-29T17:30:00,2018-05-29T17:30:00,404,404
http://irail.be/vehicle/P8803,http://irail.be/stations/NMBS/008813003,P,2018-05-29T17:32:00,2018-05-29T17:31:00,513,483
http://irail.be/vehicle/P8803,http://irail.be/stations/NMBS/008813037,P,2018-05-29T17:34:00,2018-05-29T17:34:00,464,464
http://irail.be/vehicle/P8803,http://irail.be/stations/NMBS/008814001,P,2018-05-29T17:38:00,2018-05-29T17:36:00,458,516
http://irail.be/vehicle/P8803,http://irail.be/stations/NMBS/008814373,P,2018-05-29T17:42:00,2018-05-29T17:42:00,430,430
http://irail.be/vehicle/P8803,http://irail.be/stations/NMBS/008814308,P,2018-05-29T17:47:00,2018-05-29T17:47:00,385,385
http://irail.be/vehicle/P8803,http://irail.be/stations/NMBS/008814332,P,2018-05-29T17:49:00,2018-05-29T17:49:00,357,357
http://irail.be/vehicle/P8803,http://irail.be/stations/NMBS/008883808,P,2018-05-29T17:50:00,2018-05-29T17:50:00,325,325
http://irail.be/vehicle/P8803,http://irail.be/stations/NMBS/008883022,P,2018-05-29T17:53:00,2018-05-29T17:53:00,281,281
http://irail.be/vehicle/P8803,NO-URI,P,2018-05-29T17:54:00,2018-05-29T17:54:00,232,232
http://irail.be/vehicle/P8803,http://irail.be/stations/NMBS/008883006,P,2018-05-29T18:00:00,2018-05-29T17:59:00,325,362
http://irail.be/vehicle/P8803,http://irail.be/stations/NMBS/008883113,P,2018-05-29T18:06:00,2018-05-29T18:05:00,327,305
http://irail.be/vehicle/P8803,NO-URI,P,2018-05-29T18:10:00,2018-05-29T18:10:00,292,292
http://irail.be/vehicle/P8803,http://irail.be/stations/NMBS/008883121,P,2018-05-29T18:10:00,2018-05-29T18:10:00,303,303
http://irail.be/vehicle/P8803,http://irail.be/stations/NMBS/008881174,P,2018-05-29T18:11:00,2018-05-29T18:11:00,321,321
http://irail.be/vehicle/P8803,http://irail.be/stations/NMBS/008881166,P,2018-05-29T18:15:00,2018-05-29T18:14:00,309,307
http://irail.be/vehicle/P8803,http://irail.be/stations/NMBS/008881158,P,2018-05-29T18:17:00,2018-05-29T18:17:00,309,309
http://irail.be/vehicle/P8803,http://irail.be/stations/NMBS/008881125,P,2018-05-29T18:20:00,2018-05-29T18:20:00,224,224
http://irail.be/vehicle/P8803,http://irail.be/stations/NMBS/008881000,P,2018-05-29T18:28:00,2018-05-29T18:24:00,77,191
http://irail.be/vehicle/P8803,http://irail.be/stations/NMBS/008884566,P,2018-05-29T18:35:00,2018-05-29T18:34:00,58,77
http://irail.be/vehicle/P8803,http://irail.be/stations/NMBS/008884541,P,2018-05-29T18:39:00,2018-05-29T18:38:00,122,88
http://irail.be/vehicle/P8803,http://irail.be/stations/NMBS/008884004,P,2018-05-29T18:44:00,2018-05-29T18:42:00,114,148
http://irail.be/vehicle/P8803,http://irail.be/stations/NMBS/008884319,P,2018-05-29T18:48:00,2018-05-29T18:48:00,156,144
http://irail.be/vehicle/P8803,http://irail.be/stations/NMBS/008884327,P,2018-05-29T18:51:00,2018-05-29T18:51:00,156,156
http://irail.be/vehicle/P8803,http://irail.be/stations/NMBS/008884350,P,2018-05-29T18:54:00,2018-05-29T18:54:00,156,156
http://irail.be/vehicle/P8803,http://irail.be/stations/NMBS/008884335,P,2018-05-29T18:59:00,2018-05-29T18:59:00,,156
http://irail.be/vehicle/P8803,NO-URI,P,2018-01-23T17:05:00,2018-01-23T17:05:00,36,
http://irail.be/vehicle/P8803,http://irail.be/stations/NMBS/008811007,P,2018-01-23T17:20:00,2018-01-23T17:15:00,18,-79
http://irail.be/vehicle/P8803,http://irail.be/stations/NMBS/008812005,P,2018-01-23T17:28:00,2018-01-23T17:25:00,148,-51
http://irail.be/vehicle/P8803,http://irail.be/stations/NMBS/008813045,P,2018-01-23T17:30:00,2018-01-23T17:30:00,151,151
http://irail.be/vehicle/P8803,http://irail.be/stations/NMBS/008813003,P,2018-01-23T17:32:00,2018-01-23T17:31:00,251,181
http://irail.be/vehicle/P8803,http://irail.be/stations/NMBS/008813037,P,2018-01-23T17:34:00,2018-01-23T17:34:00,200,200
http://irail.be/vehicle/P8803,http://irail.be/stations/NMBS/008814001,P,2018-01-23T17:38:00,2018-01-23T17:36:00,236,277
http://irail.be/vehicle/P8803,http://irail.be/stations/NMBS/008814373,P,2018-01-23T17:42:00,2018-01-23T17:42:00,281,281
http://irail.be/vehicle/P8803,http://irail.be/stations/NMBS/008814308,P,2018-01-23T17:47:00,2018-01-23T17:47:00,608,608
http://irail.be/vehicle/P8803,http://irail.be/stations/NMBS/008814332,P,2018-01-23T17:49:00,2018-01-23T17:49:00,588,588
http://irail.be/vehicle/P8803,http://irail.be/stations/NMBS/008883808,P,2018-01-23T17:50:00,2018-01-23T17:50:00,565,565
http://irail.be/vehicle/P8803,http://irail.be/stations/NMBS/008883022,P,2018-01-23T17:53:00,2018-01-23T17:53:00,519,519
http://irail.be/vehicle/P8803,NO-URI,P,2018-01-23T17:54:00,2018-01-23T17:54:00,475,475
http://irail.be/vehicle/P8803,http://irail.be/stations/NMBS/008883006,P,2018-01-23T18:00:00,2018-01-23T17:59:00,761,521
http://irail.be/vehicle/P8803,http://irail.be/stations/NMBS/008883113,P,2018-01-23T18:06:00,2018-01-23T18:05:00,883,849
http://irail.be/vehicle/P8803,NO-URI,P,2018-01-23T18:10:00,2018-01-23T18:10:00,935,935
http://irail.be/vehicle/P8803,http://irail.be/stations/NMBS/008883121,P,2018-01-23T18:10:00,2018-01-23T18:10:00,956,956
http://irail.be/vehicle/P8803,http://irail.be/stations/NMBS/008881174,P,2018-01-23T18:11:00,2018-01-23T18:11:00,998,998
http://irail.be/vehicle/P8803,http://irail.be/stations/NMBS/008881166,P,2018-01-23T18:15:00,2018-01-23T18:14:00,1049,985
http://irail.be/vehicle/P8803,http://irail.be/stations/NMBS/008881158,P,2018-01-23T18:17:00,2018-01-23T18:17:00,1049,1049
http://irail.be/vehicle/P8803,http://irail.be/stations/NMBS/008881125,P,2018-01-23T18:20:00,2018-01-23T18:20:00,1008,1008
http://irail.be/vehicle/P8803,http://irail.be/stations/NMBS/008881000,P,2018-01-23T18:24:00,2018-01-23T18:24:00,,1038
http://irail.be/vehicle/P8803,NO-URI,P,2018-02-07T17:05:00,2018-02-07T17:05:00,48,
http://irail.be/vehicle/P8803,http://irail.be/stations/NMBS/008811007,P,2018-02-07T17:20:00,2018-02-07T17:15:00,19,-39
http://irail.be/vehicle/P8803,http://irail.be/stations/NMBS/008812005,P,2018-02-07T17:28:00,2018-02-07T17:25:00,43,-34
http://irail.be/vehicle/P8803,http://irail.be/stations/NMBS/008813045,P,2018-02-07T17:30:00,2018-02-07T17:30:00,73,73
http://irail.be/vehicle/P8803,http://irail.be/stations/NMBS/008813003,P,2018-02-07T17:32:00,2018-02-07T17:31:00,326,295
http://irail.be/vehicle/P8803,http://irail.be/stations/NMBS/008813037,P,2018-02-07T17:34:00,2018-02-07T17:34:00,274,274
http://irail.be/vehicle/P8803,http://irail.be/stations/NMBS/008814001,P,2018-02-07T17:38:00,2018-02-07T17:36:00,284,325
http://irail.be/vehicle/P8803,http://irail.be/stations/NMBS/008814373,P,2018-02-07T17:42:00,2018-02-07T17:42:00,282,282
http://irail.be/vehicle/P8803,http://irail.be/stations/NMBS/008814308,P,2018-02-07T17:47:00,2018-02-07T17:47:00,375,375
http://irail.be/vehicle/P8803,http://irail.be/stations/NMBS/008814332,P,2018-02-07T17:49:00,2018-02-07T17:49:00,355,355
http://irail.be/vehicle/P8803,http://irail.be/stations/NMBS/008883808,P,2018-02-07T17:50:00,2018-02-07T17:50:00,507,507
http://irail.be/vehicle/P8803,http://irail.be/stations/NMBS/008883022,P,2018-02-07T17:53:00,2018-02-07T17:53:00,511,511
http://irail.be/vehicle/P8803,NO-URI,P,2018-02-07T17:54:00,2018-02-07T17:54:00,461,461
http://irail.be/vehicle/P8803,http://irail.be/stations/NMBS/008883006,P,2018-02-07T18:00:00,2018-02-07T17:59:00,532,473
http://irail.be/vehicle/P8803,http://irail.be/stations/NMBS/008883113,P,2018-02-07T18:06:00,2018-02-07T18:05:00,600,566
http://irail.be/vehicle/P8803,NO-URI,P,2018-02-07T18:10:00,2018-02-07T18:10:00,539,539
http://irail.be/vehicle/P8803,http://irail.be/stations/NMBS/008883121,P,2018-02-07T18:10:00,2018-02-07T18:10:00,552,552
http://irail.be/vehicle/P8803,http://irail.be/stations/NMBS/008881174,P,2018-02-07T18:11:00,2018-02-07T18:11:00,578,578
http://irail.be/vehicle/P8803,http://irail.be/stations/NMBS/008881166,P,2018-02-07T18:15:00,2018-02-07T18:14:00,573,569
http://irail.be/vehicle/P8803,http://irail.be/stations/NMBS/008881158,P,2018-02-07T18:17:00,2018-02-07T18:17:00,573,573
http://irail.be/vehicle/P8803,http://irail.be/stations/NMBS/008881125,P,2018-02-07T18:20:00,2018-02-07T18:20:00,477,477
http://irail.be/vehicle/P8803,http://irail.be/stations/NMBS/008881000,P,2018-02-07T18:28:00,2018-02-07T18:24:00,378,462
http://irail.be/vehicle/P8803,http://irail.be/stations/NMBS/008884566,P,2018-02-07T18:35:00,2018-02-07T18:34:00,378,378
http://irail.be/vehicle/P8803,http://irail.be/stations/NMBS/008884541,P,2018-02-07T18:39:00,2018-02-07T18:38:00,353,322
http://irail.be/vehicle/P8803,http://irail.be/stations/NMBS/008884004,P,2018-02-07T18:44:00,2018-02-07T18:42:00,360,410
http://irail.be/vehicle/P8803,http://irail.be/stations/NMBS/008884319,P,2018-02-07T18:48:00,2018-02-07T18:48:00,331,325
http://irail.be/vehicle/P8803,http://irail.be/stations/NMBS/008884327,P,2018-02-07T18:51:00,2018-02-07T18:51:00,331,331
http://irail.be/vehicle/P8803,http://irail.be/stations/NMBS/008884350,P,2018-02-07T18:54:00,2018-02-07T18:54:00,331,331
http://irail.be/vehicle/P8803,http://irail.be/stations/NMBS/008884335,P,2018-02-07T18:59:00,2018-02-07T18:59:00,,331
http://irail.be/vehicle/P8803,NO-URI,P,2018-11-06T17:05:00,2018-11-06T17:05:00,112,
http://irail.be/vehicle/P8803,http://irail.be/stations/NMBS/008811007,P,2018-11-06T17:20:00,2018-11-06T17:15:00,22,79
http://irail.be/vehicle/P8803,http://irail.be/stations/NMBS/008812005,P,2018-11-06T17:28:00,2018-11-06T17:25:00,55,10
http://irail.be/vehicle/P8803,http://irail.be/stations/NMBS/008813045,P,2018-11-06T17:30:00,2018-11-06T17:30:00,71,71
http://irail.be/vehicle/P8803,http://irail.be/stations/NMBS/008813003,P,2018-11-06T17:32:00,2018-11-06T17:31:00,175,125
http://irail.be/vehicle/P8803,http://irail.be/stations/NMBS/008813037,P,2018-11-06T17:34:00,2018-11-06T17:34:00,125,125
http://irail.be/vehicle/P8803,http://irail.be/stations/NMBS/008814001,P,2018-11-06T17:38:00,2018-11-06T17:36:00,162,184
http://irail.be/vehicle/P8803,http://irail.be/stations/NMBS/008814373,P,2018-11-06T17:42:00,2018-11-06T17:42:00,137,137
http://irail.be/vehicle/P8803,http://irail.be/stations/NMBS/008814308,P,2018-11-06T17:47:00,2018-11-06T17:47:00,136,136
http://irail.be/vehicle/P8803,http://irail.be/stations/NMBS/008814332,P,2018-11-06T17:49:00,2018-11-06T17:49:00,109,109
http://irail.be/vehicle/P8803,http://irail.be/stations/NMBS/008883808,P,2018-11-06T17:50:00,2018-11-06T17:50:00,91,91
http://irail.be/vehicle/P8803,http://irail.be/stations/NMBS/008883022,P,2018-11-06T17:53:00,2018-11-06T17:53:00,50,50
http://irail.be/vehicle/P8803,NO-URI,P,2018-11-06T17:54:00,2018-11-06T17:54:00,1,1
http://irail.be/vehicle/P8803,http://irail.be/stations/NMBS/008883006,P,2018-11-06T18:00:00,2018-11-06T17:59:00,45,-46
http://irail.be/vehicle/P8803,http://irail.be/stations/NMBS/008883113,P,2018-11-06T18:06:00,2018-11-06T18:05:00,66,9
http://irail.be/vehicle/P8803,NO-URI,P,2018-11-06T18:10:00,2018-11-06T18:10:00,9,9
http://irail.be/vehicle/P8803,http://irail.be/stations/NMBS/008883121,P,2018-11-06T18:10:00,2018-11-06T18:10:00,22,22
http://irail.be/vehicle/P8803,http://irail.be/stations/NMBS/008881174,P,2018-11-06T18:11:00,2018-11-06T18:11:00,57,57
http://irail.be/vehicle/P8803,http://irail.be/stations/NMBS/008881166,P,2018-11-06T18:15:00,2018-11-06T18:14:00,123,57
http://irail.be/vehicle/P8803,http://irail.be/stations/NMBS/008881158,P,2018-11-06T18:18:00,2018-11-06T18:18:00,123,123
http://irail.be/vehicle/P8803,http://irail.be/stations/NMBS/008881125,P,2018-11-06T18:19:00,2018-11-06T18:19:00,238,238
http://irail.be/vehicle/P8803,http://irail.be/stations/NMBS/008881000,P,2018-11-06T18:28:00,2018-11-06T18:24:00,352,376
http://irail.be/vehicle/P8803,http://irail.be/stations/NMBS/008884566,P,2018-11-06T18:35:00,2018-11-06T18:34:00,352,352
http://irail.be/vehicle/P8803,http://irail.be/stations/NMBS/008884541,P,2018-11-06T18:39:00,2018-11-06T18:38:00,323,294
http://irail.be/vehicle/P8803,http://irail.be/stations/NMBS/008884004,P,2018-11-06T18:44:00,2018-11-06T18:42:00,359,371
http://irail.be/vehicle/P8803,http://irail.be/stations/NMBS/008884319,P,2018-11-06T18:48:00,2018-11-06T18:48:00,458,384
http://irail.be/vehicle/P8803,http://irail.be/stations/NMBS/008884327,P,2018-11-06T18:51:00,2018-11-06T18:51:00,458,458
http://irail.be/vehicle/P8803,http://irail.be/stations/NMBS/008884350,P,2018-11-06T18:54:00,2018-11-06T18:54:00,458,458
http://irail.be/vehicle/P8803,http://irail.be/stations/NMBS/008884335,P,2018-11-06T18:59:00,2018-11-06T18:59:00,,458
http://irail.be/vehicle/P8803,NO-URI,P,2018-11-26T17:05:00,2018-11-26T17:05:00,-117,
http://irail.be/vehicle/P8803,http://irail.be/stations/NMBS/008811007,P,2018-11-26T17:20:00,2018-11-26T17:15:00,20,220
http://irail.be/vehicle/P8803,http://irail.be/stations/NMBS/008812005,P,2018-11-26T17:28:00,2018-11-26T17:25:00,139,109
http://irail.be/vehicle/P8803,http://irail.be/stations/NMBS/008813045,P,2018-11-26T17:30:00,2018-11-26T17:30:00,146,146
http://irail.be/vehicle/P8803,http://irail.be/stations/NMBS/008813003,P,2018-11-26T17:32:00,2018-11-26T17:31:00,215,202
http://irail.be/vehicle/P8803,http://irail.be/stations/NMBS/008813037,P,2018-11-26T17:34:00,2018-11-26T17:34:00,160,160
http://irail.be/vehicle/P8803,http://irail.be/stations/NMBS/008814001,P,2018-11-26T17:38:00,2018-11-26T17:36:00,165,225
http://irail.be/vehicle/P8803,http://irail.be/stations/NMBS/008814373,P,2018-11-26T17:42:00,2018-11-26T17:42:00,160,160
http://irail.be/vehicle/P8803,http://irail.be/stations/NMBS/008814308,P,2018-11-26T17:47:00,2018-11-26T17:47:00,218,218
http://irail.be/vehicle/P8803,http://irail.be/stations/NMBS/008814332,P,2018-11-26T17:49:00,2018-11-26T17:49:00,251,251
http://irail.be/vehicle/P8803,http://irail.be/stations/NMBS/008883808,P,2018-11-26T17:50:00,2018-11-26T17:50:00,276,276
http://irail.be/vehicle/P8803,http://irail.be/stations/NMBS/008883022,P,2018-11-26T17:53:00,2018-11-26T17:53:00,223,223
http://irail.be/vehicle/P8803,NO-URI,P,2018-11-26T17:54:00,2018-11-26T17:54:00,172,172
http://irail.be/vehicle/P8803,http://irail.be/stations/NMBS/008883006,P,2018-11-26T18:00:00,2018-11-26T17:59:00,377,338
http://irail.be/vehicle/P8803,http://irail.be/stations/NMBS/008883113,P,2018-11-26T18:06:00,2018-11-26T18:05:00,348,331
http://irail.be/vehicle/P8803,NO-URI,P,2018-11-26T18:10:00,2018-11-26T18:10:00,298,298
http://irail.be/vehicle/P8803,http://irail.be/stations/NMBS/008883121,P,2018-11-26T18:10:00,2018-11-26T18:10:00,309,309
http://irail.be/vehicle/P8803,http://irail.be/stations/NMBS/008881174,P,2018-11-26T18:11:00,2018-11-26T18:11:00,334,334
http://irail.be/vehicle/P8803,http://irail.be/stations/NMBS/008881166,P,2018-11-26T18:15:00,2018-11-26T18:14:00,480,488
http://irail.be/vehicle/P8803,http://irail.be/stations/NMBS/008881158,P,2018-11-26T18:18:00,2018-11-26T18:18:00,480,480
http://irail.be/vehicle/P8803,http://irail.be/stations/NMBS/008881125,P,2018-11-26T18:19:00,2018-11-26T18:19:00,548,548
http://irail.be/vehicle/P8803,http://irail.be/stations/NMBS/008881000,P,2018-11-26T18:28:00,2018-11-26T18:24:00,1266,687
http://irail.be/vehicle/P8803,http://irail.be/stations/NMBS/008884566,P,2018-11-26T18:35:00,2018-11-26T18:34:00,1266,1266
http://irail.be/vehicle/P8803,http://irail.be/stations/NMBS/008884541,P,2018-11-26T18:39:00,2018-11-26T18:38:00,1221,1172
http://irail.be/vehicle/P8803,http://irail.be/stations/NMBS/008884004,P,2018-11-26T18:44:00,2018-11-26T18:42:00,1235,1258
http://irail.be/vehicle/P8803,http://irail.be/stations/NMBS/008884319,P,2018-11-26T18:48:00,2018-11-26T18:48:00,1432,1407
http://irail.be/vehicle/P8803,http://irail.be/stations/NMBS/008884327,P,2018-11-26T18:51:00,2018-11-26T18:51:00,1432,1432
http://irail.be/vehicle/P8803,http://irail.be/stations/NMBS/008884350,P,2018-11-26T18:54:00,2018-11-26T18:54:00,1432,1432
http://irail.be/vehicle/P8803,http://irail.be/stations/NMBS/008884335,P,2018-11-26T18:59:00,2018-11-26T18:59:00,,1432
http://irail.be/vehicle/P8803,NO-URI,P,2018-05-17T17:05:00,2018-05-17T17:05:00,5,
http://irail.be/vehicle/P8803,http://irail.be/stations/NMBS/008811007,P,2018-05-17T17:20:00,2018-05-17T17:15:00,33,18
http://irail.be/vehicle/P8803,http://irail.be/stations/NMBS/008812005,P,2018-05-17T17:28:00,2018-05-17T17:25:00,63,-42
http://irail.be/vehicle/P8803,http://irail.be/stations/NMBS/008813045,P,2018-05-17T17:30:00,2018-05-17T17:30:00,68,68
http://irail.be/vehicle/P8803,http://irail.be/stations/NMBS/008813003,P,2018-05-17T17:32:00,2018-05-17T17:31:00,182,139
http://irail.be/vehicle/P8803,http://irail.be/stations/NMBS/008813037,P,2018-05-17T17:34:00,2018-05-17T17:34:00,130,130
http://irail.be/vehicle/P8803,http://irail.be/stations/NMBS/008814001,P,2018-05-17T17:38:00,2018-05-17T17:36:00,256,183
http://irail.be/vehicle/P8803,http://irail.be/stations/NMBS/008814373,P,2018-05-17T17:42:00,2018-05-17T17:42:00,227,227
http://irail.be/vehicle/P8803,http://irail.be/stations/NMBS/008814308,P,2018-05-17T17:47:00,2018-05-17T17:47:00,313,313
http://irail.be/vehicle/P8803,http://irail.be/stations/NMBS/008814332,P,2018-05-17T17:49:00,2018-05-17T17:49:00,287,287
http://irail.be/vehicle/P8803,http://irail.be/stations/NMBS/008883808,P,2018-05-17T17:50:00,2018-05-17T17:50:00,262,262
http://irail.be/vehicle/P8803,http://irail.be/stations/NMBS/008883022,P,2018-05-17T17:53:00,2018-05-17T17:53:00,222,222
http://irail.be/vehicle/P8803,NO-URI,P,2018-05-17T17:54:00,2018-05-17T17:54:00,171,171
http://irail.be/vehicle/P8803,http://irail.be/stations/NMBS/008883006,P,2018-05-17T18:00:00,2018-05-17T17:59:00,105,129
http://irail.be/vehicle/P8803,http://irail.be/stations/NMBS/008883113,P,2018-05-17T18:06:00,2018-05-17T18:05:00,98,59
http://irail.be/vehicle/P8803,NO-URI,P,2018-05-17T18:10:00,2018-05-17T18:10:00,53,53
http://irail.be/vehicle/P8803,http://irail.be/stations/NMBS/008883121,P,2018-05-17T18:10:00,2018-05-17T18:10:00,64,64
http://irail.be/vehicle/P8803,http://irail.be/stations/NMBS/008881174,P,2018-05-17T18:11:00,2018-05-17T18:11:00,90,90
http://irail.be/vehicle/P8803,http://irail.be/stations/NMBS/008881166,P,2018-05-17T18:15:00,2018-05-17T18:14:00,175,79
http://irail.be/vehicle/P8803,http://irail.be/stations/NMBS/008881158,P,2018-05-17T18:17:00,2018-05-17T18:17:00,175,175
http://irail.be/vehicle/P8803,http://irail.be/stations/NMBS/008881125,P,2018-05-17T18:20:00,2018-05-17T18:20:00,260,260
http://irail.be/vehicle/P8803,http://irail.be/stations/NMBS/008881000,P,2018-05-17T18:28:00,2018-05-17T18:24:00,433,492
http://irail.be/vehicle/P8803,http://irail.be/stations/NMBS/008884566,P,2018-05-17T18:35:00,2018-05-17T18:34:00,433,433
http://irail.be/vehicle/P8803,http://irail.be/stations/NMBS/008884541,P,2018-05-17T18:39:00,2018-05-17T18:38:00,387,352
http://irail.be/vehicle/P8803,http://irail.be/stations/NMBS/008884004,P,2018-05-17T18:44:00,2018-05-17T18:42:00,401,428
http://irail.be/vehicle/P8803,http://irail.be/stations/NMBS/008884319,P,2018-05-17T18:48:00,2018-05-17T18:48:00,413,373
http://irail.be/vehicle/P8803,http://irail.be/stations/NMBS/008884327,P,2018-05-17T18:51:00,2018-05-17T18:51:00,413,413
http://irail.be/vehicle/P8803,http://irail.be/stations/NMBS/008884350,P,2018-05-17T18:54:00,2018-05-17T18:54:00,413,413
http://irail.be/vehicle/P8803,http://irail.be/stations/NMBS/008884335,P,2018-05-17T18:59:00,2018-05-17T18:59:00,,413
http://irail.be/vehicle/P8803,NO-URI,P,2018-12-07T17:05:00,2018-12-07T17:05:00,173,
http://irail.be/vehicle/P8803,http://irail.be/stations/NMBS/008811007,P,2018-12-07T17:20:00,2018-12-07T17:15:00,34,101
http://irail.be/vehicle/P8803,http://irail.be/stations/NMBS/008812005,P,2018-12-07T17:28:00,2018-12-07T17:25:00,98,50
http://irail.be/vehicle/P8803,http://irail.be/stations/NMBS/008813045,P,2018-12-07T17:30:00,2018-12-07T17:30:00,106,106
http://irail.be/vehicle/P8803,http://irail.be/stations/NMBS/008813003,P,2018-12-07T17:32:00,2018-12-07T17:31:00,289,231
http://irail.be/vehicle/P8803,http://irail.be/stations/NMBS/008813037,P,2018-12-07T17:34:00,2018-12-07T17:34:00,239,239
http://irail.be/vehicle/P8803,http://irail.be/stations/NMBS/008814001,P,2018-12-07T17:38:00,2018-12-07T17:36:00,516,293
http://irail.be/vehicle/P8803,http://irail.be/stations/NMBS/008814373,P,2018-12-07T17:42:00,2018-12-07T17:42:00,535,535
http://irail.be/vehicle/P8803,http://irail.be/stations/NMBS/008814308,P,2018-12-07T17:47:00,2018-12-07T17:47:00,900,900
http://irail.be/vehicle/P8803,http://irail.be/stations/NMBS/008814332,P,2018-12-07T17:49:00,2018-12-07T17:49:00,883,883
http://irail.be/vehicle/P8803,http://irail.be/stations/NMBS/008883808,P,2018-12-07T17:50:00,2018-12-07T17:50:00,878,878
http://irail.be/vehicle/P8803,http://irail.be/stations/NMBS/008883022,P,2018-12-07T17:53:00,2018-12-07T17:53:00,841,841
http://irail.be/vehicle/P8803,NO-URI,P,2018-12-07T17:54:00,2018-12-07T17:54:00,799,799
http://irail.be/vehicle/P8803,http://irail.be/stations/NMBS/008883006,P,2018-12-07T18:00:00,2018-12-07T17:59:00,1073,973
http://irail.be/vehicle/P8803,http://irail.be/stations/NMBS/008883113,P,2018-12-07T18:06:00,2018-12-07T18:05:00,1108,1063
http://irail.be/vehicle/P8803,NO-URI,P,2018-12-07T18:10:00,2018-12-07T18:10:00,1071,1071
http://irail.be/vehicle/P8803,http://irail.be/stations/NMBS/008883121,P,2018-12-07T18:10:00,2018-12-07T18:10:00,1081,1081
http://irail.be/vehicle/P8803,http://irail.be/stations/NMBS/008881174,P,2018-12-07T18:11:00,2018-12-07T18:11:00,1111,1111
http://irail.be/vehicle/P8803,http://irail.be/stations/NMBS/008881166,P,2018-12-07T18:15:00,2018-12-07T18:14:00,1115,1100
http://irail.be/vehicle/P8803,http://irail.be/stations/NMBS/008881158,P,2018-12-07T18:18:00,2018-12-07T18:18:00,1115,1115
http://irail.be/vehicle/P8803,http://irail.be/stations/NMBS/008881125,P,2018-12-07T18:19:00,2018-12-07T18:19:00,1174,1174
http://irail.be/vehicle/P8803,http://irail.be/stations/NMBS/008881000,P,2018-12-07T18:28:00,2018-12-07T18:24:00,1488,1501
http://irail.be/vehicle/P8803,http://irail.be/stations/NMBS/008884566,P,2018-12-07T18:35:00,2018-12-07T18:34:00,1488,1488
http://irail.be/vehicle/P8803,http://irail.be/stations/NMBS/008884541,P,2018-12-07T18:39:00,2018-12-07T18:38:00,1424,1383
http://irail.be/vehicle/P8803,http://irail.be/stations/NMBS/008884004,P,2018-12-07T18:42:00,2018-12-07T18:42:00,,1486
http://irail.be/vehicle/P8803,NO-URI,P,2018-10-15T17:05:00,2018-10-15T17:05:00,-141,
http://irail.be/vehicle/P8803,http://irail.be/stations/NMBS/008811007,P,2018-10-15T17:20:00,2018-10-15T17:15:00,4,5
http://irail.be/vehicle/P8803,http://irail.be/stations/NMBS/008812005,P,2018-10-15T17:28:00,2018-10-15T17:25:00,207,280
http://irail.be/vehicle/P8803,http://irail.be/stations/NMBS/008813045,P,2018-10-15T17:30:00,2018-10-15T17:30:00,212,212
http://irail.be/vehicle/P8803,http://irail.be/stations/NMBS/008813003,P,2018-10-15T17:32:00,2018-10-15T17:31:00,287,247
http://irail.be/vehicle/P8803,http://irail.be/stations/NMBS/008813037,P,2018-10-15T17:34:00,2018-10-15T17:34:00,235,235
http://irail.be/vehicle/P8803,http://irail.be/stations/NMBS/008814001,P,2018-10-15T17:38:00,2018-10-15T17:36:00,245,288
http://irail.be/vehicle/P8803,http://irail.be/stations/NMBS/008814373,P,2018-10-15T17:42:00,2018-10-15T17:42:00,206,206
http://irail.be/vehicle/P8803,http://irail.be/stations/NMBS/008814308,P,2018-10-15T17:47:00,2018-10-15T17:47:00,155,155
http://irail.be/vehicle/P8803,http://irail.be/stations/NMBS/008814332,P,2018-10-15T17:49:00,2018-10-15T17:49:00,128,128
http://irail.be/vehicle/P8803,http://irail.be/stations/NMBS/008883808,P,2018-10-15T17:50:00,2018-10-15T17:50:00,106,106
http://irail.be/vehicle/P8803,http://irail.be/stations/NMBS/008883022,P,2018-10-15T17:53:00,2018-10-15T17:53:00,66,66
http://irail.be/vehicle/P8803,NO-URI,P,2018-10-15T17:54:00,2018-10-15T17:54:00,23,23
http://irail.be/vehicle/P8803,http://irail.be/stations/NMBS/008883006,P,2018-10-15T18:00:00,2018-10-15T17:59:00,272,264
http://irail.be/vehicle/P8803,http://irail.be/stations/NMBS/008883113,P,2018-10-15T18:06:00,2018-10-15T18:05:00,236,221
http://irail.be/vehicle/P8803,NO-URI,P,2018-10-15T18:10:00,2018-10-15T18:10:00,172,172
http://irail.be/vehicle/P8803,http://irail.be/stations/NMBS/008883121,P,2018-10-15T18:10:00,2018-10-15T18:10:00,182,182
http://irail.be/vehicle/P8803,http://irail.be/stations/NMBS/008881174,P,2018-10-15T18:11:00,2018-10-15T18:11:00,207,207
http://irail.be/vehicle/P8803,http://irail.be/stations/NMBS/008881166,P,2018-10-15T18:15:00,2018-10-15T18:14:00,212,197
http://irail.be/vehicle/P8803,http://irail.be/stations/NMBS/008881158,P,2018-10-15T18:18:00,2018-10-15T18:18:00,212,212
http://irail.be/vehicle/P8803,http://irail.be/stations/NMBS/008881125,P,2018-10-15T18:19:00,2018-10-15T18:19:00,206,206
http://irail.be/vehicle/P8803,http://irail.be/stations/NMBS/008881000,P,2018-10-15T18:28:00,2018-10-15T18:24:00,135,214
http://irail.be/vehicle/P8803,http://irail.be/stations/NMBS/008884566,P,2018-10-15T18:35:00,2018-10-15T18:34:00,135,135
http://irail.be/vehicle/P8803,http://irail.be/stations/NMBS/008884541,P,2018-10-15T18:39:00,2018-10-15T18:38:00,60,56
http://irail.be/vehicle/P8803,http://irail.be/stations/NMBS/008884004,P,2018-10-15T18:44:00,2018-10-15T18:42:00,97,106
http://irail.be/vehicle/P8803,http://irail.be/stations/NMBS/008884319,P,2018-10-15T18:48:00,2018-10-15T18:48:00,158,156
http://irail.be/vehicle/P8803,http://irail.be/stations/NMBS/008884327,P,2018-10-15T18:51:00,2018-10-15T18:51:00,158,158
http://irail.be/vehicle/P8803,http://irail.be/stations/NMBS/008884350,P,2018-10-15T18:54:00,2018-10-15T18:54:00,158,158
http://irail.be/vehicle/P8803,http://irail.be/stations/NMBS/008884335,P,2018-10-15T18:59:00,2018-10-15T18:59:00,,158
http://irail.be/vehicle/P8803,NO-URI,P,2018-04-24T17:05:00,2018-04-24T17:05:00,-59,
http://irail.be/vehicle/P8803,http://irail.be/stations/NMBS/008811007,P,2018-04-24T17:20:00,2018-04-24T17:15:00,6,-179
http://irail.be/vehicle/P8803,http://irail.be/stations/NMBS/008812005,P,2018-04-24T17:28:00,2018-04-24T17:25:00,1,12
http://irail.be/vehicle/P8803,http://irail.be/stations/NMBS/008813045,P,2018-04-24T17:30:00,2018-04-24T17:30:00,15,15
http://irail.be/vehicle/P8803,http://irail.be/stations/NMBS/008813003,P,2018-04-24T17:32:00,2018-04-24T17:31:00,287,229
http://irail.be/vehicle/P8803,http://irail.be/stations/NMBS/008813037,P,2018-04-24T17:34:00,2018-04-24T17:34:00,241,241
http://irail.be/vehicle/P8803,http://irail.be/stations/NMBS/008814001,P,2018-04-24T17:38:00,2018-04-24T17:36:00,374,341
http://irail.be/vehicle/P8803,http://irail.be/stations/NMBS/008814373,P,2018-04-24T17:42:00,2018-04-24T17:42:00,374,374
http://irail.be/vehicle/P8803,http://irail.be/stations/NMBS/008814308,P,2018-04-24T17:47:00,2018-04-24T17:47:00,441,441
http://irail.be/vehicle/P8803,http://irail.be/stations/NMBS/008814332,P,2018-04-24T17:49:00,2018-04-24T17:49:00,414,414
http://irail.be/vehicle/P8803,http://irail.be/stations/NMBS/008883808,P,2018-04-24T17:50:00,2018-04-24T17:50:00,382,382
http://irail.be/vehicle/P8803,http://irail.be/stations/NMBS/008883022,P,2018-04-24T17:53:00,2018-04-24T17:53:00,599,599
http://irail.be/vehicle/P8803,NO-URI,P,2018-04-24T17:54:00,2018-04-24T17:54:00,672,672
http://irail.be/vehicle/P8803,http://irail.be/stations/NMBS/008883006,P,2018-04-24T18:00:00,2018-04-24T17:59:00,845,873
http://irail.be/vehicle/P8803,http://irail.be/stations/NMBS/008883113,P,2018-04-24T18:06:00,2018-04-24T18:05:00,803,787
http://irail.be/vehicle/P8803,NO-URI,P,2018-04-24T18:10:00,2018-04-24T18:10:00,746,746
http://irail.be/vehicle/P8803,http://irail.be/stations/NMBS/008883121,P,2018-04-24T18:10:00,2018-04-24T18:10:00,757,757
http://irail.be/vehicle/P8803,http://irail.be/stations/NMBS/008881174,P,2018-04-24T18:11:00,2018-04-24T18:11:00,841,841
http://irail.be/vehicle/P8803,http://irail.be/stations/NMBS/008881166,P,2018-04-24T18:15:00,2018-04-24T18:14:00,853,832
http://irail.be/vehicle/P8803,http://irail.be/stations/NMBS/008881158,P,2018-04-24T18:17:00,2018-04-24T18:17:00,853,853
http://irail.be/vehicle/P8803,http://irail.be/stations/NMBS/008881125,P,2018-04-24T18:20:00,2018-04-24T18:20:00,758,758
http://irail.be/vehicle/P8803,http://irail.be/stations/NMBS/008881000,P,2018-04-24T18:28:00,2018-04-24T18:24:00,713,734
http://irail.be/vehicle/P8803,http://irail.be/stations/NMBS/008884566,P,2018-04-24T18:35:00,2018-04-24T18:34:00,713,713
http://irail.be/vehicle/P8803,http://irail.be/stations/NMBS/008884541,P,2018-04-24T18:39:00,2018-04-24T18:38:00,638,631
http://irail.be/vehicle/P8803,http://irail.be/stations/NMBS/008884004,P,2018-04-24T18:44:00,2018-04-24T18:42:00,625,668
http://irail.be/vehicle/P8803,http://irail.be/stations/NMBS/008884319,P,2018-04-24T18:48:00,2018-04-24T18:48:00,941,941
http://irail.be/vehicle/P8803,http://irail.be/stations/NMBS/008884327,P,2018-04-24T18:51:00,2018-04-24T18:51:00,928,928
http://irail.be/vehicle/P8803,http://irail.be/stations/NMBS/008884350,P,2018-04-24T18:54:00,2018-04-24T18:54:00,928,928
http://irail.be/vehicle/P8803,http://irail.be/stations/NMBS/008884335,P,2018-04-24T18:59:00,2018-04-24T18:59:00,,928
http://irail.be/vehicle/P8803,NO-URI,P,2018-05-22T17:05:00,2018-05-22T17:05:00,983,
http://irail.be/vehicle/P8803,http://irail.be/stations/NMBS/008811007,P,2018-05-22T17:20:00,2018-05-22T17:15:00,1063,1291
http://irail.be/vehicle/P8803,http://irail.be/stations/NMBS/008812005,P,2018-05-22T17:28:00,2018-05-22T17:25:00,1121,1086
http://irail.be/vehicle/P8803,http://irail.be/stations/NMBS/008813045,P,2018-05-22T17:30:00,2018-05-22T17:30:00,1136,1136
http://irail.be/vehicle/P8803,http://irail.be/stations/NMBS/008813003,P,2018-05-22T17:32:00,2018-05-22T17:31:00,1286,1250
http://irail.be/vehicle/P8803,http://irail.be/stations/NMBS/008813037,P,2018-05-22T17:34:00,2018-05-22T17:34:00,1235,1235
http://irail.be/vehicle/P8803,http://irail.be/stations/NMBS/008814001,P,2018-05-22T17:38:00,2018-05-22T17:36:00,1260,1283
http://irail.be/vehicle/P8803,http://irail.be/stations/NMBS/008814373,P,2018-05-22T17:42:00,2018-05-22T17:42:00,1241,1241
http://irail.be/vehicle/P8803,http://irail.be/stations/NMBS/008814365,P,2018-05-22T17:43:18,2018-05-22T17:43:18,1190,1190
http://irail.be/vehicle/P8803,http://irail.be/stations/NMBS/008814357,P,2018-05-22T17:44:38,2018-05-22T17:44:38,1190,1190
http://irail.be/vehicle/P8803,http://irail.be/stations/NMBS/008814340,P,2018-05-22T17:45:25,2018-05-22T17:45:25,1222,1222
http://irail.be/vehicle/P8803,http://irail.be/stations/NMBS/008814308,P,2018-05-22T17:47:00,2018-05-22T17:47:00,1523,1523
http://irail.be/vehicle/P8803,http://irail.be/stations/NMBS/008814332,P,2018-05-22T17:49:00,2018-05-22T17:49:00,1501,1501
http://irail.be/vehicle/P8803,http://irail.be/stations/NMBS/008883808,P,2018-05-22T17:50:00,2018-05-22T17:50:00,1498,1498
http://irail.be/vehicle/P8803,http://irail.be/stations/NMBS/008883022,P,2018-05-22T17:53:00,2018-05-22T17:53:00,1464,1464
http://irail.be/vehicle/P8803,NO-URI,P,2018-05-22T17:54:00,2018-05-22T17:54:00,1411,1411
http://irail.be/vehicle/P8803,http://irail.be/stations/NMBS/008883006,P,2018-05-22T18:00:00,2018-05-22T17:59:00,1463,1465
http://irail.be/vehicle/P8803,http://irail.be/stations/NMBS/008883113,P,2018-05-22T18:06:00,2018-05-22T18:05:00,1544,1505
http://irail.be/vehicle/P8803,NO-URI,P,2018-05-22T18:10:00,2018-05-22T18:10:00,1482,1482
http://irail.be/vehicle/P8803,http://irail.be/stations/NMBS/008883121,P,2018-05-22T18:10:00,2018-05-22T18:10:00,1492,1492
http://irail.be/vehicle/P8803,http://irail.be/stations/NMBS/008881174,P,2018-05-22T18:11:00,2018-05-22T18:11:00,1519,1519
http://irail.be/vehicle/P8803,http://irail.be/stations/NMBS/008881166,P,2018-05-22T18:15:00,2018-05-22T18:14:00,1696,1649
http://irail.be/vehicle/P8803,http://irail.be/stations/NMBS/008881158,P,2018-05-22T18:17:00,2018-05-22T18:17:00,1696,1696
http://irail.be/vehicle/P8803,http://irail.be/stations/NMBS/008881125,P,2018-05-22T18:20:00,2018-05-22T18:20:00,1823,1823
http://irail.be/vehicle/P8803,http://irail.be/stations/NMBS/008881000,P,2018-05-22T18:24:00,2018-05-22T18:24:00,,1878
http://irail.be/vehicle/P8803,NO-URI,P,2018-06-07T17:05:00,2018-06-07T17:05:00,258,
http://irail.be/vehicle/P8803,http://irail.be/stations/NMBS/008811007,P,2018-06-07T17:20:00,2018-06-07T17:15:00,16,222
http://irail.be/vehicle/P8803,http://irail.be/stations/NMBS/008812005,P,2018-06-07T17:28:00,2018-06-07T17:25:00,47,37
http://irail.be/vehicle/P8803,http://irail.be/stations/NMBS/008813045,P,2018-06-07T17:30:00,2018-06-07T17:30:00,50,50
http://irail.be/vehicle/P8803,http://irail.be/stations/NMBS/008813003,P,2018-06-07T17:32:00,2018-06-07T17:31:00,186,145
http://irail.be/vehicle/P8803,http://irail.be/stations/NMBS/008813037,P,2018-06-07T17:34:00,2018-06-07T17:34:00,134,134
http://irail.be/vehicle/P8803,http://irail.be/stations/NMBS/008814001,P,2018-06-07T17:38:00,2018-06-07T17:36:00,122,180
http://irail.be/vehicle/P8803,http://irail.be/stations/NMBS/008814373,P,2018-06-07T17:42:00,2018-06-07T17:42:00,91,91
http://irail.be/vehicle/P8803,http://irail.be/stations/NMBS/008814365,P,2018-06-07T17:43:57,2018-06-07T17:43:57,-13,-13
http://irail.be/vehicle/P8803,http://irail.be/stations/NMBS/008814357,P,2018-06-07T17:45:34,2018-06-07T17:45:34,-13,-13
http://irail.be/vehicle/P8803,http://irail.be/stations/NMBS/008814340,P,2018-06-07T17:46:19,2018-06-07T17:46:19,-8,-8
http://irail.be/vehicle/P8803,http://irail.be/stations/NMBS/008814308,P,2018-06-07T17:47:00,2018-06-07T17:47:00,27,27
http://irail.be/vehicle/P8803,http://irail.be/stations/NMBS/008814332,P,2018-06-07T17:49:00,2018-06-07T17:49:00,10,10
http://irail.be/vehicle/P8803,http://irail.be/stations/NMBS/008883808,P,2018-06-07T17:50:00,2018-06-07T17:50:00,-20,-20
http://irail.be/vehicle/P8803,http://irail.be/stations/NMBS/008883022,P,2018-06-07T17:53:00,2018-06-07T17:53:00,-57,-57
http://irail.be/vehicle/P8803,NO-URI,P,2018-06-07T17:54:00,2018-06-07T17:54:00,-104,-104
http://irail.be/vehicle/P8803,http://irail.be/stations/NMBS/008883006,P,2018-06-07T18:00:00,2018-06-07T17:59:00,48,32
http://irail.be/vehicle/P8803,http://irail.be/stations/NMBS/008883113,P,2018-06-07T18:06:00,2018-06-07T18:05:00,42,-5
http://irail.be/vehicle/P8803,NO-URI,P,2018-06-07T18:10:00,2018-06-07T18:10:00,-17,-17
http://irail.be/vehicle/P8803,http://irail.be/stations/NMBS/008883121,P,2018-06-07T18:10:00,2018-06-07T18:10:00,-6,-6
http://irail.be/vehicle/P8803,http://irail.be/stations/NMBS/008881174,P,2018-06-07T18:11:00,2018-06-07T18:11:00,19,19
http://irail.be/vehicle/P8803,http://irail.be/stations/NMBS/008881166,P,2018-06-07T18:15:00,2018-06-07T18:14:00,189,86
http://irail.be/vehicle/P8803,http://irail.be/stations/NMBS/008881158,P,2018-06-07T18:17:00,2018-06-07T18:17:00,189,189
http://irail.be/vehicle/P8803,http://irail.be/stations/NMBS/008881125,P,2018-06-07T18:20:00,2018-06-07T18:20:00,343,343
http://irail.be/vehicle/P8803,http://irail.be/stations/NMBS/008881000,P,2018-06-07T18:28:00,2018-06-07T18:24:00,368,445
http://irail.be/vehicle/P8803,http://irail.be/stations/NMBS/008884566,P,2018-06-07T18:35:00,2018-06-07T18:34:00,368,368
http://irail.be/vehicle/P8803,http://irail.be/stations/NMBS/008884541,P,2018-06-07T18:39:00,2018-06-07T18:38:00,269,262
http://irail.be/vehicle/P8803,http://irail.be/stations/NMBS/008884004,P,2018-06-07T18:44:00,2018-06-07T18:42:00,261,308
http://irail.be/vehicle/P8803,http://irail.be/stations/NMBS/008884319,P,2018-06-07T18:48:00,2018-06-07T18:48:00,226,226
http://irail.be/vehicle/P8803,http://irail.be/stations/NMBS/008884327,P,2018-06-07T18:51:00,2018-06-07T18:51:00,213,213
http://irail.be/vehicle/P8803,http://irail.be/stations/NMBS/008884350,P,2018-06-07T18:54:00,2018-06-07T18:54:00,213,213
http://irail.be/vehicle/P8803,http://irail.be/stations/NMBS/008884335,P,2018-06-07T18:59:00,2018-06-07T18:59:00,,213
http://irail.be/vehicle/P8803,NO-URI,P,2018-12-12T17:05:00,2018-12-12T17:05:00,-35,
http://irail.be/vehicle/P8803,http://irail.be/stations/NMBS/008811007,P,2018-12-12T17:18:00,2018-12-12T17:15:00,15,-115
http://irail.be/vehicle/P8803,http://irail.be/stations/NMBS/008812005,P,2018-12-12T17:25:00,2018-12-12T17:23:00,37,-3
http://irail.be/vehicle/P8803,http://irail.be/stations/NMBS/008813045,P,2018-12-12T17:27:00,2018-12-12T17:27:00,47,47
http://irail.be/vehicle/P8803,http://irail.be/stations/NMBS/008813003,P,2018-12-12T17:30:00,2018-12-12T17:29:00,52,35
http://irail.be/vehicle/P8803,http://irail.be/stations/NMBS/008813037,P,2018-12-12T17:31:00,2018-12-12T17:31:00,58,58
http://irail.be/vehicle/P8803,http://irail.be/stations/NMBS/008814001,P,2018-12-12T17:39:00,2018-12-12T17:34:00,252,123
http://irail.be/vehicle/P8803,http://irail.be/stations/NMBS/008814308,P,2018-12-12T17:49:00,2018-12-12T17:49:00,158,158
http://irail.be/vehicle/P8803,http://irail.be/stations/NMBS/008814332,P,2018-12-12T17:50:00,2018-12-12T17:50:00,146,146
http://irail.be/vehicle/P8803,http://irail.be/stations/NMBS/008883808,P,2018-12-12T17:52:00,2018-12-12T17:52:00,99,99
http://irail.be/vehicle/P8803,http://irail.be/stations/NMBS/008883022,P,2018-12-12T17:54:00,2018-12-12T17:54:00,103,103
http://irail.be/vehicle/P8803,NO-URI,P,2018-12-12T17:55:00,2018-12-12T17:55:00,53,53
http://irail.be/vehicle/P8803,http://irail.be/stations/NMBS/008883006,P,2018-12-12T18:01:00,2018-12-12T18:00:00,22,-35
http://irail.be/vehicle/P8803,http://irail.be/stations/NMBS/008883113,P,2018-12-12T18:07:00,2018-12-12T18:06:00,22,-27
http://irail.be/vehicle/P8803,NO-URI,P,2018-12-12T18:11:00,2018-12-12T18:11:00,-32,-32
http://irail.be/vehicle/P8803,http://irail.be/stations/NMBS/008883121,P,2018-12-12T18:11:00,2018-12-12T18:11:00,-20,-20
http://irail.be/vehicle/P8803,http://irail.be/stations/NMBS/008881174,P,2018-12-12T18:13:00,2018-12-12T18:13:00,-2,-2
http://irail.be/vehicle/P8803,http://irail.be/stations/NMBS/008881166,P,2018-12-12T18:16:00,2018-12-12T18:15:00,-11,-13
http://irail.be/vehicle/P8803,http://irail.be/stations/NMBS/008881158,P,2018-12-12T18:19:00,2018-12-12T18:19:00,-11,-11
http://irail.be/vehicle/P8803,http://irail.be/stations/NMBS/008881125,P,2018-12-12T18:21:00,2018-12-12T18:21:00,204,204
http://irail.be/vehicle/P8803,http://irail.be/stations/NMBS/008881000,P,2018-12-12T18:28:00,2018-12-12T18:25:00,258,245
http://irail.be/vehicle/P8803,http://irail.be/stations/NMBS/008884566,P,2018-12-12T18:35:00,2018-12-12T18:34:00,258,258
http://irail.be/vehicle/P8803,http://irail.be/stations/NMBS/008884541,P,2018-12-12T18:39:00,2018-12-12T18:38:00,117,159
http://irail.be/vehicle/P8803,http://irail.be/stations/NMBS/008884004,P,2018-12-12T18:45:00,2018-12-12T18:43:00,207,142
http://irail.be/vehicle/P8803,http://irail.be/stations/NMBS/008884319,P,2018-12-12T18:49:00,2018-12-12T18:49:00,174,167
http://irail.be/vehicle/P8803,http://irail.be/stations/NMBS/008884327,P,2018-12-12T18:52:00,2018-12-12T18:52:00,174,174
http://irail.be/vehicle/P8803,http://irail.be/stations/NMBS/008884350,P,2018-12-12T18:55:00,2018-12-12T18:55:00,174,174
http://irail.be/vehicle/P8803,http://irail.be/stations/NMBS/008884335,P,2018-12-12T19:00:00,2018-12-12T19:00:00,,174
http://irail.be/vehicle/P8803,NO-URI,P,2018-11-30T17:05:00,2018-11-30T17:05:00,-83,
http://irail.be/vehicle/P8803,http://irail.be/stations/NMBS/008811007,P,2018-11-30T17:20:00,2018-11-30T17:15:00,26,-177
http://irail.be/vehicle/P8803,http://irail.be/stations/NMBS/008812005,P,2018-11-30T17:28:00,2018-11-30T17:25:00,37,55
http://irail.be/vehicle/P8803,http://irail.be/stations/NMBS/008813045,P,2018-11-30T17:30:00,2018-11-30T17:30:00,39,39
http://irail.be/vehicle/P8803,http://irail.be/stations/NMBS/008813003,P,2018-11-30T17:32:00,2018-11-30T17:31:00,293,250
http://irail.be/vehicle/P8803,http://irail.be/stations/NMBS/008813037,P,2018-11-30T17:34:00,2018-11-30T17:34:00,241,241
http://irail.be/vehicle/P8803,http://irail.be/stations/NMBS/008814001,P,2018-11-30T17:38:00,2018-11-30T17:36:00,255,287
http://irail.be/vehicle/P8803,http://irail.be/stations/NMBS/008814373,P,2018-11-30T17:42:00,2018-11-30T17:42:00,256,256
http://irail.be/vehicle/P8803,http://irail.be/stations/NMBS/008814365,P,2018-11-30T17:43:57,2018-11-30T17:43:57,263,263
http://irail.be/vehicle/P8803,http://irail.be/stations/NMBS/008814357,P,2018-11-30T17:45:34,2018-11-30T17:45:34,263,263
http://irail.be/vehicle/P8803,http://irail.be/stations/NMBS/008814340,P,2018-11-30T17:46:19,2018-11-30T17:46:19,426,426
http://irail.be/vehicle/P8803,http://irail.be/stations/NMBS/008814308,P,2018-11-30T17:47:00,2018-11-30T17:47:00,887,887
http://irail.be/vehicle/P8803,http://irail.be/stations/NMBS/008814332,P,2018-11-30T17:49:00,2018-11-30T17:49:00,1084,1084
http://irail.be/vehicle/P8803,http://irail.be/stations/NMBS/008883808,P,2018-11-30T17:50:00,2018-11-30T17:50:00,1691,1691
http://irail.be/vehicle/P8803,http://irail.be/stations/NMBS/008883022,P,2018-11-30T17:53:00,2018-11-30T17:53:00,1787,1787
http://irail.be/vehicle/P8803,NO-URI,P,2018-11-30T17:54:00,2018-11-30T17:54:00,1748,1748
http://irail.be/vehicle/P8803,http://irail.be/stations/NMBS/008883006,P,2018-11-30T18:00:00,2018-11-30T17:59:00,1864,1829
http://irail.be/vehicle/P8803,http://irail.be/stations/NMBS/008883113,P,2018-11-30T18:06:00,2018-11-30T18:05:00,2160,1866
http://irail.be/vehicle/P8803,NO-URI,P,2018-11-30T18:10:00,2018-11-30T18:10:00,1851,1851
http://irail.be/vehicle/P8803,http://irail.be/stations/NMBS/008883121,P,2018-11-30T18:10:00,2018-11-30T18:10:00,1865,1865
http://irail.be/vehicle/P8803,http://irail.be/stations/NMBS/008881174,P,2018-11-30T18:11:00,2018-11-30T18:11:00,1893,1893
http://irail.be/vehicle/P8803,http://irail.be/stations/NMBS/008881166,P,2018-11-30T18:15:00,2018-11-30T18:14:00,1869,1885
http://irail.be/vehicle/P8803,http://irail.be/stations/NMBS/008881158,P,2018-11-30T18:18:00,2018-11-30T18:18:00,1869,1869
http://irail.be/vehicle/P8803,http://irail.be/stations/NMBS/008881125,P,2018-11-30T18:19:00,2018-11-30T18:19:00,1943,1943
http://irail.be/vehicle/P8803,http://irail.be/stations/NMBS/008881000,P,2018-11-30T18:24:00,2018-11-30T18:24:00,,1828
http://irail.be/vehicle/P8803,NO-URI,P,2018-12-11T17:05:00,2018-12-11T17:05:00,448,
http://irail.be/vehicle/P8803,http://irail.be/stations/NMBS/008811007,P,2018-12-11T17:18:00,2018-12-11T17:15:00,483,439
http://irail.be/vehicle/P8803,http://irail.be/stations/NMBS/008812005,P,2018-12-11T17:25:00,2018-12-11T17:23:00,452,478
http://irail.be/vehicle/P8803,http://irail.be/stations/NMBS/008813045,P,2018-12-11T17:27:00,2018-12-11T17:27:00,465,465
http://irail.be/vehicle/P8803,http://irail.be/stations/NMBS/008813003,P,2018-12-11T17:30:00,2018-12-11T17:29:00,471,447
http://irail.be/vehicle/P8803,http://irail.be/stations/NMBS/008813037,P,2018-12-11T17:31:00,2018-12-11T17:31:00,472,472
http://irail.be/vehicle/P8803,http://irail.be/stations/NMBS/008814001,P,2018-12-11T17:39:00,2018-12-11T17:34:00,380,602
http://irail.be/vehicle/P8803,http://irail.be/stations/NMBS/008814373,P,2018-12-11T17:43:00,2018-12-11T17:43:00,391,391
http://irail.be/vehicle/P8803,http://irail.be/stations/NMBS/008814308,P,2018-12-11T17:49:00,2018-12-11T17:49:00,433,433
http://irail.be/vehicle/P8803,http://irail.be/stations/NMBS/008814332,P,2018-12-11T17:50:00,2018-12-11T17:50:00,422,422
http://irail.be/vehicle/P8803,http://irail.be/stations/NMBS/008883808,P,2018-12-11T17:52:00,2018-12-11T17:52:00,377,377
http://irail.be/vehicle/P8803,http://irail.be/stations/NMBS/008883022,P,2018-12-11T17:54:00,2018-12-11T17:54:00,390,390
http://irail.be/vehicle/P8803,NO-URI,P,2018-12-11T17:55:00,2018-12-11T17:55:00,344,344
http://irail.be/vehicle/P8803,http://irail.be/stations/NMBS/008883006,P,2018-12-11T18:01:00,2018-12-11T18:00:00,254,260
http://irail.be/vehicle/P8803,http://irail.be/stations/NMBS/008883113,P,2018-12-11T18:07:00,2018-12-11T18:06:00,233,209
http://irail.be/vehicle/P8803,NO-URI,P,2018-12-11T18:11:00,2018-12-11T18:11:00,180,180
http://irail.be/vehicle/P8803,http://irail.be/stations/NMBS/008883121,P,2018-12-11T18:11:00,2018-12-11T18:11:00,192,192
http://irail.be/vehicle/P8803,http://irail.be/stations/NMBS/008881174,P,2018-12-11T18:13:00,2018-12-11T18:13:00,210,210
http://irail.be/vehicle/P8803,http://irail.be/stations/NMBS/008881166,P,2018-12-11T18:16:00,2018-12-11T18:15:00,169,200
http://irail.be/vehicle/P8803,http://irail.be/stations/NMBS/008881158,P,2018-12-11T18:19:00,2018-12-11T18:19:00,169,169
http://irail.be/vehicle/P8803,http://irail.be/stations/NMBS/008881125,P,2018-12-11T18:21:00,2018-12-11T18:21:00,237,237
http://irail.be/vehicle/P8803,http://irail.be/stations/NMBS/008881000,P,2018-12-11T18:28:00,2018-12-11T18:25:00,321,209
http://irail.be/vehicle/P8803,http://irail.be/stations/NMBS/008884566,P,2018-12-11T18:35:00,2018-12-11T18:34:00,408,321
http://irail.be/vehicle/P8803,http://irail.be/stations/NMBS/008884541,P,2018-12-11T18:39:00,2018-12-11T18:38:00,486,423
http://irail.be/vehicle/P8803,http://irail.be/stations/NMBS/008884004,P,2018-12-11T18:45:00,2018-12-11T18:43:00,496,531
http://irail.be/vehicle/P8803,http://irail.be/stations/NMBS/008884319,P,2018-12-11T18:49:00,2018-12-11T18:49:00,608,568
http://irail.be/vehicle/P8803,http://irail.be/stations/NMBS/008884327,P,2018-12-11T18:52:00,2018-12-11T18:52:00,608,608
http://irail.be/vehicle/P8803,http://irail.be/stations/NMBS/008884350,P,2018-12-11T18:55:00,2018-12-11T18:55:00,608,608
http://irail.be/vehicle/P8803,http://irail.be/stations/NMBS/008884335,P,2018-12-11T19:00:00,2018-12-11T19:00:00,,608
http://irail.be/vehicle/P8803,NO-URI,P,2018-02-05T17:05:00,2018-02-05T17:05:00,43,
http://irail.be/vehicle/P8803,http://irail.be/stations/NMBS/008811007,P,2018-02-05T17:20:00,2018-02-05T17:15:00,31,-65
http://irail.be/vehicle/P8803,http://irail.be/stations/NMBS/008812005,P,2018-02-05T17:28:00,2018-02-05T17:25:00,46,-30
http://irail.be/vehicle/P8803,http://irail.be/stations/NMBS/008813045,P,2018-02-05T17:30:00,2018-02-05T17:30:00,58,58
http://irail.be/vehicle/P8803,http://irail.be/stations/NMBS/008813003,P,2018-02-05T17:32:00,2018-02-05T17:31:00,406,330
http://irail.be/vehicle/P8803,http://irail.be/stations/NMBS/008813037,P,2018-02-05T17:34:00,2018-02-05T17:34:00,357,357
http://irail.be/vehicle/P8803,http://irail.be/stations/NMBS/008814001,P,2018-02-05T17:38:00,2018-02-05T17:36:00,731,682
http://irail.be/vehicle/P8803,http://irail.be/stations/NMBS/008814373,P,2018-02-05T17:42:00,2018-02-05T17:42:00,702,702
http://irail.be/vehicle/P8803,http://irail.be/stations/NMBS/008814308,P,2018-02-05T17:47:00,2018-02-05T17:47:00,651,651
http://irail.be/vehicle/P8803,http://irail.be/stations/NMBS/008814332,P,2018-02-05T17:49:00,2018-02-05T17:49:00,630,630
http://irail.be/vehicle/P8803,http://irail.be/stations/NMBS/008883808,P,2018-02-05T17:50:00,2018-02-05T17:50:00,601,601
http://irail.be/vehicle/P8803,http://irail.be/stations/NMBS/008883022,P,2018-02-05T17:53:00,2018-02-05T17:53:00,551,551
http://irail.be/vehicle/P8803,NO-URI,P,2018-02-05T17:54:00,2018-02-05T17:54:00,498,498
http://irail.be/vehicle/P8803,http://irail.be/stations/NMBS/008883006,P,2018-02-05T18:00:00,2018-02-05T17:59:00,603,569
http://irail.be/vehicle/P8803,http://irail.be/stations/NMBS/008883113,P,2018-02-05T18:06:00,2018-02-05T18:05:00,624,568
http://irail.be/vehicle/P8803,NO-URI,P,2018-02-05T18:10:00,2018-02-05T18:10:00,575,575
http://irail.be/vehicle/P8803,http://irail.be/stations/NMBS/008883121,P,2018-02-05T18:10:00,2018-02-05T18:10:00,589,589
http://irail.be/vehicle/P8803,http://irail.be/stations/NMBS/008881174,P,2018-02-05T18:11:00,2018-02-05T18:11:00,616,616
http://irail.be/vehicle/P8803,http://irail.be/stations/NMBS/008881166,P,2018-02-05T18:15:00,2018-02-05T18:14:00,640,606
http://irail.be/vehicle/P8803,http://irail.be/stations/NMBS/008881158,P,2018-02-05T18:17:00,2018-02-05T18:17:00,640,640
http://irail.be/vehicle/P8803,http://irail.be/stations/NMBS/008881125,P,2018-02-05T18:20:00,2018-02-05T18:20:00,550,550
http://irail.be/vehicle/P8803,http://irail.be/stations/NMBS/008881000,P,2018-02-05T18:28:00,2018-02-05T18:24:00,691,534
http://irail.be/vehicle/P8803,http://irail.be/stations/NMBS/008884566,P,2018-02-05T18:35:00,2018-02-05T18:34:00,691,691
http://irail.be/vehicle/P8803,http://irail.be/stations/NMBS/008884541,P,2018-02-05T18:39:00,2018-02-05T18:38:00,710,647
http://irail.be/vehicle/P8803,http://irail.be/stations/NMBS/008884004,P,2018-02-05T18:44:00,2018-02-05T18:42:00,736,746
http://irail.be/vehicle/P8803,http://irail.be/stations/NMBS/008884319,P,2018-02-05T18:48:00,2018-02-05T18:48:00,847,729
http://irail.be/vehicle/P8803,http://irail.be/stations/NMBS/008884327,P,2018-02-05T18:51:00,2018-02-05T18:51:00,847,847
http://irail.be/vehicle/P8803,http://irail.be/stations/NMBS/008884350,P,2018-02-05T18:54:00,2018-02-05T18:54:00,847,847
http://irail.be/vehicle/P8803,http://irail.be/stations/NMBS/008884335,P,2018-02-05T18:59:00,2018-02-05T18:59:00,,847
http://irail.be/vehicle/P8803,NO-URI,P,2018-04-27T17:05:00,2018-04-27T17:05:00,-22,
http://irail.be/vehicle/P8803,http://irail.be/stations/NMBS/008811007,P,2018-04-27T17:20:00,2018-04-27T17:15:00,6,-111
http://irail.be/vehicle/P8803,http://irail.be/stations/NMBS/008812005,P,2018-04-27T17:28:00,2018-04-27T17:25:00,289,243
http://irail.be/vehicle/P8803,http://irail.be/stations/NMBS/008813045,P,2018-04-27T17:30:00,2018-04-27T17:30:00,297,297
http://irail.be/vehicle/P8803,http://irail.be/stations/NMBS/008813003,P,2018-04-27T17:32:00,2018-04-27T17:31:00,357,328
http://irail.be/vehicle/P8803,http://irail.be/stations/NMBS/008813037,P,2018-04-27T17:34:00,2018-04-27T17:34:00,306,306
http://irail.be/vehicle/P8803,http://irail.be/stations/NMBS/008814001,P,2018-04-27T17:38:00,2018-04-27T17:36:00,310,349
http://irail.be/vehicle/P8803,http://irail.be/stations/NMBS/008814373,P,2018-04-27T17:42:00,2018-04-27T17:42:00,292,292
http://irail.be/vehicle/P8803,http://irail.be/stations/NMBS/008814365,P,2018-04-27T17:43:18,2018-04-27T17:43:18,235,235
http://irail.be/vehicle/P8803,http://irail.be/stations/NMBS/008814357,P,2018-04-27T17:44:38,2018-04-27T17:44:38,235,235
http://irail.be/vehicle/P8803,http://irail.be/stations/NMBS/008814340,P,2018-04-27T17:45:25,2018-04-27T17:45:25,238,238
http://irail.be/vehicle/P8803,http://irail.be/stations/NMBS/008814308,P,2018-04-27T17:47:00,2018-04-27T17:47:00,276,276
http://irail.be/vehicle/P8803,http://irail.be/stations/NMBS/008814332,P,2018-04-27T17:49:00,2018-04-27T17:49:00,256,256
http://irail.be/vehicle/P8803,http://irail.be/stations/NMBS/008883808,P,2018-04-27T17:50:00,2018-04-27T17:50:00,393,393
http://irail.be/vehicle/P8803,http://irail.be/stations/NMBS/008883022,P,2018-04-27T17:53:00,2018-04-27T17:53:00,447,447
http://irail.be/vehicle/P8803,NO-URI,P,2018-04-27T17:54:00,2018-04-27T17:54:00,445,445
http://irail.be/vehicle/P8803,http://irail.be/stations/NMBS/008883006,P,2018-04-27T18:00:00,2018-04-27T17:59:00,672,695
http://irail.be/vehicle/P8803,http://irail.be/stations/NMBS/008883113,P,2018-04-27T18:06:00,2018-04-27T18:05:00,701,663
http://irail.be/vehicle/P8803,NO-URI,P,2018-04-27T18:10:00,2018-04-27T18:10:00,659,659
http://irail.be/vehicle/P8803,http://irail.be/stations/NMBS/008883121,P,2018-04-27T18:10:00,2018-04-27T18:10:00,671,671
http://irail.be/vehicle/P8803,http://irail.be/stations/NMBS/008881174,P,2018-04-27T18:11:00,2018-04-27T18:11:00,756,756
http://irail.be/vehicle/P8803,http://irail.be/stations/NMBS/008881166,P,2018-04-27T18:15:00,2018-04-27T18:14:00,770,755
http://irail.be/vehicle/P8803,http://irail.be/stations/NMBS/008881158,P,2018-04-27T18:17:00,2018-04-27T18:17:00,770,770
http://irail.be/vehicle/P8803,http://irail.be/stations/NMBS/008881125,P,2018-04-27T18:20:00,2018-04-27T18:20:00,689,689
http://irail.be/vehicle/P8803,http://irail.be/stations/NMBS/008881000,P,2018-04-27T18:28:00,2018-04-27T18:24:00,706,694
http://irail.be/vehicle/P8803,http://irail.be/stations/NMBS/008884566,P,2018-04-27T18:35:00,2018-04-27T18:34:00,706,706
http://irail.be/vehicle/P8803,http://irail.be/stations/NMBS/008884541,P,2018-04-27T18:39:00,2018-04-27T18:38:00,711,654
http://irail.be/vehicle/P8803,http://irail.be/stations/NMBS/008884004,P,2018-04-27T18:44:00,2018-04-27T18:42:00,759,791
http://irail.be/vehicle/P8803,http://irail.be/stations/NMBS/008884319,P,2018-04-27T18:48:00,2018-04-27T18:48:00,2036,1145
http://irail.be/vehicle/P8803,http://irail.be/stations/NMBS/008884327,P,2018-04-27T18:51:00,2018-04-27T18:51:00,2036,2036
http://irail.be/vehicle/P8803,http://irail.be/stations/NMBS/008884350,P,2018-04-27T18:54:00,2018-04-27T18:54:00,2036,2036
http://irail.be/vehicle/P8803,http://irail.be/stations/NMBS/008884335,P,2018-04-27T18:59:00,2018-04-27T18:59:00,,2036
http://irail.be/vehicle/P8803,NO-URI,P,2018-09-17T17:05:00,2018-09-17T17:05:00,86,
http://irail.be/vehicle/P8803,http://irail.be/stations/NMBS/008811007,P,2018-09-17T17:20:00,2018-09-17T17:15:00,7,-41
http://irail.be/vehicle/P8803,http://irail.be/stations/NMBS/008812005,P,2018-09-17T17:28:00,2018-09-17T17:25:00,64,-14
http://irail.be/vehicle/P8803,http://irail.be/stations/NMBS/008813045,P,2018-09-17T17:30:00,2018-09-17T17:30:00,73,73
http://irail.be/vehicle/P8803,http://irail.be/stations/NMBS/008813003,P,2018-09-17T17:32:00,2018-09-17T17:31:00,271,183
http://irail.be/vehicle/P8803,http://irail.be/stations/NMBS/008813037,P,2018-09-17T17:34:00,2018-09-17T17:34:00,223,223
http://irail.be/vehicle/P8803,http://irail.be/stations/NMBS/008814001,P,2018-09-17T17:38:00,2018-09-17T17:36:00,344,356
http://irail.be/vehicle/P8803,http://irail.be/stations/NMBS/008814373,P,2018-09-17T17:42:00,2018-09-17T17:42:00,315,315
http://irail.be/vehicle/P8803,http://irail.be/stations/NMBS/008814308,P,2018-09-17T17:47:00,2018-09-17T17:47:00,318,318
http://irail.be/vehicle/P8803,http://irail.be/stations/NMBS/008814332,P,2018-09-17T17:49:00,2018-09-17T17:49:00,293,293
http://irail.be/vehicle/P8803,http://irail.be/stations/NMBS/008883808,P,2018-09-17T17:50:00,2018-09-17T17:50:00,327,327
http://irail.be/vehicle/P8803,http://irail.be/stations/NMBS/008883022,P,2018-09-17T17:53:00,2018-09-17T17:53:00,333,333
http://irail.be/vehicle/P8803,NO-URI,P,2018-09-17T17:54:00,2018-09-17T17:54:00,285,285
http://irail.be/vehicle/P8803,http://irail.be/stations/NMBS/008883006,P,2018-09-17T18:00:00,2018-09-17T17:59:00,254,261
http://irail.be/vehicle/P8803,http://irail.be/stations/NMBS/008883113,P,2018-09-17T18:06:00,2018-09-17T18:05:00,239,222
http://irail.be/vehicle/P8803,NO-URI,P,2018-09-17T18:10:00,2018-09-17T18:10:00,188,188
http://irail.be/vehicle/P8803,http://irail.be/stations/NMBS/008883121,P,2018-09-17T18:10:00,2018-09-17T18:10:00,200,200
http://irail.be/vehicle/P8803,http://irail.be/stations/NMBS/008881174,P,2018-09-17T18:11:00,2018-09-17T18:11:00,221,221
http://irail.be/vehicle/P8803,http://irail.be/stations/NMBS/008881166,P,2018-09-17T18:15:00,2018-09-17T18:14:00,240,207
http://irail.be/vehicle/P8803,http://irail.be/stations/NMBS/008881158,P,2018-09-17T18:18:00,2018-09-17T18:18:00,240,240
http://irail.be/vehicle/P8803,http://irail.be/stations/NMBS/008881125,P,2018-09-17T18:19:00,2018-09-17T18:19:00,478,478
http://irail.be/vehicle/P8803,http://irail.be/stations/NMBS/008881000,P,2018-09-17T18:28:00,2018-09-17T18:24:00,728,749
http://irail.be/vehicle/P8803,http://irail.be/stations/NMBS/008884566,P,2018-09-17T18:35:00,2018-09-17T18:34:00,767,728
http://irail.be/vehicle/P8803,http://irail.be/stations/NMBS/008884541,P,2018-09-17T18:39:00,2018-09-17T18:38:00,850,782
http://irail.be/vehicle/P8803,http://irail.be/stations/NMBS/008884004,P,2018-09-17T18:44:00,2018-09-17T18:42:00,848,897
http://irail.be/vehicle/P8803,http://irail.be/stations/NMBS/008884319,P,2018-09-17T18:48:00,2018-09-17T18:48:00,1421,1421
http://irail.be/vehicle/P8803,http://irail.be/stations/NMBS/008884327,P,2018-09-17T18:51:00,2018-09-17T18:51:00,1417,1417
http://irail.be/vehicle/P8803,http://irail.be/stations/NMBS/008884350,P,2018-09-17T18:54:00,2018-09-17T18:54:00,1417,1417
http://irail.be/vehicle/P8803,http://irail.be/stations/NMBS/008884335,P,2018-09-17T18:59:00,2018-09-17T18:59:00,,1417
http://irail.be/vehicle/P8803,NO-URI,P,2018-11-08T17:05:00,2018-11-08T17:05:00,-103,
http://irail.be/vehicle/P8803,http://irail.be/stations/NMBS/008811007,P,2018-11-08T17:20:00,2018-11-08T17:15:00,15,-145
http://irail.be/vehicle/P8803,http://irail.be/stations/NMBS/008812005,P,2018-11-08T17:28:00,2018-11-08T17:25:00,189,77
http://irail.be/vehicle/P8803,http://irail.be/stations/NMBS/008813045,P,2018-11-08T17:30:00,2018-11-08T17:30:00,197,197
http://irail.be/vehicle/P8803,http://irail.be/stations/NMBS/008813003,P,2018-11-08T17:32:00,2018-11-08T17:31:00,332,299
http://irail.be/vehicle/P8803,http://irail.be/stations/NMBS/008813037,P,2018-11-08T17:34:00,2018-11-08T17:34:00,293,293
http://irail.be/vehicle/P8803,http://irail.be/stations/NMBS/008814001,P,2018-11-08T17:38:00,2018-11-08T17:36:00,343,369
http://irail.be/vehicle/P8803,http://irail.be/stations/NMBS/008814373,P,2018-11-08T17:42:00,2018-11-08T17:42:00,331,331
http://irail.be/vehicle/P8803,http://irail.be/stations/NMBS/008814308,P,2018-11-08T17:47:00,2018-11-08T17:47:00,671,671
http://irail.be/vehicle/P8803,http://irail.be/stations/NMBS/008814332,P,2018-11-08T17:49:00,2018-11-08T17:49:00,646,646
http://irail.be/vehicle/P8803,http://irail.be/stations/NMBS/008883808,P,2018-11-08T17:50:00,2018-11-08T17:50:00,620,620
http://irail.be/vehicle/P8803,http://irail.be/stations/NMBS/008883022,P,2018-11-08T17:53:00,2018-11-08T17:53:00,571,571
http://irail.be/vehicle/P8803,NO-URI,P,2018-11-08T17:54:00,2018-11-08T17:54:00,519,519
http://irail.be/vehicle/P8803,http://irail.be/stations/NMBS/008883006,P,2018-11-08T18:00:00,2018-11-08T17:59:00,492,462
http://irail.be/vehicle/P8803,http://irail.be/stations/NMBS/008883113,P,2018-11-08T18:06:00,2018-11-08T18:05:00,510,454
http://irail.be/vehicle/P8803,NO-URI,P,2018-11-08T18:10:00,2018-11-08T18:10:00,460,460
http://irail.be/vehicle/P8803,http://irail.be/stations/NMBS/008883121,P,2018-11-08T18:10:00,2018-11-08T18:10:00,471,471
http://irail.be/vehicle/P8803,http://irail.be/stations/NMBS/008881174,P,2018-11-08T18:11:00,2018-11-08T18:11:00,493,493
http://irail.be/vehicle/P8803,http://irail.be/stations/NMBS/008881166,P,2018-11-08T18:15:00,2018-11-08T18:14:00,480,483
http://irail.be/vehicle/P8803,http://irail.be/stations/NMBS/008881158,P,2018-11-08T18:18:00,2018-11-08T18:18:00,480,480
http://irail.be/vehicle/P8803,http://irail.be/stations/NMBS/008881125,P,2018-11-08T18:19:00,2018-11-08T18:19:00,479,479
http://irail.be/vehicle/P8803,http://irail.be/stations/NMBS/008881000,P,2018-11-08T18:28:00,2018-11-08T18:24:00,438,414
http://irail.be/vehicle/P8803,http://irail.be/stations/NMBS/008884566,P,2018-11-08T18:35:00,2018-11-08T18:34:00,404,438
http://irail.be/vehicle/P8803,http://irail.be/stations/NMBS/008884541,P,2018-11-08T18:39:00,2018-11-08T18:38:00,462,419
http://irail.be/vehicle/P8803,http://irail.be/stations/NMBS/008884004,P,2018-11-08T18:44:00,2018-11-08T18:42:00,477,503
http://irail.be/vehicle/P8803,http://irail.be/stations/NMBS/008884319,P,2018-11-08T18:48:00,2018-11-08T18:48:00,458,441
http://irail.be/vehicle/P8803,http://irail.be/stations/NMBS/008884327,P,2018-11-08T18:51:00,2018-11-08T18:51:00,458,458
http://irail.be/vehicle/P8803,http://irail.be/stations/NMBS/008884350,P,2018-11-08T18:54:00,2018-11-08T18:54:00,458,458
http://irail.be/vehicle/P8803,http://irail.be/stations/NMBS/008884335,P,2018-11-08T18:59:00,2018-11-08T18:59:00,,458
http://irail.be/vehicle/P8803,NO-URI,P,2018-12-05T17:05:00,2018-12-05T17:05:00,-333,
http://irail.be/vehicle/P8803,http://irail.be/stations/NMBS/008811007,P,2018-12-05T17:20:00,2018-12-05T17:15:00,25,-421
http://irail.be/vehicle/P8803,http://irail.be/stations/NMBS/008812005,P,2018-12-05T17:28:00,2018-12-05T17:25:00,19,24
http://irail.be/vehicle/P8803,http://irail.be/stations/NMBS/008813045,P,2018-12-05T17:30:00,2018-12-05T17:30:00,29,29
http://irail.be/vehicle/P8803,http://irail.be/stations/NMBS/008813003,P,2018-12-05T17:32:00,2018-12-05T17:31:00,105,88
http://irail.be/vehicle/P8803,http://irail.be/stations/NMBS/008813037,P,2018-12-05T17:34:00,2018-12-05T17:34:00,59,59
http://irail.be/vehicle/P8803,http://irail.be/stations/NMBS/008814001,P,2018-12-05T17:38:00,2018-12-05T17:36:00,289,111
http://irail.be/vehicle/P8803,http://irail.be/stations/NMBS/008814373,P,2018-12-05T17:42:00,2018-12-05T17:42:00,279,279
http://irail.be/vehicle/P8803,http://irail.be/stations/NMBS/008814308,P,2018-12-05T17:47:00,2018-12-05T17:47:00,473,473
http://irail.be/vehicle/P8803,http://irail.be/stations/NMBS/008814332,P,2018-12-05T17:49:00,2018-12-05T17:49:00,446,446
http://irail.be/vehicle/P8803,http://irail.be/stations/NMBS/008883808,P,2018-12-05T17:50:00,2018-12-05T17:50:00,632,632
http://irail.be/vehicle/P8803,http://irail.be/stations/NMBS/008883022,P,2018-12-05T17:53:00,2018-12-05T17:53:00,666,666
http://irail.be/vehicle/P8803,NO-URI,P,2018-12-05T17:54:00,2018-12-05T17:54:00,627,627
http://irail.be/vehicle/P8803,http://irail.be/stations/NMBS/008883006,P,2018-12-05T18:00:00,2018-12-05T17:59:00,672,640
http://irail.be/vehicle/P8803,http://irail.be/stations/NMBS/008883113,P,2018-12-05T18:06:00,2018-12-05T18:05:00,630,615
http://irail.be/vehicle/P8803,NO-URI,P,2018-12-05T18:10:00,2018-12-05T18:10:00,571,571
http://irail.be/vehicle/P8803,http://irail.be/stations/NMBS/008883121,P,2018-12-05T18:10:00,2018-12-05T18:10:00,583,583
http://irail.be/vehicle/P8803,http://irail.be/stations/NMBS/008881174,P,2018-12-05T18:11:00,2018-12-05T18:11:00,606,606
http://irail.be/vehicle/P8803,http://irail.be/stations/NMBS/008881166,P,2018-12-05T18:15:00,2018-12-05T18:14:00,613,594
http://irail.be/vehicle/P8803,http://irail.be/stations/NMBS/008881158,P,2018-12-05T18:18:00,2018-12-05T18:18:00,613,613
http://irail.be/vehicle/P8803,http://irail.be/stations/NMBS/008881125,P,2018-12-05T18:19:00,2018-12-05T18:19:00,678,678
http://irail.be/vehicle/P8803,http://irail.be/stations/NMBS/008881000,P,2018-12-05T18:28:00,2018-12-05T18:24:00,508,614
http://irail.be/vehicle/P8803,http://irail.be/stations/NMBS/008884566,P,2018-12-05T18:35:00,2018-12-05T18:34:00,508,508
http://irail.be/vehicle/P8803,http://irail.be/stations/NMBS/008884541,P,2018-12-05T18:39:00,2018-12-05T18:38:00,461,440
http://irail.be/vehicle/P8803,http://irail.be/stations/NMBS/008884004,P,2018-12-05T18:44:00,2018-12-05T18:42:00,485,494
http://irail.be/vehicle/P8803,http://irail.be/stations/NMBS/008884319,P,2018-12-05T18:48:00,2018-12-05T18:48:00,512,512
http://irail.be/vehicle/P8803,http://irail.be/stations/NMBS/008884327,P,2018-12-05T18:51:00,2018-12-05T18:51:00,490,490
http://irail.be/vehicle/P8803,http://irail.be/stations/NMBS/008884350,P,2018-12-05T18:54:00,2018-12-05T18:54:00,490,490
http://irail.be/vehicle/P8803,http://irail.be/stations/NMBS/008884335,P,2018-12-05T18:59:00,2018-12-05T18:59:00,,490
http://irail.be/vehicle/P8803,NO-URI,P,2018-03-29T17:05:00,2018-03-29T17:05:00,-29,
http://irail.be/vehicle/P8803,http://irail.be/stations/NMBS/008811007,P,2018-03-29T17:20:00,2018-03-29T17:15:00,11,-126
http://irail.be/vehicle/P8803,http://irail.be/stations/NMBS/008812005,P,2018-03-29T17:28:00,2018-03-29T17:25:00,70,31
http://irail.be/vehicle/P8803,http://irail.be/stations/NMBS/008813045,P,2018-03-29T17:30:00,2018-03-29T17:30:00,139,139
http://irail.be/vehicle/P8803,http://irail.be/stations/NMBS/008813003,P,2018-03-29T17:32:00,2018-03-29T17:31:00,430,366
http://irail.be/vehicle/P8803,http://irail.be/stations/NMBS/008813037,P,2018-03-29T17:34:00,2018-03-29T17:34:00,378,378
http://irail.be/vehicle/P8803,http://irail.be/stations/NMBS/008814001,P,2018-03-29T17:38:00,2018-03-29T17:36:00,506,472
http://irail.be/vehicle/P8803,http://irail.be/stations/NMBS/008814373,P,2018-03-29T17:42:00,2018-03-29T17:42:00,558,558
http://irail.be/vehicle/P8803,http://irail.be/stations/NMBS/008814308,P,2018-03-29T17:47:00,2018-03-29T17:47:00,628,628
http://irail.be/vehicle/P8803,http://irail.be/stations/NMBS/008814332,P,2018-03-29T17:49:00,2018-03-29T17:49:00,601,601
http://irail.be/vehicle/P8803,http://irail.be/stations/NMBS/008883808,P,2018-03-29T17:50:00,2018-03-29T17:50:00,571,571
http://irail.be/vehicle/P8803,http://irail.be/stations/NMBS/008883022,P,2018-03-29T17:53:00,2018-03-29T17:53:00,548,548
http://irail.be/vehicle/P8803,NO-URI,P,2018-03-29T17:54:00,2018-03-29T17:54:00,530,530
http://irail.be/vehicle/P8803,http://irail.be/stations/NMBS/008883006,P,2018-03-29T18:00:00,2018-03-29T17:59:00,455,505
http://irail.be/vehicle/P8803,http://irail.be/stations/NMBS/008883113,P,2018-03-29T18:06:00,2018-03-29T18:05:00,415,401
http://irail.be/vehicle/P8803,NO-URI,P,2018-03-29T18:10:00,2018-03-29T18:10:00,355,355
http://irail.be/vehicle/P8803,http://irail.be/stations/NMBS/008883121,P,2018-03-29T18:10:00,2018-03-29T18:10:00,368,368
http://irail.be/vehicle/P8803,http://irail.be/stations/NMBS/008881174,P,2018-03-29T18:11:00,2018-03-29T18:11:00,391,391
http://irail.be/vehicle/P8803,http://irail.be/stations/NMBS/008881166,P,2018-03-29T18:15:00,2018-03-29T18:14:00,371,381
http://irail.be/vehicle/P8803,http://irail.be/stations/NMBS/008881158,P,2018-03-29T18:17:00,2018-03-29T18:17:00,371,371
http://irail.be/vehicle/P8803,http://irail.be/stations/NMBS/008881125,P,2018-03-29T18:20:00,2018-03-29T18:20:00,273,273
http://irail.be/vehicle/P8803,http://irail.be/stations/NMBS/008881000,P,2018-03-29T18:28:00,2018-03-29T18:24:00,198,251
http://irail.be/vehicle/P8803,http://irail.be/stations/NMBS/008884566,P,2018-03-29T18:35:00,2018-03-29T18:34:00,172,198
http://irail.be/vehicle/P8803,http://irail.be/stations/NMBS/008884541,P,2018-03-29T18:39:00,2018-03-29T18:38:00,191,186
http://irail.be/vehicle/P8803,http://irail.be/stations/NMBS/008884004,P,2018-03-29T18:44:00,2018-03-29T18:42:00,241,227
http://irail.be/vehicle/P8803,http://irail.be/stations/NMBS/008884319,P,2018-03-29T18:48:00,2018-03-29T18:48:00,563,563
http://irail.be/vehicle/P8803,http://irail.be/stations/NMBS/008884327,P,2018-03-29T18:51:00,2018-03-29T18:51:00,530,530
http://irail.be/vehicle/P8803,http://irail.be/stations/NMBS/008884350,P,2018-03-29T18:54:00,2018-03-29T18:54:00,530,530
http://irail.be/vehicle/P8803,http://irail.be/stations/NMBS/008884335,P,2018-03-29T18:59:00,2018-03-29T18:59:00,,530
http://irail.be/vehicle/P8803,NO-URI,P,2018-09-20T17:05:00,2018-09-20T17:05:00,36,
http://irail.be/vehicle/P8803,http://irail.be/stations/NMBS/008811007,P,2018-09-20T17:20:00,2018-09-20T17:15:00,41,-25
http://irail.be/vehicle/P8803,http://irail.be/stations/NMBS/008812005,P,2018-09-20T17:28:00,2018-09-20T17:25:00,81,78
http://irail.be/vehicle/P8803,http://irail.be/stations/NMBS/008813045,P,2018-09-20T17:30:00,2018-09-20T17:30:00,96,96
http://irail.be/vehicle/P8803,http://irail.be/stations/NMBS/008813003,P,2018-09-20T17:32:00,2018-09-20T17:31:00,305,262
http://irail.be/vehicle/P8803,http://irail.be/stations/NMBS/008813037,P,2018-09-20T17:34:00,2018-09-20T17:34:00,265,265
http://irail.be/vehicle/P8803,http://irail.be/stations/NMBS/008814001,P,2018-09-20T17:38:00,2018-09-20T17:36:00,343,342
http://irail.be/vehicle/P8803,http://irail.be/stations/NMBS/008814373,P,2018-09-20T17:42:00,2018-09-20T17:42:00,312,312
http://irail.be/vehicle/P8803,http://irail.be/stations/NMBS/008814308,P,2018-09-20T17:47:00,2018-09-20T17:47:00,417,417
http://irail.be/vehicle/P8803,http://irail.be/stations/NMBS/008814332,P,2018-09-20T17:49:00,2018-09-20T17:49:00,454,454
http://irail.be/vehicle/P8803,http://irail.be/stations/NMBS/008883808,P,2018-09-20T17:50:00,2018-09-20T17:50:00,688,688
http://irail.be/vehicle/P8803,http://irail.be/stations/NMBS/008883022,P,2018-09-20T17:53:00,2018-09-20T17:53:00,661,661
http://irail.be/vehicle/P8803,NO-URI,P,2018-09-20T17:54:00,2018-09-20T17:54:00,608,608
http://irail.be/vehicle/P8803,http://irail.be/stations/NMBS/008883006,P,2018-09-20T18:00:00,2018-09-20T17:59:00,627,627
http://irail.be/vehicle/P8803,http://irail.be/stations/NMBS/008883113,P,2018-09-20T18:06:00,2018-09-20T18:05:00,616,591
http://irail.be/vehicle/P8803,NO-URI,P,2018-09-20T18:10:00,2018-09-20T18:10:00,572,572
http://irail.be/vehicle/P8803,http://irail.be/stations/NMBS/008883121,P,2018-09-20T18:10:00,2018-09-20T18:10:00,584,584
http://irail.be/vehicle/P8803,http://irail.be/stations/NMBS/008881174,P,2018-09-20T18:11:00,2018-09-20T18:11:00,605,605
http://irail.be/vehicle/P8803,http://irail.be/stations/NMBS/008881166,P,2018-09-20T18:15:00,2018-09-20T18:14:00,586,591
http://irail.be/vehicle/P8803,http://irail.be/stations/NMBS/008881158,P,2018-09-20T18:18:00,2018-09-20T18:18:00,586,586
http://irail.be/vehicle/P8803,http://irail.be/stations/NMBS/008881125,P,2018-09-20T18:19:00,2018-09-20T18:19:00,584,584
http://irail.be/vehicle/P8803,http://irail.be/stations/NMBS/008881000,P,2018-09-20T18:28:00,2018-09-20T18:24:00,747,832
http://irail.be/vehicle/P8803,http://irail.be/stations/NMBS/008884566,P,2018-09-20T18:35:00,2018-09-20T18:34:00,792,747
http://irail.be/vehicle/P8803,http://irail.be/stations/NMBS/008884541,P,2018-09-20T18:39:00,2018-09-20T18:38:00,857,815
http://irail.be/vehicle/P8803,http://irail.be/stations/NMBS/008884004,P,2018-09-20T18:44:00,2018-09-20T18:42:00,881,906
http://irail.be/vehicle/P8803,http://irail.be/stations/NMBS/008884319,P,2018-09-20T18:48:00,2018-09-20T18:48:00,917,874
http://irail.be/vehicle/P8803,http://irail.be/stations/NMBS/008884327,P,2018-09-20T18:51:00,2018-09-20T18:51:00,917,917
http://irail.be/vehicle/P8803,http://irail.be/stations/NMBS/008884350,P,2018-09-20T18:54:00,2018-09-20T18:54:00,917,917
http://irail.be/vehicle/P8803,http://irail.be/stations/NMBS/008884335,P,2018-09-20T18:59:00,2018-09-20T18:59:00,,917
http://irail.be/vehicle/P8803,NO-URI,P,2018-11-15T17:05:00,2018-11-15T17:05:00,541,
http://irail.be/vehicle/P8803,http://irail.be/stations/NMBS/008811007,P,2018-11-15T17:20:00,2018-11-15T17:15:00,223,447
http://irail.be/vehicle/P8803,http://irail.be/stations/NMBS/008812005,P,2018-11-15T17:28:00,2018-11-15T17:25:00,117,242
http://irail.be/vehicle/P8803,http://irail.be/stations/NMBS/008813045,P,2018-11-15T17:30:00,2018-11-15T17:30:00,128,128
http://irail.be/vehicle/P8803,http://irail.be/stations/NMBS/008813003,P,2018-11-15T17:32:00,2018-11-15T17:31:00,164,152
http://irail.be/vehicle/P8803,http://irail.be/stations/NMBS/008813037,P,2018-11-15T17:34:00,2018-11-15T17:34:00,112,112
http://irail.be/vehicle/P8803,http://irail.be/stations/NMBS/008814001,P,2018-11-15T17:38:00,2018-11-15T17:36:00,78,155
http://irail.be/vehicle/P8803,http://irail.be/stations/NMBS/008814373,P,2018-11-15T17:42:00,2018-11-15T17:42:00,47,47
http://irail.be/vehicle/P8803,http://irail.be/stations/NMBS/008814308,P,2018-11-15T17:47:00,2018-11-15T17:47:00,19,19
http://irail.be/vehicle/P8803,http://irail.be/stations/NMBS/008814332,P,2018-11-15T17:49:00,2018-11-15T17:49:00,-7,-7
http://irail.be/vehicle/P8803,http://irail.be/stations/NMBS/008883808,P,2018-11-15T17:50:00,2018-11-15T17:50:00,-35,-35
http://irail.be/vehicle/P8803,http://irail.be/stations/NMBS/008883022,P,2018-11-15T17:53:00,2018-11-15T17:53:00,-84,-84
http://irail.be/vehicle/P8803,NO-URI,P,2018-11-15T17:54:00,2018-11-15T17:54:00,-135,-135
http://irail.be/vehicle/P8803,http://irail.be/stations/NMBS/008883006,P,2018-11-15T18:00:00,2018-11-15T17:59:00,51,4
http://irail.be/vehicle/P8803,http://irail.be/stations/NMBS/008883113,P,2018-11-15T18:06:00,2018-11-15T18:05:00,54,22
http://irail.be/vehicle/P8803,NO-URI,P,2018-11-15T18:10:00,2018-11-15T18:10:00,2,2
http://irail.be/vehicle/P8803,http://irail.be/stations/NMBS/008883121,P,2018-11-15T18:10:00,2018-11-15T18:10:00,14,14
http://irail.be/vehicle/P8803,http://irail.be/stations/NMBS/008881174,P,2018-11-15T18:11:00,2018-11-15T18:11:00,40,40
http://irail.be/vehicle/P8803,http://irail.be/stations/NMBS/008881166,P,2018-11-15T18:15:00,2018-11-15T18:14:00,26,35
http://irail.be/vehicle/P8803,http://irail.be/stations/NMBS/008881158,P,2018-11-15T18:18:00,2018-11-15T18:18:00,26,26
http://irail.be/vehicle/P8803,http://irail.be/stations/NMBS/008881125,P,2018-11-15T18:19:00,2018-11-15T18:19:00,163,163
http://irail.be/vehicle/P8803,http://irail.be/stations/NMBS/008881000,P,2018-11-15T18:28:00,2018-11-15T18:24:00,138,240
http://irail.be/vehicle/P8803,http://irail.be/stations/NMBS/008884566,P,2018-11-15T18:35:00,2018-11-15T18:34:00,91,138
http://irail.be/vehicle/P8803,http://irail.be/stations/NMBS/008884541,P,2018-11-15T18:39:00,2018-11-15T18:38:00,110,106
http://irail.be/vehicle/P8803,http://irail.be/stations/NMBS/008884004,P,2018-11-15T18:44:00,2018-11-15T18:42:00,90,144
http://irail.be/vehicle/P8803,http://irail.be/stations/NMBS/008884319,P,2018-11-15T18:48:00,2018-11-15T18:48:00,96,60
http://irail.be/vehicle/P8803,http://irail.be/stations/NMBS/008884327,P,2018-11-15T18:51:00,2018-11-15T18:51:00,96,96
http://irail.be/vehicle/P8803,http://irail.be/stations/NMBS/008884350,P,2018-11-15T18:54:00,2018-11-15T18:54:00,96,96
http://irail.be/vehicle/P8803,http://irail.be/stations/NMBS/008884335,P,2018-11-15T18:59:00,2018-11-15T18:59:00,,96
http://irail.be/vehicle/P8803,NO-URI,P,2018-11-20T17:05:00,2018-11-20T17:05:00,-132,
http://irail.be/vehicle/P8803,http://irail.be/stations/NMBS/008811007,P,2018-11-20T17:20:00,2018-11-20T17:15:00,6,-231
http://irail.be/vehicle/P8803,http://irail.be/stations/NMBS/008812005,P,2018-11-20T17:28:00,2018-11-20T17:25:00,6,74
http://irail.be/vehicle/P8803,http://irail.be/stations/NMBS/008813045,P,2018-11-20T17:30:00,2018-11-20T17:30:00,64,64
http://irail.be/vehicle/P8803,http://irail.be/stations/NMBS/008813003,P,2018-11-20T17:32:00,2018-11-20T17:31:00,274,232
http://irail.be/vehicle/P8803,http://irail.be/stations/NMBS/008813037,P,2018-11-20T17:34:00,2018-11-20T17:34:00,222,222
http://irail.be/vehicle/P8803,http://irail.be/stations/NMBS/008814001,P,2018-11-20T17:38:00,2018-11-20T17:36:00,259,269
http://irail.be/vehicle/P8803,http://irail.be/stations/NMBS/008814373,P,2018-11-20T17:42:00,2018-11-20T17:42:00,232,232
http://irail.be/vehicle/P8803,http://irail.be/stations/NMBS/008814308,P,2018-11-20T17:47:00,2018-11-20T17:47:00,249,249
http://irail.be/vehicle/P8803,http://irail.be/stations/NMBS/008814332,P,2018-11-20T17:49:00,2018-11-20T17:49:00,277,277
http://irail.be/vehicle/P8803,http://irail.be/stations/NMBS/008883808,P,2018-11-20T17:50:00,2018-11-20T17:50:00,547,547
http://irail.be/vehicle/P8803,http://irail.be/stations/NMBS/008883022,P,2018-11-20T17:53:00,2018-11-20T17:53:00,576,576
http://irail.be/vehicle/P8803,NO-URI,P,2018-11-20T17:54:00,2018-11-20T17:54:00,537,537
http://irail.be/vehicle/P8803,http://irail.be/stations/NMBS/008883006,P,2018-11-20T18:00:00,2018-11-20T17:59:00,879,767
http://irail.be/vehicle/P8803,http://irail.be/stations/NMBS/008883113,P,2018-11-20T18:06:00,2018-11-20T18:05:00,905,847
http://irail.be/vehicle/P8803,NO-URI,P,2018-11-20T18:10:00,2018-11-20T18:10:00,866,866
http://irail.be/vehicle/P8803,http://irail.be/stations/NMBS/008883121,P,2018-11-20T18:10:00,2018-11-20T18:10:00,877,877
http://irail.be/vehicle/P8803,http://irail.be/stations/NMBS/008881174,P,2018-11-20T18:11:00,2018-11-20T18:11:00,898,898
http://irail.be/vehicle/P8803,http://irail.be/stations/NMBS/008881166,P,2018-11-20T18:15:00,2018-11-20T18:14:00,879,886
http://irail.be/vehicle/P8803,http://irail.be/stations/NMBS/008881158,P,2018-11-20T18:18:00,2018-11-20T18:18:00,879,879
http://irail.be/vehicle/P8803,http://irail.be/stations/NMBS/008881125,P,2018-11-20T18:19:00,2018-11-20T18:19:00,951,951
http://irail.be/vehicle/P8803,http://irail.be/stations/NMBS/008881000,P,2018-11-20T18:28:00,2018-11-20T18:24:00,1012,888
http://irail.be/vehicle/P8803,http://irail.be/stations/NMBS/008884566,P,2018-11-20T18:35:00,2018-11-20T18:34:00,1012,1012
http://irail.be/vehicle/P8803,http://irail.be/stations/NMBS/008884541,P,2018-11-20T18:39:00,2018-11-20T18:38:00,951,935
http://irail.be/vehicle/P8803,http://irail.be/stations/NMBS/008884004,P,2018-11-20T18:44:00,2018-11-20T18:42:00,943,991
http://irail.be/vehicle/P8803,http://irail.be/stations/NMBS/008884319,P,2018-11-20T18:48:00,2018-11-20T18:48:00,912,905
http://irail.be/vehicle/P8803,http://irail.be/stations/NMBS/008884327,P,2018-11-20T18:51:00,2018-11-20T18:51:00,912,912
http://irail.be/vehicle/P8803,http://irail.be/stations/NMBS/008884350,P,2018-11-20T18:54:00,2018-11-20T18:54:00,912,912
http://irail.be/vehicle/P8803,http://irail.be/stations/NMBS/008884335,P,2018-11-20T18:59:00,2018-11-20T18:59:00,,912
http://irail.be/vehicle/P8803,NO-URI,P,2018-11-27T17:05:00,2018-11-27T17:05:00,-56,
http://irail.be/vehicle/P8803,http://irail.be/stations/NMBS/008811007,P,2018-11-27T17:20:00,2018-11-27T17:15:00,11,-102
http://irail.be/vehicle/P8803,http://irail.be/stations/NMBS/008812005,P,2018-11-27T17:28:00,2018-11-27T17:25:00,25,23
http://irail.be/vehicle/P8803,http://irail.be/stations/NMBS/008813045,P,2018-11-27T17:30:00,2018-11-27T17:30:00,30,30
http://irail.be/vehicle/P8803,http://irail.be/stations/NMBS/008813003,P,2018-11-27T17:32:00,2018-11-27T17:31:00,213,181
http://irail.be/vehicle/P8803,http://irail.be/stations/NMBS/008813037,P,2018-11-27T17:34:00,2018-11-27T17:34:00,172,172
http://irail.be/vehicle/P8803,http://irail.be/stations/NMBS/008814001,P,2018-11-27T17:38:00,2018-11-27T17:36:00,244,233
http://irail.be/vehicle/P8803,http://irail.be/stations/NMBS/008814373,P,2018-11-27T17:42:00,2018-11-27T17:42:00,223,223
http://irail.be/vehicle/P8803,http://irail.be/stations/NMBS/008814365,P,2018-11-27T17:43:57,2018-11-27T17:43:57,161,161
http://irail.be/vehicle/P8803,http://irail.be/stations/NMBS/008814357,P,2018-11-27T17:45:34,2018-11-27T17:45:34,161,161
http://irail.be/vehicle/P8803,http://irail.be/stations/NMBS/008814340,P,2018-11-27T17:46:19,2018-11-27T17:46:19,164,164
http://irail.be/vehicle/P8803,http://irail.be/stations/NMBS/008814308,P,2018-11-27T17:47:00,2018-11-27T17:47:00,195,195
http://irail.be/vehicle/P8803,http://irail.be/stations/NMBS/008814332,P,2018-11-27T17:49:00,2018-11-27T17:49:00,178,178
http://irail.be/vehicle/P8803,http://irail.be/stations/NMBS/008883808,P,2018-11-27T17:50:00,2018-11-27T17:50:00,435,435
http://irail.be/vehicle/P8803,http://irail.be/stations/NMBS/008883022,P,2018-11-27T17:53:00,2018-11-27T17:53:00,449,449
http://irail.be/vehicle/P8803,NO-URI,P,2018-11-27T17:54:00,2018-11-27T17:54:00,401,401
http://irail.be/vehicle/P8803,http://irail.be/stations/NMBS/008883006,P,2018-11-27T18:00:00,2018-11-27T17:59:00,385,366
http://irail.be/vehicle/P8803,http://irail.be/stations/NMBS/008883113,P,2018-11-27T18:06:00,2018-11-27T18:05:00,363,343
http://irail.be/vehicle/P8803,NO-URI,P,2018-11-27T18:10:00,2018-11-27T18:10:00,311,311
http://irail.be/vehicle/P8803,http://irail.be/stations/NMBS/008883121,P,2018-11-27T18:10:00,2018-11-27T18:10:00,323,323
http://irail.be/vehicle/P8803,http://irail.be/stations/NMBS/008881174,P,2018-11-27T18:11:00,2018-11-27T18:11:00,347,347
http://irail.be/vehicle/P8803,http://irail.be/stations/NMBS/008881166,P,2018-11-27T18:15:00,2018-11-27T18:14:00,318,337
http://irail.be/vehicle/P8803,http://irail.be/stations/NMBS/008881158,P,2018-11-27T18:18:00,2018-11-27T18:18:00,318,318
http://irail.be/vehicle/P8803,http://irail.be/stations/NMBS/008881125,P,2018-11-27T18:19:00,2018-11-27T18:19:00,372,372
http://irail.be/vehicle/P8803,http://irail.be/stations/NMBS/008881000,P,2018-11-27T18:28:00,2018-11-27T18:24:00,121,238
http://irail.be/vehicle/P8803,http://irail.be/stations/NMBS/008884566,P,2018-11-27T18:35:00,2018-11-27T18:34:00,121,121
http://irail.be/vehicle/P8803,http://irail.be/stations/NMBS/008884541,P,2018-11-27T18:39:00,2018-11-27T18:38:00,56,41
http://irail.be/vehicle/P8803,http://irail.be/stations/NMBS/008884004,P,2018-11-27T18:44:00,2018-11-27T18:42:00,68,95
http://irail.be/vehicle/P8803,http://irail.be/stations/NMBS/008884319,P,2018-11-27T18:48:00,2018-11-27T18:48:00,58,58
http://irail.be/vehicle/P8803,http://irail.be/stations/NMBS/008884327,P,2018-11-27T18:51:00,2018-11-27T18:51:00,52,52
http://irail.be/vehicle/P8803,http://irail.be/stations/NMBS/008884350,P,2018-11-27T18:54:00,2018-11-27T18:54:00,52,52
http://irail.be/vehicle/P8803,http://irail.be/stations/NMBS/008884335,P,2018-11-27T18:59:00,2018-11-27T18:59:00,,52
http://irail.be/vehicle/P8803,NO-URI,P,2018-06-04T17:05:00,2018-06-04T17:05:00,-49,
http://irail.be/vehicle/P8803,http://irail.be/stations/NMBS/008811007,P,2018-06-04T17:20:00,2018-06-04T17:15:00,31,-43
http://irail.be/vehicle/P8803,http://irail.be/stations/NMBS/008812005,P,2018-06-04T17:28:00,2018-06-04T17:25:00,100,52
http://irail.be/vehicle/P8803,http://irail.be/stations/NMBS/008813045,P,2018-06-04T17:30:00,2018-06-04T17:30:00,112,112
http://irail.be/vehicle/P8803,http://irail.be/stations/NMBS/008813003,P,2018-06-04T17:32:00,2018-06-04T17:31:00,331,290
http://irail.be/vehicle/P8803,http://irail.be/stations/NMBS/008813037,P,2018-06-04T17:34:00,2018-06-04T17:34:00,283,283
http://irail.be/vehicle/P8803,http://irail.be/stations/NMBS/008814001,P,2018-06-04T17:38:00,2018-06-04T17:36:00,316,337
http://irail.be/vehicle/P8803,http://irail.be/stations/NMBS/008814373,P,2018-06-04T17:42:00,2018-06-04T17:42:00,298,298
http://irail.be/vehicle/P8803,http://irail.be/stations/NMBS/008814308,P,2018-06-04T17:47:00,2018-06-04T17:47:00,412,412
http://irail.be/vehicle/P8803,http://irail.be/stations/NMBS/008814332,P,2018-06-04T17:49:00,2018-06-04T17:49:00,400,400
http://irail.be/vehicle/P8803,http://irail.be/stations/NMBS/008883808,P,2018-06-04T17:50:00,2018-06-04T17:50:00,595,595
http://irail.be/vehicle/P8803,http://irail.be/stations/NMBS/008883022,P,2018-06-04T17:53:00,2018-06-04T17:53:00,582,582
http://irail.be/vehicle/P8803,NO-URI,P,2018-06-04T17:54:00,2018-06-04T17:54:00,536,536
http://irail.be/vehicle/P8803,http://irail.be/stations/NMBS/008883006,P,2018-06-04T18:00:00,2018-06-04T17:59:00,650,670
http://irail.be/vehicle/P8803,http://irail.be/stations/NMBS/008883113,P,2018-06-04T18:06:00,2018-06-04T18:05:00,619,598
http://irail.be/vehicle/P8803,NO-URI,P,2018-06-04T18:10:00,2018-06-04T18:10:00,565,565
http://irail.be/vehicle/P8803,http://irail.be/stations/NMBS/008883121,P,2018-06-04T18:10:00,2018-06-04T18:10:00,576,576
http://irail.be/vehicle/P8803,http://irail.be/stations/NMBS/008881174,P,2018-06-04T18:11:00,2018-06-04T18:11:00,602,602
http://irail.be/vehicle/P8803,http://irail.be/stations/NMBS/008881166,P,2018-06-04T18:15:00,2018-06-04T18:14:00,792,670
http://irail.be/vehicle/P8803,http://irail.be/stations/NMBS/008881158,P,2018-06-04T18:17:00,2018-06-04T18:17:00,792,792
http://irail.be/vehicle/P8803,http://irail.be/stations/NMBS/008881125,P,2018-06-04T18:20:00,2018-06-04T18:20:00,711,711
http://irail.be/vehicle/P8803,http://irail.be/stations/NMBS/008881000,P,2018-06-04T18:28:00,2018-06-04T18:24:00,732,830
http://irail.be/vehicle/P8803,http://irail.be/stations/NMBS/008884566,P,2018-06-04T18:35:00,2018-06-04T18:34:00,732,732
http://irail.be/vehicle/P8803,http://irail.be/stations/NMBS/008884541,P,2018-06-04T18:39:00,2018-06-04T18:38:00,650,639
http://irail.be/vehicle/P8803,http://irail.be/stations/NMBS/008884004,P,2018-06-04T18:44:00,2018-06-04T18:42:00,647,681
http://irail.be/vehicle/P8803,http://irail.be/stations/NMBS/008884319,P,2018-06-04T18:48:00,2018-06-04T18:48:00,652,652
http://irail.be/vehicle/P8803,http://irail.be/stations/NMBS/008884327,P,2018-06-04T18:51:00,2018-06-04T18:51:00,583,583
http://irail.be/vehicle/P8803,http://irail.be/stations/NMBS/008884350,P,2018-06-04T18:54:00,2018-06-04T18:54:00,583,583
http://irail.be/vehicle/P8803,http://irail.be/stations/NMBS/008884335,P,2018-06-04T18:59:00,2018-06-04T18:59:00,,583
http://irail.be/vehicle/P8803,NO-URI,P,2018-10-29T17:05:00,2018-10-29T17:05:00,-157,
http://irail.be/vehicle/P8803,http://irail.be/stations/NMBS/008811007,P,2018-10-29T17:20:00,2018-10-29T17:15:00,-20,23
http://irail.be/vehicle/P8803,http://irail.be/stations/NMBS/008812005,P,2018-10-29T17:28:00,2018-10-29T17:25:00,62,-60
http://irail.be/vehicle/P8803,http://irail.be/stations/NMBS/008813045,P,2018-10-29T17:30:00,2018-10-29T17:30:00,74,74
http://irail.be/vehicle/P8803,http://irail.be/stations/NMBS/008813003,P,2018-10-29T17:32:00,2018-10-29T17:31:00,177,123
http://irail.be/vehicle/P8803,http://irail.be/stations/NMBS/008813037,P,2018-10-29T17:34:00,2018-10-29T17:34:00,130,130
http://irail.be/vehicle/P8803,http://irail.be/stations/NMBS/008814001,P,2018-10-29T17:38:00,2018-10-29T17:36:00,154,183
http://irail.be/vehicle/P8803,http://irail.be/stations/NMBS/008814373,P,2018-10-29T17:42:00,2018-10-29T17:42:00,116,116
http://irail.be/vehicle/P8803,http://irail.be/stations/NMBS/008814365,P,2018-10-29T17:43:57,2018-10-29T17:43:57,33,33
http://irail.be/vehicle/P8803,http://irail.be/stations/NMBS/008814357,P,2018-10-29T17:45:34,2018-10-29T17:45:34,33,33
http://irail.be/vehicle/P8803,http://irail.be/stations/NMBS/008814340,P,2018-10-29T17:46:19,2018-10-29T17:46:19,39,39
http://irail.be/vehicle/P8803,http://irail.be/stations/NMBS/008814308,P,2018-10-29T17:47:00,2018-10-29T17:47:00,79,79
http://irail.be/vehicle/P8803,http://irail.be/stations/NMBS/008814332,P,2018-10-29T17:49:00,2018-10-29T17:49:00,62,62
http://irail.be/vehicle/P8803,http://irail.be/stations/NMBS/008883808,P,2018-10-29T17:50:00,2018-10-29T17:50:00,263,263
http://irail.be/vehicle/P8803,http://irail.be/stations/NMBS/008883022,P,2018-10-29T17:53:00,2018-10-29T17:53:00,253,253
http://irail.be/vehicle/P8803,NO-URI,P,2018-10-29T17:54:00,2018-10-29T17:54:00,203,203
http://irail.be/vehicle/P8803,http://irail.be/stations/NMBS/008883006,P,2018-10-29T18:00:00,2018-10-29T17:59:00,175,172
http://irail.be/vehicle/P8803,http://irail.be/stations/NMBS/008883113,P,2018-10-29T18:06:00,2018-10-29T18:05:00,214,152
http://irail.be/vehicle/P8803,NO-URI,P,2018-10-29T18:10:00,2018-10-29T18:10:00,190,190
http://irail.be/vehicle/P8803,http://irail.be/stations/NMBS/008883121,P,2018-10-29T18:10:00,2018-10-29T18:10:00,203,203
http://irail.be/vehicle/P8803,http://irail.be/stations/NMBS/008881174,P,2018-10-29T18:11:00,2018-10-29T18:11:00,244,244
http://irail.be/vehicle/P8803,http://irail.be/stations/NMBS/008881166,P,2018-10-29T18:15:00,2018-10-29T18:14:00,272,243
http://irail.be/vehicle/P8803,http://irail.be/stations/NMBS/008881158,P,2018-10-29T18:18:00,2018-10-29T18:18:00,272,272
http://irail.be/vehicle/P8803,http://irail.be/stations/NMBS/008881125,P,2018-10-29T18:19:00,2018-10-29T18:19:00,280,280
http://irail.be/vehicle/P8803,http://irail.be/stations/NMBS/008881000,P,2018-10-29T18:28:00,2018-10-29T18:24:00,100,241
http://irail.be/vehicle/P8803,http://irail.be/stations/NMBS/008884566,P,2018-10-29T18:35:00,2018-10-29T18:34:00,100,100
http://irail.be/vehicle/P8803,http://irail.be/stations/NMBS/008884541,P,2018-10-29T18:39:00,2018-10-29T18:38:00,133,61
http://irail.be/vehicle/P8803,http://irail.be/stations/NMBS/008884004,P,2018-10-29T18:44:00,2018-10-29T18:42:00,153,174
http://irail.be/vehicle/P8803,http://irail.be/stations/NMBS/008884319,P,2018-10-29T18:48:00,2018-10-29T18:48:00,279,122
http://irail.be/vehicle/P8803,http://irail.be/stations/NMBS/008884327,P,2018-10-29T18:51:00,2018-10-29T18:51:00,279,279
http://irail.be/vehicle/P8803,http://irail.be/stations/NMBS/008884350,P,2018-10-29T18:54:00,2018-10-29T18:54:00,279,279
http://irail.be/vehicle/P8803,http://irail.be/stations/NMBS/008884335,P,2018-10-29T18:59:00,2018-10-29T18:59:00,,279
http://irail.be/vehicle/P8803,NO-URI,P,2018-09-10T17:05:00,2018-09-10T17:05:00,572,
http://irail.be/vehicle/P8803,NO-URI,P,2018-09-10T17:09:41,2018-09-10T17:09:41,530,530
http://irail.be/vehicle/P8803,NO-URI,P,2018-09-10T17:10:39,2018-09-10T17:10:39,559,559
http://irail.be/vehicle/P8803,NO-URI,P,2018-09-10T17:11:47,2018-09-10T17:11:47,588,588
http://irail.be/vehicle/P8803,http://irail.be/stations/NMBS/008811007,P,2018-09-10T17:20:00,2018-09-10T17:15:00,406,588
http://irail.be/vehicle/P8803,http://irail.be/stations/NMBS/008812005,P,2018-09-10T17:28:00,2018-09-10T17:25:00,374,383
http://irail.be/vehicle/P8803,http://irail.be/stations/NMBS/008813045,P,2018-09-10T17:30:00,2018-09-10T17:30:00,374,374
http://irail.be/vehicle/P8803,http://irail.be/stations/NMBS/008813003,P,2018-09-10T17:32:00,2018-09-10T17:31:00,509,483
http://irail.be/vehicle/P8803,http://irail.be/stations/NMBS/008813037,P,2018-09-10T17:34:00,2018-09-10T17:34:00,456,456
http://irail.be/vehicle/P8803,http://irail.be/stations/NMBS/008814001,P,2018-09-10T17:38:00,2018-09-10T17:36:00,423,498
http://irail.be/vehicle/P8803,http://irail.be/stations/NMBS/008814373,P,2018-09-10T17:42:00,2018-09-10T17:42:00,380,380
http://irail.be/vehicle/P8803,http://irail.be/stations/NMBS/008814308,P,2018-09-10T17:47:00,2018-09-10T17:47:00,354,354
http://irail.be/vehicle/P8803,http://irail.be/stations/NMBS/008814332,P,2018-09-10T17:49:00,2018-09-10T17:49:00,327,327
http://irail.be/vehicle/P8803,http://irail.be/stations/NMBS/008883808,P,2018-09-10T17:50:00,2018-09-10T17:50:00,341,341
http://irail.be/vehicle/P8803,http://irail.be/stations/NMBS/008883022,P,2018-09-10T17:53:00,2018-09-10T17:53:00,342,342
http://irail.be/vehicle/P8803,NO-URI,P,2018-09-10T17:54:00,2018-09-10T17:54:00,336,336
http://irail.be/vehicle/P8803,http://irail.be/stations/NMBS/008883006,P,2018-09-10T18:00:00,2018-09-10T17:59:00,350,376
http://irail.be/vehicle/P8803,http://irail.be/stations/NMBS/008883113,P,2018-09-10T18:06:00,2018-09-10T18:05:00,327,303
http://irail.be/vehicle/P8803,NO-URI,P,2018-09-10T18:10:00,2018-09-10T18:10:00,270,270
http://irail.be/vehicle/P8803,http://irail.be/stations/NMBS/008883121,P,2018-09-10T18:10:00,2018-09-10T18:10:00,281,281
http://irail.be/vehicle/P8803,http://irail.be/stations/NMBS/008881174,P,2018-09-10T18:11:00,2018-09-10T18:11:00,365,365
http://irail.be/vehicle/P8803,http://irail.be/stations/NMBS/008881166,P,2018-09-10T18:15:00,2018-09-10T18:14:00,372,357
http://irail.be/vehicle/P8803,http://irail.be/stations/NMBS/008881158,P,2018-09-10T18:18:00,2018-09-10T18:18:00,372,372
http://irail.be/vehicle/P8803,http://irail.be/stations/NMBS/008881125,P,2018-09-10T18:19:00,2018-09-10T18:19:00,572,572
http://irail.be/vehicle/P8803,http://irail.be/stations/NMBS/008881000,P,2018-09-10T18:28:00,2018-09-10T18:24:00,515,680
http://irail.be/vehicle/P8803,http://irail.be/stations/NMBS/008884566,P,2018-09-10T18:35:00,2018-09-10T18:34:00,503,515
http://irail.be/vehicle/P8803,http://irail.be/stations/NMBS/008884541,P,2018-09-10T18:39:00,2018-09-10T18:38:00,555,525
http://irail.be/vehicle/P8803,http://irail.be/stations/NMBS/008884004,P,2018-09-10T18:44:00,2018-09-10T18:42:00,596,591
http://irail.be/vehicle/P8803,http://irail.be/stations/NMBS/008884319,P,2018-09-10T18:48:00,2018-09-10T18:48:00,1084,993
http://irail.be/vehicle/P8803,http://irail.be/stations/NMBS/008884327,P,2018-09-10T18:51:00,2018-09-10T18:51:00,1084,1084
http://irail.be/vehicle/P8803,http://irail.be/stations/NMBS/008884350,P,2018-09-10T18:54:00,2018-09-10T18:54:00,1084,1084
http://irail.be/vehicle/P8803,http://irail.be/stations/NMBS/008884335,P,2018-09-10T18:59:00,2018-09-10T18:59:00,,1084
http://irail.be/vehicle/P8803,NO-URI,P,2018-11-29T17:05:00,2018-11-29T17:05:00,-50,
http://irail.be/vehicle/P8803,http://irail.be/stations/NMBS/008811007,P,2018-11-29T17:20:00,2018-11-29T17:15:00,17,-29
http://irail.be/vehicle/P8803,http://irail.be/stations/NMBS/008812005,P,2018-11-29T17:28:00,2018-11-29T17:25:00,26,107
http://irail.be/vehicle/P8803,http://irail.be/stations/NMBS/008813045,P,2018-11-29T17:30:00,2018-11-29T17:30:00,40,40
http://irail.be/vehicle/P8803,http://irail.be/stations/NMBS/008813003,P,2018-11-29T17:32:00,2018-11-29T17:31:00,318,272
http://irail.be/vehicle/P8803,http://irail.be/stations/NMBS/008813037,P,2018-11-29T17:34:00,2018-11-29T17:34:00,267,267
http://irail.be/vehicle/P8803,http://irail.be/stations/NMBS/008814001,P,2018-11-29T17:38:00,2018-11-29T17:36:00,292,322
http://irail.be/vehicle/P8803,http://irail.be/stations/NMBS/008814373,P,2018-11-29T17:42:00,2018-11-29T17:42:00,306,306
http://irail.be/vehicle/P8803,http://irail.be/stations/NMBS/008814308,P,2018-11-29T17:47:00,2018-11-29T17:47:00,605,605
http://irail.be/vehicle/P8803,http://irail.be/stations/NMBS/008814332,P,2018-11-29T17:49:00,2018-11-29T17:49:00,586,586
http://irail.be/vehicle/P8803,http://irail.be/stations/NMBS/008883808,P,2018-11-29T17:50:00,2018-11-29T17:50:00,580,580
http://irail.be/vehicle/P8803,http://irail.be/stations/NMBS/008883022,P,2018-11-29T17:53:00,2018-11-29T17:53:00,598,598
http://irail.be/vehicle/P8803,NO-URI,P,2018-11-29T17:54:00,2018-11-29T17:54:00,592,592
http://irail.be/vehicle/P8803,http://irail.be/stations/NMBS/008883006,P,2018-11-29T17:59:00,2018-11-29T17:59:00,,611
http://irail.be/vehicle/P8803,NO-URI,P,2018-03-01T17:05:00,2018-03-01T17:05:00,241,
http://irail.be/vehicle/P8803,http://irail.be/stations/NMBS/008811007,P,2018-03-01T17:20:00,2018-03-01T17:15:00,32,189
http://irail.be/vehicle/P8803,http://irail.be/stations/NMBS/008812005,P,2018-03-01T17:28:00,2018-03-01T17:25:00,17,1
http://irail.be/vehicle/P8803,http://irail.be/stations/NMBS/008813045,P,2018-03-01T17:30:00,2018-03-01T17:30:00,23,23
http://irail.be/vehicle/P8803,http://irail.be/stations/NMBS/008813003,P,2018-03-01T17:32:00,2018-03-01T17:31:00,247,197
http://irail.be/vehicle/P8803,http://irail.be/stations/NMBS/008813037,P,2018-03-01T17:34:00,2018-03-01T17:34:00,196,196
http://irail.be/vehicle/P8803,http://irail.be/stations/NMBS/008814001,P,2018-03-01T17:38:00,2018-03-01T17:36:00,213,247
http://irail.be/vehicle/P8803,http://irail.be/stations/NMBS/008814373,P,2018-03-01T17:42:00,2018-03-01T17:42:00,194,194
http://irail.be/vehicle/P8803,http://irail.be/stations/NMBS/008814308,P,2018-03-01T17:47:00,2018-03-01T17:47:00,219,219
http://irail.be/vehicle/P8803,http://irail.be/stations/NMBS/008814332,P,2018-03-01T17:49:00,2018-03-01T17:49:00,219,219
http://irail.be/vehicle/P8803,http://irail.be/stations/NMBS/008883808,P,2018-03-01T17:50:00,2018-03-01T17:50:00,393,393
http://irail.be/vehicle/P8803,http://irail.be/stations/NMBS/008883022,P,2018-03-01T17:53:00,2018-03-01T17:53:00,374,374
http://irail.be/vehicle/P8803,NO-URI,P,2018-03-01T17:54:00,2018-03-01T17:54:00,333,333
http://irail.be/vehicle/P8803,http://irail.be/stations/NMBS/008883006,P,2018-03-01T18:00:00,2018-03-01T17:59:00,275,261
http://irail.be/vehicle/P8803,http://irail.be/stations/NMBS/008883113,P,2018-03-01T18:06:00,2018-03-01T18:05:00,281,242
http://irail.be/vehicle/P8803,NO-URI,P,2018-03-01T18:10:00,2018-03-01T18:10:00,222,222
http://irail.be/vehicle/P8803,http://irail.be/stations/NMBS/008883121,P,2018-03-01T18:10:00,2018-03-01T18:10:00,236,236
http://irail.be/vehicle/P8803,http://irail.be/stations/NMBS/008881174,P,2018-03-01T18:11:00,2018-03-01T18:11:00,259,259
http://irail.be/vehicle/P8803,http://irail.be/stations/NMBS/008881166,P,2018-03-01T18:15:00,2018-03-01T18:14:00,279,250
http://irail.be/vehicle/P8803,http://irail.be/stations/NMBS/008881158,P,2018-03-01T18:17:00,2018-03-01T18:17:00,279,279
http://irail.be/vehicle/P8803,http://irail.be/stations/NMBS/008881125,P,2018-03-01T18:20:00,2018-03-01T18:20:00,184,184
http://irail.be/vehicle/P8803,http://irail.be/stations/NMBS/008881000,P,2018-03-01T18:28:00,2018-03-01T18:24:00,159,244
http://irail.be/vehicle/P8803,http://irail.be/stations/NMBS/008884566,P,2018-03-01T18:35:00,2018-03-01T18:34:00,159,159
http://irail.be/vehicle/P8803,http://irail.be/stations/NMBS/008884541,P,2018-03-01T18:39:00,2018-03-01T18:38:00,102,71
http://irail.be/vehicle/P8803,http://irail.be/stations/NMBS/008884004,P,2018-03-01T18:44:00,2018-03-01T18:42:00,99,145
http://irail.be/vehicle/P8803,http://irail.be/stations/NMBS/008884319,P,2018-03-01T18:48:00,2018-03-01T18:48:00,229,137
http://irail.be/vehicle/P8803,http://irail.be/stations/NMBS/008884327,P,2018-03-01T18:51:00,2018-03-01T18:51:00,229,229
http://irail.be/vehicle/P8803,http://irail.be/stations/NMBS/008884350,P,2018-03-01T18:54:00,2018-03-01T18:54:00,229,229
http://irail.be/vehicle/P8803,http://irail.be/stations/NMBS/008884335,P,2018-03-01T18:59:00,2018-03-01T18:59:00,,229
http://irail.be/vehicle/P8803,NO-URI,P,2018-01-09T17:05:00,2018-01-09T17:05:00,883,
http://irail.be/vehicle/P8803,http://irail.be/stations/NMBS/008811007,P,2018-01-09T17:20:00,2018-01-09T17:15:00,569,759
http://irail.be/vehicle/P8803,http://irail.be/stations/NMBS/008812005,P,2018-01-09T17:28:00,2018-01-09T17:25:00,578,541
http://irail.be/vehicle/P8803,http://irail.be/stations/NMBS/008813045,P,2018-01-09T17:30:00,2018-01-09T17:30:00,574,574
http://irail.be/vehicle/P8803,http://irail.be/stations/NMBS/008813003,P,2018-01-09T17:32:00,2018-01-09T17:31:00,628,602
http://irail.be/vehicle/P8803,http://irail.be/stations/NMBS/008813037,P,2018-01-09T17:34:00,2018-01-09T17:34:00,576,576
http://irail.be/vehicle/P8803,http://irail.be/stations/NMBS/008814001,P,2018-01-09T17:38:00,2018-01-09T17:36:00,585,620
http://irail.be/vehicle/P8803,http://irail.be/stations/NMBS/008814373,P,2018-01-09T17:42:00,2018-01-09T17:42:00,541,541
http://irail.be/vehicle/P8803,http://irail.be/stations/NMBS/008814365,P,2018-01-09T17:43:57,2018-01-09T17:43:57,425,425
http://irail.be/vehicle/P8803,http://irail.be/stations/NMBS/008814357,P,2018-01-09T17:45:34,2018-01-09T17:45:34,425,425
http://irail.be/vehicle/P8803,http://irail.be/stations/NMBS/008814340,P,2018-01-09T17:46:19,2018-01-09T17:46:19,444,444
http://irail.be/vehicle/P8803,http://irail.be/stations/NMBS/008814308,P,2018-01-09T17:47:00,2018-01-09T17:47:00,514,514
http://irail.be/vehicle/P8803,http://irail.be/stations/NMBS/008814332,P,2018-01-09T17:49:00,2018-01-09T17:49:00,497,497
http://irail.be/vehicle/P8803,http://irail.be/stations/NMBS/008883808,P,2018-01-09T17:50:00,2018-01-09T17:50:00,464,464
http://irail.be/vehicle/P8803,http://irail.be/stations/NMBS/008883022,P,2018-01-09T17:53:00,2018-01-09T17:53:00,409,409
http://irail.be/vehicle/P8803,NO-URI,P,2018-01-09T17:54:00,2018-01-09T17:54:00,358,358
http://irail.be/vehicle/P8803,http://irail.be/stations/NMBS/008883006,P,2018-01-09T18:00:00,2018-01-09T17:59:00,433,379
http://irail.be/vehicle/P8803,http://irail.be/stations/NMBS/008883113,P,2018-01-09T18:06:00,2018-01-09T18:05:00,478,429
http://irail.be/vehicle/P8803,NO-URI,P,2018-01-09T18:10:00,2018-01-09T18:10:00,423,423
http://irail.be/vehicle/P8803,http://irail.be/stations/NMBS/008883121,P,2018-01-09T18:10:00,2018-01-09T18:10:00,433,433
http://irail.be/vehicle/P8803,http://irail.be/stations/NMBS/008881174,P,2018-01-09T18:11:00,2018-01-09T18:11:00,464,464
http://irail.be/vehicle/P8803,http://irail.be/stations/NMBS/008881166,P,2018-01-09T18:15:00,2018-01-09T18:14:00,504,456
http://irail.be/vehicle/P8803,http://irail.be/stations/NMBS/008881158,P,2018-01-09T18:17:00,2018-01-09T18:17:00,504,504
http://irail.be/vehicle/P8803,http://irail.be/stations/NMBS/008881125,P,2018-01-09T18:20:00,2018-01-09T18:20:00,408,408
http://irail.be/vehicle/P8803,http://irail.be/stations/NMBS/008881000,P,2018-01-09T18:28:00,2018-01-09T18:24:00,432,474
http://irail.be/vehicle/P8803,http://irail.be/stations/NMBS/008884566,P,2018-01-09T18:35:00,2018-01-09T18:34:00,432,432
http://irail.be/vehicle/P8803,http://irail.be/stations/NMBS/008884541,P,2018-01-09T18:39:00,2018-01-09T18:38:00,530,477
http://irail.be/vehicle/P8803,http://irail.be/stations/NMBS/008884004,P,2018-01-09T18:44:00,2018-01-09T18:42:00,561,569
http://irail.be/vehicle/P8803,http://irail.be/stations/NMBS/008884319,P,2018-01-09T18:48:00,2018-01-09T18:48:00,656,526
http://irail.be/vehicle/P8803,http://irail.be/stations/NMBS/008884327,P,2018-01-09T18:51:00,2018-01-09T18:51:00,656,656
http://irail.be/vehicle/P8803,http://irail.be/stations/NMBS/008884350,P,2018-01-09T18:54:00,2018-01-09T18:54:00,656,656
http://irail.be/vehicle/P8803,http://irail.be/stations/NMBS/008884335,P,2018-01-09T18:59:00,2018-01-09T18:59:00,,656
http://irail.be/vehicle/P8803,NO-URI,P,2018-02-19T17:05:00,2018-02-19T17:05:00,-44,
http://irail.be/vehicle/P8803,http://irail.be/stations/NMBS/008811007,P,2018-02-19T17:20:00,2018-02-19T17:15:00,24,-175
http://irail.be/vehicle/P8803,http://irail.be/stations/NMBS/008812005,P,2018-02-19T17:28:00,2018-02-19T17:25:00,15,-30
http://irail.be/vehicle/P8803,http://irail.be/stations/NMBS/008813045,P,2018-02-19T17:30:00,2018-02-19T17:30:00,12,12
http://irail.be/vehicle/P8803,http://irail.be/stations/NMBS/008813003,P,2018-02-19T17:32:00,2018-02-19T17:31:00,207,155
http://irail.be/vehicle/P8803,http://irail.be/stations/NMBS/008813037,P,2018-02-19T17:34:00,2018-02-19T17:34:00,153,153
http://irail.be/vehicle/P8803,http://irail.be/stations/NMBS/008814001,P,2018-02-19T17:38:00,2018-02-19T17:36:00,205,237
http://irail.be/vehicle/P8803,http://irail.be/stations/NMBS/008814373,P,2018-02-19T17:42:00,2018-02-19T17:42:00,257,257
http://irail.be/vehicle/P8803,http://irail.be/stations/NMBS/008814308,P,2018-02-19T17:47:00,2018-02-19T17:47:00,551,551
http://irail.be/vehicle/P8803,http://irail.be/stations/NMBS/008814332,P,2018-02-19T17:49:00,2018-02-19T17:49:00,529,529
http://irail.be/vehicle/P8803,http://irail.be/stations/NMBS/008883808,P,2018-02-19T17:50:00,2018-02-19T17:50:00,498,498
http://irail.be/vehicle/P8803,http://irail.be/stations/NMBS/008883022,P,2018-02-19T17:53:00,2018-02-19T17:53:00,448,448
http://irail.be/vehicle/P8803,NO-URI,P,2018-02-19T17:54:00,2018-02-19T17:54:00,395,395
http://irail.be/vehicle/P8803,http://irail.be/stations/NMBS/008883006,P,2018-02-19T18:00:00,2018-02-19T17:59:00,312,314
http://irail.be/vehicle/P8803,http://irail.be/stations/NMBS/008883113,P,2018-02-19T18:06:00,2018-02-19T18:05:00,297,282
http://irail.be/vehicle/P8803,NO-URI,P,2018-02-19T18:10:00,2018-02-19T18:10:00,256,256
http://irail.be/vehicle/P8803,http://irail.be/stations/NMBS/008883121,P,2018-02-19T18:10:00,2018-02-19T18:10:00,270,270
http://irail.be/vehicle/P8803,http://irail.be/stations/NMBS/008881174,P,2018-02-19T18:11:00,2018-02-19T18:11:00,289,289
http://irail.be/vehicle/P8803,http://irail.be/stations/NMBS/008881166,P,2018-02-19T18:15:00,2018-02-19T18:14:00,289,275
http://irail.be/vehicle/P8803,http://irail.be/stations/NMBS/008881158,P,2018-02-19T18:17:00,2018-02-19T18:17:00,289,289
http://irail.be/vehicle/P8803,http://irail.be/stations/NMBS/008881125,P,2018-02-19T18:20:00,2018-02-19T18:20:00,196,196
http://irail.be/vehicle/P8803,http://irail.be/stations/NMBS/008881000,P,2018-02-19T18:28:00,2018-02-19T18:24:00,526,300
http://irail.be/vehicle/P8803,http://irail.be/stations/NMBS/008884566,P,2018-02-19T18:35:00,2018-02-19T18:34:00,526,526
http://irail.be/vehicle/P8803,http://irail.be/stations/NMBS/008884541,P,2018-02-19T18:39:00,2018-02-19T18:38:00,498,453
http://irail.be/vehicle/P8803,http://irail.be/stations/NMBS/008884004,P,2018-02-19T18:44:00,2018-02-19T18:42:00,479,523
http://irail.be/vehicle/P8803,http://irail.be/stations/NMBS/008884319,P,2018-02-19T18:48:00,2018-02-19T18:48:00,444,432
http://irail.be/vehicle/P8803,http://irail.be/stations/NMBS/008884327,P,2018-02-19T18:51:00,2018-02-19T18:51:00,444,444
http://irail.be/vehicle/P8803,http://irail.be/stations/NMBS/008884350,P,2018-02-19T18:54:00,2018-02-19T18:54:00,444,444
http://irail.be/vehicle/P8803,http://irail.be/stations/NMBS/008884335,P,2018-02-19T18:59:00,2018-02-19T18:59:00,,444
http://irail.be/vehicle/P8803,NO-URI,P,2018-11-22T17:05:00,2018-11-22T17:05:00,170,
http://irail.be/vehicle/P8803,http://irail.be/stations/NMBS/008811007,P,2018-11-22T17:20:00,2018-11-22T17:15:00,9,126
http://irail.be/vehicle/P8803,http://irail.be/stations/NMBS/008812005,P,2018-11-22T17:28:00,2018-11-22T17:25:00,7,52
http://irail.be/vehicle/P8803,http://irail.be/stations/NMBS/008813045,P,2018-11-22T17:30:00,2018-11-22T17:30:00,16,16
http://irail.be/vehicle/P8803,http://irail.be/stations/NMBS/008813003,P,2018-11-22T17:32:00,2018-11-22T17:31:00,74,51
http://irail.be/vehicle/P8803,http://irail.be/stations/NMBS/008813037,P,2018-11-22T17:34:00,2018-11-22T17:34:00,29,29
http://irail.be/vehicle/P8803,http://irail.be/stations/NMBS/008814001,P,2018-11-22T17:38:00,2018-11-22T17:36:00,276,214
http://irail.be/vehicle/P8803,http://irail.be/stations/NMBS/008814373,P,2018-11-22T17:42:00,2018-11-22T17:42:00,285,285
http://irail.be/vehicle/P8803,http://irail.be/stations/NMBS/008814365,P,2018-11-22T17:43:57,2018-11-22T17:43:57,197,197
http://irail.be/vehicle/P8803,http://irail.be/stations/NMBS/008814357,P,2018-11-22T17:45:34,2018-11-22T17:45:34,197,197
http://irail.be/vehicle/P8803,http://irail.be/stations/NMBS/008814340,P,2018-11-22T17:46:19,2018-11-22T17:46:19,207,207
http://irail.be/vehicle/P8803,http://irail.be/stations/NMBS/008814308,P,2018-11-22T17:47:00,2018-11-22T17:47:00,383,383
http://irail.be/vehicle/P8803,http://irail.be/stations/NMBS/008814332,P,2018-11-22T17:49:00,2018-11-22T17:49:00,381,381
http://irail.be/vehicle/P8803,http://irail.be/stations/NMBS/008883808,P,2018-11-22T17:50:00,2018-11-22T17:50:00,403,403
http://irail.be/vehicle/P8803,http://irail.be/stations/NMBS/008883022,P,2018-11-22T17:53:00,2018-11-22T17:53:00,370,370
http://irail.be/vehicle/P8803,NO-URI,P,2018-11-22T17:54:00,2018-11-22T17:54:00,324,324
http://irail.be/vehicle/P8803,http://irail.be/stations/NMBS/008883006,P,2018-11-22T18:00:00,2018-11-22T17:59:00,654,546
http://irail.be/vehicle/P8803,http://irail.be/stations/NMBS/008883113,P,2018-11-22T18:06:00,2018-11-22T18:05:00,746,617
http://irail.be/vehicle/P8803,NO-URI,P,2018-11-22T18:10:00,2018-11-22T18:10:00,700,700
http://irail.be/vehicle/P8803,http://irail.be/stations/NMBS/008883121,P,2018-11-22T18:10:00,2018-11-22T18:10:00,711,711
http://irail.be/vehicle/P8803,http://irail.be/stations/NMBS/008881174,P,2018-11-22T18:11:00,2018-11-22T18:11:00,738,738
http://irail.be/vehicle/P8803,http://irail.be/stations/NMBS/008881166,P,2018-11-22T18:15:00,2018-11-22T18:14:00,850,835
http://irail.be/vehicle/P8803,http://irail.be/stations/NMBS/008881158,P,2018-11-22T18:18:00,2018-11-22T18:18:00,850,850
http://irail.be/vehicle/P8803,http://irail.be/stations/NMBS/008881125,P,2018-11-22T18:19:00,2018-11-22T18:19:00,922,922
http://irail.be/vehicle/P8803,http://irail.be/stations/NMBS/008881000,P,2018-11-22T18:28:00,2018-11-22T18:24:00,858,842
http://irail.be/vehicle/P8803,http://irail.be/stations/NMBS/008884566,P,2018-11-22T18:35:00,2018-11-22T18:34:00,872,858
http://irail.be/vehicle/P8803,http://irail.be/stations/NMBS/008884541,P,2018-11-22T18:39:00,2018-11-22T18:38:00,930,885
http://irail.be/vehicle/P8803,http://irail.be/stations/NMBS/008884004,P,2018-11-22T18:44:00,2018-11-22T18:42:00,993,991
http://irail.be/vehicle/P8803,http://irail.be/stations/NMBS/008884319,P,2018-11-22T18:48:00,2018-11-22T18:48:00,959,959
http://irail.be/vehicle/P8803,http://irail.be/stations/NMBS/008884327,P,2018-11-22T18:51:00,2018-11-22T18:51:00,955,955
http://irail.be/vehicle/P8803,http://irail.be/stations/NMBS/008884350,P,2018-11-22T18:54:00,2018-11-22T18:54:00,955,955
http://irail.be/vehicle/P8803,http://irail.be/stations/NMBS/008884335,P,2018-11-22T18:59:00,2018-11-22T18:59:00,,955
http://irail.be/vehicle/P8803,NO-URI,P,2018-11-21T17:05:00,2018-11-21T17:05:00,270,
http://irail.be/vehicle/P8803,http://irail.be/stations/NMBS/008811007,P,2018-11-21T17:20:00,2018-11-21T17:15:00,60,246
http://irail.be/vehicle/P8803,http://irail.be/stations/NMBS/008812005,P,2018-11-21T17:28:00,2018-11-21T17:25:00,442,234
http://irail.be/vehicle/P8803,http://irail.be/stations/NMBS/008813045,P,2018-11-21T17:30:00,2018-11-21T17:30:00,467,467
http://irail.be/vehicle/P8803,http://irail.be/stations/NMBS/008813003,P,2018-11-21T17:32:00,2018-11-21T17:31:00,550,504
http://irail.be/vehicle/P8803,http://irail.be/stations/NMBS/008813037,P,2018-11-21T17:34:00,2018-11-21T17:34:00,503,503
http://irail.be/vehicle/P8803,http://irail.be/stations/NMBS/008814001,P,2018-11-21T17:38:00,2018-11-21T17:36:00,744,584
http://irail.be/vehicle/P8803,http://irail.be/stations/NMBS/008814373,P,2018-11-21T17:42:00,2018-11-21T17:42:00,745,745
http://irail.be/vehicle/P8803,http://irail.be/stations/NMBS/008814308,P,2018-11-21T17:47:00,2018-11-21T17:47:00,835,835
http://irail.be/vehicle/P8803,http://irail.be/stations/NMBS/008814332,P,2018-11-21T17:49:00,2018-11-21T17:49:00,812,812
http://irail.be/vehicle/P8803,http://irail.be/stations/NMBS/008883808,P,2018-11-21T17:50:00,2018-11-21T17:50:00,793,793
http://irail.be/vehicle/P8803,http://irail.be/stations/NMBS/008883022,P,2018-11-21T17:53:00,2018-11-21T17:53:00,752,752
http://irail.be/vehicle/P8803,NO-URI,P,2018-11-21T17:54:00,2018-11-21T17:54:00,701,701
http://irail.be/vehicle/P8803,http://irail.be/stations/NMBS/008883006,P,2018-11-21T18:00:00,2018-11-21T17:59:00,872,758
http://irail.be/vehicle/P8803,http://irail.be/stations/NMBS/008883113,P,2018-11-21T18:06:00,2018-11-21T18:05:00,940,893
http://irail.be/vehicle/P8803,NO-URI,P,2018-11-21T18:10:00,2018-11-21T18:10:00,900,900
http://irail.be/vehicle/P8803,http://irail.be/stations/NMBS/008883121,P,2018-11-21T18:10:00,2018-11-21T18:10:00,911,911
http://irail.be/vehicle/P8803,http://irail.be/stations/NMBS/008881174,P,2018-11-21T18:11:00,2018-11-21T18:11:00,940,940
http://irail.be/vehicle/P8803,http://irail.be/stations/NMBS/008881166,P,2018-11-21T18:15:00,2018-11-21T18:14:00,937,932
http://irail.be/vehicle/P8803,http://irail.be/stations/NMBS/008881158,P,2018-11-21T18:18:00,2018-11-21T18:18:00,937,937
http://irail.be/vehicle/P8803,http://irail.be/stations/NMBS/008881125,P,2018-11-21T18:19:00,2018-11-21T18:19:00,1016,1016
http://irail.be/vehicle/P8803,http://irail.be/stations/NMBS/008881000,P,2018-11-21T18:28:00,2018-11-21T18:24:00,1416,1336
http://irail.be/vehicle/P8803,http://irail.be/stations/NMBS/008884566,P,2018-11-21T18:35:00,2018-11-21T18:34:00,1416,1416
http://irail.be/vehicle/P8803,http://irail.be/stations/NMBS/008884541,P,2018-11-21T18:39:00,2018-11-21T18:38:00,1416,1358
http://irail.be/vehicle/P8803,http://irail.be/stations/NMBS/008884004,P,2018-11-21T18:44:00,2018-11-21T18:42:00,1414,1461
http://irail.be/vehicle/P8803,http://irail.be/stations/NMBS/008884319,P,2018-11-21T18:48:00,2018-11-21T18:48:00,1462,1372
http://irail.be/vehicle/P8803,http://irail.be/stations/NMBS/008884327,P,2018-11-21T18:51:00,2018-11-21T18:51:00,1462,1462
http://irail.be/vehicle/P8803,http://irail.be/stations/NMBS/008884350,P,2018-11-21T18:54:00,2018-11-21T18:54:00,1462,1462
http://irail.be/vehicle/P8803,http://irail.be/stations/NMBS/008884335,P,2018-11-21T18:59:00,2018-11-21T18:59:00,,1462
http://irail.be/vehicle/P8803,NO-URI,P,2018-10-03T17:05:00,2018-10-03T17:05:00,-125,
http://irail.be/vehicle/P8803,http://irail.be/stations/NMBS/008811007,P,2018-10-03T17:20:00,2018-10-03T17:15:00,3,-214
http://irail.be/vehicle/P8803,http://irail.be/stations/NMBS/008812005,P,2018-10-03T17:28:00,2018-10-03T17:25:00,-6,49
http://irail.be/vehicle/P8803,http://irail.be/stations/NMBS/008813045,P,2018-10-03T17:30:00,2018-10-03T17:30:00,0,0
http://irail.be/vehicle/P8803,http://irail.be/stations/NMBS/008813003,P,2018-10-03T17:32:00,2018-10-03T17:31:00,214,175
http://irail.be/vehicle/P8803,http://irail.be/stations/NMBS/008813037,P,2018-10-03T17:34:00,2018-10-03T17:34:00,162,162
http://irail.be/vehicle/P8803,http://irail.be/stations/NMBS/008814001,P,2018-10-03T17:38:00,2018-10-03T17:36:00,119,207
http://irail.be/vehicle/P8803,http://irail.be/stations/NMBS/008814373,P,2018-10-03T17:42:00,2018-10-03T17:42:00,164,164
http://irail.be/vehicle/P8803,http://irail.be/stations/NMBS/008814308,P,2018-10-03T17:47:00,2018-10-03T17:47:00,482,482
http://irail.be/vehicle/P8803,http://irail.be/stations/NMBS/008814332,P,2018-10-03T17:49:00,2018-10-03T17:49:00,455,455
http://irail.be/vehicle/P8803,http://irail.be/stations/NMBS/008883808,P,2018-10-03T17:50:00,2018-10-03T17:50:00,466,466
http://irail.be/vehicle/P8803,http://irail.be/stations/NMBS/008883022,P,2018-10-03T17:53:00,2018-10-03T17:53:00,494,494
http://irail.be/vehicle/P8803,NO-URI,P,2018-10-03T17:54:00,2018-10-03T17:54:00,755,755
http://irail.be/vehicle/P8803,http://irail.be/stations/NMBS/008883006,P,2018-10-03T18:00:00,2018-10-03T17:59:00,900,914
http://irail.be/vehicle/P8803,http://irail.be/stations/NMBS/008883113,P,2018-10-03T18:06:00,2018-10-03T18:05:00,850,847
http://irail.be/vehicle/P8803,NO-URI,P,2018-10-03T18:10:00,2018-10-03T18:10:00,797,797
http://irail.be/vehicle/P8803,http://irail.be/stations/NMBS/008883121,P,2018-10-03T18:10:00,2018-10-03T18:10:00,809,809
http://irail.be/vehicle/P8803,http://irail.be/stations/NMBS/008881174,P,2018-10-03T18:11:00,2018-10-03T18:11:00,832,832
http://irail.be/vehicle/P8803,http://irail.be/stations/NMBS/008881166,P,2018-10-03T18:15:00,2018-10-03T18:14:00,829,817
http://irail.be/vehicle/P8803,http://irail.be/stations/NMBS/008881158,P,2018-10-03T18:18:00,2018-10-03T18:18:00,829,829
http://irail.be/vehicle/P8803,http://irail.be/stations/NMBS/008881125,P,2018-10-03T18:19:00,2018-10-03T18:19:00,1074,1074
http://irail.be/vehicle/P8803,http://irail.be/stations/NMBS/008881000,P,2018-10-03T18:28:00,2018-10-03T18:24:00,1057,1227
http://irail.be/vehicle/P8803,http://irail.be/stations/NMBS/008884566,P,2018-10-03T18:35:00,2018-10-03T18:34:00,1057,1057
http://irail.be/vehicle/P8803,http://irail.be/stations/NMBS/008884541,P,2018-10-03T18:39:00,2018-10-03T18:38:00,912,915
http://irail.be/vehicle/P8803,http://irail.be/stations/NMBS/008884004,P,2018-10-03T18:44:00,2018-10-03T18:42:00,889,948
http://irail.be/vehicle/P8803,http://irail.be/stations/NMBS/008884319,P,2018-10-03T18:48:00,2018-10-03T18:48:00,916,913
http://irail.be/vehicle/P8803,http://irail.be/stations/NMBS/008884327,P,2018-10-03T18:51:00,2018-10-03T18:51:00,916,916
http://irail.be/vehicle/P8803,http://irail.be/stations/NMBS/008884350,P,2018-10-03T18:54:00,2018-10-03T18:54:00,916,916
http://irail.be/vehicle/P8803,http://irail.be/stations/NMBS/008884335,P,2018-10-03T18:59:00,2018-10-03T18:59:00,,916
http://irail.be/vehicle/P8803,NO-URI,P,2018-02-26T17:05:00,2018-02-26T17:05:00,1016,
http://irail.be/vehicle/P8803,http://irail.be/stations/NMBS/008811007,P,2018-02-26T17:20:00,2018-02-26T17:15:00,801,920
http://irail.be/vehicle/P8803,http://irail.be/stations/NMBS/008812005,P,2018-02-26T17:28:00,2018-02-26T17:25:00,708,835
http://irail.be/vehicle/P8803,http://irail.be/stations/NMBS/008813045,P,2018-02-26T17:30:00,2018-02-26T17:30:00,714,714
http://irail.be/vehicle/P8803,http://irail.be/stations/NMBS/008813003,P,2018-02-26T17:32:00,2018-02-26T17:31:00,785,744
http://irail.be/vehicle/P8803,http://irail.be/stations/NMBS/008813037,P,2018-02-26T17:34:00,2018-02-26T17:34:00,732,732
http://irail.be/vehicle/P8803,http://irail.be/stations/NMBS/008814001,P,2018-02-26T17:38:00,2018-02-26T17:36:00,763,779
http://irail.be/vehicle/P8803,http://irail.be/stations/NMBS/008814373,P,2018-02-26T17:42:00,2018-02-26T17:42:00,725,725
http://irail.be/vehicle/P8803,http://irail.be/stations/NMBS/008814308,P,2018-02-26T17:47:00,2018-02-26T17:47:00,679,679
http://irail.be/vehicle/P8803,http://irail.be/stations/NMBS/008814332,P,2018-02-26T17:49:00,2018-02-26T17:49:00,714,714
http://irail.be/vehicle/P8803,http://irail.be/stations/NMBS/008883808,P,2018-02-26T17:50:00,2018-02-26T17:50:00,915,915
http://irail.be/vehicle/P8803,http://irail.be/stations/NMBS/008883022,P,2018-02-26T17:53:00,2018-02-26T17:53:00,906,906
http://irail.be/vehicle/P8803,NO-URI,P,2018-02-26T17:54:00,2018-02-26T17:54:00,865,865
http://irail.be/vehicle/P8803,http://irail.be/stations/NMBS/008883006,P,2018-02-26T18:00:00,2018-02-26T17:59:00,1019,922
http://irail.be/vehicle/P8803,http://irail.be/stations/NMBS/008883113,P,2018-02-26T18:06:00,2018-02-26T18:05:00,1031,989
http://irail.be/vehicle/P8803,NO-URI,P,2018-02-26T18:10:00,2018-02-26T18:10:00,975,975
http://irail.be/vehicle/P8803,http://irail.be/stations/NMBS/008883121,P,2018-02-26T18:10:00,2018-02-26T18:10:00,988,988
http://irail.be/vehicle/P8803,http://irail.be/stations/NMBS/008881174,P,2018-02-26T18:11:00,2018-02-26T18:11:00,1007,1007
http://irail.be/vehicle/P8803,http://irail.be/stations/NMBS/008881166,P,2018-02-26T18:15:00,2018-02-26T18:14:00,1075,996
http://irail.be/vehicle/P8803,http://irail.be/stations/NMBS/008881158,P,2018-02-26T18:17:00,2018-02-26T18:17:00,1075,1075
http://irail.be/vehicle/P8803,http://irail.be/stations/NMBS/008881125,P,2018-02-26T18:20:00,2018-02-26T18:20:00,1226,1226
http://irail.be/vehicle/P8803,http://irail.be/stations/NMBS/008881000,P,2018-02-26T18:28:00,2018-02-26T18:24:00,1193,1284
http://irail.be/vehicle/P8803,http://irail.be/stations/NMBS/008884566,P,2018-02-26T18:35:00,2018-02-26T18:34:00,1193,1193
http://irail.be/vehicle/P8803,http://irail.be/stations/NMBS/008884541,P,2018-02-26T18:39:00,2018-02-26T18:38:00,1206,1153
http://irail.be/vehicle/P8803,http://irail.be/stations/NMBS/008884004,P,2018-02-26T18:44:00,2018-02-26T18:42:00,1233,1271
http://irail.be/vehicle/P8803,http://irail.be/stations/NMBS/008884319,P,2018-02-26T18:48:00,2018-02-26T18:48:00,1559,1383
http://irail.be/vehicle/P8803,http://irail.be/stations/NMBS/008884327,P,2018-02-26T18:51:00,2018-02-26T18:51:00,1559,1559
http://irail.be/vehicle/P8803,http://irail.be/stations/NMBS/008884350,P,2018-02-26T18:54:00,2018-02-26T18:54:00,1559,1559
http://irail.be/vehicle/P8803,http://irail.be/stations/NMBS/008884335,P,2018-02-26T18:59:00,2018-02-26T18:59:00,,1559
http://irail.be/vehicle/P8803,NO-URI,P,2018-09-12T17:05:00,2018-09-12T17:05:00,-60,
http://irail.be/vehicle/P8803,http://irail.be/stations/NMBS/008811007,P,2018-09-12T17:20:00,2018-09-12T17:15:00,80,-166
http://irail.be/vehicle/P8803,http://irail.be/stations/NMBS/008812005,P,2018-09-12T17:28:00,2018-09-12T17:25:00,41,104
http://irail.be/vehicle/P8803,http://irail.be/stations/NMBS/008813045,P,2018-09-12T17:30:00,2018-09-12T17:30:00,110,110
http://irail.be/vehicle/P8803,http://irail.be/stations/NMBS/008813003,P,2018-09-12T17:32:00,2018-09-12T17:31:00,372,317
http://irail.be/vehicle/P8803,http://irail.be/stations/NMBS/008813037,P,2018-09-12T17:34:00,2018-09-12T17:34:00,319,319
http://irail.be/vehicle/P8803,http://irail.be/stations/NMBS/008814001,P,2018-09-12T17:38:00,2018-09-12T17:36:00,321,366
http://irail.be/vehicle/P8803,http://irail.be/stations/NMBS/008814373,P,2018-09-12T17:42:00,2018-09-12T17:42:00,298,298
http://irail.be/vehicle/P8803,http://irail.be/stations/NMBS/008814308,P,2018-09-12T17:47:00,2018-09-12T17:47:00,262,262
http://irail.be/vehicle/P8803,http://irail.be/stations/NMBS/008814332,P,2018-09-12T17:49:00,2018-09-12T17:49:00,236,236
http://irail.be/vehicle/P8803,http://irail.be/stations/NMBS/008883808,P,2018-09-12T17:50:00,2018-09-12T17:50:00,355,355
http://irail.be/vehicle/P8803,http://irail.be/stations/NMBS/008883022,P,2018-09-12T17:53:00,2018-09-12T17:53:00,369,369
http://irail.be/vehicle/P8803,NO-URI,P,2018-09-12T17:54:00,2018-09-12T17:54:00,330,330
http://irail.be/vehicle/P8803,http://irail.be/stations/NMBS/008883006,P,2018-09-12T18:00:00,2018-09-12T17:59:00,282,316
http://irail.be/vehicle/P8803,http://irail.be/stations/NMBS/008883113,P,2018-09-12T18:06:00,2018-09-12T18:05:00,261,247
http://irail.be/vehicle/P8803,NO-URI,P,2018-09-12T18:10:00,2018-09-12T18:10:00,210,210
http://irail.be/vehicle/P8803,http://irail.be/stations/NMBS/008883121,P,2018-09-12T18:10:00,2018-09-12T18:10:00,222,222
http://irail.be/vehicle/P8803,http://irail.be/stations/NMBS/008881174,P,2018-09-12T18:11:00,2018-09-12T18:11:00,243,243
http://irail.be/vehicle/P8803,http://irail.be/stations/NMBS/008881166,P,2018-09-12T18:15:00,2018-09-12T18:14:00,193,230
http://irail.be/vehicle/P8803,http://irail.be/stations/NMBS/008881158,P,2018-09-12T18:18:00,2018-09-12T18:18:00,193,193
http://irail.be/vehicle/P8803,http://irail.be/stations/NMBS/008881125,P,2018-09-12T18:19:00,2018-09-12T18:19:00,292,292
http://irail.be/vehicle/P8803,http://irail.be/stations/NMBS/008881000,P,2018-09-12T18:28:00,2018-09-12T18:24:00,257,426
http://irail.be/vehicle/P8803,http://irail.be/stations/NMBS/008884566,P,2018-09-12T18:35:00,2018-09-12T18:34:00,259,257
http://irail.be/vehicle/P8803,http://irail.be/stations/NMBS/008884541,P,2018-09-12T18:39:00,2018-09-12T18:38:00,283,271
http://irail.be/vehicle/P8803,http://irail.be/stations/NMBS/008884004,P,2018-09-12T18:44:00,2018-09-12T18:42:00,266,319
http://irail.be/vehicle/P8803,http://irail.be/stations/NMBS/008884319,P,2018-09-12T18:48:00,2018-09-12T18:48:00,225,225
http://irail.be/vehicle/P8803,http://irail.be/stations/NMBS/008884327,P,2018-09-12T18:51:00,2018-09-12T18:51:00,142,142
http://irail.be/vehicle/P8803,http://irail.be/stations/NMBS/008884350,P,2018-09-12T18:54:00,2018-09-12T18:54:00,142,142
http://irail.be/vehicle/P8803,http://irail.be/stations/NMBS/008884335,P,2018-09-12T18:59:00,2018-09-12T18:59:00,,142
http://irail.be/vehicle/P8803,NO-URI,P,2018-03-15T17:05:00,2018-03-15T17:05:00,-6,
http://irail.be/vehicle/P8803,http://irail.be/stations/NMBS/008811007,P,2018-03-15T17:20:00,2018-03-15T17:15:00,33,-92
http://irail.be/vehicle/P8803,http://irail.be/stations/NMBS/008812005,P,2018-03-15T17:28:00,2018-03-15T17:25:00,110,-9
http://irail.be/vehicle/P8803,http://irail.be/stations/NMBS/008813045,P,2018-03-15T17:30:00,2018-03-15T17:30:00,129,129
http://irail.be/vehicle/P8803,http://irail.be/stations/NMBS/008813003,P,2018-03-15T17:32:00,2018-03-15T17:31:00,206,171
http://irail.be/vehicle/P8803,http://irail.be/stations/NMBS/008813037,P,2018-03-15T17:34:00,2018-03-15T17:34:00,162,162
http://irail.be/vehicle/P8803,http://irail.be/stations/NMBS/008814001,P,2018-03-15T17:38:00,2018-03-15T17:36:00,176,209
http://irail.be/vehicle/P8803,http://irail.be/stations/NMBS/008814373,P,2018-03-15T17:42:00,2018-03-15T17:42:00,158,158
http://irail.be/vehicle/P8803,http://irail.be/stations/NMBS/008814308,P,2018-03-15T17:47:00,2018-03-15T17:47:00,152,152
http://irail.be/vehicle/P8803,http://irail.be/stations/NMBS/008814332,P,2018-03-15T17:49:00,2018-03-15T17:49:00,127,127
http://irail.be/vehicle/P8803,http://irail.be/stations/NMBS/008883808,P,2018-03-15T17:50:00,2018-03-15T17:50:00,268,268
http://irail.be/vehicle/P8803,http://irail.be/stations/NMBS/008883022,P,2018-03-15T17:53:00,2018-03-15T17:53:00,311,311
http://irail.be/vehicle/P8803,NO-URI,P,2018-03-15T17:54:00,2018-03-15T17:54:00,297,297
http://irail.be/vehicle/P8803,http://irail.be/stations/NMBS/008883006,P,2018-03-15T18:00:00,2018-03-15T17:59:00,321,304
http://irail.be/vehicle/P8803,http://irail.be/stations/NMBS/008883113,P,2018-03-15T18:06:00,2018-03-15T18:05:00,391,348
http://irail.be/vehicle/P8803,NO-URI,P,2018-03-15T18:10:00,2018-03-15T18:10:00,372,372
http://irail.be/vehicle/P8803,http://irail.be/stations/NMBS/008883121,P,2018-03-15T18:10:00,2018-03-15T18:10:00,387,387
http://irail.be/vehicle/P8803,http://irail.be/stations/NMBS/008881174,P,2018-03-15T18:11:00,2018-03-15T18:11:00,418,418
http://irail.be/vehicle/P8803,http://irail.be/stations/NMBS/008881166,P,2018-03-15T18:15:00,2018-03-15T18:14:00,454,411
http://irail.be/vehicle/P8803,http://irail.be/stations/NMBS/008881158,P,2018-03-15T18:17:00,2018-03-15T18:17:00,454,454
http://irail.be/vehicle/P8803,http://irail.be/stations/NMBS/008881125,P,2018-03-15T18:20:00,2018-03-15T18:20:00,373,373
http://irail.be/vehicle/P8803,http://irail.be/stations/NMBS/008881000,P,2018-03-15T18:28:00,2018-03-15T18:24:00,351,418
http://irail.be/vehicle/P8803,http://irail.be/stations/NMBS/008884566,P,2018-03-15T18:35:00,2018-03-15T18:34:00,351,351
http://irail.be/vehicle/P8803,http://irail.be/stations/NMBS/008884541,P,2018-03-15T18:39:00,2018-03-15T18:38:00,345,285
http://irail.be/vehicle/P8803,http://irail.be/stations/NMBS/008884004,P,2018-03-15T18:44:00,2018-03-15T18:42:00,348,386
http://irail.be/vehicle/P8803,http://irail.be/stations/NMBS/008884319,P,2018-03-15T18:48:00,2018-03-15T18:48:00,374,316
http://irail.be/vehicle/P8803,http://irail.be/stations/NMBS/008884327,P,2018-03-15T18:51:00,2018-03-15T18:51:00,374,374
http://irail.be/vehicle/P8803,http://irail.be/stations/NMBS/008884350,P,2018-03-15T18:54:00,2018-03-15T18:54:00,374,374
http://irail.be/vehicle/P8803,http://irail.be/stations/NMBS/008884335,P,2018-03-15T18:59:00,2018-03-15T18:59:00,,374
http://irail.be/vehicle/P8803,NO-URI,P,2018-06-19T17:05:00,2018-06-19T17:05:00,-67,
http://irail.be/vehicle/P8803,http://irail.be/stations/NMBS/008811007,P,2018-06-19T17:20:00,2018-06-19T17:15:00,1,-144
http://irail.be/vehicle/P8803,http://irail.be/stations/NMBS/008812005,P,2018-06-19T17:28:00,2018-06-19T17:25:00,41,-23
http://irail.be/vehicle/P8803,http://irail.be/stations/NMBS/008813045,P,2018-06-19T17:30:00,2018-06-19T17:30:00,43,43
http://irail.be/vehicle/P8803,http://irail.be/stations/NMBS/008813003,P,2018-06-19T17:32:00,2018-06-19T17:31:00,102,84
http://irail.be/vehicle/P8803,http://irail.be/stations/NMBS/008813037,P,2018-06-19T17:34:00,2018-06-19T17:34:00,51,51
http://irail.be/vehicle/P8803,http://irail.be/stations/NMBS/008814001,P,2018-06-19T17:38:00,2018-06-19T17:36:00,215,111
http://irail.be/vehicle/P8803,http://irail.be/stations/NMBS/008814373,P,2018-06-19T17:42:00,2018-06-19T17:42:00,223,223
http://irail.be/vehicle/P8803,http://irail.be/stations/NMBS/008814308,P,2018-06-19T17:47:00,2018-06-19T17:47:00,353,353
http://irail.be/vehicle/P8803,http://irail.be/stations/NMBS/008814332,P,2018-06-19T17:49:00,2018-06-19T17:49:00,330,330
http://irail.be/vehicle/P8803,http://irail.be/stations/NMBS/008883808,P,2018-06-19T17:50:00,2018-06-19T17:50:00,304,304
http://irail.be/vehicle/P8803,http://irail.be/stations/NMBS/008883022,P,2018-06-19T17:53:00,2018-06-19T17:53:00,250,250
http://irail.be/vehicle/P8803,NO-URI,P,2018-06-19T17:54:00,2018-06-19T17:54:00,194,194
http://irail.be/vehicle/P8803,http://irail.be/stations/NMBS/008883006,P,2018-06-19T18:00:00,2018-06-19T17:59:00,134,132
http://irail.be/vehicle/P8803,http://irail.be/stations/NMBS/008883113,P,2018-06-19T18:06:00,2018-06-19T18:05:00,119,79
http://irail.be/vehicle/P8803,NO-URI,P,2018-06-19T18:10:00,2018-06-19T18:10:00,67,67
http://irail.be/vehicle/P8803,http://irail.be/stations/NMBS/008883121,P,2018-06-19T18:10:00,2018-06-19T18:10:00,77,77
http://irail.be/vehicle/P8803,http://irail.be/stations/NMBS/008881174,P,2018-06-19T18:11:00,2018-06-19T18:11:00,99,99
http://irail.be/vehicle/P8803,http://irail.be/stations/NMBS/008881166,P,2018-06-19T18:15:00,2018-06-19T18:14:00,190,145
http://irail.be/vehicle/P8803,http://irail.be/stations/NMBS/008881158,P,2018-06-19T18:18:00,2018-06-19T18:18:00,190,190
http://irail.be/vehicle/P8803,http://irail.be/stations/NMBS/008881125,P,2018-06-19T18:19:00,2018-06-19T18:19:00,240,240
http://irail.be/vehicle/P8803,http://irail.be/stations/NMBS/008881000,P,2018-06-19T18:28:00,2018-06-19T18:24:00,303,254
http://irail.be/vehicle/P8803,http://irail.be/stations/NMBS/008884566,P,2018-06-19T18:35:00,2018-06-19T18:34:00,301,303
http://irail.be/vehicle/P8803,http://irail.be/stations/NMBS/008884541,P,2018-06-19T18:39:00,2018-06-19T18:38:00,324,318
http://irail.be/vehicle/P8803,http://irail.be/stations/NMBS/008884004,P,2018-06-19T18:44:00,2018-06-19T18:42:00,322,357
http://irail.be/vehicle/P8803,http://irail.be/stations/NMBS/008884319,P,2018-06-19T18:48:00,2018-06-19T18:48:00,409,409
http://irail.be/vehicle/P8803,http://irail.be/stations/NMBS/008884327,P,2018-06-19T18:51:00,2018-06-19T18:51:00,381,381
http://irail.be/vehicle/P8803,http://irail.be/stations/NMBS/008884350,P,2018-06-19T18:54:00,2018-06-19T18:54:00,381,381
http://irail.be/vehicle/P8803,http://irail.be/stations/NMBS/008884335,P,2018-06-19T18:59:00,2018-06-19T18:59:00,,381
http://irail.be/vehicle/P8803,NO-URI,P,2018-10-18T17:05:00,2018-10-18T17:05:00,750,
http://irail.be/vehicle/P8803,http://irail.be/stations/NMBS/008811007,P,2018-10-18T17:20:00,2018-10-18T17:15:00,444,683
http://irail.be/vehicle/P8803,http://irail.be/stations/NMBS/008812005,P,2018-10-18T17:28:00,2018-10-18T17:25:00,385,459
http://irail.be/vehicle/P8803,http://irail.be/stations/NMBS/008813045,P,2018-10-18T17:30:00,2018-10-18T17:30:00,405,405
http://irail.be/vehicle/P8803,http://irail.be/stations/NMBS/008813003,P,2018-10-18T17:32:00,2018-10-18T17:31:00,739,674
http://irail.be/vehicle/P8803,http://irail.be/stations/NMBS/008813037,P,2018-10-18T17:34:00,2018-10-18T17:34:00,703,703
http://irail.be/vehicle/P8803,http://irail.be/stations/NMBS/008814001,P,2018-10-18T17:38:00,2018-10-18T17:36:00,772,753
http://irail.be/vehicle/P8803,http://irail.be/stations/NMBS/008814373,P,2018-10-18T17:42:00,2018-10-18T17:42:00,745,745
http://irail.be/vehicle/P8803,http://irail.be/stations/NMBS/008814308,P,2018-10-18T17:47:00,2018-10-18T17:47:00,835,835
http://irail.be/vehicle/P8803,http://irail.be/stations/NMBS/008814332,P,2018-10-18T17:49:00,2018-10-18T17:49:00,838,838
http://irail.be/vehicle/P8803,http://irail.be/stations/NMBS/008883808,P,2018-10-18T17:50:00,2018-10-18T17:50:00,1125,1125
http://irail.be/vehicle/P8803,http://irail.be/stations/NMBS/008883022,P,2018-10-18T17:53:00,2018-10-18T17:53:00,1153,1153
http://irail.be/vehicle/P8803,NO-URI,P,2018-10-18T17:54:00,2018-10-18T17:54:00,1160,1160
http://irail.be/vehicle/P8803,http://irail.be/stations/NMBS/008883006,P,2018-10-18T18:00:00,2018-10-18T17:59:00,1189,1140
http://irail.be/vehicle/P8803,http://irail.be/stations/NMBS/008883113,P,2018-10-18T18:06:00,2018-10-18T18:05:00,1224,1182
http://irail.be/vehicle/P8803,NO-URI,P,2018-10-18T18:10:00,2018-10-18T18:10:00,1216,1216
http://irail.be/vehicle/P8803,http://irail.be/stations/NMBS/008883121,P,2018-10-18T18:10:00,2018-10-18T18:10:00,1231,1231
http://irail.be/vehicle/P8803,http://irail.be/stations/NMBS/008881174,P,2018-10-18T18:11:00,2018-10-18T18:11:00,1256,1256
http://irail.be/vehicle/P8803,http://irail.be/stations/NMBS/008881166,P,2018-10-18T18:15:00,2018-10-18T18:14:00,1243,1242
http://irail.be/vehicle/P8803,http://irail.be/stations/NMBS/008881158,P,2018-10-18T18:18:00,2018-10-18T18:18:00,1243,1243
http://irail.be/vehicle/P8803,http://irail.be/stations/NMBS/008881125,P,2018-10-18T18:19:00,2018-10-18T18:19:00,1262,1262
http://irail.be/vehicle/P8803,http://irail.be/stations/NMBS/008881000,P,2018-10-18T18:28:00,2018-10-18T18:24:00,1333,1274
http://irail.be/vehicle/P8803,http://irail.be/stations/NMBS/008884566,P,2018-10-18T18:35:00,2018-10-18T18:34:00,1282,1333
http://irail.be/vehicle/P8803,http://irail.be/stations/NMBS/008884541,P,2018-10-18T18:39:00,2018-10-18T18:38:00,1365,1315
http://irail.be/vehicle/P8803,http://irail.be/stations/NMBS/008884004,P,2018-10-18T18:44:00,2018-10-18T18:42:00,1374,1411
http://irail.be/vehicle/P8803,http://irail.be/stations/NMBS/008884319,P,2018-10-18T18:48:00,2018-10-18T18:48:00,1505,1343
http://irail.be/vehicle/P8803,http://irail.be/stations/NMBS/008884327,P,2018-10-18T18:51:00,2018-10-18T18:51:00,1505,1505
http://irail.be/vehicle/P8803,http://irail.be/stations/NMBS/008884350,P,2018-10-18T18:54:00,2018-10-18T18:54:00,1505,1505
http://irail.be/vehicle/P8803,http://irail.be/stations/NMBS/008884335,P,2018-10-18T18:59:00,2018-10-18T18:59:00,,1505
http://irail.be/vehicle/P8803,NO-URI,P,2018-06-15T17:05:00,2018-06-15T17:05:00,22,
http://irail.be/vehicle/P8803,http://irail.be/stations/NMBS/008811007,P,2018-06-15T17:20:00,2018-06-15T17:15:00,-10,-8
http://irail.be/vehicle/P8803,http://irail.be/stations/NMBS/008812005,P,2018-06-15T17:28:00,2018-06-15T17:25:00,112,-77
http://irail.be/vehicle/P8803,http://irail.be/stations/NMBS/008813045,P,2018-06-15T17:30:00,2018-06-15T17:30:00,125,125
http://irail.be/vehicle/P8803,http://irail.be/stations/NMBS/008813003,P,2018-06-15T17:32:00,2018-06-15T17:31:00,415,349
http://irail.be/vehicle/P8803,http://irail.be/stations/NMBS/008813037,P,2018-06-15T17:34:00,2018-06-15T17:34:00,372,372
http://irail.be/vehicle/P8803,http://irail.be/stations/NMBS/008814001,P,2018-06-15T17:38:00,2018-06-15T17:36:00,434,441
http://irail.be/vehicle/P8803,http://irail.be/stations/NMBS/008814373,P,2018-06-15T17:42:00,2018-06-15T17:42:00,405,405
http://irail.be/vehicle/P8803,http://irail.be/stations/NMBS/008814308,P,2018-06-15T17:47:00,2018-06-15T17:47:00,683,683
http://irail.be/vehicle/P8803,http://irail.be/stations/NMBS/008814332,P,2018-06-15T17:49:00,2018-06-15T17:49:00,656,656
http://irail.be/vehicle/P8803,http://irail.be/stations/NMBS/008883808,P,2018-06-15T17:50:00,2018-06-15T17:50:00,628,628
http://irail.be/vehicle/P8803,http://irail.be/stations/NMBS/008883022,P,2018-06-15T17:53:00,2018-06-15T17:53:00,582,582
http://irail.be/vehicle/P8803,NO-URI,P,2018-06-15T17:54:00,2018-06-15T17:54:00,527,527
http://irail.be/vehicle/P8803,http://irail.be/stations/NMBS/008883006,P,2018-06-15T18:00:00,2018-06-15T17:59:00,491,521
http://irail.be/vehicle/P8803,http://irail.be/stations/NMBS/008883113,P,2018-06-15T18:06:00,2018-06-15T18:05:00,456,449
http://irail.be/vehicle/P8803,NO-URI,P,2018-06-15T18:10:00,2018-06-15T18:10:00,410,410
http://irail.be/vehicle/P8803,http://irail.be/stations/NMBS/008883121,P,2018-06-15T18:10:00,2018-06-15T18:10:00,421,421
http://irail.be/vehicle/P8803,http://irail.be/stations/NMBS/008881174,P,2018-06-15T18:11:00,2018-06-15T18:11:00,442,442
http://irail.be/vehicle/P8803,http://irail.be/stations/NMBS/008881166,P,2018-06-15T18:15:00,2018-06-15T18:14:00,505,491
http://irail.be/vehicle/P8803,http://irail.be/stations/NMBS/008881158,P,2018-06-15T18:18:00,2018-06-15T18:18:00,505,505
http://irail.be/vehicle/P8803,http://irail.be/stations/NMBS/008881125,P,2018-06-15T18:19:00,2018-06-15T18:19:00,536,536
http://irail.be/vehicle/P8803,http://irail.be/stations/NMBS/008881000,P,2018-06-15T18:28:00,2018-06-15T18:24:00,311,475
http://irail.be/vehicle/P8803,http://irail.be/stations/NMBS/008884566,P,2018-06-15T18:35:00,2018-06-15T18:34:00,311,311
http://irail.be/vehicle/P8803,http://irail.be/stations/NMBS/008884541,P,2018-06-15T18:39:00,2018-06-15T18:38:00,206,194
http://irail.be/vehicle/P8803,http://irail.be/stations/NMBS/008884004,P,2018-06-15T18:44:00,2018-06-15T18:42:00,192,237
http://irail.be/vehicle/P8803,http://irail.be/stations/NMBS/008884319,P,2018-06-15T18:48:00,2018-06-15T18:48:00,155,155
http://irail.be/vehicle/P8803,http://irail.be/stations/NMBS/008884327,P,2018-06-15T18:51:00,2018-06-15T18:51:00,94,94
http://irail.be/vehicle/P8803,http://irail.be/stations/NMBS/008884350,P,2018-06-15T18:54:00,2018-06-15T18:54:00,94,94
http://irail.be/vehicle/P8803,http://irail.be/stations/NMBS/008884335,P,2018-06-15T18:59:00,2018-06-15T18:59:00,,94
http://irail.be/vehicle/P8803,NO-URI,P,2018-02-01T17:05:00,2018-02-01T17:05:00,-58,
http://irail.be/vehicle/P8803,http://irail.be/stations/NMBS/008811007,P,2018-02-01T17:20:00,2018-02-01T17:15:00,37,-190
http://irail.be/vehicle/P8803,http://irail.be/stations/NMBS/008812005,P,2018-02-01T17:28:00,2018-02-01T17:25:00,105,-12
http://irail.be/vehicle/P8803,http://irail.be/stations/NMBS/008813045,P,2018-02-01T17:30:00,2018-02-01T17:30:00,119,119
http://irail.be/vehicle/P8803,http://irail.be/stations/NMBS/008813003,P,2018-02-01T17:32:00,2018-02-01T17:31:00,390,366
http://irail.be/vehicle/P8803,http://irail.be/stations/NMBS/008813037,P,2018-02-01T17:34:00,2018-02-01T17:34:00,336,336
http://irail.be/vehicle/P8803,http://irail.be/stations/NMBS/008814001,P,2018-02-01T17:38:00,2018-02-01T17:36:00,383,429
http://irail.be/vehicle/P8803,http://irail.be/stations/NMBS/008814373,P,2018-02-01T17:42:00,2018-02-01T17:42:00,358,358
http://irail.be/vehicle/P8803,http://irail.be/stations/NMBS/008814308,P,2018-02-01T17:47:00,2018-02-01T17:47:00,542,542
http://irail.be/vehicle/P8803,http://irail.be/stations/NMBS/008814332,P,2018-02-01T17:49:00,2018-02-01T17:49:00,521,521
http://irail.be/vehicle/P8803,http://irail.be/stations/NMBS/008883808,P,2018-02-01T17:50:00,2018-02-01T17:50:00,492,492
http://irail.be/vehicle/P8803,http://irail.be/stations/NMBS/008883022,P,2018-02-01T17:53:00,2018-02-01T17:53:00,457,457
http://irail.be/vehicle/P8803,NO-URI,P,2018-02-01T17:54:00,2018-02-01T17:54:00,458,458
http://irail.be/vehicle/P8803,http://irail.be/stations/NMBS/008883006,P,2018-02-01T18:00:00,2018-02-01T17:59:00,573,564
http://irail.be/vehicle/P8803,http://irail.be/stations/NMBS/008883113,P,2018-02-01T18:06:00,2018-02-01T18:05:00,559,527
http://irail.be/vehicle/P8803,NO-URI,P,2018-02-01T18:10:00,2018-02-01T18:10:00,520,520
http://irail.be/vehicle/P8803,http://irail.be/stations/NMBS/008883121,P,2018-02-01T18:10:00,2018-02-01T18:10:00,531,531
http://irail.be/vehicle/P8803,http://irail.be/stations/NMBS/008881174,P,2018-02-01T18:11:00,2018-02-01T18:11:00,553,553
http://irail.be/vehicle/P8803,http://irail.be/stations/NMBS/008881166,P,2018-02-01T18:15:00,2018-02-01T18:14:00,549,540
http://irail.be/vehicle/P8803,http://irail.be/stations/NMBS/008881158,P,2018-02-01T18:17:00,2018-02-01T18:17:00,549,549
http://irail.be/vehicle/P8803,http://irail.be/stations/NMBS/008881125,P,2018-02-01T18:20:00,2018-02-01T18:20:00,458,458
http://irail.be/vehicle/P8803,http://irail.be/stations/NMBS/008881000,P,2018-02-01T18:28:00,2018-02-01T18:24:00,387,490
http://irail.be/vehicle/P8803,http://irail.be/stations/NMBS/008884566,P,2018-02-01T18:35:00,2018-02-01T18:34:00,387,387
http://irail.be/vehicle/P8803,http://irail.be/stations/NMBS/008884541,P,2018-02-01T18:39:00,2018-02-01T18:38:00,332,311
http://irail.be/vehicle/P8803,http://irail.be/stations/NMBS/008884004,P,2018-02-01T18:44:00,2018-02-01T18:42:00,338,360
http://irail.be/vehicle/P8803,http://irail.be/stations/NMBS/008884319,P,2018-02-01T18:48:00,2018-02-01T18:48:00,296,296
http://irail.be/vehicle/P8803,http://irail.be/stations/NMBS/008884327,P,2018-02-01T18:51:00,2018-02-01T18:51:00,283,283
http://irail.be/vehicle/P8803,http://irail.be/stations/NMBS/008884350,P,2018-02-01T18:54:00,2018-02-01T18:54:00,283,283
http://irail.be/vehicle/P8803,http://irail.be/stations/NMBS/008884335,P,2018-02-01T18:59:00,2018-02-01T18:59:00,,283
http://irail.be/vehicle/P8803,NO-URI,P,2018-02-12T17:05:00,2018-02-12T17:05:00,-28,
http://irail.be/vehicle/P8803,http://irail.be/stations/NMBS/008811007,P,2018-02-12T17:20:00,2018-02-12T17:15:00,-10,-104
http://irail.be/vehicle/P8803,http://irail.be/stations/NMBS/008812005,P,2018-02-12T17:28:00,2018-02-12T17:25:00,48,-65
http://irail.be/vehicle/P8803,http://irail.be/stations/NMBS/008813045,P,2018-02-12T17:30:00,2018-02-12T17:30:00,46,46
http://irail.be/vehicle/P8803,http://irail.be/stations/NMBS/008813003,P,2018-02-12T17:32:00,2018-02-12T17:31:00,220,207
http://irail.be/vehicle/P8803,http://irail.be/stations/NMBS/008813037,P,2018-02-12T17:34:00,2018-02-12T17:34:00,166,166
http://irail.be/vehicle/P8803,http://irail.be/stations/NMBS/008814001,P,2018-02-12T17:38:00,2018-02-12T17:36:00,212,216
http://irail.be/vehicle/P8803,http://irail.be/stations/NMBS/008814373,P,2018-02-12T17:42:00,2018-02-12T17:42:00,269,269
http://irail.be/vehicle/P8803,http://irail.be/stations/NMBS/008814308,P,2018-02-12T17:47:00,2018-02-12T17:47:00,246,246
http://irail.be/vehicle/P8803,http://irail.be/stations/NMBS/008814332,P,2018-02-12T17:49:00,2018-02-12T17:49:00,233,233
http://irail.be/vehicle/P8803,http://irail.be/stations/NMBS/008883808,P,2018-02-12T17:50:00,2018-02-12T17:50:00,409,409
http://irail.be/vehicle/P8803,http://irail.be/stations/NMBS/008883022,P,2018-02-12T17:53:00,2018-02-12T17:53:00,383,383
http://irail.be/vehicle/P8803,NO-URI,P,2018-02-12T17:54:00,2018-02-12T17:54:00,331,331
http://irail.be/vehicle/P8803,http://irail.be/stations/NMBS/008883006,P,2018-02-12T18:00:00,2018-02-12T17:59:00,372,387
http://irail.be/vehicle/P8803,http://irail.be/stations/NMBS/008883113,P,2018-02-12T18:06:00,2018-02-12T18:05:00,319,307
http://irail.be/vehicle/P8803,NO-URI,P,2018-02-12T18:10:00,2018-02-12T18:10:00,253,253
http://irail.be/vehicle/P8803,http://irail.be/stations/NMBS/008883121,P,2018-02-12T18:10:00,2018-02-12T18:10:00,267,267
http://irail.be/vehicle/P8803,http://irail.be/stations/NMBS/008881174,P,2018-02-12T18:11:00,2018-02-12T18:11:00,287,287
http://irail.be/vehicle/P8803,http://irail.be/stations/NMBS/008881166,P,2018-02-12T18:15:00,2018-02-12T18:14:00,252,273
http://irail.be/vehicle/P8803,http://irail.be/stations/NMBS/008881158,P,2018-02-12T18:17:00,2018-02-12T18:17:00,252,252
http://irail.be/vehicle/P8803,http://irail.be/stations/NMBS/008881125,P,2018-02-12T18:20:00,2018-02-12T18:20:00,152,152
http://irail.be/vehicle/P8803,http://irail.be/stations/NMBS/008881000,P,2018-02-12T18:28:00,2018-02-12T18:24:00,202,319
http://irail.be/vehicle/P8803,http://irail.be/stations/NMBS/008884566,P,2018-02-12T18:35:00,2018-02-12T18:34:00,202,202
http://irail.be/vehicle/P8803,http://irail.be/stations/NMBS/008884541,P,2018-02-12T18:39:00,2018-02-12T18:38:00,129,131
http://irail.be/vehicle/P8803,http://irail.be/stations/NMBS/008884004,P,2018-02-12T18:44:00,2018-02-12T18:42:00,104,167
http://irail.be/vehicle/P8803,http://irail.be/stations/NMBS/008884319,P,2018-02-12T18:48:00,2018-02-12T18:48:00,75,75
http://irail.be/vehicle/P8803,http://irail.be/stations/NMBS/008884327,P,2018-02-12T18:51:00,2018-02-12T18:51:00,61,61
http://irail.be/vehicle/P8803,http://irail.be/stations/NMBS/008884350,P,2018-02-12T18:54:00,2018-02-12T18:54:00,61,61
http://irail.be/vehicle/P8803,http://irail.be/stations/NMBS/008884335,P,2018-02-12T18:59:00,2018-02-12T18:59:00,,61
http://irail.be/vehicle/P8803,NO-URI,P,2018-01-11T17:05:00,2018-01-11T17:05:00,-274,
http://irail.be/vehicle/P8803,http://irail.be/stations/NMBS/008811007,P,2018-01-11T17:20:00,2018-01-11T17:15:00,86,-387
http://irail.be/vehicle/P8803,http://irail.be/stations/NMBS/008812005,P,2018-01-11T17:28:00,2018-01-11T17:25:00,610,635
http://irail.be/vehicle/P8803,http://irail.be/stations/NMBS/008813045,P,2018-01-11T17:30:00,2018-01-11T17:30:00,683,683
http://irail.be/vehicle/P8803,http://irail.be/stations/NMBS/008813003,P,2018-01-11T17:32:00,2018-01-11T17:31:00,967,920
http://irail.be/vehicle/P8803,http://irail.be/stations/NMBS/008813037,P,2018-01-11T17:34:00,2018-01-11T17:34:00,965,965
http://irail.be/vehicle/P8803,http://irail.be/stations/NMBS/008814001,P,2018-01-11T17:38:00,2018-01-11T17:36:00,1324,1248
http://irail.be/vehicle/P8803,http://irail.be/stations/NMBS/008814373,P,2018-01-11T17:42:00,2018-01-11T17:42:00,1339,1339
http://irail.be/vehicle/P8803,http://irail.be/stations/NMBS/008814308,P,2018-01-11T17:47:00,2018-01-11T17:47:00,1441,1441
http://irail.be/vehicle/P8803,http://irail.be/stations/NMBS/008814332,P,2018-01-11T17:49:00,2018-01-11T17:49:00,1431,1431
http://irail.be/vehicle/P8803,http://irail.be/stations/NMBS/008883808,P,2018-01-11T17:50:00,2018-01-11T17:50:00,1682,1682
http://irail.be/vehicle/P8803,http://irail.be/stations/NMBS/008883022,P,2018-01-11T17:53:00,2018-01-11T17:53:00,1733,1733
http://irail.be/vehicle/P8803,NO-URI,P,2018-01-11T17:54:00,2018-01-11T17:54:00,1698,1698
http://irail.be/vehicle/P8803,http://irail.be/stations/NMBS/008883006,P,2018-01-11T18:00:00,2018-01-11T17:59:00,1772,1732
http://irail.be/vehicle/P8803,http://irail.be/stations/NMBS/008883113,P,2018-01-11T18:06:00,2018-01-11T18:05:00,1808,1756
http://irail.be/vehicle/P8803,NO-URI,P,2018-01-11T18:10:00,2018-01-11T18:10:00,1750,1750
http://irail.be/vehicle/P8803,http://irail.be/stations/NMBS/008883121,P,2018-01-11T18:10:00,2018-01-11T18:10:00,1759,1759
http://irail.be/vehicle/P8803,http://irail.be/stations/NMBS/008881174,P,2018-01-11T18:11:00,2018-01-11T18:11:00,1783,1783
http://irail.be/vehicle/P8803,http://irail.be/stations/NMBS/008881166,P,2018-01-11T18:15:00,2018-01-11T18:14:00,1781,1773
http://irail.be/vehicle/P8803,http://irail.be/stations/NMBS/008881158,P,2018-01-11T18:17:00,2018-01-11T18:17:00,1781,1781
http://irail.be/vehicle/P8803,http://irail.be/stations/NMBS/008881125,P,2018-01-11T18:20:00,2018-01-11T18:20:00,1692,1692
http://irail.be/vehicle/P8803,http://irail.be/stations/NMBS/008881000,P,2018-01-11T18:28:00,2018-01-11T18:24:00,1612,1680
http://irail.be/vehicle/P8803,http://irail.be/stations/NMBS/008884566,P,2018-01-11T18:35:00,2018-01-11T18:34:00,1612,1612
http://irail.be/vehicle/P8803,http://irail.be/stations/NMBS/008884541,P,2018-01-11T18:39:00,2018-01-11T18:38:00,1598,1559
http://irail.be/vehicle/P8803,http://irail.be/stations/NMBS/008884004,P,2018-01-11T18:44:00,2018-01-11T18:42:00,1604,1626
http://irail.be/vehicle/P8803,http://irail.be/stations/NMBS/008884319,P,2018-01-11T18:48:00,2018-01-11T18:48:00,1717,1572
http://irail.be/vehicle/P8803,http://irail.be/stations/NMBS/008884327,P,2018-01-11T18:51:00,2018-01-11T18:51:00,1717,1717
http://irail.be/vehicle/P8803,http://irail.be/stations/NMBS/008884350,P,2018-01-11T18:54:00,2018-01-11T18:54:00,1717,1717
http://irail.be/vehicle/P8803,http://irail.be/stations/NMBS/008884335,P,2018-01-11T18:59:00,2018-01-11T18:59:00,,1717
http://irail.be/vehicle/P8803,NO-URI,P,2018-10-19T17:05:00,2018-10-19T17:05:00,236,
http://irail.be/vehicle/P8803,http://irail.be/stations/NMBS/008811007,P,2018-10-19T17:20:00,2018-10-19T17:15:00,-9,133
http://irail.be/vehicle/P8803,http://irail.be/stations/NMBS/008812005,P,2018-10-19T17:28:00,2018-10-19T17:25:00,9,-87
http://irail.be/vehicle/P8803,http://irail.be/stations/NMBS/008813045,P,2018-10-19T17:30:00,2018-10-19T17:30:00,16,16
http://irail.be/vehicle/P8803,http://irail.be/stations/NMBS/008813003,P,2018-10-19T17:32:00,2018-10-19T17:31:00,67,45
http://irail.be/vehicle/P8803,http://irail.be/stations/NMBS/008813037,P,2018-10-19T17:34:00,2018-10-19T17:34:00,14,14
http://irail.be/vehicle/P8803,http://irail.be/stations/NMBS/008814001,P,2018-10-19T17:38:00,2018-10-19T17:36:00,89,62
http://irail.be/vehicle/P8803,http://irail.be/stations/NMBS/008814373,P,2018-10-19T17:42:00,2018-10-19T17:42:00,96,96
http://irail.be/vehicle/P8803,http://irail.be/stations/NMBS/008814308,P,2018-10-19T17:47:00,2018-10-19T17:47:00,123,123
http://irail.be/vehicle/P8803,http://irail.be/stations/NMBS/008814332,P,2018-10-19T17:49:00,2018-10-19T17:49:00,98,98
http://irail.be/vehicle/P8803,http://irail.be/stations/NMBS/008883808,P,2018-10-19T17:50:00,2018-10-19T17:50:00,111,111
http://irail.be/vehicle/P8803,http://irail.be/stations/NMBS/008883022,P,2018-10-19T17:53:00,2018-10-19T17:53:00,86,86
http://irail.be/vehicle/P8803,NO-URI,P,2018-10-19T17:54:00,2018-10-19T17:54:00,51,51
http://irail.be/vehicle/P8803,http://irail.be/stations/NMBS/008883006,P,2018-10-19T18:00:00,2018-10-19T17:59:00,172,109
http://irail.be/vehicle/P8803,http://irail.be/stations/NMBS/008883113,P,2018-10-19T18:06:00,2018-10-19T18:05:00,175,151
http://irail.be/vehicle/P8803,NO-URI,P,2018-10-19T18:10:00,2018-10-19T18:10:00,110,110
http://irail.be/vehicle/P8803,http://irail.be/stations/NMBS/008883121,P,2018-10-19T18:10:00,2018-10-19T18:10:00,122,122
http://irail.be/vehicle/P8803,http://irail.be/stations/NMBS/008881174,P,2018-10-19T18:11:00,2018-10-19T18:11:00,144,144
http://irail.be/vehicle/P8803,http://irail.be/stations/NMBS/008881166,P,2018-10-19T18:15:00,2018-10-19T18:14:00,104,128
http://irail.be/vehicle/P8803,http://irail.be/stations/NMBS/008881158,P,2018-10-19T18:18:00,2018-10-19T18:18:00,104,104
http://irail.be/vehicle/P8803,http://irail.be/stations/NMBS/008881125,P,2018-10-19T18:19:00,2018-10-19T18:19:00,446,446
http://irail.be/vehicle/P8803,http://irail.be/stations/NMBS/008881000,P,2018-10-19T18:28:00,2018-10-19T18:24:00,339,423
http://irail.be/vehicle/P8803,http://irail.be/stations/NMBS/008884566,P,2018-10-19T18:35:00,2018-10-19T18:34:00,354,339
http://irail.be/vehicle/P8803,http://irail.be/stations/NMBS/008884541,P,2018-10-19T18:39:00,2018-10-19T18:38:00,368,363
http://irail.be/vehicle/P8803,http://irail.be/stations/NMBS/008884004,P,2018-10-19T18:44:00,2018-10-19T18:42:00,755,409
http://irail.be/vehicle/P8803,http://irail.be/stations/NMBS/008884319,P,2018-10-19T18:48:00,2018-10-19T18:48:00,721,721
http://irail.be/vehicle/P8803,http://irail.be/stations/NMBS/008884327,P,2018-10-19T18:51:00,2018-10-19T18:51:00,687,687
http://irail.be/vehicle/P8803,http://irail.be/stations/NMBS/008884350,P,2018-10-19T18:54:00,2018-10-19T18:54:00,687,687
http://irail.be/vehicle/P8803,http://irail.be/stations/NMBS/008884335,P,2018-10-19T18:59:00,2018-10-19T18:59:00,,687
http://irail.be/vehicle/P8803,NO-URI,P,2018-05-25T17:05:00,2018-05-25T17:05:00,996,
http://irail.be/vehicle/P8803,http://irail.be/stations/NMBS/008811007,P,2018-05-25T17:20:00,2018-05-25T17:15:00,928,1179
http://irail.be/vehicle/P8803,http://irail.be/stations/NMBS/008812005,P,2018-05-25T17:28:00,2018-05-25T17:25:00,812,901
http://irail.be/vehicle/P8803,http://irail.be/stations/NMBS/008813045,P,2018-05-25T17:30:00,2018-05-25T17:30:00,812,812
http://irail.be/vehicle/P8803,http://irail.be/stations/NMBS/008813003,P,2018-05-25T17:32:00,2018-05-25T17:31:00,874,839
http://irail.be/vehicle/P8803,http://irail.be/stations/NMBS/008813037,P,2018-05-25T17:34:00,2018-05-25T17:34:00,822,822
http://irail.be/vehicle/P8803,http://irail.be/stations/NMBS/008814001,P,2018-05-25T17:38:00,2018-05-25T17:36:00,839,865
http://irail.be/vehicle/P8803,http://irail.be/stations/NMBS/008814373,P,2018-05-25T17:42:00,2018-05-25T17:42:00,836,836
http://irail.be/vehicle/P8803,http://irail.be/stations/NMBS/008814308,P,2018-05-25T17:47:00,2018-05-25T17:47:00,1114,1114
http://irail.be/vehicle/P8803,http://irail.be/stations/NMBS/008814332,P,2018-05-25T17:49:00,2018-05-25T17:49:00,1091,1091
http://irail.be/vehicle/P8803,http://irail.be/stations/NMBS/008883808,P,2018-05-25T17:50:00,2018-05-25T17:50:00,1068,1068
http://irail.be/vehicle/P8803,http://irail.be/stations/NMBS/008883022,P,2018-05-25T17:53:00,2018-05-25T17:53:00,1028,1028
http://irail.be/vehicle/P8803,NO-URI,P,2018-05-25T17:54:00,2018-05-25T17:54:00,977,977
http://irail.be/vehicle/P8803,http://irail.be/stations/NMBS/008883006,P,2018-05-25T18:00:00,2018-05-25T17:59:00,1070,1048
http://irail.be/vehicle/P8803,http://irail.be/stations/NMBS/008883113,P,2018-05-25T18:06:00,2018-05-25T18:05:00,1098,1074
http://irail.be/vehicle/P8803,NO-URI,P,2018-05-25T18:10:00,2018-05-25T18:10:00,1047,1047
http://irail.be/vehicle/P8803,http://irail.be/stations/NMBS/008883121,P,2018-05-25T18:10:00,2018-05-25T18:10:00,1057,1057
http://irail.be/vehicle/P8803,http://irail.be/stations/NMBS/008881174,P,2018-05-25T18:11:00,2018-05-25T18:11:00,1173,1173
http://irail.be/vehicle/P8803,http://irail.be/stations/NMBS/008881166,P,2018-05-25T18:15:00,2018-05-25T18:14:00,1921,1248
http://irail.be/vehicle/P8803,http://irail.be/stations/NMBS/008881158,P,2018-05-25T18:17:00,2018-05-25T18:17:00,1986,1986
http://irail.be/vehicle/P8803,http://irail.be/stations/NMBS/008881125,P,2018-05-25T18:20:00,2018-05-25T18:20:00,1949,1949
http://irail.be/vehicle/P8803,http://irail.be/stations/NMBS/008881000,P,2018-05-25T18:24:00,2018-05-25T18:24:00,,2080
http://irail.be/vehicle/P8803,NO-URI,P,2018-05-23T17:05:00,2018-05-23T17:05:00,112,
http://irail.be/vehicle/P8803,http://irail.be/stations/NMBS/008811007,P,2018-05-23T17:20:00,2018-05-23T17:15:00,23,58
http://irail.be/vehicle/P8803,http://irail.be/stations/NMBS/008812005,P,2018-05-23T17:28:00,2018-05-23T17:25:00,9,-72
http://irail.be/vehicle/P8803,http://irail.be/stations/NMBS/008813045,P,2018-05-23T17:30:00,2018-05-23T17:30:00,16,16
http://irail.be/vehicle/P8803,http://irail.be/stations/NMBS/008813003,P,2018-05-23T17:32:00,2018-05-23T17:31:00,117,50
http://irail.be/vehicle/P8803,http://irail.be/stations/NMBS/008813037,P,2018-05-23T17:34:00,2018-05-23T17:34:00,74,74
http://irail.be/vehicle/P8803,http://irail.be/stations/NMBS/008814001,P,2018-05-23T17:38:00,2018-05-23T17:36:00,94,140
http://irail.be/vehicle/P8803,http://irail.be/stations/NMBS/008814373,P,2018-05-23T17:42:00,2018-05-23T17:42:00,72,72
http://irail.be/vehicle/P8803,http://irail.be/stations/NMBS/008814308,P,2018-05-23T17:47:00,2018-05-23T17:47:00,34,34
http://irail.be/vehicle/P8803,http://irail.be/stations/NMBS/008814332,P,2018-05-23T17:49:00,2018-05-23T17:49:00,7,7
http://irail.be/vehicle/P8803,http://irail.be/stations/NMBS/008883808,P,2018-05-23T17:50:00,2018-05-23T17:50:00,142,142
http://irail.be/vehicle/P8803,http://irail.be/stations/NMBS/008883022,P,2018-05-23T17:53:00,2018-05-23T17:53:00,164,164
http://irail.be/vehicle/P8803,NO-URI,P,2018-05-23T17:54:00,2018-05-23T17:54:00,133,133
http://irail.be/vehicle/P8803,http://irail.be/stations/NMBS/008883006,P,2018-05-23T18:00:00,2018-05-23T17:59:00,164,133
http://irail.be/vehicle/P8803,http://irail.be/stations/NMBS/008883113,P,2018-05-23T18:06:00,2018-05-23T18:05:00,143,105
http://irail.be/vehicle/P8803,NO-URI,P,2018-05-23T18:10:00,2018-05-23T18:10:00,78,78
http://irail.be/vehicle/P8803,http://irail.be/stations/NMBS/008883121,P,2018-05-23T18:10:00,2018-05-23T18:10:00,88,88
http://irail.be/vehicle/P8803,http://irail.be/stations/NMBS/008881174,P,2018-05-23T18:11:00,2018-05-23T18:11:00,112,112
http://irail.be/vehicle/P8803,http://irail.be/stations/NMBS/008881166,P,2018-05-23T18:15:00,2018-05-23T18:14:00,119,102
http://irail.be/vehicle/P8803,http://irail.be/stations/NMBS/008881158,P,2018-05-23T18:17:00,2018-05-23T18:17:00,119,119
http://irail.be/vehicle/P8803,http://irail.be/stations/NMBS/008881125,P,2018-05-23T18:20:00,2018-05-23T18:20:00,176,176
http://irail.be/vehicle/P8803,http://irail.be/stations/NMBS/008881000,P,2018-05-23T18:28:00,2018-05-23T18:24:00,215,253
http://irail.be/vehicle/P8803,http://irail.be/stations/NMBS/008884566,P,2018-05-23T18:35:00,2018-05-23T18:34:00,208,215
http://irail.be/vehicle/P8803,http://irail.be/stations/NMBS/008884541,P,2018-05-23T18:39:00,2018-05-23T18:38:00,277,232
http://irail.be/vehicle/P8803,http://irail.be/stations/NMBS/008884004,P,2018-05-23T18:44:00,2018-05-23T18:42:00,310,330
http://irail.be/vehicle/P8803,http://irail.be/stations/NMBS/008884319,P,2018-05-23T18:48:00,2018-05-23T18:48:00,359,277
http://irail.be/vehicle/P8803,http://irail.be/stations/NMBS/008884327,P,2018-05-23T18:51:00,2018-05-23T18:51:00,359,359
http://irail.be/vehicle/P8803,http://irail.be/stations/NMBS/008884350,P,2018-05-23T18:54:00,2018-05-23T18:54:00,359,359
http://irail.be/vehicle/P8803,http://irail.be/stations/NMBS/008884335,P,2018-05-23T18:59:00,2018-05-23T18:59:00,,359
http://irail.be/vehicle/P8803,NO-URI,P,2018-01-12T17:05:00,2018-01-12T17:05:00,-235,
http://irail.be/vehicle/P8803,http://irail.be/stations/NMBS/008811007,P,2018-01-12T17:20:00,2018-01-12T17:15:00,14,-27
http://irail.be/vehicle/P8803,http://irail.be/stations/NMBS/008812005,P,2018-01-12T17:28:00,2018-01-12T17:25:00,4,15
http://irail.be/vehicle/P8803,http://irail.be/stations/NMBS/008813045,P,2018-01-12T17:30:00,2018-01-12T17:30:00,8,8
http://irail.be/vehicle/P8803,http://irail.be/stations/NMBS/008813003,P,2018-01-12T17:32:00,2018-01-12T17:31:00,190,152
http://irail.be/vehicle/P8803,http://irail.be/stations/NMBS/008813037,P,2018-01-12T17:34:00,2018-01-12T17:34:00,142,142
http://irail.be/vehicle/P8803,http://irail.be/stations/NMBS/008814001,P,2018-01-12T17:38:00,2018-01-12T17:36:00,216,263
http://irail.be/vehicle/P8803,http://irail.be/stations/NMBS/008814373,P,2018-01-12T17:42:00,2018-01-12T17:42:00,194,194
http://irail.be/vehicle/P8803,http://irail.be/stations/NMBS/008814308,P,2018-01-12T17:47:00,2018-01-12T17:47:00,500,500
http://irail.be/vehicle/P8803,http://irail.be/stations/NMBS/008814332,P,2018-01-12T17:49:00,2018-01-12T17:49:00,479,479
http://irail.be/vehicle/P8803,http://irail.be/stations/NMBS/008883808,P,2018-01-12T17:50:00,2018-01-12T17:50:00,449,449
http://irail.be/vehicle/P8803,http://irail.be/stations/NMBS/008883022,P,2018-01-12T17:53:00,2018-01-12T17:53:00,407,407
http://irail.be/vehicle/P8803,NO-URI,P,2018-01-12T17:54:00,2018-01-12T17:54:00,359,359
http://irail.be/vehicle/P8803,http://irail.be/stations/NMBS/008883006,P,2018-01-12T18:00:00,2018-01-12T17:59:00,275,267
http://irail.be/vehicle/P8803,http://irail.be/stations/NMBS/008883113,P,2018-01-12T18:06:00,2018-01-12T18:05:00,250,230
http://irail.be/vehicle/P8803,NO-URI,P,2018-01-12T18:10:00,2018-01-12T18:10:00,193,193
http://irail.be/vehicle/P8803,http://irail.be/stations/NMBS/008883121,P,2018-01-12T18:10:00,2018-01-12T18:10:00,204,204
http://irail.be/vehicle/P8803,http://irail.be/stations/NMBS/008881174,P,2018-01-12T18:11:00,2018-01-12T18:11:00,227,227
http://irail.be/vehicle/P8803,http://irail.be/stations/NMBS/008881166,P,2018-01-12T18:15:00,2018-01-12T18:14:00,233,215
http://irail.be/vehicle/P8803,http://irail.be/stations/NMBS/008881158,P,2018-01-12T18:17:00,2018-01-12T18:17:00,233,233
http://irail.be/vehicle/P8803,http://irail.be/stations/NMBS/008881125,P,2018-01-12T18:20:00,2018-01-12T18:20:00,138,138
http://irail.be/vehicle/P8803,http://irail.be/stations/NMBS/008881000,P,2018-01-12T18:28:00,2018-01-12T18:24:00,38,199
http://irail.be/vehicle/P8803,http://irail.be/stations/NMBS/008884566,P,2018-01-12T18:35:00,2018-01-12T18:34:00,38,38
http://irail.be/vehicle/P8803,http://irail.be/stations/NMBS/008884541,P,2018-01-12T18:39:00,2018-01-12T18:38:00,16,-62
http://irail.be/vehicle/P8803,http://irail.be/stations/NMBS/008884004,P,2018-01-12T18:44:00,2018-01-12T18:42:00,31,56
http://irail.be/vehicle/P8803,http://irail.be/stations/NMBS/008884319,P,2018-01-12T18:48:00,2018-01-12T18:48:00,60,32
http://irail.be/vehicle/P8803,http://irail.be/stations/NMBS/008884327,P,2018-01-12T18:51:00,2018-01-12T18:51:00,60,60
http://irail.be/vehicle/P8803,http://irail.be/stations/NMBS/008884350,P,2018-01-12T18:54:00,2018-01-12T18:54:00,60,60
http://irail.be/vehicle/P8803,http://irail.be/stations/NMBS/008884335,P,2018-01-12T18:59:00,2018-01-12T18:59:00,,60
http://irail.be/vehicle/P8803,NO-URI,P,2018-04-17T17:05:00,2018-04-17T17:05:00,-108,
http://irail.be/vehicle/P8803,http://irail.be/stations/NMBS/008811007,P,2018-04-17T17:20:00,2018-04-17T17:15:00,15,-214
http://irail.be/vehicle/P8803,http://irail.be/stations/NMBS/008812005,P,2018-04-17T17:28:00,2018-04-17T17:25:00,25,-65
http://irail.be/vehicle/P8803,http://irail.be/stations/NMBS/008813045,P,2018-04-17T17:30:00,2018-04-17T17:30:00,36,36
http://irail.be/vehicle/P8803,http://irail.be/stations/NMBS/008813003,P,2018-04-17T17:32:00,2018-04-17T17:31:00,310,266
http://irail.be/vehicle/P8803,http://irail.be/stations/NMBS/008813037,P,2018-04-17T17:34:00,2018-04-17T17:34:00,264,264
http://irail.be/vehicle/P8803,http://irail.be/stations/NMBS/008814001,P,2018-04-17T17:38:00,2018-04-17T17:36:00,291,312
http://irail.be/vehicle/P8803,http://irail.be/stations/NMBS/008814373,P,2018-04-17T17:42:00,2018-04-17T17:42:00,305,305
http://irail.be/vehicle/P8803,http://irail.be/stations/NMBS/008814308,P,2018-04-17T17:47:00,2018-04-17T17:47:00,413,413
http://irail.be/vehicle/P8803,http://irail.be/stations/NMBS/008814332,P,2018-04-17T17:49:00,2018-04-17T17:49:00,387,387
http://irail.be/vehicle/P8803,http://irail.be/stations/NMBS/008883808,P,2018-04-17T17:50:00,2018-04-17T17:50:00,528,528
http://irail.be/vehicle/P8803,http://irail.be/stations/NMBS/008883022,P,2018-04-17T17:53:00,2018-04-17T17:53:00,520,520
http://irail.be/vehicle/P8803,NO-URI,P,2018-04-17T17:54:00,2018-04-17T17:54:00,469,469
http://irail.be/vehicle/P8803,http://irail.be/stations/NMBS/008883006,P,2018-04-17T18:00:00,2018-04-17T17:59:00,579,571
http://irail.be/vehicle/P8803,http://irail.be/stations/NMBS/008883113,P,2018-04-17T18:06:00,2018-04-17T18:05:00,605,543
http://irail.be/vehicle/P8803,NO-URI,P,2018-04-17T18:10:00,2018-04-17T18:10:00,570,570
http://irail.be/vehicle/P8803,http://irail.be/stations/NMBS/008883121,P,2018-04-17T18:10:00,2018-04-17T18:10:00,582,582
http://irail.be/vehicle/P8803,http://irail.be/stations/NMBS/008881174,P,2018-04-17T18:11:00,2018-04-17T18:11:00,608,608
http://irail.be/vehicle/P8803,http://irail.be/stations/NMBS/008881166,P,2018-04-17T18:15:00,2018-04-17T18:14:00,640,598
http://irail.be/vehicle/P8803,http://irail.be/stations/NMBS/008881158,P,2018-04-17T18:17:00,2018-04-17T18:17:00,640,640
http://irail.be/vehicle/P8803,http://irail.be/stations/NMBS/008881125,P,2018-04-17T18:20:00,2018-04-17T18:20:00,553,553
http://irail.be/vehicle/P8803,http://irail.be/stations/NMBS/008881000,P,2018-04-17T18:28:00,2018-04-17T18:24:00,517,545
http://irail.be/vehicle/P8803,http://irail.be/stations/NMBS/008884566,P,2018-04-17T18:35:00,2018-04-17T18:34:00,517,517
http://irail.be/vehicle/P8803,http://irail.be/stations/NMBS/008884541,P,2018-04-17T18:39:00,2018-04-17T18:38:00,523,472
http://irail.be/vehicle/P8803,http://irail.be/stations/NMBS/008884004,P,2018-04-17T18:44:00,2018-04-17T18:42:00,515,556
http://irail.be/vehicle/P8803,http://irail.be/stations/NMBS/008884319,P,2018-04-17T18:48:00,2018-04-17T18:48:00,598,492
http://irail.be/vehicle/P8803,http://irail.be/stations/NMBS/008884327,P,2018-04-17T18:51:00,2018-04-17T18:51:00,598,598
http://irail.be/vehicle/P8803,http://irail.be/stations/NMBS/008884350,P,2018-04-17T18:54:00,2018-04-17T18:54:00,598,598
http://irail.be/vehicle/P8803,http://irail.be/stations/NMBS/008884335,P,2018-04-17T18:59:00,2018-04-17T18:59:00,,598
http://irail.be/vehicle/P8803,NO-URI,P,2018-06-28T17:05:00,2018-06-28T17:05:00,1470,
http://irail.be/vehicle/P8803,http://irail.be/stations/NMBS/008811007,P,2018-06-28T17:20:00,2018-06-28T17:15:00,1161,1403
http://irail.be/vehicle/P8803,http://irail.be/stations/NMBS/008812005,P,2018-06-28T17:28:00,2018-06-28T17:25:00,1438,1307
http://irail.be/vehicle/P8803,http://irail.be/stations/NMBS/008813045,P,2018-06-28T17:30:00,2018-06-28T17:30:00,1450,1450
http://irail.be/vehicle/P8803,http://irail.be/stations/NMBS/008813003,P,2018-06-28T17:32:00,2018-06-28T17:31:00,1508,1495
http://irail.be/vehicle/P8803,http://irail.be/stations/NMBS/008813037,P,2018-06-28T17:34:00,2018-06-28T17:34:00,1459,1459
http://irail.be/vehicle/P8803,http://irail.be/stations/NMBS/008814001,P,2018-06-28T17:38:00,2018-06-28T17:36:00,1503,1580
http://irail.be/vehicle/P8803,http://irail.be/stations/NMBS/008814373,P,2018-06-28T17:42:00,2018-06-28T17:42:00,1478,1478
http://irail.be/vehicle/P8803,http://irail.be/stations/NMBS/008814365,P,2018-06-28T17:43:57,2018-06-28T17:43:57,1521,1521
http://irail.be/vehicle/P8803,http://irail.be/stations/NMBS/008814357,P,2018-06-28T17:45:34,2018-06-28T17:45:34,1521,1521
http://irail.be/vehicle/P8803,http://irail.be/stations/NMBS/008814340,P,2018-06-28T17:46:19,2018-06-28T17:46:19,1525,1525
http://irail.be/vehicle/P8803,http://irail.be/stations/NMBS/008814308,P,2018-06-28T17:47:00,2018-06-28T17:47:00,1561,1561
http://irail.be/vehicle/P8803,http://irail.be/stations/NMBS/008814332,P,2018-06-28T17:49:00,2018-06-28T17:49:00,1544,1544
http://irail.be/vehicle/P8803,http://irail.be/stations/NMBS/008883808,P,2018-06-28T17:50:00,2018-06-28T17:50:00,1519,1519
http://irail.be/vehicle/P8803,http://irail.be/stations/NMBS/008883022,P,2018-06-28T17:53:00,2018-06-28T17:53:00,1469,1469
http://irail.be/vehicle/P8803,NO-URI,P,2018-06-28T17:54:00,2018-06-28T17:54:00,1416,1416
http://irail.be/vehicle/P8803,http://irail.be/stations/NMBS/008883006,P,2018-06-28T18:00:00,2018-06-28T17:59:00,1300,1358
http://irail.be/vehicle/P8803,http://irail.be/stations/NMBS/008883113,P,2018-06-28T18:06:00,2018-06-28T18:05:00,1266,1256
http://irail.be/vehicle/P8803,NO-URI,P,2018-06-28T18:10:00,2018-06-28T18:10:00,1218,1218
http://irail.be/vehicle/P8803,http://irail.be/stations/NMBS/008883121,P,2018-06-28T18:10:00,2018-06-28T18:10:00,1229,1229
http://irail.be/vehicle/P8803,http://irail.be/stations/NMBS/008881174,P,2018-06-28T18:11:00,2018-06-28T18:11:00,1254,1254
http://irail.be/vehicle/P8803,http://irail.be/stations/NMBS/008881166,P,2018-06-28T18:15:00,2018-06-28T18:14:00,1248,1258
http://irail.be/vehicle/P8803,http://irail.be/stations/NMBS/008881158,P,2018-06-28T18:18:00,2018-06-28T18:18:00,1248,1248
http://irail.be/vehicle/P8803,http://irail.be/stations/NMBS/008881125,P,2018-06-28T18:19:00,2018-06-28T18:19:00,1273,1273
http://irail.be/vehicle/P8803,http://irail.be/stations/NMBS/008881000,P,2018-06-28T18:28:00,2018-06-28T18:24:00,1375,1201
http://irail.be/vehicle/P8803,http://irail.be/stations/NMBS/008884566,P,2018-06-28T18:35:00,2018-06-28T18:34:00,1375,1375
http://irail.be/vehicle/P8803,http://irail.be/stations/NMBS/008884541,P,2018-06-28T18:39:00,2018-06-28T18:38:00,1270,1258
http://irail.be/vehicle/P8803,http://irail.be/stations/NMBS/008884004,P,2018-06-28T18:44:00,2018-06-28T18:42:00,1257,1312
http://irail.be/vehicle/P8803,http://irail.be/stations/NMBS/008884319,P,2018-06-28T18:48:00,2018-06-28T18:48:00,1215,1215
http://irail.be/vehicle/P8803,http://irail.be/stations/NMBS/008884327,P,2018-06-28T18:51:00,2018-06-28T18:51:00,1191,1191
http://irail.be/vehicle/P8803,http://irail.be/stations/NMBS/008884350,P,2018-06-28T18:54:00,2018-06-28T18:54:00,1191,1191
http://irail.be/vehicle/P8803,http://irail.be/stations/NMBS/008884335,P,2018-06-28T18:59:00,2018-06-28T18:59:00,,1191
http://irail.be/vehicle/P8803,NO-URI,P,2018-12-17T17:05:00,2018-12-17T17:05:00,60,
http://irail.be/vehicle/P8803,http://irail.be/stations/NMBS/008811007,P,2018-12-17T17:18:00,2018-12-17T17:15:00,27,-16
http://irail.be/vehicle/P8803,http://irail.be/stations/NMBS/008812005,P,2018-12-17T17:25:00,2018-12-17T17:23:00,88,18
http://irail.be/vehicle/P8803,http://irail.be/stations/NMBS/008813045,P,2018-12-17T17:27:00,2018-12-17T17:27:00,95,95
http://irail.be/vehicle/P8803,http://irail.be/stations/NMBS/008813003,P,2018-12-17T17:30:00,2018-12-17T17:29:00,100,82
http://irail.be/vehicle/P8803,http://irail.be/stations/NMBS/008813037,P,2018-12-17T17:31:00,2018-12-17T17:31:00,97,97
http://irail.be/vehicle/P8803,http://irail.be/stations/NMBS/008814001,P,2018-12-17T17:39:00,2018-12-17T17:34:00,9,93
http://irail.be/vehicle/P8803,http://irail.be/stations/NMBS/008814373,P,2018-12-17T17:43:00,2018-12-17T17:43:00,30,30
http://irail.be/vehicle/P8803,http://irail.be/stations/NMBS/008814308,P,2018-12-17T17:49:00,2018-12-17T17:49:00,115,115
http://irail.be/vehicle/P8803,http://irail.be/stations/NMBS/008814332,P,2018-12-17T17:50:00,2018-12-17T17:50:00,106,106
http://irail.be/vehicle/P8803,http://irail.be/stations/NMBS/008883808,P,2018-12-17T17:52:00,2018-12-17T17:52:00,90,90
http://irail.be/vehicle/P8803,http://irail.be/stations/NMBS/008883022,P,2018-12-17T17:54:00,2018-12-17T17:54:00,100,100
http://irail.be/vehicle/P8803,NO-URI,P,2018-12-17T17:55:00,2018-12-17T17:55:00,50,50
http://irail.be/vehicle/P8803,http://irail.be/stations/NMBS/008883006,P,2018-12-17T18:01:00,2018-12-17T18:00:00,220,205
http://irail.be/vehicle/P8803,http://irail.be/stations/NMBS/008883113,P,2018-12-17T18:07:00,2018-12-17T18:06:00,250,212
http://irail.be/vehicle/P8803,NO-URI,P,2018-12-17T18:11:00,2018-12-17T18:11:00,193,193
http://irail.be/vehicle/P8803,http://irail.be/stations/NMBS/008883121,P,2018-12-17T18:11:00,2018-12-17T18:11:00,206,206
http://irail.be/vehicle/P8803,http://irail.be/stations/NMBS/008881174,P,2018-12-17T18:13:00,2018-12-17T18:13:00,227,227
http://irail.be/vehicle/P8803,http://irail.be/stations/NMBS/008881166,P,2018-12-17T18:16:00,2018-12-17T18:15:00,271,219
http://irail.be/vehicle/P8803,http://irail.be/stations/NMBS/008881158,P,2018-12-17T18:19:00,2018-12-17T18:19:00,271,271
http://irail.be/vehicle/P8803,http://irail.be/stations/NMBS/008881125,P,2018-12-17T18:21:00,2018-12-17T18:21:00,376,376
http://irail.be/vehicle/P8803,http://irail.be/stations/NMBS/008881000,P,2018-12-17T18:28:00,2018-12-17T18:25:00,493,420
http://irail.be/vehicle/P8803,http://irail.be/stations/NMBS/008884566,P,2018-12-17T18:35:00,2018-12-17T18:34:00,442,493
http://irail.be/vehicle/P8803,http://irail.be/stations/NMBS/008884541,P,2018-12-17T18:39:00,2018-12-17T18:38:00,427,456
http://irail.be/vehicle/P8803,http://irail.be/stations/NMBS/008884004,P,2018-12-17T18:45:00,2018-12-17T18:43:00,525,461
http://irail.be/vehicle/P8803,http://irail.be/stations/NMBS/008884319,P,2018-12-17T18:49:00,2018-12-17T18:49:00,987,920
http://irail.be/vehicle/P8803,http://irail.be/stations/NMBS/008884327,P,2018-12-17T18:52:00,2018-12-17T18:52:00,987,987
http://irail.be/vehicle/P8803,http://irail.be/stations/NMBS/008884350,P,2018-12-17T18:55:00,2018-12-17T18:55:00,987,987
http://irail.be/vehicle/P8803,http://irail.be/stations/NMBS/008884335,P,2018-12-17T19:00:00,2018-12-17T19:00:00,,987
http://irail.be/vehicle/P8803,NO-URI,P,2018-06-13T17:05:00,2018-06-13T17:05:00,252,
http://irail.be/vehicle/P8803,http://irail.be/stations/NMBS/008811007,P,2018-06-13T17:20:00,2018-06-13T17:15:00,-6,197
http://irail.be/vehicle/P8803,http://irail.be/stations/NMBS/008812005,P,2018-06-13T17:28:00,2018-06-13T17:25:00,105,-15
http://irail.be/vehicle/P8803,http://irail.be/stations/NMBS/008813045,P,2018-06-13T17:30:00,2018-06-13T17:30:00,122,122
http://irail.be/vehicle/P8803,http://irail.be/stations/NMBS/008813003,P,2018-06-13T17:32:00,2018-06-13T17:31:00,405,371
http://irail.be/vehicle/P8803,http://irail.be/stations/NMBS/008813037,P,2018-06-13T17:34:00,2018-06-13T17:34:00,350,350
http://irail.be/vehicle/P8803,http://irail.be/stations/NMBS/008814001,P,2018-06-13T17:38:00,2018-06-13T17:36:00,534,492
http://irail.be/vehicle/P8803,http://irail.be/stations/NMBS/008814373,P,2018-06-13T17:42:00,2018-06-13T17:42:00,505,505
http://irail.be/vehicle/P8803,http://irail.be/stations/NMBS/008814308,P,2018-06-13T17:47:00,2018-06-13T17:47:00,576,576
http://irail.be/vehicle/P8803,http://irail.be/stations/NMBS/008814332,P,2018-06-13T17:49:00,2018-06-13T17:49:00,549,549
http://irail.be/vehicle/P8803,http://irail.be/stations/NMBS/008883808,P,2018-06-13T17:50:00,2018-06-13T17:50:00,577,577
http://irail.be/vehicle/P8803,http://irail.be/stations/NMBS/008883022,P,2018-06-13T17:53:00,2018-06-13T17:53:00,564,564
http://irail.be/vehicle/P8803,NO-URI,P,2018-06-13T17:54:00,2018-06-13T17:54:00,518,518
http://irail.be/vehicle/P8803,http://irail.be/stations/NMBS/008883006,P,2018-06-13T18:00:00,2018-06-13T17:59:00,546,527
http://irail.be/vehicle/P8803,http://irail.be/stations/NMBS/008883113,P,2018-06-13T18:06:00,2018-06-13T18:05:00,560,529
http://irail.be/vehicle/P8803,NO-URI,P,2018-06-13T18:10:00,2018-06-13T18:10:00,596,596
http://irail.be/vehicle/P8803,http://irail.be/stations/NMBS/008883121,P,2018-06-13T18:10:00,2018-06-13T18:10:00,639,639
http://irail.be/vehicle/P8803,http://irail.be/stations/NMBS/008881174,P,2018-06-13T18:11:00,2018-06-13T18:11:00,671,671
http://irail.be/vehicle/P8803,http://irail.be/stations/NMBS/008881166,P,2018-06-13T18:15:00,2018-06-13T18:14:00,725,693
http://irail.be/vehicle/P8803,http://irail.be/stations/NMBS/008881158,P,2018-06-13T18:18:00,2018-06-13T18:18:00,725,725
http://irail.be/vehicle/P8803,http://irail.be/stations/NMBS/008881125,P,2018-06-13T18:19:00,2018-06-13T18:19:00,747,747
http://irail.be/vehicle/P8803,http://irail.be/stations/NMBS/008881000,P,2018-06-13T18:28:00,2018-06-13T18:24:00,625,685
http://irail.be/vehicle/P8803,http://irail.be/stations/NMBS/008884566,P,2018-06-13T18:35:00,2018-06-13T18:34:00,625,625
http://irail.be/vehicle/P8803,http://irail.be/stations/NMBS/008884541,P,2018-06-13T18:39:00,2018-06-13T18:38:00,545,512
http://irail.be/vehicle/P8803,http://irail.be/stations/NMBS/008884004,P,2018-06-13T18:44:00,2018-06-13T18:42:00,557,585
http://irail.be/vehicle/P8803,http://irail.be/stations/NMBS/008884319,P,2018-06-13T18:48:00,2018-06-13T18:48:00,531,513
http://irail.be/vehicle/P8803,http://irail.be/stations/NMBS/008884327,P,2018-06-13T18:51:00,2018-06-13T18:51:00,531,531
http://irail.be/vehicle/P8803,http://irail.be/stations/NMBS/008884350,P,2018-06-13T18:54:00,2018-06-13T18:54:00,531,531
http://irail.be/vehicle/P8803,http://irail.be/stations/NMBS/008884335,P,2018-06-13T18:59:00,2018-06-13T18:59:00,,531
http://irail.be/vehicle/P8803,NO-URI,P,2018-03-28T17:05:00,2018-03-28T17:05:00,77,
http://irail.be/vehicle/P8803,http://irail.be/stations/NMBS/008811007,P,2018-03-28T17:20:00,2018-03-28T17:15:00,48,70
http://irail.be/vehicle/P8803,http://irail.be/stations/NMBS/008812005,P,2018-03-28T17:28:00,2018-03-28T17:25:00,23,38
http://irail.be/vehicle/P8803,http://irail.be/stations/NMBS/008813045,P,2018-03-28T17:30:00,2018-03-28T17:30:00,25,25
http://irail.be/vehicle/P8803,http://irail.be/stations/NMBS/008813003,P,2018-03-28T17:32:00,2018-03-28T17:31:00,94,57
http://irail.be/vehicle/P8803,http://irail.be/stations/NMBS/008813037,P,2018-03-28T17:34:00,2018-03-28T17:34:00,47,47
http://irail.be/vehicle/P8803,http://irail.be/stations/NMBS/008814001,P,2018-03-28T17:38:00,2018-03-28T17:36:00,180,97
http://irail.be/vehicle/P8803,http://irail.be/stations/NMBS/008814373,P,2018-03-28T17:42:00,2018-03-28T17:42:00,193,193
http://irail.be/vehicle/P8803,http://irail.be/stations/NMBS/008814308,P,2018-03-28T17:47:00,2018-03-28T17:47:00,302,302
http://irail.be/vehicle/P8803,http://irail.be/stations/NMBS/008814332,P,2018-03-28T17:49:00,2018-03-28T17:49:00,277,277
http://irail.be/vehicle/P8803,http://irail.be/stations/NMBS/008883808,P,2018-03-28T17:50:00,2018-03-28T17:50:00,313,313
http://irail.be/vehicle/P8803,http://irail.be/stations/NMBS/008883022,P,2018-03-28T17:53:00,2018-03-28T17:53:00,339,339
http://irail.be/vehicle/P8803,NO-URI,P,2018-03-28T17:54:00,2018-03-28T17:54:00,464,464
http://irail.be/vehicle/P8803,http://irail.be/stations/NMBS/008883006,P,2018-03-28T18:00:00,2018-03-28T17:59:00,434,472
http://irail.be/vehicle/P8803,http://irail.be/stations/NMBS/008883113,P,2018-03-28T18:06:00,2018-03-28T18:05:00,471,426
http://irail.be/vehicle/P8803,NO-URI,P,2018-03-28T18:10:00,2018-03-28T18:10:00,456,456
http://irail.be/vehicle/P8803,http://irail.be/stations/NMBS/008883121,P,2018-03-28T18:10:00,2018-03-28T18:10:00,463,463
http://irail.be/vehicle/P8803,http://irail.be/stations/NMBS/008881174,P,2018-03-28T18:11:00,2018-03-28T18:11:00,491,491
http://irail.be/vehicle/P8803,http://irail.be/stations/NMBS/008881166,P,2018-03-28T18:15:00,2018-03-28T18:14:00,514,484
http://irail.be/vehicle/P8803,http://irail.be/stations/NMBS/008881158,P,2018-03-28T18:17:00,2018-03-28T18:17:00,514,514
http://irail.be/vehicle/P8803,http://irail.be/stations/NMBS/008881125,P,2018-03-28T18:20:00,2018-03-28T18:20:00,421,421
http://irail.be/vehicle/P8803,http://irail.be/stations/NMBS/008881000,P,2018-03-28T18:28:00,2018-03-28T18:24:00,804,445
http://irail.be/vehicle/P8803,http://irail.be/stations/NMBS/008884566,P,2018-03-28T18:35:00,2018-03-28T18:34:00,804,804
http://irail.be/vehicle/P8803,http://irail.be/stations/NMBS/008884541,P,2018-03-28T18:39:00,2018-03-28T18:38:00,787,756
http://irail.be/vehicle/P8803,http://irail.be/stations/NMBS/008884004,P,2018-03-28T18:44:00,2018-03-28T18:42:00,797,837
http://irail.be/vehicle/P8803,http://irail.be/stations/NMBS/008884319,P,2018-03-28T18:48:00,2018-03-28T18:48:00,999,999
http://irail.be/vehicle/P8803,http://irail.be/stations/NMBS/008884327,P,2018-03-28T18:51:00,2018-03-28T18:51:00,983,983
http://irail.be/vehicle/P8803,http://irail.be/stations/NMBS/008884350,P,2018-03-28T18:54:00,2018-03-28T18:54:00,983,983
http://irail.be/vehicle/P8803,http://irail.be/stations/NMBS/008884335,P,2018-03-28T18:59:00,2018-03-28T18:59:00,,983
http://irail.be/vehicle/P8803,NO-URI,P,2018-03-06T17:05:00,2018-03-06T17:05:00,-59,
http://irail.be/vehicle/P8803,http://irail.be/stations/NMBS/008811007,P,2018-03-06T17:20:00,2018-03-06T17:15:00,91,-72
http://irail.be/vehicle/P8803,http://irail.be/stations/NMBS/008812005,P,2018-03-06T17:28:00,2018-03-06T17:25:00,52,45
http://irail.be/vehicle/P8803,http://irail.be/stations/NMBS/008813045,P,2018-03-06T17:30:00,2018-03-06T17:30:00,159,159
http://irail.be/vehicle/P8803,http://irail.be/stations/NMBS/008813003,P,2018-03-06T17:32:00,2018-03-06T17:31:00,560,484
http://irail.be/vehicle/P8803,http://irail.be/stations/NMBS/008813037,P,2018-03-06T17:34:00,2018-03-06T17:34:00,519,519
http://irail.be/vehicle/P8803,http://irail.be/stations/NMBS/008814001,P,2018-03-06T17:38:00,2018-03-06T17:36:00,519,574
http://irail.be/vehicle/P8803,http://irail.be/stations/NMBS/008814373,P,2018-03-06T17:42:00,2018-03-06T17:42:00,486,486
http://irail.be/vehicle/P8803,http://irail.be/stations/NMBS/008814365,P,2018-03-06T17:43:57,2018-03-06T17:43:57,389,389
http://irail.be/vehicle/P8803,http://irail.be/stations/NMBS/008814357,P,2018-03-06T17:45:34,2018-03-06T17:45:34,389,389
http://irail.be/vehicle/P8803,http://irail.be/stations/NMBS/008814340,P,2018-03-06T17:46:19,2018-03-06T17:46:19,396,396
http://irail.be/vehicle/P8803,http://irail.be/stations/NMBS/008814308,P,2018-03-06T17:47:00,2018-03-06T17:47:00,3576,3576
http://irail.be/vehicle/P8803,http://irail.be/stations/NMBS/008814332,P,2018-03-06T17:49:00,2018-03-06T17:49:00,3576,3576
http://irail.be/vehicle/P8803,http://irail.be/stations/NMBS/008883808,P,2018-03-06T17:50:00,2018-03-06T17:50:00,3726,3726
http://irail.be/vehicle/P8803,http://irail.be/stations/NMBS/008883022,P,2018-03-06T17:53:00,2018-03-06T17:53:00,3695,3695
http://irail.be/vehicle/P8803,NO-URI,P,2018-03-06T17:54:00,2018-03-06T17:54:00,3643,3643
http://irail.be/vehicle/P8803,http://irail.be/stations/NMBS/008883006,P,2018-03-06T18:00:00,2018-03-06T17:59:00,3618,3632
http://irail.be/vehicle/P8803,http://irail.be/stations/NMBS/008883113,P,2018-03-06T18:06:00,2018-03-06T18:05:00,3625,3581
http://irail.be/vehicle/P8803,NO-URI,P,2018-03-06T18:10:00,2018-03-06T18:10:00,3572,3572
http://irail.be/vehicle/P8803,http://irail.be/stations/NMBS/008883121,P,2018-03-06T18:10:00,2018-03-06T18:10:00,3585,3585
http://irail.be/vehicle/P8803,http://irail.be/stations/NMBS/008881174,P,2018-03-06T18:11:00,2018-03-06T18:11:00,3611,3611
http://irail.be/vehicle/P8803,http://irail.be/stations/NMBS/008881166,P,2018-03-06T18:15:00,2018-03-06T18:14:00,3609,3601
http://irail.be/vehicle/P8803,http://irail.be/stations/NMBS/008881158,P,2018-03-06T18:17:00,2018-03-06T18:17:00,3609,3609
http://irail.be/vehicle/P8803,http://irail.be/stations/NMBS/008881125,P,2018-03-06T18:20:00,2018-03-06T18:20:00,3530,3530
http://irail.be/vehicle/P8803,http://irail.be/stations/NMBS/008881000,P,2018-03-06T18:24:00,2018-03-06T18:24:00,,3572
http://irail.be/vehicle/P8803,NO-URI,P,2018-09-03T17:05:00,2018-09-03T17:05:00,587,
http://irail.be/vehicle/P8803,http://irail.be/stations/NMBS/008811007,P,2018-09-03T17:20:00,2018-09-03T17:15:00,247,479
http://irail.be/vehicle/P8803,http://irail.be/stations/NMBS/008812005,P,2018-09-03T17:28:00,2018-09-03T17:25:00,293,388
http://irail.be/vehicle/P8803,http://irail.be/stations/NMBS/008813045,P,2018-09-03T17:30:00,2018-09-03T17:30:00,296,296
http://irail.be/vehicle/P8803,http://irail.be/stations/NMBS/008813003,P,2018-09-03T17:32:00,2018-09-03T17:31:00,465,430
http://irail.be/vehicle/P8803,http://irail.be/stations/NMBS/008813037,P,2018-09-03T17:34:00,2018-09-03T17:34:00,414,414
http://irail.be/vehicle/P8803,http://irail.be/stations/NMBS/008814001,P,2018-09-03T17:38:00,2018-09-03T17:36:00,428,475
http://irail.be/vehicle/P8803,http://irail.be/stations/NMBS/008814373,P,2018-09-03T17:42:00,2018-09-03T17:42:00,433,433
http://irail.be/vehicle/P8803,http://irail.be/stations/NMBS/008814308,P,2018-09-03T17:47:00,2018-09-03T17:47:00,442,442
http://irail.be/vehicle/P8803,http://irail.be/stations/NMBS/008814332,P,2018-09-03T17:49:00,2018-09-03T17:49:00,416,416
http://irail.be/vehicle/P8803,http://irail.be/stations/NMBS/008883808,P,2018-09-03T17:50:00,2018-09-03T17:50:00,658,658
http://irail.be/vehicle/P8803,http://irail.be/stations/NMBS/008883022,P,2018-09-03T17:53:00,2018-09-03T17:53:00,659,659
http://irail.be/vehicle/P8803,NO-URI,P,2018-09-03T17:54:00,2018-09-03T17:54:00,611,611
http://irail.be/vehicle/P8803,http://irail.be/stations/NMBS/008883006,P,2018-09-03T18:00:00,2018-09-03T17:59:00,609,582
http://irail.be/vehicle/P8803,http://irail.be/stations/NMBS/008883113,P,2018-09-03T18:06:00,2018-09-03T18:05:00,601,565
http://irail.be/vehicle/P8803,NO-URI,P,2018-09-03T18:10:00,2018-09-03T18:10:00,537,537
http://irail.be/vehicle/P8803,http://irail.be/stations/NMBS/008883121,P,2018-09-03T18:10:00,2018-09-03T18:10:00,546,546
http://irail.be/vehicle/P8803,http://irail.be/stations/NMBS/008881174,P,2018-09-03T18:11:00,2018-09-03T18:11:00,626,626
http://irail.be/vehicle/P8803,http://irail.be/stations/NMBS/008881166,P,2018-09-03T18:15:00,2018-09-03T18:14:00,614,624
http://irail.be/vehicle/P8803,http://irail.be/stations/NMBS/008881158,P,2018-09-03T18:18:00,2018-09-03T18:18:00,614,614
http://irail.be/vehicle/P8803,http://irail.be/stations/NMBS/008881125,P,2018-09-03T18:19:00,2018-09-03T18:19:00,622,622
http://irail.be/vehicle/P8803,http://irail.be/stations/NMBS/008881000,P,2018-09-03T18:28:00,2018-09-03T18:24:00,897,685
http://irail.be/vehicle/P8803,http://irail.be/stations/NMBS/008884566,P,2018-09-03T18:35:00,2018-09-03T18:34:00,981,897
http://irail.be/vehicle/P8803,http://irail.be/stations/NMBS/008884541,P,2018-09-03T18:39:00,2018-09-03T18:38:00,1035,994
http://irail.be/vehicle/P8803,http://irail.be/stations/NMBS/008884004,P,2018-09-03T18:44:00,2018-09-03T18:42:00,1041,1074
http://irail.be/vehicle/P8803,http://irail.be/stations/NMBS/008884319,P,2018-09-03T18:48:00,2018-09-03T18:48:00,1078,1024
http://irail.be/vehicle/P8803,http://irail.be/stations/NMBS/008884327,P,2018-09-03T18:51:00,2018-09-03T18:51:00,1078,1078
http://irail.be/vehicle/P8803,http://irail.be/stations/NMBS/008884350,P,2018-09-03T18:54:00,2018-09-03T18:54:00,1078,1078
http://irail.be/vehicle/P8803,http://irail.be/stations/NMBS/008884335,P,2018-09-03T18:59:00,2018-09-03T18:59:00,,1078
http://irail.be/vehicle/P8803,NO-URI,P,2018-10-25T17:05:00,2018-10-25T17:05:00,-82,
http://irail.be/vehicle/P8803,http://irail.be/stations/NMBS/008811007,P,2018-10-25T17:20:00,2018-10-25T17:15:00,-22,-206
http://irail.be/vehicle/P8803,http://irail.be/stations/NMBS/008812005,P,2018-10-25T17:28:00,2018-10-25T17:25:00,86,101
http://irail.be/vehicle/P8803,http://irail.be/stations/NMBS/008813045,P,2018-10-25T17:30:00,2018-10-25T17:30:00,130,130
http://irail.be/vehicle/P8803,http://irail.be/stations/NMBS/008813003,P,2018-10-25T17:32:00,2018-10-25T17:31:00,395,358
http://irail.be/vehicle/P8803,http://irail.be/stations/NMBS/008813037,P,2018-10-25T17:34:00,2018-10-25T17:34:00,343,343
http://irail.be/vehicle/P8803,http://irail.be/stations/NMBS/008814001,P,2018-10-25T17:38:00,2018-10-25T17:36:00,368,382
http://irail.be/vehicle/P8803,http://irail.be/stations/NMBS/008814373,P,2018-10-25T17:42:00,2018-10-25T17:42:00,330,330
http://irail.be/vehicle/P8803,http://irail.be/stations/NMBS/008814308,P,2018-10-25T17:47:00,2018-10-25T17:47:00,391,391
http://irail.be/vehicle/P8803,http://irail.be/stations/NMBS/008814332,P,2018-10-25T17:49:00,2018-10-25T17:49:00,394,394
http://irail.be/vehicle/P8803,http://irail.be/stations/NMBS/008883808,P,2018-10-25T17:50:00,2018-10-25T17:50:00,524,524
http://irail.be/vehicle/P8803,http://irail.be/stations/NMBS/008883022,P,2018-10-25T17:53:00,2018-10-25T17:53:00,511,511
http://irail.be/vehicle/P8803,NO-URI,P,2018-10-25T17:54:00,2018-10-25T17:54:00,500,500
http://irail.be/vehicle/P8803,http://irail.be/stations/NMBS/008883006,P,2018-10-25T18:00:00,2018-10-25T17:59:00,657,650
http://irail.be/vehicle/P8803,http://irail.be/stations/NMBS/008883113,P,2018-10-25T18:06:00,2018-10-25T18:05:00,644,631
http://irail.be/vehicle/P8803,NO-URI,P,2018-10-25T18:10:00,2018-10-25T18:10:00,578,578
http://irail.be/vehicle/P8803,http://irail.be/stations/NMBS/008883121,P,2018-10-25T18:10:00,2018-10-25T18:10:00,586,586
http://irail.be/vehicle/P8803,http://irail.be/stations/NMBS/008881174,P,2018-10-25T18:11:00,2018-10-25T18:11:00,607,607
http://irail.be/vehicle/P8803,http://irail.be/stations/NMBS/008881166,P,2018-10-25T18:15:00,2018-10-25T18:14:00,546,593
http://irail.be/vehicle/P8803,http://irail.be/stations/NMBS/008881158,P,2018-10-25T18:18:00,2018-10-25T18:18:00,546,546
http://irail.be/vehicle/P8803,http://irail.be/stations/NMBS/008881125,P,2018-10-25T18:19:00,2018-10-25T18:19:00,536,536
http://irail.be/vehicle/P8803,http://irail.be/stations/NMBS/008881000,P,2018-10-25T18:28:00,2018-10-25T18:24:00,668,513
http://irail.be/vehicle/P8803,http://irail.be/stations/NMBS/008884566,P,2018-10-25T18:35:00,2018-10-25T18:34:00,645,668
http://irail.be/vehicle/P8803,http://irail.be/stations/NMBS/008884541,P,2018-10-25T18:39:00,2018-10-25T18:38:00,654,657
http://irail.be/vehicle/P8803,http://irail.be/stations/NMBS/008884004,P,2018-10-25T18:44:00,2018-10-25T18:42:00,769,684
http://irail.be/vehicle/P8803,http://irail.be/stations/NMBS/008884319,P,2018-10-25T18:48:00,2018-10-25T18:48:00,906,906
http://irail.be/vehicle/P8803,http://irail.be/stations/NMBS/008884327,P,2018-10-25T18:51:00,2018-10-25T18:51:00,888,888
http://irail.be/vehicle/P8803,http://irail.be/stations/NMBS/008884350,P,2018-10-25T18:54:00,2018-10-25T18:54:00,888,888
http://irail.be/vehicle/P8803,http://irail.be/stations/NMBS/008884335,P,2018-10-25T18:59:00,2018-10-25T18:59:00,,888
http://irail.be/vehicle/P8803,NO-URI,P,2018-06-05T17:05:00,2018-06-05T17:05:00,-126,
http://irail.be/vehicle/P8803,NO-URI,P,2018-06-05T17:09:09,2018-06-05T17:09:42,-162,-162
http://irail.be/vehicle/P8803,NO-URI,P,2018-06-05T17:10:56,2018-06-05T17:10:56,150,150
http://irail.be/vehicle/P8803,http://irail.be/stations/NMBS/008811007,P,2018-06-05T17:18:16,2018-06-05T17:15:16,88,121
http://irail.be/vehicle/P8803,http://irail.be/stations/NMBS/008812005,P,2018-06-05T17:28:00,2018-06-05T17:25:00,90,-10
http://irail.be/vehicle/P8803,http://irail.be/stations/NMBS/008813045,P,2018-06-05T17:30:00,2018-06-05T17:30:00,96,96
http://irail.be/vehicle/P8803,http://irail.be/stations/NMBS/008813003,P,2018-06-05T17:32:00,2018-06-05T17:31:00,314,261
http://irail.be/vehicle/P8803,http://irail.be/stations/NMBS/008813037,P,2018-06-05T17:34:00,2018-06-05T17:34:00,263,263
http://irail.be/vehicle/P8803,http://irail.be/stations/NMBS/008814001,P,2018-06-05T17:38:00,2018-06-05T17:36:00,360,312
http://irail.be/vehicle/P8803,http://irail.be/stations/NMBS/008814373,P,2018-06-05T17:42:00,2018-06-05T17:42:00,374,374
http://irail.be/vehicle/P8803,http://irail.be/stations/NMBS/008814308,P,2018-06-05T17:47:00,2018-06-05T17:47:00,468,468
http://irail.be/vehicle/P8803,http://irail.be/stations/NMBS/008814332,P,2018-06-05T17:49:00,2018-06-05T17:49:00,442,442
http://irail.be/vehicle/P8803,http://irail.be/stations/NMBS/008883808,P,2018-06-05T17:50:00,2018-06-05T17:50:00,465,465
http://irail.be/vehicle/P8803,http://irail.be/stations/NMBS/008883022,P,2018-06-05T17:53:00,2018-06-05T17:53:00,447,447
http://irail.be/vehicle/P8803,NO-URI,P,2018-06-05T17:54:00,2018-06-05T17:54:00,395,395
http://irail.be/vehicle/P8803,http://irail.be/stations/NMBS/008883006,P,2018-06-05T18:00:00,2018-06-05T17:59:00,466,470
http://irail.be/vehicle/P8803,http://irail.be/stations/NMBS/008883113,P,2018-06-05T18:06:00,2018-06-05T18:05:00,477,422
http://irail.be/vehicle/P8803,NO-URI,P,2018-06-05T18:10:00,2018-06-05T18:10:00,426,426
http://irail.be/vehicle/P8803,http://irail.be/stations/NMBS/008883121,P,2018-06-05T18:10:00,2018-06-05T18:10:00,436,436
http://irail.be/vehicle/P8803,http://irail.be/stations/NMBS/008881174,P,2018-06-05T18:11:00,2018-06-05T18:11:00,459,459
http://irail.be/vehicle/P8803,http://irail.be/stations/NMBS/008881166,P,2018-06-05T18:15:00,2018-06-05T18:14:00,588,499
http://irail.be/vehicle/P8803,http://irail.be/stations/NMBS/008881158,P,2018-06-05T18:17:00,2018-06-05T18:17:00,588,588
http://irail.be/vehicle/P8803,http://irail.be/stations/NMBS/008881125,P,2018-06-05T18:20:00,2018-06-05T18:20:00,492,492
http://irail.be/vehicle/P8803,http://irail.be/stations/NMBS/008881000,P,2018-06-05T18:28:00,2018-06-05T18:24:00,665,714
http://irail.be/vehicle/P8803,http://irail.be/stations/NMBS/008884566,P,2018-06-05T18:35:00,2018-06-05T18:34:00,665,665
http://irail.be/vehicle/P8803,http://irail.be/stations/NMBS/008884541,P,2018-06-05T18:39:00,2018-06-05T18:38:00,590,567
http://irail.be/vehicle/P8803,http://irail.be/stations/NMBS/008884004,P,2018-06-05T18:44:00,2018-06-05T18:42:00,679,636
http://irail.be/vehicle/P8803,http://irail.be/stations/NMBS/008884319,P,2018-06-05T18:48:00,2018-06-05T18:48:00,694,641
http://irail.be/vehicle/P8803,http://irail.be/stations/NMBS/008884327,P,2018-06-05T18:51:00,2018-06-05T18:51:00,694,694
http://irail.be/vehicle/P8803,http://irail.be/stations/NMBS/008884350,P,2018-06-05T18:54:00,2018-06-05T18:54:00,694,694
http://irail.be/vehicle/P8803,http://irail.be/stations/NMBS/008884335,P,2018-06-05T18:59:00,2018-06-05T18:59:00,,694
http://irail.be/vehicle/P8803,NO-URI,P,2018-10-22T17:11:32,2018-10-22T17:11:32,-17,
http://irail.be/vehicle/P8803,NO-URI,P,2018-10-22T17:12:51,2018-10-22T17:12:51,348,348
http://irail.be/vehicle/P8803,http://irail.be/stations/NMBS/008811007,P,2018-10-22T17:20:00,2018-10-22T17:15:00,285,348
http://irail.be/vehicle/P8803,http://irail.be/stations/NMBS/008812005,P,2018-10-22T17:28:00,2018-10-22T17:25:00,210,299
http://irail.be/vehicle/P8803,http://irail.be/stations/NMBS/008813045,P,2018-10-22T17:30:00,2018-10-22T17:30:00,216,216
http://irail.be/vehicle/P8803,http://irail.be/stations/NMBS/008813003,P,2018-10-22T17:32:00,2018-10-22T17:31:00,311,291
http://irail.be/vehicle/P8803,http://irail.be/stations/NMBS/008813037,P,2018-10-22T17:34:00,2018-10-22T17:34:00,262,262
http://irail.be/vehicle/P8803,http://irail.be/stations/NMBS/008814001,P,2018-10-22T17:38:00,2018-10-22T17:36:00,356,318
http://irail.be/vehicle/P8803,http://irail.be/stations/NMBS/008814373,P,2018-10-22T17:42:00,2018-10-22T17:42:00,319,319
http://irail.be/vehicle/P8803,http://irail.be/stations/NMBS/008814308,P,2018-10-22T17:47:00,2018-10-22T17:47:00,286,286
http://irail.be/vehicle/P8803,http://irail.be/stations/NMBS/008814332,P,2018-10-22T17:49:00,2018-10-22T17:49:00,260,260
http://irail.be/vehicle/P8803,http://irail.be/stations/NMBS/008883808,P,2018-10-22T17:50:00,2018-10-22T17:50:00,464,464
http://irail.be/vehicle/P8803,http://irail.be/stations/NMBS/008883022,P,2018-10-22T17:53:00,2018-10-22T17:53:00,483,483
http://irail.be/vehicle/P8803,NO-URI,P,2018-10-22T17:54:00,2018-10-22T17:54:00,434,434
http://irail.be/vehicle/P8803,http://irail.be/stations/NMBS/008883006,P,2018-10-22T18:00:00,2018-10-22T17:59:00,393,385
http://irail.be/vehicle/P8803,http://irail.be/stations/NMBS/008883113,P,2018-10-22T18:06:00,2018-10-22T18:05:00,368,350
http://irail.be/vehicle/P8803,NO-URI,P,2018-10-22T18:10:00,2018-10-22T18:10:00,309,309
http://irail.be/vehicle/P8803,http://irail.be/stations/NMBS/008883121,P,2018-10-22T18:10:00,2018-10-22T18:10:00,322,322
http://irail.be/vehicle/P8803,http://irail.be/stations/NMBS/008881174,P,2018-10-22T18:11:00,2018-10-22T18:11:00,346,346
http://irail.be/vehicle/P8803,http://irail.be/stations/NMBS/008881166,P,2018-10-22T18:15:00,2018-10-22T18:14:00,297,334
http://irail.be/vehicle/P8803,http://irail.be/stations/NMBS/008881158,P,2018-10-22T18:18:00,2018-10-22T18:18:00,297,297
http://irail.be/vehicle/P8803,http://irail.be/stations/NMBS/008881125,P,2018-10-22T18:19:00,2018-10-22T18:19:00,303,303
http://irail.be/vehicle/P8803,http://irail.be/stations/NMBS/008881000,P,2018-10-22T18:28:00,2018-10-22T18:24:00,108,252
http://irail.be/vehicle/P8803,http://irail.be/stations/NMBS/008884566,P,2018-10-22T18:35:00,2018-10-22T18:34:00,108,108
http://irail.be/vehicle/P8803,http://irail.be/stations/NMBS/008884541,P,2018-10-22T18:39:00,2018-10-22T18:38:00,87,1
http://irail.be/vehicle/P8803,http://irail.be/stations/NMBS/008884004,P,2018-10-22T18:44:00,2018-10-22T18:42:00,95,142
http://irail.be/vehicle/P8803,http://irail.be/stations/NMBS/008884319,P,2018-10-22T18:48:00,2018-10-22T18:48:00,132,114
http://irail.be/vehicle/P8803,http://irail.be/stations/NMBS/008884327,P,2018-10-22T18:51:00,2018-10-22T18:51:00,132,132
http://irail.be/vehicle/P8803,http://irail.be/stations/NMBS/008884350,P,2018-10-22T18:54:00,2018-10-22T18:54:00,132,132
http://irail.be/vehicle/P8803,http://irail.be/stations/NMBS/008884335,P,2018-10-22T18:59:00,2018-10-22T18:59:00,,132
http://irail.be/vehicle/P8803,NO-URI,P,2018-03-22T17:05:00,2018-03-22T17:05:00,8,
http://irail.be/vehicle/P8803,http://irail.be/stations/NMBS/008811007,P,2018-03-22T17:20:00,2018-03-22T17:15:00,29,-101
http://irail.be/vehicle/P8803,http://irail.be/stations/NMBS/008812005,P,2018-03-22T17:28:00,2018-03-22T17:25:00,2,60
http://irail.be/vehicle/P8803,http://irail.be/stations/NMBS/008813045,P,2018-03-22T17:30:00,2018-03-22T17:30:00,52,52
http://irail.be/vehicle/P8803,http://irail.be/stations/NMBS/008813003,P,2018-03-22T17:32:00,2018-03-22T17:31:00,315,291
http://irail.be/vehicle/P8803,http://irail.be/stations/NMBS/008813037,P,2018-03-22T17:34:00,2018-03-22T17:34:00,262,262
http://irail.be/vehicle/P8803,http://irail.be/stations/NMBS/008814001,P,2018-03-22T17:38:00,2018-03-22T17:36:00,292,344
http://irail.be/vehicle/P8803,http://irail.be/stations/NMBS/008814373,P,2018-03-22T17:42:00,2018-03-22T17:42:00,360,360
http://irail.be/vehicle/P8803,http://irail.be/stations/NMBS/008814308,P,2018-03-22T17:47:00,2018-03-22T17:47:00,347,347
http://irail.be/vehicle/P8803,http://irail.be/stations/NMBS/008814332,P,2018-03-22T17:49:00,2018-03-22T17:49:00,320,320
http://irail.be/vehicle/P8803,http://irail.be/stations/NMBS/008883808,P,2018-03-22T17:50:00,2018-03-22T17:50:00,476,476
http://irail.be/vehicle/P8803,http://irail.be/stations/NMBS/008883022,P,2018-03-22T17:53:00,2018-03-22T17:53:00,523,523
http://irail.be/vehicle/P8803,NO-URI,P,2018-03-22T17:54:00,2018-03-22T17:54:00,474,474
http://irail.be/vehicle/P8803,http://irail.be/stations/NMBS/008883006,P,2018-03-22T18:00:00,2018-03-22T17:59:00,402,427
http://irail.be/vehicle/P8803,http://irail.be/stations/NMBS/008883113,P,2018-03-22T18:06:00,2018-03-22T18:05:00,422,394
http://irail.be/vehicle/P8803,NO-URI,P,2018-03-22T18:10:00,2018-03-22T18:10:00,391,391
http://irail.be/vehicle/P8803,http://irail.be/stations/NMBS/008883121,P,2018-03-22T18:10:00,2018-03-22T18:10:00,403,403
http://irail.be/vehicle/P8803,http://irail.be/stations/NMBS/008881174,P,2018-03-22T18:11:00,2018-03-22T18:11:00,424,424
http://irail.be/vehicle/P8803,http://irail.be/stations/NMBS/008881166,P,2018-03-22T18:15:00,2018-03-22T18:14:00,420,411
http://irail.be/vehicle/P8803,http://irail.be/stations/NMBS/008881158,P,2018-03-22T18:17:00,2018-03-22T18:17:00,420,420
http://irail.be/vehicle/P8803,http://irail.be/stations/NMBS/008881125,P,2018-03-22T18:20:00,2018-03-22T18:20:00,338,338
http://irail.be/vehicle/P8803,http://irail.be/stations/NMBS/008881000,P,2018-03-22T18:28:00,2018-03-22T18:24:00,263,309
http://irail.be/vehicle/P8803,http://irail.be/stations/NMBS/008884566,P,2018-03-22T18:35:00,2018-03-22T18:34:00,263,263
http://irail.be/vehicle/P8803,http://irail.be/stations/NMBS/008884541,P,2018-03-22T18:39:00,2018-03-22T18:38:00,221,191
http://irail.be/vehicle/P8803,http://irail.be/stations/NMBS/008884004,P,2018-03-22T18:44:00,2018-03-22T18:42:00,188,249
http://irail.be/vehicle/P8803,http://irail.be/stations/NMBS/008884319,P,2018-03-22T18:48:00,2018-03-22T18:48:00,147,147
http://irail.be/vehicle/P8803,http://irail.be/stations/NMBS/008884327,P,2018-03-22T18:51:00,2018-03-22T18:51:00,136,136
http://irail.be/vehicle/P8803,http://irail.be/stations/NMBS/008884350,P,2018-03-22T18:54:00,2018-03-22T18:54:00,136,136
http://irail.be/vehicle/P8803,http://irail.be/stations/NMBS/008884335,P,2018-03-22T18:59:00,2018-03-22T18:59:00,,136
http://irail.be/vehicle/P8803,NO-URI,P,2018-12-06T17:05:00,2018-12-06T17:05:00,486,
http://irail.be/vehicle/P8803,http://irail.be/stations/NMBS/008811007,P,2018-12-06T17:20:00,2018-12-06T17:15:00,191,430
http://irail.be/vehicle/P8803,http://irail.be/stations/NMBS/008812005,P,2018-12-06T17:28:00,2018-12-06T17:25:00,233,235
http://irail.be/vehicle/P8803,http://irail.be/stations/NMBS/008813045,P,2018-12-06T17:30:00,2018-12-06T17:30:00,286,286
http://irail.be/vehicle/P8803,http://irail.be/stations/NMBS/008813003,P,2018-12-06T17:32:00,2018-12-06T17:31:00,537,491
http://irail.be/vehicle/P8803,http://irail.be/stations/NMBS/008813037,P,2018-12-06T17:34:00,2018-12-06T17:34:00,484,484
http://irail.be/vehicle/P8803,http://irail.be/stations/NMBS/008814001,P,2018-12-06T17:38:00,2018-12-06T17:36:00,618,572
http://irail.be/vehicle/P8803,http://irail.be/stations/NMBS/008814373,P,2018-12-06T17:42:00,2018-12-06T17:42:00,592,592
http://irail.be/vehicle/P8803,http://irail.be/stations/NMBS/008814308,P,2018-12-06T17:47:00,2018-12-06T17:47:00,899,899
http://irail.be/vehicle/P8803,http://irail.be/stations/NMBS/008814332,P,2018-12-06T17:49:00,2018-12-06T17:49:00,898,898
http://irail.be/vehicle/P8803,http://irail.be/stations/NMBS/008883808,P,2018-12-06T17:50:00,2018-12-06T17:50:00,1132,1132
http://irail.be/vehicle/P8803,http://irail.be/stations/NMBS/008883022,P,2018-12-06T17:53:00,2018-12-06T17:53:00,1246,1246
http://irail.be/vehicle/P8803,NO-URI,P,2018-12-06T17:54:00,2018-12-06T17:54:00,1227,1227
http://irail.be/vehicle/P8803,http://irail.be/stations/NMBS/008883006,P,2018-12-06T18:00:00,2018-12-06T17:59:00,1216,1179
http://irail.be/vehicle/P8803,http://irail.be/stations/NMBS/008883113,P,2018-12-06T18:06:00,2018-12-06T18:05:00,1192,1160
http://irail.be/vehicle/P8803,NO-URI,P,2018-12-06T18:10:00,2018-12-06T18:10:00,1129,1129
http://irail.be/vehicle/P8803,http://irail.be/stations/NMBS/008883121,P,2018-12-06T18:10:00,2018-12-06T18:10:00,1140,1140
http://irail.be/vehicle/P8803,http://irail.be/stations/NMBS/008881174,P,2018-12-06T18:11:00,2018-12-06T18:11:00,1163,1163
http://irail.be/vehicle/P8803,http://irail.be/stations/NMBS/008881166,P,2018-12-06T18:15:00,2018-12-06T18:14:00,1118,1150
http://irail.be/vehicle/P8803,http://irail.be/stations/NMBS/008881158,P,2018-12-06T18:18:00,2018-12-06T18:18:00,1118,1118
http://irail.be/vehicle/P8803,http://irail.be/stations/NMBS/008881125,P,2018-12-06T18:19:00,2018-12-06T18:19:00,1184,1184
http://irail.be/vehicle/P8803,http://irail.be/stations/NMBS/008881000,P,2018-12-06T18:28:00,2018-12-06T18:24:00,1317,1189
http://irail.be/vehicle/P8803,http://irail.be/stations/NMBS/008884566,P,2018-12-06T18:35:00,2018-12-06T18:34:00,1317,1317
http://irail.be/vehicle/P8803,http://irail.be/stations/NMBS/008884541,P,2018-12-06T18:39:00,2018-12-06T18:38:00,1254,1231
http://irail.be/vehicle/P8803,http://irail.be/stations/NMBS/008884004,P,2018-12-06T18:44:00,2018-12-06T18:42:00,1226,1284
http://irail.be/vehicle/P8803,http://irail.be/stations/NMBS/008884319,P,2018-12-06T18:48:00,2018-12-06T18:48:00,1184,1184
http://irail.be/vehicle/P8803,http://irail.be/stations/NMBS/008884327,P,2018-12-06T18:51:00,2018-12-06T18:51:00,1161,1161
http://irail.be/vehicle/P8803,http://irail.be/stations/NMBS/008884350,P,2018-12-06T18:54:00,2018-12-06T18:54:00,1161,1161
http://irail.be/vehicle/P8803,http://irail.be/stations/NMBS/008884335,P,2018-12-06T18:59:00,2018-12-06T18:59:00,,1161
http://irail.be/vehicle/P8803,NO-URI,P,2018-01-25T17:05:00,2018-01-25T17:05:00,-12,
http://irail.be/vehicle/P8803,http://irail.be/stations/NMBS/008811007,P,2018-01-25T17:20:00,2018-01-25T17:15:00,41,135
http://irail.be/vehicle/P8803,http://irail.be/stations/NMBS/008812005,P,2018-01-25T17:28:00,2018-01-25T17:25:00,10,-11
http://irail.be/vehicle/P8803,http://irail.be/stations/NMBS/008813045,P,2018-01-25T17:30:00,2018-01-25T17:30:00,18,18
http://irail.be/vehicle/P8803,http://irail.be/stations/NMBS/008813003,P,2018-01-25T17:32:00,2018-01-25T17:31:00,87,52
http://irail.be/vehicle/P8803,http://irail.be/stations/NMBS/008813037,P,2018-01-25T17:34:00,2018-01-25T17:34:00,34,34
http://irail.be/vehicle/P8803,http://irail.be/stations/NMBS/008814001,P,2018-01-25T17:38:00,2018-01-25T17:36:00,124,82
http://irail.be/vehicle/P8803,http://irail.be/stations/NMBS/008814373,P,2018-01-25T17:42:00,2018-01-25T17:42:00,148,148
http://irail.be/vehicle/P8803,http://irail.be/stations/NMBS/008814308,P,2018-01-25T17:47:00,2018-01-25T17:47:00,240,240
http://irail.be/vehicle/P8803,http://irail.be/stations/NMBS/008814332,P,2018-01-25T17:49:00,2018-01-25T17:49:00,220,220
http://irail.be/vehicle/P8803,http://irail.be/stations/NMBS/008883808,P,2018-01-25T17:50:00,2018-01-25T17:50:00,197,197
http://irail.be/vehicle/P8803,http://irail.be/stations/NMBS/008883022,P,2018-01-25T17:53:00,2018-01-25T17:53:00,149,149
http://irail.be/vehicle/P8803,NO-URI,P,2018-01-25T17:54:00,2018-01-25T17:54:00,99,99
http://irail.be/vehicle/P8803,http://irail.be/stations/NMBS/008883006,P,2018-01-25T18:00:00,2018-01-25T17:59:00,136,45
http://irail.be/vehicle/P8803,http://irail.be/stations/NMBS/008883113,P,2018-01-25T18:06:00,2018-01-25T18:05:00,119,89
http://irail.be/vehicle/P8803,NO-URI,P,2018-01-25T18:10:00,2018-01-25T18:10:00,58,58
http://irail.be/vehicle/P8803,http://irail.be/stations/NMBS/008883121,P,2018-01-25T18:10:00,2018-01-25T18:10:00,69,69
http://irail.be/vehicle/P8803,http://irail.be/stations/NMBS/008881174,P,2018-01-25T18:11:00,2018-01-25T18:11:00,98,98
http://irail.be/vehicle/P8803,http://irail.be/stations/NMBS/008881166,P,2018-01-25T18:15:00,2018-01-25T18:14:00,162,89
http://irail.be/vehicle/P8803,http://irail.be/stations/NMBS/008881158,P,2018-01-25T18:17:00,2018-01-25T18:17:00,162,162
http://irail.be/vehicle/P8803,http://irail.be/stations/NMBS/008881125,P,2018-01-25T18:20:00,2018-01-25T18:20:00,225,225
http://irail.be/vehicle/P8803,http://irail.be/stations/NMBS/008881000,P,2018-01-25T18:28:00,2018-01-25T18:24:00,219,274
http://irail.be/vehicle/P8803,http://irail.be/stations/NMBS/008884566,P,2018-01-25T18:35:00,2018-01-25T18:34:00,253,219
http://irail.be/vehicle/P8803,http://irail.be/stations/NMBS/008884541,P,2018-01-25T18:39:00,2018-01-25T18:38:00,305,266
http://irail.be/vehicle/P8803,http://irail.be/stations/NMBS/008884004,P,2018-01-25T18:44:00,2018-01-25T18:42:00,319,360
http://irail.be/vehicle/P8803,http://irail.be/stations/NMBS/008884319,P,2018-01-25T18:48:00,2018-01-25T18:48:00,371,310
http://irail.be/vehicle/P8803,http://irail.be/stations/NMBS/008884327,P,2018-01-25T18:51:00,2018-01-25T18:51:00,371,371
http://irail.be/vehicle/P8803,http://irail.be/stations/NMBS/008884350,P,2018-01-25T18:54:00,2018-01-25T18:54:00,371,371
http://irail.be/vehicle/P8803,http://irail.be/stations/NMBS/008884335,P,2018-01-25T18:59:00,2018-01-25T18:59:00,,371
http://irail.be/vehicle/P8803,NO-URI,P,2018-06-11T17:05:00,2018-06-11T17:05:00,442,
http://irail.be/vehicle/P8803,http://irail.be/stations/NMBS/008811007,P,2018-06-11T17:20:00,2018-06-11T17:15:00,161,406
http://irail.be/vehicle/P8803,http://irail.be/stations/NMBS/008812005,P,2018-06-11T17:30:00,2018-06-11T17:27:00,54,31
http://irail.be/vehicle/P8803,http://irail.be/stations/NMBS/008813045,P,2018-06-11T17:32:00,2018-06-11T17:32:00,72,72
http://irail.be/vehicle/P8803,http://irail.be/stations/NMBS/008813003,P,2018-06-11T17:35:00,2018-06-11T17:34:00,207,164
http://irail.be/vehicle/P8803,http://irail.be/stations/NMBS/008813037,P,2018-06-11T17:36:00,2018-06-11T17:36:00,245,245
http://irail.be/vehicle/P8803,http://irail.be/stations/NMBS/008814001,P,2018-06-11T17:41:00,2018-06-11T17:39:00,492,462
http://irail.be/vehicle/P8803,http://irail.be/stations/NMBS/008814373,P,2018-06-11T17:45:00,2018-06-11T17:45:00,644,644
http://irail.be/vehicle/P8803,http://irail.be/stations/NMBS/008814308,P,2018-06-11T17:49:00,2018-06-11T17:49:00,1152,1152
http://irail.be/vehicle/P8803,http://irail.be/stations/NMBS/008814332,P,2018-06-11T17:50:00,2018-06-11T17:50:00,1146,1146
http://irail.be/vehicle/P8803,http://irail.be/stations/NMBS/008883808,P,2018-06-11T17:52:00,2018-06-11T17:52:00,1104,1104
http://irail.be/vehicle/P8803,http://irail.be/stations/NMBS/008883022,P,2018-06-11T17:54:00,2018-06-11T17:54:00,1110,1110
http://irail.be/vehicle/P8803,NO-URI,P,2018-06-11T17:56:00,2018-06-11T17:56:00,1002,1002
http://irail.be/vehicle/P8803,http://irail.be/stations/NMBS/008883006,P,2018-06-11T18:02:00,2018-06-11T18:01:00,1119,1002
http://irail.be/vehicle/P8803,http://irail.be/stations/NMBS/008883212,P,2018-06-11T18:06:00,2018-06-11T18:06:00,1232,1232
http://irail.be/vehicle/P8803,http://irail.be/stations/NMBS/008883220,P,2018-06-11T18:08:00,2018-06-11T18:08:00,1369,1369
http://irail.be/vehicle/P8803,http://irail.be/stations/NMBS/008883238,P,2018-06-11T18:10:00,2018-06-11T18:10:00,1476,1476
http://irail.be/vehicle/P8803,NO-URI,P,2018-06-11T18:14:00,2018-06-11T18:14:00,1511,1511
http://irail.be/vehicle/P8803,http://irail.be/stations/NMBS/008882107,P,2018-06-11T18:16:00,2018-06-11T18:16:00,1533,1533
http://irail.be/vehicle/P8803,http://irail.be/stations/NMBS/008881463,P,2018-06-11T18:20:00,2018-06-11T18:20:00,1686,1686
http://irail.be/vehicle/P8803,http://irail.be/stations/NMBS/008881455,P,2018-06-11T18:20:00,2018-06-11T18:20:00,1748,1748
http://irail.be/vehicle/P8803,http://irail.be/stations/NMBS/008881430,P,2018-06-11T18:22:00,2018-06-11T18:22:00,1748,1748
http://irail.be/vehicle/P8803,NO-URI,P,2018-06-11T18:23:00,2018-06-11T18:23:00,1748,1748
http://irail.be/vehicle/P8803,http://irail.be/stations/NMBS/008881406,P,2018-06-11T18:24:00,2018-06-11T18:24:00,1732,1732
http://irail.be/vehicle/P8803,http://irail.be/stations/NMBS/008881315,P,2018-06-11T18:26:00,2018-06-11T18:26:00,1862,1862
http://irail.be/vehicle/P8803,http://irail.be/stations/NMBS/008881000,P,2018-06-11T18:33:00,2018-06-11T18:29:00,1747,1862
http://irail.be/vehicle/P8803,http://irail.be/stations/NMBS/008884566,P,2018-06-11T18:39:00,2018-06-11T18:38:00,1769,1747
http://irail.be/vehicle/P8803,http://irail.be/stations/NMBS/008884541,P,2018-06-11T18:43:00,2018-06-11T18:42:00,1769,1791
http://irail.be/vehicle/P8803,http://irail.be/stations/NMBS/008884004,P,2018-06-11T18:48:00,2018-06-11T18:46:00,1874,1870
http://irail.be/vehicle/P8803,http://irail.be/stations/NMBS/008884319,P,2018-06-11T18:52:00,2018-06-11T18:52:00,2401,2344
http://irail.be/vehicle/P8803,http://irail.be/stations/NMBS/008884327,P,2018-06-11T18:55:00,2018-06-11T18:55:00,2401,2401
http://irail.be/vehicle/P8803,http://irail.be/stations/NMBS/008884350,P,2018-06-11T18:59:00,2018-06-11T18:59:00,2401,2401
http://irail.be/vehicle/P8803,http://irail.be/stations/NMBS/008884335,P,2018-06-11T19:04:00,2018-06-11T19:04:00,,2401
http://irail.be/vehicle/P8803,NO-URI,P,2018-06-27T17:05:00,2018-06-27T17:05:00,24,
http://irail.be/vehicle/P8803,http://irail.be/stations/NMBS/008811007,P,2018-06-27T17:20:00,2018-06-27T17:15:00,4,-73
http://irail.be/vehicle/P8803,http://irail.be/stations/NMBS/008812005,P,2018-06-27T17:28:00,2018-06-27T17:25:00,10,-1
http://irail.be/vehicle/P8803,http://irail.be/stations/NMBS/008813045,P,2018-06-27T17:30:00,2018-06-27T17:30:00,9,9
http://irail.be/vehicle/P8803,http://irail.be/stations/NMBS/008813003,P,2018-06-27T17:32:00,2018-06-27T17:31:00,110,85
http://irail.be/vehicle/P8803,http://irail.be/stations/NMBS/008813037,P,2018-06-27T17:34:00,2018-06-27T17:34:00,55,55
http://irail.be/vehicle/P8803,http://irail.be/stations/NMBS/008814001,P,2018-06-27T17:38:00,2018-06-27T17:36:00,79,98
http://irail.be/vehicle/P8803,http://irail.be/stations/NMBS/008814373,P,2018-06-27T17:42:00,2018-06-27T17:42:00,52,52
http://irail.be/vehicle/P8803,http://irail.be/stations/NMBS/008814365,P,2018-06-27T17:43:57,2018-06-27T17:43:57,-58,-58
http://irail.be/vehicle/P8803,http://irail.be/stations/NMBS/008814357,P,2018-06-27T17:45:34,2018-06-27T17:45:34,-58,-58
http://irail.be/vehicle/P8803,http://irail.be/stations/NMBS/008814340,P,2018-06-27T17:46:19,2018-06-27T17:46:19,-56,-56
http://irail.be/vehicle/P8803,http://irail.be/stations/NMBS/008814308,P,2018-06-27T17:47:00,2018-06-27T17:47:00,-31,-31
http://irail.be/vehicle/P8803,http://irail.be/stations/NMBS/008814332,P,2018-06-27T17:49:00,2018-06-27T17:49:00,-48,-48
http://irail.be/vehicle/P8803,http://irail.be/stations/NMBS/008883808,P,2018-06-27T17:50:00,2018-06-27T17:50:00,-41,-41
http://irail.be/vehicle/P8803,http://irail.be/stations/NMBS/008883022,P,2018-06-27T17:53:00,2018-06-27T17:53:00,-93,-93
http://irail.be/vehicle/P8803,NO-URI,P,2018-06-27T17:54:00,2018-06-27T17:54:00,-143,-143
http://irail.be/vehicle/P8803,http://irail.be/stations/NMBS/008883006,P,2018-06-27T18:00:00,2018-06-27T17:59:00,47,-69
http://irail.be/vehicle/P8803,http://irail.be/stations/NMBS/008883113,P,2018-06-27T18:06:00,2018-06-27T18:05:00,65,12
http://irail.be/vehicle/P8803,NO-URI,P,2018-06-27T18:10:00,2018-06-27T18:10:00,10,10
http://irail.be/vehicle/P8803,http://irail.be/stations/NMBS/008883121,P,2018-06-27T18:10:00,2018-06-27T18:10:00,20,20
http://irail.be/vehicle/P8803,http://irail.be/stations/NMBS/008881174,P,2018-06-27T18:11:00,2018-06-27T18:11:00,50,50
http://irail.be/vehicle/P8803,http://irail.be/stations/NMBS/008881166,P,2018-06-27T18:15:00,2018-06-27T18:14:00,205,59
http://irail.be/vehicle/P8803,http://irail.be/stations/NMBS/008881158,P,2018-06-27T18:18:00,2018-06-27T18:18:00,205,205
http://irail.be/vehicle/P8803,http://irail.be/stations/NMBS/008881125,P,2018-06-27T18:19:00,2018-06-27T18:19:00,235,235
http://irail.be/vehicle/P8803,http://irail.be/stations/NMBS/008881000,P,2018-06-27T18:28:00,2018-06-27T18:24:00,273,288
http://irail.be/vehicle/P8803,http://irail.be/stations/NMBS/008884566,P,2018-06-27T18:35:00,2018-06-27T18:34:00,307,273
http://irail.be/vehicle/P8803,http://irail.be/stations/NMBS/008884541,P,2018-06-27T18:39:00,2018-06-27T18:38:00,374,322
http://irail.be/vehicle/P8803,http://irail.be/stations/NMBS/008884004,P,2018-06-27T18:44:00,2018-06-27T18:42:00,355,412
http://irail.be/vehicle/P8803,http://irail.be/stations/NMBS/008884319,P,2018-06-27T18:48:00,2018-06-27T18:48:00,305,305
http://irail.be/vehicle/P8803,http://irail.be/stations/NMBS/008884327,P,2018-06-27T18:51:00,2018-06-27T18:51:00,291,291
http://irail.be/vehicle/P8803,http://irail.be/stations/NMBS/008884350,P,2018-06-27T18:54:00,2018-06-27T18:54:00,291,291
http://irail.be/vehicle/P8803,http://irail.be/stations/NMBS/008884335,P,2018-06-27T18:59:00,2018-06-27T18:59:00,,291
http://irail.be/vehicle/P8803,NO-URI,P,2018-02-21T17:05:00,2018-02-21T17:05:00,-51,
http://irail.be/vehicle/P8803,http://irail.be/stations/NMBS/008811007,P,2018-02-21T17:20:00,2018-02-21T17:15:00,38,-192
http://irail.be/vehicle/P8803,http://irail.be/stations/NMBS/008812005,P,2018-02-21T17:28:00,2018-02-21T17:25:00,27,114
http://irail.be/vehicle/P8803,http://irail.be/stations/NMBS/008813045,P,2018-02-21T17:30:00,2018-02-21T17:30:00,28,28
http://irail.be/vehicle/P8803,http://irail.be/stations/NMBS/008813003,P,2018-02-21T17:32:00,2018-02-21T17:31:00,116,56
http://irail.be/vehicle/P8803,http://irail.be/stations/NMBS/008813037,P,2018-02-21T17:34:00,2018-02-21T17:34:00,65,65
http://irail.be/vehicle/P8803,http://irail.be/stations/NMBS/008814001,P,2018-02-21T17:38:00,2018-02-21T17:36:00,100,109
http://irail.be/vehicle/P8803,http://irail.be/stations/NMBS/008814373,P,2018-02-21T17:42:00,2018-02-21T17:42:00,93,93
http://irail.be/vehicle/P8803,http://irail.be/stations/NMBS/008814308,P,2018-02-21T17:47:00,2018-02-21T17:47:00,284,284
http://irail.be/vehicle/P8803,http://irail.be/stations/NMBS/008814332,P,2018-02-21T17:49:00,2018-02-21T17:49:00,268,268
http://irail.be/vehicle/P8803,http://irail.be/stations/NMBS/008883808,P,2018-02-21T17:50:00,2018-02-21T17:50:00,456,456
http://irail.be/vehicle/P8803,http://irail.be/stations/NMBS/008883022,P,2018-02-21T17:53:00,2018-02-21T17:53:00,510,510
http://irail.be/vehicle/P8803,NO-URI,P,2018-02-21T17:54:00,2018-02-21T17:54:00,466,466
http://irail.be/vehicle/P8803,http://irail.be/stations/NMBS/008883006,P,2018-02-21T18:00:00,2018-02-21T17:59:00,392,394
http://irail.be/vehicle/P8803,http://irail.be/stations/NMBS/008883113,P,2018-02-21T18:06:00,2018-02-21T18:05:00,350,330
http://irail.be/vehicle/P8803,NO-URI,P,2018-02-21T18:10:00,2018-02-21T18:10:00,285,285
http://irail.be/vehicle/P8803,http://irail.be/stations/NMBS/008883121,P,2018-02-21T18:10:00,2018-02-21T18:10:00,298,298
http://irail.be/vehicle/P8803,http://irail.be/stations/NMBS/008881174,P,2018-02-21T18:11:00,2018-02-21T18:11:00,316,316
http://irail.be/vehicle/P8803,http://irail.be/stations/NMBS/008881166,P,2018-02-21T18:15:00,2018-02-21T18:14:00,342,307
http://irail.be/vehicle/P8803,http://irail.be/stations/NMBS/008881158,P,2018-02-21T18:17:00,2018-02-21T18:17:00,342,342
http://irail.be/vehicle/P8803,http://irail.be/stations/NMBS/008881125,P,2018-02-21T18:20:00,2018-02-21T18:20:00,241,241
http://irail.be/vehicle/P8803,http://irail.be/stations/NMBS/008881000,P,2018-02-21T18:28:00,2018-02-21T18:24:00,96,216
http://irail.be/vehicle/P8803,http://irail.be/stations/NMBS/008884566,P,2018-02-21T18:35:00,2018-02-21T18:34:00,96,96
http://irail.be/vehicle/P8803,http://irail.be/stations/NMBS/008884541,P,2018-02-21T18:39:00,2018-02-21T18:38:00,-16,-29
http://irail.be/vehicle/P8803,http://irail.be/stations/NMBS/008884004,P,2018-02-21T18:44:00,2018-02-21T18:42:00,67,20
http://irail.be/vehicle/P8803,http://irail.be/stations/NMBS/008884319,P,2018-02-21T18:48:00,2018-02-21T18:48:00,53,53
http://irail.be/vehicle/P8803,http://irail.be/stations/NMBS/008884327,P,2018-02-21T18:51:00,2018-02-21T18:51:00,53,53
http://irail.be/vehicle/P8803,http://irail.be/stations/NMBS/008884350,P,2018-02-21T18:54:00,2018-02-21T18:54:00,53,53
http://irail.be/vehicle/P8803,http://irail.be/stations/NMBS/008884335,P,2018-02-21T18:59:00,2018-02-21T18:59:00,,53
http://irail.be/vehicle/P8803,NO-URI,P,2018-11-07T17:05:00,2018-11-07T17:05:00,25,
http://irail.be/vehicle/P8803,http://irail.be/stations/NMBS/008811007,P,2018-11-07T17:20:00,2018-11-07T17:15:00,0,-26
http://irail.be/vehicle/P8803,http://irail.be/stations/NMBS/008812005,P,2018-11-07T17:28:00,2018-11-07T17:25:00,50,33
http://irail.be/vehicle/P8803,http://irail.be/stations/NMBS/008813045,P,2018-11-07T17:30:00,2018-11-07T17:30:00,61,61
http://irail.be/vehicle/P8803,http://irail.be/stations/NMBS/008813003,P,2018-11-07T17:32:00,2018-11-07T17:31:00,381,323
http://irail.be/vehicle/P8803,http://irail.be/stations/NMBS/008813037,P,2018-11-07T17:34:00,2018-11-07T17:34:00,329,329
http://irail.be/vehicle/P8803,http://irail.be/stations/NMBS/008814001,P,2018-11-07T17:38:00,2018-11-07T17:36:00,372,377
http://irail.be/vehicle/P8803,http://irail.be/stations/NMBS/008814373,P,2018-11-07T17:42:00,2018-11-07T17:42:00,335,335
http://irail.be/vehicle/P8803,http://irail.be/stations/NMBS/008814308,P,2018-11-07T17:47:00,2018-11-07T17:47:00,552,552
http://irail.be/vehicle/P8803,http://irail.be/stations/NMBS/008814332,P,2018-11-07T17:49:00,2018-11-07T17:49:00,524,524
http://irail.be/vehicle/P8803,http://irail.be/stations/NMBS/008883808,P,2018-11-07T17:50:00,2018-11-07T17:50:00,566,566
http://irail.be/vehicle/P8803,http://irail.be/stations/NMBS/008883022,P,2018-11-07T17:53:00,2018-11-07T17:53:00,578,578
http://irail.be/vehicle/P8803,NO-URI,P,2018-11-07T17:54:00,2018-11-07T17:54:00,530,530
http://irail.be/vehicle/P8803,http://irail.be/stations/NMBS/008883006,P,2018-11-07T18:00:00,2018-11-07T17:59:00,448,456
http://irail.be/vehicle/P8803,http://irail.be/stations/NMBS/008883113,P,2018-11-07T18:06:00,2018-11-07T18:05:00,522,401
http://irail.be/vehicle/P8803,NO-URI,P,2018-11-07T18:10:00,2018-11-07T18:10:00,478,478
http://irail.be/vehicle/P8803,http://irail.be/stations/NMBS/008883121,P,2018-11-07T18:10:00,2018-11-07T18:10:00,489,489
http://irail.be/vehicle/P8803,http://irail.be/stations/NMBS/008881174,P,2018-11-07T18:11:00,2018-11-07T18:11:00,512,512
http://irail.be/vehicle/P8803,http://irail.be/stations/NMBS/008881166,P,2018-11-07T18:15:00,2018-11-07T18:14:00,462,499
http://irail.be/vehicle/P8803,http://irail.be/stations/NMBS/008881158,P,2018-11-07T18:18:00,2018-11-07T18:18:00,462,462
http://irail.be/vehicle/P8803,http://irail.be/stations/NMBS/008881125,P,2018-11-07T18:19:00,2018-11-07T18:19:00,462,462
http://irail.be/vehicle/P8803,http://irail.be/stations/NMBS/008881000,P,2018-11-07T18:28:00,2018-11-07T18:24:00,315,407
http://irail.be/vehicle/P8803,http://irail.be/stations/NMBS/008884566,P,2018-11-07T18:35:00,2018-11-07T18:34:00,298,315
http://irail.be/vehicle/P8803,http://irail.be/stations/NMBS/008884541,P,2018-11-07T18:39:00,2018-11-07T18:38:00,334,317
http://irail.be/vehicle/P8803,http://irail.be/stations/NMBS/008884004,P,2018-11-07T18:44:00,2018-11-07T18:42:00,370,384
http://irail.be/vehicle/P8803,http://irail.be/stations/NMBS/008884319,P,2018-11-07T18:48:00,2018-11-07T18:48:00,692,605
http://irail.be/vehicle/P8803,http://irail.be/stations/NMBS/008884327,P,2018-11-07T18:51:00,2018-11-07T18:51:00,692,692
http://irail.be/vehicle/P8803,http://irail.be/stations/NMBS/008884350,P,2018-11-07T18:54:00,2018-11-07T18:54:00,692,692
http://irail.be/vehicle/P8803,http://irail.be/stations/NMBS/008884335,P,2018-11-07T18:59:00,2018-11-07T18:59:00,,692
http://irail.be/vehicle/P8803,NO-URI,P,2018-05-16T17:05:00,2018-05-16T17:05:00,33,
http://irail.be/vehicle/P8803,http://irail.be/stations/NMBS/008811007,P,2018-05-16T17:20:00,2018-05-16T17:15:00,26,-46
http://irail.be/vehicle/P8803,http://irail.be/stations/NMBS/008812005,P,2018-05-16T17:28:00,2018-05-16T17:25:00,56,109
http://irail.be/vehicle/P8803,http://irail.be/stations/NMBS/008813045,P,2018-05-16T17:30:00,2018-05-16T17:30:00,65,65
http://irail.be/vehicle/P8803,http://irail.be/stations/NMBS/008813003,P,2018-05-16T17:32:00,2018-05-16T17:31:00,225,170
http://irail.be/vehicle/P8803,http://irail.be/stations/NMBS/008813037,P,2018-05-16T17:34:00,2018-05-16T17:34:00,179,179
http://irail.be/vehicle/P8803,http://irail.be/stations/NMBS/008814001,P,2018-05-16T17:38:00,2018-05-16T17:36:00,288,229
http://irail.be/vehicle/P8803,http://irail.be/stations/NMBS/008814373,P,2018-05-16T17:42:00,2018-05-16T17:42:00,353,353
http://irail.be/vehicle/P8803,http://irail.be/stations/NMBS/008814308,P,2018-05-16T17:47:00,2018-05-16T17:47:00,957,957
http://irail.be/vehicle/P8803,http://irail.be/stations/NMBS/008814332,P,2018-05-16T17:49:00,2018-05-16T17:49:00,936,936
http://irail.be/vehicle/P8803,http://irail.be/stations/NMBS/008883808,P,2018-05-16T17:50:00,2018-05-16T17:50:00,933,933
http://irail.be/vehicle/P8803,http://irail.be/stations/NMBS/008883022,P,2018-05-16T17:53:00,2018-05-16T17:53:00,897,897
http://irail.be/vehicle/P8803,NO-URI,P,2018-05-16T17:54:00,2018-05-16T17:54:00,853,853
http://irail.be/vehicle/P8803,http://irail.be/stations/NMBS/008883006,P,2018-05-16T18:00:00,2018-05-16T17:59:00,960,986
http://irail.be/vehicle/P8803,http://irail.be/stations/NMBS/008883113,P,2018-05-16T18:06:00,2018-05-16T18:05:00,961,918
http://irail.be/vehicle/P8803,NO-URI,P,2018-05-16T18:10:00,2018-05-16T18:10:00,915,915
http://irail.be/vehicle/P8803,http://irail.be/stations/NMBS/008883121,P,2018-05-16T18:10:00,2018-05-16T18:10:00,926,926
http://irail.be/vehicle/P8803,http://irail.be/stations/NMBS/008881174,P,2018-05-16T18:11:00,2018-05-16T18:11:00,947,947
http://irail.be/vehicle/P8803,http://irail.be/stations/NMBS/008881166,P,2018-05-16T18:15:00,2018-05-16T18:14:00,1021,935
http://irail.be/vehicle/P8803,http://irail.be/stations/NMBS/008881158,P,2018-05-16T18:17:00,2018-05-16T18:17:00,1021,1021
http://irail.be/vehicle/P8803,http://irail.be/stations/NMBS/008881125,P,2018-05-16T18:20:00,2018-05-16T18:20:00,1151,1151
http://irail.be/vehicle/P8803,http://irail.be/stations/NMBS/008881000,P,2018-05-16T18:28:00,2018-05-16T18:24:00,1332,1293
http://irail.be/vehicle/P8803,http://irail.be/stations/NMBS/008884566,P,2018-05-16T18:35:00,2018-05-16T18:34:00,1332,1332
http://irail.be/vehicle/P8803,http://irail.be/stations/NMBS/008884541,P,2018-05-16T18:39:00,2018-05-16T18:38:00,1244,1241
http://irail.be/vehicle/P8803,http://irail.be/stations/NMBS/008884004,P,2018-05-16T18:44:00,2018-05-16T18:42:00,1252,1274
http://irail.be/vehicle/P8803,http://irail.be/stations/NMBS/008884319,P,2018-05-16T18:48:00,2018-05-16T18:48:00,1216,1216
http://irail.be/vehicle/P8803,http://irail.be/stations/NMBS/008884327,P,2018-05-16T18:51:00,2018-05-16T18:51:00,1214,1214
http://irail.be/vehicle/P8803,http://irail.be/stations/NMBS/008884350,P,2018-05-16T18:54:00,2018-05-16T18:54:00,1214,1214
http://irail.be/vehicle/P8803,http://irail.be/stations/NMBS/008884335,P,2018-05-16T18:59:00,2018-05-16T18:59:00,,1214
http://irail.be/vehicle/P8803,NO-URI,P,2018-02-16T17:05:00,2018-02-16T17:05:00,138,
http://irail.be/vehicle/P8803,http://irail.be/stations/NMBS/008811007,P,2018-02-16T17:20:00,2018-02-16T17:15:00,9,7
http://irail.be/vehicle/P8803,http://irail.be/stations/NMBS/008812005,P,2018-02-16T17:28:00,2018-02-16T17:25:00,215,175
http://irail.be/vehicle/P8803,http://irail.be/stations/NMBS/008813045,P,2018-02-16T17:30:00,2018-02-16T17:30:00,301,301
http://irail.be/vehicle/P8803,http://irail.be/stations/NMBS/008813003,P,2018-02-16T17:32:00,2018-02-16T17:31:00,549,495
http://irail.be/vehicle/P8803,http://irail.be/stations/NMBS/008813037,P,2018-02-16T17:34:00,2018-02-16T17:34:00,498,498
http://irail.be/vehicle/P8803,http://irail.be/stations/NMBS/008814001,P,2018-02-16T17:38:00,2018-02-16T17:36:00,549,543
http://irail.be/vehicle/P8803,http://irail.be/stations/NMBS/008814373,P,2018-02-16T17:42:00,2018-02-16T17:42:00,514,514
http://irail.be/vehicle/P8803,http://irail.be/stations/NMBS/008814308,P,2018-02-16T17:47:00,2018-02-16T17:47:00,735,735
http://irail.be/vehicle/P8803,http://irail.be/stations/NMBS/008814332,P,2018-02-16T17:49:00,2018-02-16T17:49:00,719,719
http://irail.be/vehicle/P8803,http://irail.be/stations/NMBS/008883808,P,2018-02-16T17:50:00,2018-02-16T17:50:00,699,699
http://irail.be/vehicle/P8803,http://irail.be/stations/NMBS/008883022,P,2018-02-16T17:53:00,2018-02-16T17:53:00,657,657
http://irail.be/vehicle/P8803,NO-URI,P,2018-02-16T17:54:00,2018-02-16T17:54:00,605,605
http://irail.be/vehicle/P8803,http://irail.be/stations/NMBS/008883006,P,2018-02-16T18:00:00,2018-02-16T17:59:00,493,513
http://irail.be/vehicle/P8803,http://irail.be/stations/NMBS/008883113,P,2018-02-16T18:06:00,2018-02-16T18:05:00,461,447
http://irail.be/vehicle/P8803,NO-URI,P,2018-02-16T18:10:00,2018-02-16T18:10:00,400,400
http://irail.be/vehicle/P8803,http://irail.be/stations/NMBS/008883121,P,2018-02-16T18:10:00,2018-02-16T18:10:00,412,412
http://irail.be/vehicle/P8803,http://irail.be/stations/NMBS/008881174,P,2018-02-16T18:11:00,2018-02-16T18:11:00,438,438
http://irail.be/vehicle/P8803,http://irail.be/stations/NMBS/008881166,P,2018-02-16T18:15:00,2018-02-16T18:14:00,464,429
http://irail.be/vehicle/P8803,http://irail.be/stations/NMBS/008881158,P,2018-02-16T18:17:00,2018-02-16T18:17:00,464,464
http://irail.be/vehicle/P8803,http://irail.be/stations/NMBS/008881125,P,2018-02-16T18:20:00,2018-02-16T18:20:00,423,423
http://irail.be/vehicle/P8803,http://irail.be/stations/NMBS/008881000,P,2018-02-16T18:28:00,2018-02-16T18:24:00,682,615
http://irail.be/vehicle/P8803,http://irail.be/stations/NMBS/008884566,P,2018-02-16T18:35:00,2018-02-16T18:34:00,682,682
http://irail.be/vehicle/P8803,http://irail.be/stations/NMBS/008884541,P,2018-02-16T18:39:00,2018-02-16T18:38:00,659,620
http://irail.be/vehicle/P8803,http://irail.be/stations/NMBS/008884004,P,2018-02-16T18:44:00,2018-02-16T18:42:00,656,694
http://irail.be/vehicle/P8803,http://irail.be/stations/NMBS/008884319,P,2018-02-16T18:48:00,2018-02-16T18:48:00,857,724
http://irail.be/vehicle/P8803,http://irail.be/stations/NMBS/008884327,P,2018-02-16T18:51:00,2018-02-16T18:51:00,857,857
http://irail.be/vehicle/P8803,http://irail.be/stations/NMBS/008884350,P,2018-02-16T18:54:00,2018-02-16T18:54:00,857,857
http://irail.be/vehicle/P8803,http://irail.be/stations/NMBS/008884335,P,2018-02-16T18:59:00,2018-02-16T18:59:00,,857
http://irail.be/vehicle/P8803,NO-URI,P,2018-01-16T17:05:00,2018-01-16T17:05:00,-23,
http://irail.be/vehicle/P8803,http://irail.be/stations/NMBS/008811007,P,2018-01-16T17:20:00,2018-01-16T17:15:00,25,-109
http://irail.be/vehicle/P8803,http://irail.be/stations/NMBS/008812005,P,2018-01-16T17:28:00,2018-01-16T17:25:00,36,-13
http://irail.be/vehicle/P8803,http://irail.be/stations/NMBS/008813045,P,2018-01-16T17:30:00,2018-01-16T17:30:00,38,38
http://irail.be/vehicle/P8803,http://irail.be/stations/NMBS/008813003,P,2018-01-16T17:32:00,2018-01-16T17:31:00,136,70
http://irail.be/vehicle/P8803,http://irail.be/stations/NMBS/008813037,P,2018-01-16T17:34:00,2018-01-16T17:34:00,85,85
http://irail.be/vehicle/P8803,http://irail.be/stations/NMBS/008814001,P,2018-01-16T17:38:00,2018-01-16T17:36:00,190,136
http://irail.be/vehicle/P8803,http://irail.be/stations/NMBS/008814373,P,2018-01-16T17:42:00,2018-01-16T17:42:00,166,166
http://irail.be/vehicle/P8803,http://irail.be/stations/NMBS/008814365,P,2018-01-16T17:43:57,2018-01-16T17:43:57,43,43
http://irail.be/vehicle/P8803,http://irail.be/stations/NMBS/008814357,P,2018-01-16T17:45:34,2018-01-16T17:45:34,43,43
http://irail.be/vehicle/P8803,http://irail.be/stations/NMBS/008814340,P,2018-01-16T17:46:19,2018-01-16T17:46:19,71,71
http://irail.be/vehicle/P8803,http://irail.be/stations/NMBS/008814308,P,2018-01-16T17:47:00,2018-01-16T17:47:00,466,466
http://irail.be/vehicle/P8803,http://irail.be/stations/NMBS/008814332,P,2018-01-16T17:49:00,2018-01-16T17:49:00,464,464
http://irail.be/vehicle/P8803,http://irail.be/stations/NMBS/008883808,P,2018-01-16T17:50:00,2018-01-16T17:50:00,764,764
http://irail.be/vehicle/P8803,http://irail.be/stations/NMBS/008883022,P,2018-01-16T17:53:00,2018-01-16T17:53:00,761,761
http://irail.be/vehicle/P8803,NO-URI,P,2018-01-16T17:54:00,2018-01-16T17:54:00,721,721
http://irail.be/vehicle/P8803,http://irail.be/stations/NMBS/008883006,P,2018-01-16T18:00:00,2018-01-16T17:59:00,717,685
http://irail.be/vehicle/P8803,http://irail.be/stations/NMBS/008883113,P,2018-01-16T18:06:00,2018-01-16T18:05:00,738,683
http://irail.be/vehicle/P8803,NO-URI,P,2018-01-16T18:10:00,2018-01-16T18:10:00,688,688
http://irail.be/vehicle/P8803,http://irail.be/stations/NMBS/008883121,P,2018-01-16T18:10:00,2018-01-16T18:10:00,698,698
http://irail.be/vehicle/P8803,http://irail.be/stations/NMBS/008881174,P,2018-01-16T18:11:00,2018-01-16T18:11:00,725,725
http://irail.be/vehicle/P8803,http://irail.be/stations/NMBS/008881166,P,2018-01-16T18:15:00,2018-01-16T18:14:00,738,717
http://irail.be/vehicle/P8803,http://irail.be/stations/NMBS/008881158,P,2018-01-16T18:17:00,2018-01-16T18:17:00,738,738
http://irail.be/vehicle/P8803,http://irail.be/stations/NMBS/008881125,P,2018-01-16T18:20:00,2018-01-16T18:20:00,641,641
http://irail.be/vehicle/P8803,http://irail.be/stations/NMBS/008881000,P,2018-01-16T18:28:00,2018-01-16T18:24:00,532,681
http://irail.be/vehicle/P8803,http://irail.be/stations/NMBS/008884566,P,2018-01-16T18:35:00,2018-01-16T18:34:00,532,532
http://irail.be/vehicle/P8803,http://irail.be/stations/NMBS/008884541,P,2018-01-16T18:39:00,2018-01-16T18:38:00,517,456
http://irail.be/vehicle/P8803,http://irail.be/stations/NMBS/008884004,P,2018-01-16T18:44:00,2018-01-16T18:42:00,519,555
http://irail.be/vehicle/P8803,http://irail.be/stations/NMBS/008884319,P,2018-01-16T18:48:00,2018-01-16T18:48:00,484,477
http://irail.be/vehicle/P8803,http://irail.be/stations/NMBS/008884327,P,2018-01-16T18:51:00,2018-01-16T18:51:00,484,484
http://irail.be/vehicle/P8803,http://irail.be/stations/NMBS/008884350,P,2018-01-16T18:54:00,2018-01-16T18:54:00,484,484
http://irail.be/vehicle/P8803,http://irail.be/stations/NMBS/008884335,P,2018-01-16T18:59:00,2018-01-16T18:59:00,,484
http://irail.be/vehicle/P8803,NO-URI,P,2018-11-12T17:05:00,2018-11-12T17:05:00,-216,
http://irail.be/vehicle/P8803,http://irail.be/stations/NMBS/008811007,P,2018-11-12T17:20:00,2018-11-12T17:15:00,18,-283
http://irail.be/vehicle/P8803,http://irail.be/stations/NMBS/008812005,P,2018-11-12T17:28:00,2018-11-12T17:25:00,49,70
http://irail.be/vehicle/P8803,http://irail.be/stations/NMBS/008813045,P,2018-11-12T17:30:00,2018-11-12T17:30:00,56,56
http://irail.be/vehicle/P8803,http://irail.be/stations/NMBS/008813003,P,2018-11-12T17:32:00,2018-11-12T17:31:00,264,233
http://irail.be/vehicle/P8803,http://irail.be/stations/NMBS/008813037,P,2018-11-12T17:34:00,2018-11-12T17:34:00,212,212
http://irail.be/vehicle/P8803,http://irail.be/stations/NMBS/008814001,P,2018-11-12T17:38:00,2018-11-12T17:36:00,213,258
http://irail.be/vehicle/P8803,http://irail.be/stations/NMBS/008814373,P,2018-11-12T17:42:00,2018-11-12T17:42:00,180,180
http://irail.be/vehicle/P8803,http://irail.be/stations/NMBS/008814308,P,2018-11-12T17:47:00,2018-11-12T17:47:00,179,179
http://irail.be/vehicle/P8803,http://irail.be/stations/NMBS/008814332,P,2018-11-12T17:49:00,2018-11-12T17:49:00,154,154
http://irail.be/vehicle/P8803,http://irail.be/stations/NMBS/008883808,P,2018-11-12T17:50:00,2018-11-12T17:50:00,279,279
http://irail.be/vehicle/P8803,http://irail.be/stations/NMBS/008883022,P,2018-11-12T17:53:00,2018-11-12T17:53:00,265,265
http://irail.be/vehicle/P8803,NO-URI,P,2018-11-12T17:54:00,2018-11-12T17:54:00,220,220
http://irail.be/vehicle/P8803,http://irail.be/stations/NMBS/008883006,P,2018-11-12T18:00:00,2018-11-12T17:59:00,338,335
http://irail.be/vehicle/P8803,http://irail.be/stations/NMBS/008883113,P,2018-11-12T18:06:00,2018-11-12T18:05:00,324,305
http://irail.be/vehicle/P8803,NO-URI,P,2018-11-12T18:10:00,2018-11-12T18:10:00,271,271
http://irail.be/vehicle/P8803,http://irail.be/stations/NMBS/008883121,P,2018-11-12T18:10:00,2018-11-12T18:10:00,283,283
http://irail.be/vehicle/P8803,http://irail.be/stations/NMBS/008881174,P,2018-11-12T18:11:00,2018-11-12T18:11:00,306,306
http://irail.be/vehicle/P8803,http://irail.be/stations/NMBS/008881166,P,2018-11-12T18:15:00,2018-11-12T18:14:00,271,296
http://irail.be/vehicle/P8803,http://irail.be/stations/NMBS/008881158,P,2018-11-12T18:18:00,2018-11-12T18:18:00,271,271
http://irail.be/vehicle/P8803,http://irail.be/stations/NMBS/008881125,P,2018-11-12T18:19:00,2018-11-12T18:19:00,273,273
http://irail.be/vehicle/P8803,http://irail.be/stations/NMBS/008881000,P,2018-11-12T18:28:00,2018-11-12T18:24:00,183,316
http://irail.be/vehicle/P8803,http://irail.be/stations/NMBS/008884566,P,2018-11-12T18:35:00,2018-11-12T18:34:00,175,183
http://irail.be/vehicle/P8803,http://irail.be/stations/NMBS/008884541,P,2018-11-12T18:39:00,2018-11-12T18:38:00,237,198
http://irail.be/vehicle/P8803,http://irail.be/stations/NMBS/008884004,P,2018-11-12T18:44:00,2018-11-12T18:42:00,253,285
http://irail.be/vehicle/P8803,http://irail.be/stations/NMBS/008884319,P,2018-11-12T18:48:00,2018-11-12T18:48:00,403,303
http://irail.be/vehicle/P8803,http://irail.be/stations/NMBS/008884327,P,2018-11-12T18:51:00,2018-11-12T18:51:00,403,403
http://irail.be/vehicle/P8803,http://irail.be/stations/NMBS/008884350,P,2018-11-12T18:54:00,2018-11-12T18:54:00,403,403
http://irail.be/vehicle/P8803,http://irail.be/stations/NMBS/008884335,P,2018-11-12T18:59:00,2018-11-12T18:59:00,,403
http://irail.be/vehicle/P8803,NO-URI,P,2018-04-20T17:05:00,2018-04-20T17:05:00,-166,
http://irail.be/vehicle/P8803,http://irail.be/stations/NMBS/008811007,P,2018-04-20T17:20:00,2018-04-20T17:15:00,36,-16
http://irail.be/vehicle/P8803,http://irail.be/stations/NMBS/008812005,P,2018-04-20T17:28:00,2018-04-20T17:25:00,371,345
http://irail.be/vehicle/P8803,http://irail.be/stations/NMBS/008813045,P,2018-04-20T17:30:00,2018-04-20T17:30:00,441,441
http://irail.be/vehicle/P8803,http://irail.be/stations/NMBS/008813003,P,2018-04-20T17:32:00,2018-04-20T17:31:00,779,741
http://irail.be/vehicle/P8803,http://irail.be/stations/NMBS/008813037,P,2018-04-20T17:34:00,2018-04-20T17:34:00,732,732
http://irail.be/vehicle/P8803,http://irail.be/stations/NMBS/008814001,P,2018-04-20T17:38:00,2018-04-20T17:36:00,890,913
http://irail.be/vehicle/P8803,http://irail.be/stations/NMBS/008814373,P,2018-04-20T17:42:00,2018-04-20T17:42:00,898,898
http://irail.be/vehicle/P8803,http://irail.be/stations/NMBS/008814308,P,2018-04-20T17:47:00,2018-04-20T17:47:00,1092,1092
http://irail.be/vehicle/P8803,http://irail.be/stations/NMBS/008814332,P,2018-04-20T17:49:00,2018-04-20T17:49:00,1065,1065
http://irail.be/vehicle/P8803,http://irail.be/stations/NMBS/008883808,P,2018-04-20T17:50:00,2018-04-20T17:50:00,1037,1037
http://irail.be/vehicle/P8803,http://irail.be/stations/NMBS/008883022,P,2018-04-20T17:53:00,2018-04-20T17:53:00,989,989
http://irail.be/vehicle/P8803,NO-URI,P,2018-04-20T17:54:00,2018-04-20T17:54:00,935,935
http://irail.be/vehicle/P8803,http://irail.be/stations/NMBS/008883006,P,2018-04-20T18:00:00,2018-04-20T17:59:00,1180,1191
http://irail.be/vehicle/P8803,http://irail.be/stations/NMBS/008883113,P,2018-04-20T18:06:00,2018-04-20T18:05:00,1224,1121
http://irail.be/vehicle/P8803,NO-URI,P,2018-04-20T18:10:00,2018-04-20T18:10:00,1165,1165
http://irail.be/vehicle/P8803,http://irail.be/stations/NMBS/008883121,P,2018-04-20T18:10:00,2018-04-20T18:10:00,1174,1174
http://irail.be/vehicle/P8803,http://irail.be/stations/NMBS/008881174,P,2018-04-20T18:11:00,2018-04-20T18:11:00,1280,1280
http://irail.be/vehicle/P8803,http://irail.be/stations/NMBS/008881166,P,2018-04-20T18:15:00,2018-04-20T18:14:00,1294,1272
http://irail.be/vehicle/P8803,http://irail.be/stations/NMBS/008881158,P,2018-04-20T18:17:00,2018-04-20T18:17:00,1294,1294
http://irail.be/vehicle/P8803,http://irail.be/stations/NMBS/008881125,P,2018-04-20T18:20:00,2018-04-20T18:20:00,1200,1200
http://irail.be/vehicle/P8803,http://irail.be/stations/NMBS/008881000,P,2018-04-20T18:28:00,2018-04-20T18:24:00,1105,1187
http://irail.be/vehicle/P8803,http://irail.be/stations/NMBS/008884566,P,2018-04-20T18:35:00,2018-04-20T18:34:00,1105,1105
http://irail.be/vehicle/P8803,http://irail.be/stations/NMBS/008884541,P,2018-04-20T18:39:00,2018-04-20T18:38:00,1047,1003
http://irail.be/vehicle/P8803,http://irail.be/stations/NMBS/008884004,P,2018-04-20T18:44:00,2018-04-20T18:42:00,1081,1099
http://irail.be/vehicle/P8803,http://irail.be/stations/NMBS/008884319,P,2018-04-20T18:48:00,2018-04-20T18:48:00,1091,1048
http://irail.be/vehicle/P8803,http://irail.be/stations/NMBS/008884327,P,2018-04-20T18:51:00,2018-04-20T18:51:00,1091,1091
http://irail.be/vehicle/P8803,http://irail.be/stations/NMBS/008884350,P,2018-04-20T18:54:00,2018-04-20T18:54:00,1091,1091
http://irail.be/vehicle/P8803,http://irail.be/stations/NMBS/008884335,P,2018-04-20T18:59:00,2018-04-20T18:59:00,,1091
http://irail.be/vehicle/P8803,NO-URI,P,2018-05-18T17:05:00,2018-05-18T17:05:00,66,
http://irail.be/vehicle/P8803,http://irail.be/stations/NMBS/008811007,P,2018-05-18T17:20:00,2018-05-18T17:15:00,2,-4
http://irail.be/vehicle/P8803,http://irail.be/stations/NMBS/008812005,P,2018-05-18T17:28:00,2018-05-18T17:25:00,93,-66
http://irail.be/vehicle/P8803,http://irail.be/stations/NMBS/008813045,P,2018-05-18T17:30:00,2018-05-18T17:30:00,100,100
http://irail.be/vehicle/P8803,http://irail.be/stations/NMBS/008813003,P,2018-05-18T17:32:00,2018-05-18T17:31:00,161,135
http://irail.be/vehicle/P8803,http://irail.be/stations/NMBS/008813037,P,2018-05-18T17:34:00,2018-05-18T17:34:00,115,115
http://irail.be/vehicle/P8803,http://irail.be/stations/NMBS/008814001,P,2018-05-18T17:38:00,2018-05-18T17:36:00,256,164
http://irail.be/vehicle/P8803,http://irail.be/stations/NMBS/008814373,P,2018-05-18T17:42:00,2018-05-18T17:42:00,223,223
http://irail.be/vehicle/P8803,http://irail.be/stations/NMBS/008814308,P,2018-05-18T17:47:00,2018-05-18T17:47:00,179,179
http://irail.be/vehicle/P8803,http://irail.be/stations/NMBS/008814332,P,2018-05-18T17:49:00,2018-05-18T17:49:00,152,152
http://irail.be/vehicle/P8803,http://irail.be/stations/NMBS/008883808,P,2018-05-18T17:50:00,2018-05-18T17:50:00,270,270
http://irail.be/vehicle/P8803,http://irail.be/stations/NMBS/008883022,P,2018-05-18T17:53:00,2018-05-18T17:53:00,257,257
http://irail.be/vehicle/P8803,NO-URI,P,2018-05-18T17:54:00,2018-05-18T17:54:00,210,210
http://irail.be/vehicle/P8803,http://irail.be/stations/NMBS/008883006,P,2018-05-18T18:00:00,2018-05-18T17:59:00,185,206
http://irail.be/vehicle/P8803,http://irail.be/stations/NMBS/008883113,P,2018-05-18T18:06:00,2018-05-18T18:05:00,143,134
http://irail.be/vehicle/P8803,NO-URI,P,2018-05-18T18:10:00,2018-05-18T18:10:00,92,92
http://irail.be/vehicle/P8803,http://irail.be/stations/NMBS/008883121,P,2018-05-18T18:10:00,2018-05-18T18:10:00,103,103
http://irail.be/vehicle/P8803,http://irail.be/stations/NMBS/008881174,P,2018-05-18T18:11:00,2018-05-18T18:11:00,125,125
http://irail.be/vehicle/P8803,http://irail.be/stations/NMBS/008881166,P,2018-05-18T18:15:00,2018-05-18T18:14:00,121,112
http://irail.be/vehicle/P8803,http://irail.be/stations/NMBS/008881158,P,2018-05-18T18:17:00,2018-05-18T18:17:00,121,121
http://irail.be/vehicle/P8803,http://irail.be/stations/NMBS/008881125,P,2018-05-18T18:20:00,2018-05-18T18:20:00,251,251
http://irail.be/vehicle/P8803,http://irail.be/stations/NMBS/008881000,P,2018-05-18T18:28:00,2018-05-18T18:24:00,126,292
http://irail.be/vehicle/P8803,http://irail.be/stations/NMBS/008884566,P,2018-05-18T18:35:00,2018-05-18T18:34:00,126,126
http://irail.be/vehicle/P8803,http://irail.be/stations/NMBS/008884541,P,2018-05-18T18:39:00,2018-05-18T18:38:00,18,14
http://irail.be/vehicle/P8803,http://irail.be/stations/NMBS/008884004,P,2018-05-18T18:44:00,2018-05-18T18:42:00,29,52
http://irail.be/vehicle/P8803,http://irail.be/stations/NMBS/008884319,P,2018-05-18T18:48:00,2018-05-18T18:48:00,-7,-7
http://irail.be/vehicle/P8803,http://irail.be/stations/NMBS/008884327,P,2018-05-18T18:51:00,2018-05-18T18:51:00,-63,-63
http://irail.be/vehicle/P8803,http://irail.be/stations/NMBS/008884350,P,2018-05-18T18:54:00,2018-05-18T18:54:00,-63,-63
http://irail.be/vehicle/P8803,http://irail.be/stations/NMBS/008884335,P,2018-05-18T18:59:00,2018-05-18T18:59:00,,-63
http://irail.be/vehicle/P8803,NO-URI,P,2018-05-03T17:05:00,2018-05-03T17:05:00,-187,
http://irail.be/vehicle/P8803,http://irail.be/stations/NMBS/008811007,P,2018-05-03T17:20:00,2018-05-03T17:15:00,-3,-278
http://irail.be/vehicle/P8803,http://irail.be/stations/NMBS/008812005,P,2018-05-03T17:28:00,2018-05-03T17:25:00,52,-86
http://irail.be/vehicle/P8803,http://irail.be/stations/NMBS/008813045,P,2018-05-03T17:30:00,2018-05-03T17:30:00,50,50
http://irail.be/vehicle/P8803,http://irail.be/stations/NMBS/008813003,P,2018-05-03T17:32:00,2018-05-03T17:31:00,235,199
http://irail.be/vehicle/P8803,http://irail.be/stations/NMBS/008813037,P,2018-05-03T17:34:00,2018-05-03T17:34:00,191,191
http://irail.be/vehicle/P8803,http://irail.be/stations/NMBS/008814001,P,2018-05-03T17:38:00,2018-05-03T17:36:00,311,304
http://irail.be/vehicle/P8803,http://irail.be/stations/NMBS/008814373,P,2018-05-03T17:42:00,2018-05-03T17:42:00,318,318
http://irail.be/vehicle/P8803,http://irail.be/stations/NMBS/008814308,P,2018-05-03T17:47:00,2018-05-03T17:47:00,664,664
http://irail.be/vehicle/P8803,http://irail.be/stations/NMBS/008814332,P,2018-05-03T17:49:00,2018-05-03T17:49:00,689,689
http://irail.be/vehicle/P8803,http://irail.be/stations/NMBS/008883808,P,2018-05-03T17:50:00,2018-05-03T17:50:00,912,912
http://irail.be/vehicle/P8803,http://irail.be/stations/NMBS/008883022,P,2018-05-03T17:53:00,2018-05-03T17:53:00,930,930
http://irail.be/vehicle/P8803,NO-URI,P,2018-05-03T17:54:00,2018-05-03T17:54:00,886,886
http://irail.be/vehicle/P8803,http://irail.be/stations/NMBS/008883006,P,2018-05-03T18:00:00,2018-05-03T17:59:00,932,869
http://irail.be/vehicle/P8803,http://irail.be/stations/NMBS/008883113,P,2018-05-03T18:06:00,2018-05-03T18:05:00,905,891
http://irail.be/vehicle/P8803,NO-URI,P,2018-05-03T18:10:00,2018-05-03T18:10:00,867,867
http://irail.be/vehicle/P8803,http://irail.be/stations/NMBS/008883121,P,2018-05-03T18:10:00,2018-05-03T18:10:00,879,879
http://irail.be/vehicle/P8803,http://irail.be/stations/NMBS/008881174,P,2018-05-03T18:11:00,2018-05-03T18:11:00,968,968
http://irail.be/vehicle/P8803,http://irail.be/stations/NMBS/008881166,P,2018-05-03T18:15:00,2018-05-03T18:14:00,974,962
http://irail.be/vehicle/P8803,http://irail.be/stations/NMBS/008881158,P,2018-05-03T18:17:00,2018-05-03T18:17:00,974,974
http://irail.be/vehicle/P8803,http://irail.be/stations/NMBS/008881125,P,2018-05-03T18:20:00,2018-05-03T18:20:00,894,894
http://irail.be/vehicle/P8803,http://irail.be/stations/NMBS/008881000,P,2018-05-03T18:28:00,2018-05-03T18:24:00,758,862
http://irail.be/vehicle/P8803,http://irail.be/stations/NMBS/008884566,P,2018-05-03T18:35:00,2018-05-03T18:34:00,758,758
http://irail.be/vehicle/P8803,http://irail.be/stations/NMBS/008884541,P,2018-05-03T18:39:00,2018-05-03T18:38:00,653,641
http://irail.be/vehicle/P8803,http://irail.be/stations/NMBS/008884004,P,2018-05-03T18:44:00,2018-05-03T18:42:00,670,705
http://irail.be/vehicle/P8803,http://irail.be/stations/NMBS/008884319,P,2018-05-03T18:48:00,2018-05-03T18:48:00,651,651
http://irail.be/vehicle/P8803,http://irail.be/stations/NMBS/008884327,P,2018-05-03T18:51:00,2018-05-03T18:51:00,636,636
http://irail.be/vehicle/P8803,http://irail.be/stations/NMBS/008884350,P,2018-05-03T18:54:00,2018-05-03T18:54:00,636,636
http://irail.be/vehicle/P8803,http://irail.be/stations/NMBS/008884335,P,2018-05-03T18:59:00,2018-05-03T18:59:00,,636
http://irail.be/vehicle/P8803,NO-URI,P,2018-04-18T17:05:00,2018-04-18T17:05:00,113,
http://irail.be/vehicle/P8803,http://irail.be/stations/NMBS/008811007,P,2018-04-18T17:20:00,2018-04-18T17:15:00,41,-39
http://irail.be/vehicle/P8803,http://irail.be/stations/NMBS/008812005,P,2018-04-18T17:28:00,2018-04-18T17:25:00,63,27
http://irail.be/vehicle/P8803,http://irail.be/stations/NMBS/008813045,P,2018-04-18T17:30:00,2018-04-18T17:30:00,65,65
http://irail.be/vehicle/P8803,http://irail.be/stations/NMBS/008813003,P,2018-04-18T17:32:00,2018-04-18T17:31:00,181,150
http://irail.be/vehicle/P8803,http://irail.be/stations/NMBS/008813037,P,2018-04-18T17:34:00,2018-04-18T17:34:00,127,127
http://irail.be/vehicle/P8803,http://irail.be/stations/NMBS/008814001,P,2018-04-18T17:38:00,2018-04-18T17:36:00,221,170
http://irail.be/vehicle/P8803,http://irail.be/stations/NMBS/008814373,P,2018-04-18T17:42:00,2018-04-18T17:42:00,197,197
http://irail.be/vehicle/P8803,http://irail.be/stations/NMBS/008814365,P,2018-04-18T17:43:57,2018-04-18T17:43:57,69,69
http://irail.be/vehicle/P8803,http://irail.be/stations/NMBS/008814357,P,2018-04-18T17:45:34,2018-04-18T17:45:34,69,69
http://irail.be/vehicle/P8803,http://irail.be/stations/NMBS/008814340,P,2018-04-18T17:46:19,2018-04-18T17:46:19,81,81
http://irail.be/vehicle/P8803,http://irail.be/stations/NMBS/008814308,P,2018-04-18T17:47:00,2018-04-18T17:47:00,262,262
http://irail.be/vehicle/P8803,http://irail.be/stations/NMBS/008814332,P,2018-04-18T17:49:00,2018-04-18T17:49:00,332,332
http://irail.be/vehicle/P8803,http://irail.be/stations/NMBS/008883808,P,2018-04-18T17:50:00,2018-04-18T17:50:00,652,652
http://irail.be/vehicle/P8803,http://irail.be/stations/NMBS/008883022,P,2018-04-18T17:53:00,2018-04-18T17:53:00,789,789
http://irail.be/vehicle/P8803,NO-URI,P,2018-04-18T17:54:00,2018-04-18T17:54:00,853,853
http://irail.be/vehicle/P8803,http://irail.be/stations/NMBS/008883006,P,2018-04-18T18:00:00,2018-04-18T17:59:00,1036,1063
http://irail.be/vehicle/P8803,http://irail.be/stations/NMBS/008883113,P,2018-04-18T18:06:00,2018-04-18T18:05:00,979,976
http://irail.be/vehicle/P8803,NO-URI,P,2018-04-18T18:10:00,2018-04-18T18:10:00,920,920
http://irail.be/vehicle/P8803,http://irail.be/stations/NMBS/008883121,P,2018-04-18T18:10:00,2018-04-18T18:10:00,930,930
http://irail.be/vehicle/P8803,http://irail.be/stations/NMBS/008881174,P,2018-04-18T18:11:00,2018-04-18T18:11:00,953,953
http://irail.be/vehicle/P8803,http://irail.be/stations/NMBS/008881166,P,2018-04-18T18:15:00,2018-04-18T18:14:00,975,939
http://irail.be/vehicle/P8803,http://irail.be/stations/NMBS/008881158,P,2018-04-18T18:17:00,2018-04-18T18:17:00,975,975
http://irail.be/vehicle/P8803,http://irail.be/stations/NMBS/008881125,P,2018-04-18T18:20:00,2018-04-18T18:20:00,1073,1073
http://irail.be/vehicle/P8803,http://irail.be/stations/NMBS/008881000,P,2018-04-18T18:28:00,2018-04-18T18:24:00,987,1085
http://irail.be/vehicle/P8803,http://irail.be/stations/NMBS/008884566,P,2018-04-18T18:35:00,2018-04-18T18:34:00,970,987
http://irail.be/vehicle/P8803,http://irail.be/stations/NMBS/008884541,P,2018-04-18T18:39:00,2018-04-18T18:38:00,977,983
http://irail.be/vehicle/P8803,http://irail.be/stations/NMBS/008884004,P,2018-04-18T18:44:00,2018-04-18T18:42:00,966,1003
http://irail.be/vehicle/P8803,http://irail.be/stations/NMBS/008884319,P,2018-04-18T18:48:00,2018-04-18T18:48:00,1194,1194
http://irail.be/vehicle/P8803,http://irail.be/stations/NMBS/008884327,P,2018-04-18T18:51:00,2018-04-18T18:51:00,1136,1136
http://irail.be/vehicle/P8803,http://irail.be/stations/NMBS/008884350,P,2018-04-18T18:54:00,2018-04-18T18:54:00,1136,1136
http://irail.be/vehicle/P8803,http://irail.be/stations/NMBS/008884335,P,2018-04-18T18:59:00,2018-04-18T18:59:00,,1136
http://irail.be/vehicle/P8803,NO-URI,P,2018-02-15T17:05:00,2018-02-15T17:05:00,-127,
http://irail.be/vehicle/P8803,http://irail.be/stations/NMBS/008811007,P,2018-02-15T17:20:00,2018-02-15T17:15:00,40,-265
http://irail.be/vehicle/P8803,http://irail.be/stations/NMBS/008812005,P,2018-02-15T17:28:00,2018-02-15T17:25:00,73,56
http://irail.be/vehicle/P8803,http://irail.be/stations/NMBS/008813045,P,2018-02-15T17:30:00,2018-02-15T17:30:00,88,88
http://irail.be/vehicle/P8803,http://irail.be/stations/NMBS/008813003,P,2018-02-15T17:32:00,2018-02-15T17:31:00,199,160
http://irail.be/vehicle/P8803,http://irail.be/stations/NMBS/008813037,P,2018-02-15T17:34:00,2018-02-15T17:34:00,150,150
http://irail.be/vehicle/P8803,http://irail.be/stations/NMBS/008814001,P,2018-02-15T17:38:00,2018-02-15T17:36:00,135,194
http://irail.be/vehicle/P8803,http://irail.be/stations/NMBS/008814373,P,2018-02-15T17:42:00,2018-02-15T17:42:00,127,127
http://irail.be/vehicle/P8803,http://irail.be/stations/NMBS/008814308,P,2018-02-15T17:47:00,2018-02-15T17:47:00,187,187
http://irail.be/vehicle/P8803,http://irail.be/stations/NMBS/008814332,P,2018-02-15T17:49:00,2018-02-15T17:49:00,167,167
http://irail.be/vehicle/P8803,http://irail.be/stations/NMBS/008883808,P,2018-02-15T17:50:00,2018-02-15T17:50:00,195,195
http://irail.be/vehicle/P8803,http://irail.be/stations/NMBS/008883022,P,2018-02-15T17:53:00,2018-02-15T17:53:00,232,232
http://irail.be/vehicle/P8803,NO-URI,P,2018-02-15T17:54:00,2018-02-15T17:54:00,196,196
http://irail.be/vehicle/P8803,http://irail.be/stations/NMBS/008883006,P,2018-02-15T18:00:00,2018-02-15T17:59:00,139,147
http://irail.be/vehicle/P8803,http://irail.be/stations/NMBS/008883113,P,2018-02-15T18:06:00,2018-02-15T18:05:00,116,84
http://irail.be/vehicle/P8803,NO-URI,P,2018-02-15T18:10:00,2018-02-15T18:10:00,69,69
http://irail.be/vehicle/P8803,http://irail.be/stations/NMBS/008883121,P,2018-02-15T18:10:00,2018-02-15T18:10:00,82,82
http://irail.be/vehicle/P8803,http://irail.be/stations/NMBS/008881174,P,2018-02-15T18:11:00,2018-02-15T18:11:00,101,101
http://irail.be/vehicle/P8803,http://irail.be/stations/NMBS/008881166,P,2018-02-15T18:15:00,2018-02-15T18:14:00,93,92
http://irail.be/vehicle/P8803,http://irail.be/stations/NMBS/008881158,P,2018-02-15T18:17:00,2018-02-15T18:17:00,93,93
http://irail.be/vehicle/P8803,http://irail.be/stations/NMBS/008881125,P,2018-02-15T18:20:00,2018-02-15T18:20:00,-5,-5
http://irail.be/vehicle/P8803,http://irail.be/stations/NMBS/008881000,P,2018-02-15T18:28:00,2018-02-15T18:24:00,62,19
http://irail.be/vehicle/P8803,http://irail.be/stations/NMBS/008884566,P,2018-02-15T18:35:00,2018-02-15T18:34:00,62,62
http://irail.be/vehicle/P8803,http://irail.be/stations/NMBS/008884541,P,2018-02-15T18:39:00,2018-02-15T18:38:00,44,-9
http://irail.be/vehicle/P8803,http://irail.be/stations/NMBS/008884004,P,2018-02-15T18:44:00,2018-02-15T18:42:00,45,75
http://irail.be/vehicle/P8803,http://irail.be/stations/NMBS/008884319,P,2018-02-15T18:48:00,2018-02-15T18:48:00,63,0
http://irail.be/vehicle/P8803,http://irail.be/stations/NMBS/008884327,P,2018-02-15T18:51:00,2018-02-15T18:51:00,63,63
http://irail.be/vehicle/P8803,http://irail.be/stations/NMBS/008884350,P,2018-02-15T18:54:00,2018-02-15T18:54:00,63,63
http://irail.be/vehicle/P8803,http://irail.be/stations/NMBS/008884335,P,2018-02-15T18:59:00,2018-02-15T18:59:00,,63
http://irail.be/vehicle/P8803,NO-URI,P,2018-02-13T17:05:00,2018-02-13T17:05:00,-63,
http://irail.be/vehicle/P8803,http://irail.be/stations/NMBS/008811007,P,2018-02-13T17:20:00,2018-02-13T17:15:00,8,-198
http://irail.be/vehicle/P8803,http://irail.be/stations/NMBS/008812005,P,2018-02-13T17:28:00,2018-02-13T17:25:00,32,-10
http://irail.be/vehicle/P8803,http://irail.be/stations/NMBS/008813045,P,2018-02-13T17:30:00,2018-02-13T17:30:00,28,28
http://irail.be/vehicle/P8803,http://irail.be/stations/NMBS/008813003,P,2018-02-13T17:32:00,2018-02-13T17:31:00,77,58
http://irail.be/vehicle/P8803,http://irail.be/stations/NMBS/008813037,P,2018-02-13T17:34:00,2018-02-13T17:34:00,28,28
http://irail.be/vehicle/P8803,http://irail.be/stations/NMBS/008814001,P,2018-02-13T17:38:00,2018-02-13T17:36:00,64,78
http://irail.be/vehicle/P8803,http://irail.be/stations/NMBS/008814373,P,2018-02-13T17:42:00,2018-02-13T17:42:00,66,66
http://irail.be/vehicle/P8803,http://irail.be/stations/NMBS/008814308,P,2018-02-13T17:47:00,2018-02-13T17:47:00,131,131
http://irail.be/vehicle/P8803,http://irail.be/stations/NMBS/008814332,P,2018-02-13T17:49:00,2018-02-13T17:49:00,110,110
http://irail.be/vehicle/P8803,http://irail.be/stations/NMBS/008883808,P,2018-02-13T17:50:00,2018-02-13T17:50:00,85,85
http://irail.be/vehicle/P8803,http://irail.be/stations/NMBS/008883022,P,2018-02-13T17:53:00,2018-02-13T17:53:00,48,48
http://irail.be/vehicle/P8803,NO-URI,P,2018-02-13T17:54:00,2018-02-13T17:54:00,0,0
http://irail.be/vehicle/P8803,http://irail.be/stations/NMBS/008883006,P,2018-02-13T18:00:00,2018-02-13T17:59:00,95,30
http://irail.be/vehicle/P8803,http://irail.be/stations/NMBS/008883113,P,2018-02-13T18:06:00,2018-02-13T18:05:00,94,57
http://irail.be/vehicle/P8803,NO-URI,P,2018-02-13T18:10:00,2018-02-13T18:10:00,33,33
http://irail.be/vehicle/P8803,http://irail.be/stations/NMBS/008883121,P,2018-02-13T18:10:00,2018-02-13T18:10:00,46,46
http://irail.be/vehicle/P8803,http://irail.be/stations/NMBS/008881174,P,2018-02-13T18:11:00,2018-02-13T18:11:00,71,71
http://irail.be/vehicle/P8803,http://irail.be/stations/NMBS/008881166,P,2018-02-13T18:15:00,2018-02-13T18:14:00,74,63
http://irail.be/vehicle/P8803,http://irail.be/stations/NMBS/008881158,P,2018-02-13T18:17:00,2018-02-13T18:17:00,74,74
http://irail.be/vehicle/P8803,http://irail.be/stations/NMBS/008881125,P,2018-02-13T18:20:00,2018-02-13T18:20:00,-24,-24
http://irail.be/vehicle/P8803,http://irail.be/stations/NMBS/008881000,P,2018-02-13T18:28:00,2018-02-13T18:24:00,163,135
http://irail.be/vehicle/P8803,http://irail.be/stations/NMBS/008884566,P,2018-02-13T18:35:00,2018-02-13T18:34:00,179,163
http://irail.be/vehicle/P8803,http://irail.be/stations/NMBS/008884541,P,2018-02-13T18:39:00,2018-02-13T18:38:00,236,198
http://irail.be/vehicle/P8803,http://irail.be/stations/NMBS/008884004,P,2018-02-13T18:44:00,2018-02-13T18:42:00,236,287
http://irail.be/vehicle/P8803,http://irail.be/stations/NMBS/008884319,P,2018-02-13T18:48:00,2018-02-13T18:48:00,284,198
http://irail.be/vehicle/P8803,http://irail.be/stations/NMBS/008884327,P,2018-02-13T18:51:00,2018-02-13T18:51:00,284,284
http://irail.be/vehicle/P8803,http://irail.be/stations/NMBS/008884350,P,2018-02-13T18:54:00,2018-02-13T18:54:00,284,284
http://irail.be/vehicle/P8803,http://irail.be/stations/NMBS/008884335,P,2018-02-13T18:59:00,2018-02-13T18:59:00,,284
http://irail.be/vehicle/P8803,NO-URI,P,2018-03-27T17:05:00,2018-03-27T17:05:00,155,
http://irail.be/vehicle/P8803,http://irail.be/stations/NMBS/008811007,P,2018-03-27T17:20:00,2018-03-27T17:15:00,15,19
http://irail.be/vehicle/P8803,http://irail.be/stations/NMBS/008812005,P,2018-03-27T17:28:00,2018-03-27T17:25:00,91,-6
http://irail.be/vehicle/P8803,http://irail.be/stations/NMBS/008813045,P,2018-03-27T17:30:00,2018-03-27T17:30:00,103,103
http://irail.be/vehicle/P8803,http://irail.be/stations/NMBS/008813003,P,2018-03-27T17:32:00,2018-03-27T17:31:00,143,131
http://irail.be/vehicle/P8803,http://irail.be/stations/NMBS/008813037,P,2018-03-27T17:34:00,2018-03-27T17:34:00,90,90
http://irail.be/vehicle/P8803,http://irail.be/stations/NMBS/008814001,P,2018-03-27T17:38:00,2018-03-27T17:36:00,172,132
http://irail.be/vehicle/P8803,http://irail.be/stations/NMBS/008814373,P,2018-03-27T17:42:00,2018-03-27T17:42:00,162,162
http://irail.be/vehicle/P8803,http://irail.be/stations/NMBS/008814308,P,2018-03-27T17:47:00,2018-03-27T17:47:00,395,395
http://irail.be/vehicle/P8803,http://irail.be/stations/NMBS/008814332,P,2018-03-27T17:49:00,2018-03-27T17:49:00,377,377
http://irail.be/vehicle/P8803,http://irail.be/stations/NMBS/008883808,P,2018-03-27T17:50:00,2018-03-27T17:50:00,504,504
http://irail.be/vehicle/P8803,http://irail.be/stations/NMBS/008883022,P,2018-03-27T17:53:00,2018-03-27T17:53:00,515,515
http://irail.be/vehicle/P8803,NO-URI,P,2018-03-27T17:54:00,2018-03-27T17:54:00,471,471
http://irail.be/vehicle/P8803,http://irail.be/stations/NMBS/008883006,P,2018-03-27T18:00:00,2018-03-27T17:59:00,481,474
http://irail.be/vehicle/P8803,http://irail.be/stations/NMBS/008883113,P,2018-03-27T18:06:00,2018-03-27T18:05:00,492,468
http://irail.be/vehicle/P8803,NO-URI,P,2018-03-27T18:10:00,2018-03-27T18:10:00,461,461
http://irail.be/vehicle/P8803,http://irail.be/stations/NMBS/008883121,P,2018-03-27T18:10:00,2018-03-27T18:10:00,475,475
http://irail.be/vehicle/P8803,http://irail.be/stations/NMBS/008881174,P,2018-03-27T18:11:00,2018-03-27T18:11:00,497,497
http://irail.be/vehicle/P8803,http://irail.be/stations/NMBS/008881166,P,2018-03-27T18:15:00,2018-03-27T18:14:00,492,486
http://irail.be/vehicle/P8803,http://irail.be/stations/NMBS/008881158,P,2018-03-27T18:17:00,2018-03-27T18:17:00,492,492
http://irail.be/vehicle/P8803,http://irail.be/stations/NMBS/008881125,P,2018-03-27T18:20:00,2018-03-27T18:20:00,408,408
http://irail.be/vehicle/P8803,http://irail.be/stations/NMBS/008881000,P,2018-03-27T18:28:00,2018-03-27T18:24:00,399,434
http://irail.be/vehicle/P8803,http://irail.be/stations/NMBS/008884566,P,2018-03-27T18:35:00,2018-03-27T18:34:00,399,399
http://irail.be/vehicle/P8803,http://irail.be/stations/NMBS/008884541,P,2018-03-27T18:39:00,2018-03-27T18:38:00,437,391
http://irail.be/vehicle/P8803,http://irail.be/stations/NMBS/008884004,P,2018-03-27T18:44:00,2018-03-27T18:42:00,439,486
http://irail.be/vehicle/P8803,http://irail.be/stations/NMBS/008884319,P,2018-03-27T18:48:00,2018-03-27T18:48:00,673,570
http://irail.be/vehicle/P8803,http://irail.be/stations/NMBS/008884327,P,2018-03-27T18:51:00,2018-03-27T18:51:00,673,673
http://irail.be/vehicle/P8803,http://irail.be/stations/NMBS/008884350,P,2018-03-27T18:54:00,2018-03-27T18:54:00,673,673
http://irail.be/vehicle/P8803,http://irail.be/stations/NMBS/008884335,P,2018-03-27T18:59:00,2018-03-27T18:59:00,,673
http://irail.be/vehicle/P8803,NO-URI,P,2018-05-02T17:05:00,2018-05-02T17:05:00,-46,
http://irail.be/vehicle/P8803,http://irail.be/stations/NMBS/008811007,P,2018-05-02T17:20:00,2018-05-02T17:15:00,13,118
http://irail.be/vehicle/P8803,http://irail.be/stations/NMBS/008812005,P,2018-05-02T17:28:00,2018-05-02T17:25:00,37,-25
http://irail.be/vehicle/P8803,http://irail.be/stations/NMBS/008813045,P,2018-05-02T17:30:00,2018-05-02T17:30:00,41,41
http://irail.be/vehicle/P8803,http://irail.be/stations/NMBS/008813003,P,2018-05-02T17:32:00,2018-05-02T17:31:00,227,183
http://irail.be/vehicle/P8803,http://irail.be/stations/NMBS/008813037,P,2018-05-02T17:34:00,2018-05-02T17:34:00,175,175
http://irail.be/vehicle/P8803,http://irail.be/stations/NMBS/008814001,P,2018-05-02T17:38:00,2018-05-02T17:36:00,169,227
http://irail.be/vehicle/P8803,http://irail.be/stations/NMBS/008814373,P,2018-05-02T17:42:00,2018-05-02T17:42:00,137,137
http://irail.be/vehicle/P8803,http://irail.be/stations/NMBS/008814308,P,2018-05-02T17:47:00,2018-05-02T17:47:00,213,213
http://irail.be/vehicle/P8803,http://irail.be/stations/NMBS/008814332,P,2018-05-02T17:49:00,2018-05-02T17:49:00,188,188
http://irail.be/vehicle/P8803,http://irail.be/stations/NMBS/008883808,P,2018-05-02T17:50:00,2018-05-02T17:50:00,321,321
http://irail.be/vehicle/P8803,http://irail.be/stations/NMBS/008883022,P,2018-05-02T17:53:00,2018-05-02T17:53:00,312,312
http://irail.be/vehicle/P8803,NO-URI,P,2018-05-02T17:54:00,2018-05-02T17:54:00,264,264
http://irail.be/vehicle/P8803,http://irail.be/stations/NMBS/008883006,P,2018-05-02T18:00:00,2018-05-02T17:59:00,250,263
http://irail.be/vehicle/P8803,http://irail.be/stations/NMBS/008883113,P,2018-05-02T18:06:00,2018-05-02T18:05:00,245,216
http://irail.be/vehicle/P8803,NO-URI,P,2018-05-02T18:10:00,2018-05-02T18:10:00,197,197
http://irail.be/vehicle/P8803,http://irail.be/stations/NMBS/008883121,P,2018-05-02T18:10:00,2018-05-02T18:10:00,209,209
http://irail.be/vehicle/P8803,http://irail.be/stations/NMBS/008881174,P,2018-05-02T18:11:00,2018-05-02T18:11:00,292,292
http://irail.be/vehicle/P8803,http://irail.be/stations/NMBS/008881166,P,2018-05-02T18:15:00,2018-05-02T18:14:00,299,286
http://irail.be/vehicle/P8803,http://irail.be/stations/NMBS/008881158,P,2018-05-02T18:17:00,2018-05-02T18:17:00,299,299
http://irail.be/vehicle/P8803,http://irail.be/stations/NMBS/008881125,P,2018-05-02T18:20:00,2018-05-02T18:20:00,212,212
http://irail.be/vehicle/P8803,http://irail.be/stations/NMBS/008881000,P,2018-05-02T18:28:00,2018-05-02T18:24:00,309,362
http://irail.be/vehicle/P8803,http://irail.be/stations/NMBS/008884566,P,2018-05-02T18:35:00,2018-05-02T18:34:00,348,309
http://irail.be/vehicle/P8803,http://irail.be/stations/NMBS/008884541,P,2018-05-02T18:39:00,2018-05-02T18:38:00,413,365
http://irail.be/vehicle/P8803,http://irail.be/stations/NMBS/008884004,P,2018-05-02T18:44:00,2018-05-02T18:42:00,414,462
http://irail.be/vehicle/P8803,http://irail.be/stations/NMBS/008884319,P,2018-05-02T18:48:00,2018-05-02T18:48:00,463,382
http://irail.be/vehicle/P8803,http://irail.be/stations/NMBS/008884327,P,2018-05-02T18:51:00,2018-05-02T18:51:00,463,463
http://irail.be/vehicle/P8803,http://irail.be/stations/NMBS/008884350,P,2018-05-02T18:54:00,2018-05-02T18:54:00,463,463
http://irail.be/vehicle/P8803,http://irail.be/stations/NMBS/008884335,P,2018-05-02T18:59:00,2018-05-02T18:59:00,,463
http://irail.be/vehicle/P8803,NO-URI,P,2018-10-17T17:05:00,2018-10-17T17:05:00,-235,
http://irail.be/vehicle/P8803,http://irail.be/stations/NMBS/008811007,P,2018-10-17T17:20:00,2018-10-17T17:15:00,103,-312
http://irail.be/vehicle/P8803,http://irail.be/stations/NMBS/008812005,P,2018-10-17T17:28:00,2018-10-17T17:25:00,60,29
http://irail.be/vehicle/P8803,http://irail.be/stations/NMBS/008813045,P,2018-10-17T17:30:00,2018-10-17T17:30:00,65,65
http://irail.be/vehicle/P8803,http://irail.be/stations/NMBS/008813003,P,2018-10-17T17:32:00,2018-10-17T17:31:00,129,95
http://irail.be/vehicle/P8803,http://irail.be/stations/NMBS/008813037,P,2018-10-17T17:34:00,2018-10-17T17:34:00,77,77
http://irail.be/vehicle/P8803,http://irail.be/stations/NMBS/008814001,P,2018-10-17T17:38:00,2018-10-17T17:36:00,71,122
http://irail.be/vehicle/P8803,http://irail.be/stations/NMBS/008814373,P,2018-10-17T17:42:00,2018-10-17T17:42:00,60,60
http://irail.be/vehicle/P8803,http://irail.be/stations/NMBS/008814365,P,2018-10-17T17:43:57,2018-10-17T17:43:57,278,278
http://irail.be/vehicle/P8803,http://irail.be/stations/NMBS/008814357,P,2018-10-17T17:45:34,2018-10-17T17:45:34,278,278
http://irail.be/vehicle/P8803,http://irail.be/stations/NMBS/008814340,P,2018-10-17T17:46:19,2018-10-17T17:46:19,305,305
http://irail.be/vehicle/P8803,http://irail.be/stations/NMBS/008814308,P,2018-10-17T17:47:00,2018-10-17T17:47:00,536,536
http://irail.be/vehicle/P8803,http://irail.be/stations/NMBS/008814332,P,2018-10-17T17:49:00,2018-10-17T17:49:00,533,533
http://irail.be/vehicle/P8803,http://irail.be/stations/NMBS/008883808,P,2018-10-17T17:50:00,2018-10-17T17:50:00,771,771
http://irail.be/vehicle/P8803,http://irail.be/stations/NMBS/008883022,P,2018-10-17T17:53:00,2018-10-17T17:53:00,752,752
http://irail.be/vehicle/P8803,NO-URI,P,2018-10-17T17:54:00,2018-10-17T17:54:00,718,718
http://irail.be/vehicle/P8803,http://irail.be/stations/NMBS/008883006,P,2018-10-17T18:00:00,2018-10-17T17:59:00,673,659
http://irail.be/vehicle/P8803,http://irail.be/stations/NMBS/008883113,P,2018-10-17T18:06:00,2018-10-17T18:05:00,625,612
http://irail.be/vehicle/P8803,NO-URI,P,2018-10-17T18:10:00,2018-10-17T18:10:00,563,563
http://irail.be/vehicle/P8803,http://irail.be/stations/NMBS/008883121,P,2018-10-17T18:10:00,2018-10-17T18:10:00,575,575
http://irail.be/vehicle/P8803,http://irail.be/stations/NMBS/008881174,P,2018-10-17T18:11:00,2018-10-17T18:11:00,599,599
http://irail.be/vehicle/P8803,http://irail.be/stations/NMBS/008881166,P,2018-10-17T18:15:00,2018-10-17T18:14:00,560,583
http://irail.be/vehicle/P8803,http://irail.be/stations/NMBS/008881158,P,2018-10-17T18:18:00,2018-10-17T18:18:00,560,560
http://irail.be/vehicle/P8803,http://irail.be/stations/NMBS/008881125,P,2018-10-17T18:19:00,2018-10-17T18:19:00,551,551
http://irail.be/vehicle/P8803,http://irail.be/stations/NMBS/008881000,P,2018-10-17T18:28:00,2018-10-17T18:24:00,504,573
http://irail.be/vehicle/P8803,http://irail.be/stations/NMBS/008884566,P,2018-10-17T18:35:00,2018-10-17T18:34:00,460,504
http://irail.be/vehicle/P8803,http://irail.be/stations/NMBS/008884541,P,2018-10-17T18:39:00,2018-10-17T18:38:00,486,471
http://irail.be/vehicle/P8803,http://irail.be/stations/NMBS/008884004,P,2018-10-17T18:44:00,2018-10-17T18:42:00,493,520
http://irail.be/vehicle/P8803,http://irail.be/stations/NMBS/008884319,P,2018-10-17T18:48:00,2018-10-17T18:48:00,617,600
http://irail.be/vehicle/P8803,http://irail.be/stations/NMBS/008884327,P,2018-10-17T18:51:00,2018-10-17T18:51:00,617,617
http://irail.be/vehicle/P8803,http://irail.be/stations/NMBS/008884350,P,2018-10-17T18:54:00,2018-10-17T18:54:00,617,617
http://irail.be/vehicle/P8803,http://irail.be/stations/NMBS/008884335,P,2018-10-17T18:59:00,2018-10-17T18:59:00,,617
http://irail.be/vehicle/P8803,NO-URI,P,2018-05-30T17:05:00,2018-05-30T17:05:00,240,
http://irail.be/vehicle/P8803,http://irail.be/stations/NMBS/008811007,P,2018-05-30T17:20:00,2018-05-30T17:15:00,178,364
http://irail.be/vehicle/P8803,http://irail.be/stations/NMBS/008812005,P,2018-05-30T17:28:00,2018-05-30T17:25:00,109,126
http://irail.be/vehicle/P8803,http://irail.be/stations/NMBS/008813045,P,2018-05-30T17:30:00,2018-05-30T17:30:00,118,118
http://irail.be/vehicle/P8803,http://irail.be/stations/NMBS/008813003,P,2018-05-30T17:32:00,2018-05-30T17:31:00,353,299
http://irail.be/vehicle/P8803,http://irail.be/stations/NMBS/008813037,P,2018-05-30T17:34:00,2018-05-30T17:34:00,314,314
http://irail.be/vehicle/P8803,http://irail.be/stations/NMBS/008814001,P,2018-05-30T17:38:00,2018-05-30T17:36:00,466,383
http://irail.be/vehicle/P8803,http://irail.be/stations/NMBS/008814373,P,2018-05-30T17:42:00,2018-05-30T17:42:00,479,479
http://irail.be/vehicle/P8803,http://irail.be/stations/NMBS/008814308,P,2018-05-30T17:47:00,2018-05-30T17:47:00,682,682
http://irail.be/vehicle/P8803,http://irail.be/stations/NMBS/008814332,P,2018-05-30T17:49:00,2018-05-30T17:49:00,655,655
http://irail.be/vehicle/P8803,http://irail.be/stations/NMBS/008883808,P,2018-05-30T17:50:00,2018-05-30T17:50:00,766,766
http://irail.be/vehicle/P8803,http://irail.be/stations/NMBS/008883022,P,2018-05-30T17:53:00,2018-05-30T17:53:00,874,874
http://irail.be/vehicle/P8803,NO-URI,P,2018-05-30T17:54:00,2018-05-30T17:54:00,883,883
http://irail.be/vehicle/P8803,http://irail.be/stations/NMBS/008883006,P,2018-05-30T18:00:00,2018-05-30T17:59:00,844,856
http://irail.be/vehicle/P8803,http://irail.be/stations/NMBS/008883113,P,2018-05-30T18:06:00,2018-05-30T18:05:00,826,793
http://irail.be/vehicle/P8803,NO-URI,P,2018-05-30T18:10:00,2018-05-30T18:10:00,777,777
http://irail.be/vehicle/P8803,http://irail.be/stations/NMBS/008883121,P,2018-05-30T18:10:00,2018-05-30T18:10:00,789,789
http://irail.be/vehicle/P8803,http://irail.be/stations/NMBS/008881174,P,2018-05-30T18:11:00,2018-05-30T18:11:00,811,811
http://irail.be/vehicle/P8803,http://irail.be/stations/NMBS/008881166,P,2018-05-30T18:15:00,2018-05-30T18:14:00,1057,930
http://irail.be/vehicle/P8803,http://irail.be/stations/NMBS/008881158,P,2018-05-30T18:17:00,2018-05-30T18:17:00,1057,1057
http://irail.be/vehicle/P8803,http://irail.be/stations/NMBS/008881125,P,2018-05-30T18:20:00,2018-05-30T18:20:00,956,956
http://irail.be/vehicle/P8803,http://irail.be/stations/NMBS/008881000,P,2018-05-30T18:28:00,2018-05-30T18:24:00,873,939
http://irail.be/vehicle/P8803,http://irail.be/stations/NMBS/008884566,P,2018-05-30T18:35:00,2018-05-30T18:34:00,873,873
http://irail.be/vehicle/P8803,http://irail.be/stations/NMBS/008884541,P,2018-05-30T18:39:00,2018-05-30T18:38:00,810,795
http://irail.be/vehicle/P8803,http://irail.be/stations/NMBS/008884004,P,2018-05-30T18:44:00,2018-05-30T18:42:00,837,860
http://irail.be/vehicle/P8803,http://irail.be/stations/NMBS/008884319,P,2018-05-30T18:48:00,2018-05-30T18:48:00,1115,1028
http://irail.be/vehicle/P8803,http://irail.be/stations/NMBS/008884327,P,2018-05-30T18:51:00,2018-05-30T18:51:00,1115,1115
http://irail.be/vehicle/P8803,http://irail.be/stations/NMBS/008884350,P,2018-05-30T18:54:00,2018-05-30T18:54:00,1115,1115
http://irail.be/vehicle/P8803,http://irail.be/stations/NMBS/008884335,P,2018-05-30T18:59:00,2018-05-30T18:59:00,,1115
http://irail.be/vehicle/P8803,NO-URI,P,2018-06-12T17:05:00,2018-06-12T17:05:00,40,
http://irail.be/vehicle/P8803,http://irail.be/stations/NMBS/008811007,P,2018-06-12T17:20:00,2018-06-12T17:15:00,16,26
http://irail.be/vehicle/P8803,http://irail.be/stations/NMBS/008812005,P,2018-06-12T17:28:00,2018-06-12T17:25:00,187,-31
http://irail.be/vehicle/P8803,http://irail.be/stations/NMBS/008813045,P,2018-06-12T17:30:00,2018-06-12T17:30:00,196,196
http://irail.be/vehicle/P8803,http://irail.be/stations/NMBS/008813003,P,2018-06-12T17:32:00,2018-06-12T17:31:00,356,315
http://irail.be/vehicle/P8803,http://irail.be/stations/NMBS/008813037,P,2018-06-12T17:34:00,2018-06-12T17:34:00,312,312
http://irail.be/vehicle/P8803,http://irail.be/stations/NMBS/008814001,P,2018-06-12T17:38:00,2018-06-12T17:36:00,645,443
http://irail.be/vehicle/P8803,http://irail.be/stations/NMBS/008814373,P,2018-06-12T17:42:00,2018-06-12T17:42:00,642,642
http://irail.be/vehicle/P8803,http://irail.be/stations/NMBS/008814365,P,2018-06-12T17:43:57,2018-06-12T17:43:57,541,541
http://irail.be/vehicle/P8803,http://irail.be/stations/NMBS/008814357,P,2018-06-12T17:45:34,2018-06-12T17:45:34,541,541
http://irail.be/vehicle/P8803,http://irail.be/stations/NMBS/008814340,P,2018-06-12T17:46:19,2018-06-12T17:46:19,543,543
http://irail.be/vehicle/P8803,http://irail.be/stations/NMBS/008814308,P,2018-06-12T17:47:00,2018-06-12T17:47:00,575,575
http://irail.be/vehicle/P8803,http://irail.be/stations/NMBS/008814332,P,2018-06-12T17:49:00,2018-06-12T17:49:00,559,559
http://irail.be/vehicle/P8803,http://irail.be/stations/NMBS/008883808,P,2018-06-12T17:50:00,2018-06-12T17:50:00,1281,1281
http://irail.be/vehicle/P8803,http://irail.be/stations/NMBS/008883022,P,2018-06-12T17:53:00,2018-06-12T17:53:00,1399,1399
http://irail.be/vehicle/P8803,NO-URI,P,2018-06-12T17:54:00,2018-06-12T17:54:00,1401,1401
http://irail.be/vehicle/P8803,http://irail.be/stations/NMBS/008883006,P,2018-06-12T18:00:00,2018-06-12T17:59:00,1353,1377
http://irail.be/vehicle/P8803,http://irail.be/stations/NMBS/008883113,P,2018-06-12T18:06:00,2018-06-12T18:05:00,1367,1338
http://irail.be/vehicle/P8803,NO-URI,P,2018-06-12T18:10:00,2018-06-12T18:10:00,1343,1343
http://irail.be/vehicle/P8803,http://irail.be/stations/NMBS/008883121,P,2018-06-12T18:10:00,2018-06-12T18:10:00,1356,1356
http://irail.be/vehicle/P8803,http://irail.be/stations/NMBS/008881174,P,2018-06-12T18:11:00,2018-06-12T18:11:00,1384,1384
http://irail.be/vehicle/P8803,http://irail.be/stations/NMBS/008881166,P,2018-06-12T18:15:00,2018-06-12T18:14:00,1621,1407
http://irail.be/vehicle/P8803,http://irail.be/stations/NMBS/008881158,P,2018-06-12T18:18:00,2018-06-12T18:18:00,1621,1621
http://irail.be/vehicle/P8803,http://irail.be/stations/NMBS/008881125,P,2018-06-12T18:19:00,2018-06-12T18:19:00,1649,1649
http://irail.be/vehicle/P8803,http://irail.be/stations/NMBS/008881000,P,2018-06-12T18:28:00,2018-06-12T18:24:00,1530,1573
http://irail.be/vehicle/P8803,http://irail.be/stations/NMBS/008884566,P,2018-06-12T18:35:00,2018-06-12T18:34:00,1530,1530
http://irail.be/vehicle/P8803,http://irail.be/stations/NMBS/008884541,P,2018-06-12T18:39:00,2018-06-12T18:38:00,1491,1412
http://irail.be/vehicle/P8803,http://irail.be/stations/NMBS/008884004,P,2018-06-12T18:44:00,2018-06-12T18:42:00,1512,1524
http://irail.be/vehicle/P8803,http://irail.be/stations/NMBS/008884319,P,2018-06-12T18:48:00,2018-06-12T18:48:00,1487,1470
http://irail.be/vehicle/P8803,http://irail.be/stations/NMBS/008884327,P,2018-06-12T18:51:00,2018-06-12T18:51:00,1487,1487
http://irail.be/vehicle/P8803,http://irail.be/stations/NMBS/008884350,P,2018-06-12T18:54:00,2018-06-12T18:54:00,1487,1487
http://irail.be/vehicle/P8803,http://irail.be/stations/NMBS/008884335,P,2018-06-12T18:59:00,2018-06-12T18:59:00,,1487
http://irail.be/vehicle/P8803,NO-URI,P,2018-10-01T17:05:00,2018-10-01T17:05:00,177,
http://irail.be/vehicle/P8803,http://irail.be/stations/NMBS/008811007,P,2018-10-01T17:20:00,2018-10-01T17:15:00,19,75
http://irail.be/vehicle/P8803,http://irail.be/stations/NMBS/008812005,P,2018-10-01T17:28:00,2018-10-01T17:25:00,11,-51
http://irail.be/vehicle/P8803,http://irail.be/stations/NMBS/008813045,P,2018-10-01T17:30:00,2018-10-01T17:30:00,20,20
http://irail.be/vehicle/P8803,http://irail.be/stations/NMBS/008813003,P,2018-10-01T17:32:00,2018-10-01T17:31:00,278,232
http://irail.be/vehicle/P8803,http://irail.be/stations/NMBS/008813037,P,2018-10-01T17:34:00,2018-10-01T17:34:00,240,240
http://irail.be/vehicle/P8803,http://irail.be/stations/NMBS/008814001,P,2018-10-01T17:38:00,2018-10-01T17:36:00,280,296
http://irail.be/vehicle/P8803,http://irail.be/stations/NMBS/008814373,P,2018-10-01T17:42:00,2018-10-01T17:42:00,331,331
http://irail.be/vehicle/P8803,http://irail.be/stations/NMBS/008814308,P,2018-10-01T17:47:00,2018-10-01T17:47:00,314,314
http://irail.be/vehicle/P8803,http://irail.be/stations/NMBS/008814332,P,2018-10-01T17:49:00,2018-10-01T17:49:00,288,288
http://irail.be/vehicle/P8803,http://irail.be/stations/NMBS/008883808,P,2018-10-01T17:50:00,2018-10-01T17:50:00,493,493
http://irail.be/vehicle/P8803,http://irail.be/stations/NMBS/008883022,P,2018-10-01T17:53:00,2018-10-01T17:53:00,533,533
http://irail.be/vehicle/P8803,NO-URI,P,2018-10-01T17:54:00,2018-10-01T17:54:00,623,623
http://irail.be/vehicle/P8803,http://irail.be/stations/NMBS/008883006,P,2018-10-01T18:00:00,2018-10-01T17:59:00,679,660
http://irail.be/vehicle/P8803,http://irail.be/stations/NMBS/008883113,P,2018-10-01T18:06:00,2018-10-01T18:05:00,661,635
http://irail.be/vehicle/P8803,NO-URI,P,2018-10-01T18:10:00,2018-10-01T18:10:00,613,613
http://irail.be/vehicle/P8803,http://irail.be/stations/NMBS/008883121,P,2018-10-01T18:10:00,2018-10-01T18:10:00,627,627
http://irail.be/vehicle/P8803,http://irail.be/stations/NMBS/008881174,P,2018-10-01T18:11:00,2018-10-01T18:11:00,651,651
http://irail.be/vehicle/P8803,http://irail.be/stations/NMBS/008881166,P,2018-10-01T18:15:00,2018-10-01T18:14:00,629,645
http://irail.be/vehicle/P8803,http://irail.be/stations/NMBS/008881158,P,2018-10-01T18:18:00,2018-10-01T18:18:00,629,629
http://irail.be/vehicle/P8803,http://irail.be/stations/NMBS/008881125,P,2018-10-01T18:19:00,2018-10-01T18:19:00,629,629
http://irail.be/vehicle/P8803,http://irail.be/stations/NMBS/008881000,P,2018-10-01T18:28:00,2018-10-01T18:24:00,654,566
http://irail.be/vehicle/P8803,http://irail.be/stations/NMBS/008884566,P,2018-10-01T18:35:00,2018-10-01T18:34:00,654,654
http://irail.be/vehicle/P8803,http://irail.be/stations/NMBS/008884541,P,2018-10-01T18:39:00,2018-10-01T18:38:00,604,578
http://irail.be/vehicle/P8803,http://irail.be/stations/NMBS/008884004,P,2018-10-01T18:44:00,2018-10-01T18:42:00,624,643
http://irail.be/vehicle/P8803,http://irail.be/stations/NMBS/008884319,P,2018-10-01T18:48:00,2018-10-01T18:48:00,685,685
http://irail.be/vehicle/P8803,http://irail.be/stations/NMBS/008884327,P,2018-10-01T18:51:00,2018-10-01T18:51:00,680,680
http://irail.be/vehicle/P8803,http://irail.be/stations/NMBS/008884350,P,2018-10-01T18:54:00,2018-10-01T18:54:00,680,680
http://irail.be/vehicle/P8803,http://irail.be/stations/NMBS/008884335,P,2018-10-01T18:59:00,2018-10-01T18:59:00,,680
http://irail.be/vehicle/P8803,NO-URI,P,2018-02-08T17:05:00,2018-02-08T17:05:00,12,
http://irail.be/vehicle/P8803,http://irail.be/stations/NMBS/008811007,P,2018-02-08T17:20:00,2018-02-08T17:15:00,24,-118
http://irail.be/vehicle/P8803,http://irail.be/stations/NMBS/008812005,P,2018-02-08T17:28:00,2018-02-08T17:25:00,-17,1
http://irail.be/vehicle/P8803,http://irail.be/stations/NMBS/008813045,P,2018-02-08T17:30:00,2018-02-08T17:30:00,-15,-15
http://irail.be/vehicle/P8803,http://irail.be/stations/NMBS/008813003,P,2018-02-08T17:32:00,2018-02-08T17:31:00,100,68
http://irail.be/vehicle/P8803,http://irail.be/stations/NMBS/008813037,P,2018-02-08T17:34:00,2018-02-08T17:34:00,47,47
http://irail.be/vehicle/P8803,http://irail.be/stations/NMBS/008814001,P,2018-02-08T17:38:00,2018-02-08T17:36:00,97,94
http://irail.be/vehicle/P8803,http://irail.be/stations/NMBS/008814373,P,2018-02-08T17:42:00,2018-02-08T17:42:00,100,100
http://irail.be/vehicle/P8803,http://irail.be/stations/NMBS/008814308,P,2018-02-08T17:47:00,2018-02-08T17:47:00,254,254
http://irail.be/vehicle/P8803,http://irail.be/stations/NMBS/008814332,P,2018-02-08T17:49:00,2018-02-08T17:49:00,294,294
http://irail.be/vehicle/P8803,http://irail.be/stations/NMBS/008883808,P,2018-02-08T17:50:00,2018-02-08T17:50:00,540,540
http://irail.be/vehicle/P8803,http://irail.be/stations/NMBS/008883022,P,2018-02-08T17:53:00,2018-02-08T17:53:00,539,539
http://irail.be/vehicle/P8803,NO-URI,P,2018-02-08T17:54:00,2018-02-08T17:54:00,495,495
http://irail.be/vehicle/P8803,http://irail.be/stations/NMBS/008883006,P,2018-02-08T18:00:00,2018-02-08T17:59:00,688,660
http://irail.be/vehicle/P8803,http://irail.be/stations/NMBS/008883113,P,2018-02-08T18:06:00,2018-02-08T18:05:00,667,638
http://irail.be/vehicle/P8803,NO-URI,P,2018-02-08T18:10:00,2018-02-08T18:10:00,607,607
http://irail.be/vehicle/P8803,http://irail.be/stations/NMBS/008883121,P,2018-02-08T18:10:00,2018-02-08T18:10:00,620,620
http://irail.be/vehicle/P8803,http://irail.be/stations/NMBS/008881174,P,2018-02-08T18:11:00,2018-02-08T18:11:00,641,641
http://irail.be/vehicle/P8803,http://irail.be/stations/NMBS/008881166,P,2018-02-08T18:15:00,2018-02-08T18:14:00,659,631
http://irail.be/vehicle/P8803,http://irail.be/stations/NMBS/008881158,P,2018-02-08T18:17:00,2018-02-08T18:17:00,659,659
http://irail.be/vehicle/P8803,http://irail.be/stations/NMBS/008881125,P,2018-02-08T18:20:00,2018-02-08T18:20:00,563,563
http://irail.be/vehicle/P8803,http://irail.be/stations/NMBS/008881000,P,2018-02-08T18:28:00,2018-02-08T18:24:00,447,540
http://irail.be/vehicle/P8803,http://irail.be/stations/NMBS/008884566,P,2018-02-08T18:35:00,2018-02-08T18:34:00,447,447
http://irail.be/vehicle/P8803,http://irail.be/stations/NMBS/008884541,P,2018-02-08T18:39:00,2018-02-08T18:38:00,338,324
http://irail.be/vehicle/P8803,http://irail.be/stations/NMBS/008884004,P,2018-02-08T18:44:00,2018-02-08T18:42:00,335,375
http://irail.be/vehicle/P8803,http://irail.be/stations/NMBS/008884319,P,2018-02-08T18:48:00,2018-02-08T18:48:00,496,513
http://irail.be/vehicle/P8803,http://irail.be/stations/NMBS/008884327,P,2018-02-08T18:51:00,2018-02-08T18:51:00,457,457
http://irail.be/vehicle/P8803,http://irail.be/stations/NMBS/008884350,P,2018-02-08T18:54:00,2018-02-08T18:54:00,407,407
http://irail.be/vehicle/P8803,http://irail.be/stations/NMBS/008884335,P,2018-02-08T18:59:00,2018-02-08T18:59:00,,498
http://irail.be/vehicle/P8803,NO-URI,P,2018-06-26T17:05:00,2018-06-26T17:05:00,-30,
http://irail.be/vehicle/P8803,http://irail.be/stations/NMBS/008811007,P,2018-06-26T17:20:00,2018-06-26T17:15:00,14,-58
http://irail.be/vehicle/P8803,http://irail.be/stations/NMBS/008812005,P,2018-06-26T17:28:00,2018-06-26T17:25:00,40,-4
http://irail.be/vehicle/P8803,http://irail.be/stations/NMBS/008813045,P,2018-06-26T17:30:00,2018-06-26T17:30:00,40,40
http://irail.be/vehicle/P8803,http://irail.be/stations/NMBS/008813003,P,2018-06-26T17:32:00,2018-06-26T17:31:00,113,78
http://irail.be/vehicle/P8803,http://irail.be/stations/NMBS/008813037,P,2018-06-26T17:34:00,2018-06-26T17:34:00,65,65
http://irail.be/vehicle/P8803,http://irail.be/stations/NMBS/008814001,P,2018-06-26T17:38:00,2018-06-26T17:36:00,276,112
http://irail.be/vehicle/P8803,http://irail.be/stations/NMBS/008814373,P,2018-06-26T17:42:00,2018-06-26T17:42:00,287,287
http://irail.be/vehicle/P8803,http://irail.be/stations/NMBS/008814308,P,2018-06-26T17:47:00,2018-06-26T17:47:00,475,475
http://irail.be/vehicle/P8803,http://irail.be/stations/NMBS/008814332,P,2018-06-26T17:49:00,2018-06-26T17:49:00,454,454
http://irail.be/vehicle/P8803,http://irail.be/stations/NMBS/008883808,P,2018-06-26T17:50:00,2018-06-26T17:50:00,605,605
http://irail.be/vehicle/P8803,http://irail.be/stations/NMBS/008883022,P,2018-06-26T17:53:00,2018-06-26T17:53:00,591,591
http://irail.be/vehicle/P8803,NO-URI,P,2018-06-26T17:54:00,2018-06-26T17:54:00,545,545
http://irail.be/vehicle/P8803,http://irail.be/stations/NMBS/008883006,P,2018-06-26T18:00:00,2018-06-26T17:59:00,652,650
http://irail.be/vehicle/P8803,http://irail.be/stations/NMBS/008883113,P,2018-06-26T18:06:00,2018-06-26T18:05:00,669,612
http://irail.be/vehicle/P8803,NO-URI,P,2018-06-26T18:10:00,2018-06-26T18:10:00,612,612
http://irail.be/vehicle/P8803,http://irail.be/stations/NMBS/008883121,P,2018-06-26T18:10:00,2018-06-26T18:10:00,622,622
http://irail.be/vehicle/P8803,http://irail.be/stations/NMBS/008881174,P,2018-06-26T18:11:00,2018-06-26T18:11:00,750,750
http://irail.be/vehicle/P8803,http://irail.be/stations/NMBS/008881166,P,2018-06-26T18:15:00,2018-06-26T18:14:00,756,754
http://irail.be/vehicle/P8803,http://irail.be/stations/NMBS/008881158,P,2018-06-26T18:18:00,2018-06-26T18:18:00,756,756
http://irail.be/vehicle/P8803,http://irail.be/stations/NMBS/008881125,P,2018-06-26T18:19:00,2018-06-26T18:19:00,779,779
http://irail.be/vehicle/P8803,http://irail.be/stations/NMBS/008881000,P,2018-06-26T18:28:00,2018-06-26T18:24:00,840,724
http://irail.be/vehicle/P8803,http://irail.be/stations/NMBS/008884566,P,2018-06-26T18:35:00,2018-06-26T18:34:00,975,840
http://irail.be/vehicle/P8803,http://irail.be/stations/NMBS/008884541,P,2018-06-26T18:39:00,2018-06-26T18:38:00,1162,990
http://irail.be/vehicle/P8803,http://irail.be/stations/NMBS/008884004,P,2018-06-26T18:44:00,2018-06-26T18:42:00,1406,1206
http://irail.be/vehicle/P8803,http://irail.be/stations/NMBS/008884319,P,2018-06-26T18:48:00,2018-06-26T18:48:00,1775,1764
http://irail.be/vehicle/P8803,http://irail.be/stations/NMBS/008884327,P,2018-06-26T18:51:00,2018-06-26T18:51:00,1775,1775
http://irail.be/vehicle/P8803,http://irail.be/stations/NMBS/008884350,P,2018-06-26T18:54:00,2018-06-26T18:54:00,1775,1775
http://irail.be/vehicle/P8803,http://irail.be/stations/NMBS/008884335,P,2018-06-26T18:59:00,2018-06-26T18:59:00,,1775
http://irail.be/vehicle/P8803,NO-URI,P,2018-04-19T17:05:00,2018-04-19T17:05:00,-170,
http://irail.be/vehicle/P8803,http://irail.be/stations/NMBS/008811007,P,2018-04-19T17:20:00,2018-04-19T17:15:00,7,-282
http://irail.be/vehicle/P8803,http://irail.be/stations/NMBS/008812005,P,2018-04-19T17:28:00,2018-04-19T17:25:00,33,-82
http://irail.be/vehicle/P8803,http://irail.be/stations/NMBS/008813045,P,2018-04-19T17:30:00,2018-04-19T17:30:00,40,40
http://irail.be/vehicle/P8803,http://irail.be/stations/NMBS/008813003,P,2018-04-19T17:32:00,2018-04-19T17:31:00,263,214
http://irail.be/vehicle/P8803,http://irail.be/stations/NMBS/008813037,P,2018-04-19T17:34:00,2018-04-19T17:34:00,215,215
http://irail.be/vehicle/P8803,http://irail.be/stations/NMBS/008814001,P,2018-04-19T17:38:00,2018-04-19T17:36:00,347,269
http://irail.be/vehicle/P8803,http://irail.be/stations/NMBS/008814373,P,2018-04-19T17:42:00,2018-04-19T17:42:00,348,348
http://irail.be/vehicle/P8803,http://irail.be/stations/NMBS/008814308,P,2018-04-19T17:47:00,2018-04-19T17:47:00,438,438
http://irail.be/vehicle/P8803,http://irail.be/stations/NMBS/008814332,P,2018-04-19T17:49:00,2018-04-19T17:49:00,412,412
http://irail.be/vehicle/P8803,http://irail.be/stations/NMBS/008883808,P,2018-04-19T17:50:00,2018-04-19T17:50:00,389,389
http://irail.be/vehicle/P8803,http://irail.be/stations/NMBS/008883022,P,2018-04-19T17:53:00,2018-04-19T17:53:00,346,346
http://irail.be/vehicle/P8803,NO-URI,P,2018-04-19T17:54:00,2018-04-19T17:54:00,291,291
http://irail.be/vehicle/P8803,http://irail.be/stations/NMBS/008883006,P,2018-04-19T18:00:00,2018-04-19T17:59:00,229,237
http://irail.be/vehicle/P8803,http://irail.be/stations/NMBS/008883113,P,2018-04-19T18:06:00,2018-04-19T18:05:00,214,173
http://irail.be/vehicle/P8803,NO-URI,P,2018-04-19T18:10:00,2018-04-19T18:10:00,156,156
http://irail.be/vehicle/P8803,http://irail.be/stations/NMBS/008883121,P,2018-04-19T18:10:00,2018-04-19T18:10:00,164,164
http://irail.be/vehicle/P8803,http://irail.be/stations/NMBS/008881174,P,2018-04-19T18:11:00,2018-04-19T18:11:00,259,259
http://irail.be/vehicle/P8803,http://irail.be/stations/NMBS/008881166,P,2018-04-19T18:15:00,2018-04-19T18:14:00,276,250
http://irail.be/vehicle/P8803,http://irail.be/stations/NMBS/008881158,P,2018-04-19T18:17:00,2018-04-19T18:17:00,276,276
http://irail.be/vehicle/P8803,http://irail.be/stations/NMBS/008881125,P,2018-04-19T18:20:00,2018-04-19T18:20:00,182,182
http://irail.be/vehicle/P8803,http://irail.be/stations/NMBS/008881000,P,2018-04-19T18:28:00,2018-04-19T18:24:00,222,169
http://irail.be/vehicle/P8803,http://irail.be/stations/NMBS/008884566,P,2018-04-19T18:35:00,2018-04-19T18:34:00,274,222
http://irail.be/vehicle/P8803,http://irail.be/stations/NMBS/008884541,P,2018-04-19T18:39:00,2018-04-19T18:38:00,323,288
http://irail.be/vehicle/P8803,http://irail.be/stations/NMBS/008884004,P,2018-04-19T18:44:00,2018-04-19T18:42:00,319,360
http://irail.be/vehicle/P8803,http://irail.be/stations/NMBS/008884319,P,2018-04-19T18:48:00,2018-04-19T18:48:00,322,236
http://irail.be/vehicle/P8803,http://irail.be/stations/NMBS/008884327,P,2018-04-19T18:51:00,2018-04-19T18:51:00,322,322
http://irail.be/vehicle/P8803,http://irail.be/stations/NMBS/008884350,P,2018-04-19T18:54:00,2018-04-19T18:54:00,322,322
http://irail.be/vehicle/P8803,http://irail.be/stations/NMBS/008884335,P,2018-04-19T18:59:00,2018-04-19T18:59:00,,322
http://irail.be/vehicle/P8803,NO-URI,P,2018-09-11T17:05:00,2018-09-11T17:05:00,258,
http://irail.be/vehicle/P8803,http://irail.be/stations/NMBS/008811007,P,2018-09-11T17:20:00,2018-09-11T17:15:00,78,226
http://irail.be/vehicle/P8803,http://irail.be/stations/NMBS/008812005,P,2018-09-11T17:28:00,2018-09-11T17:25:00,79,132
http://irail.be/vehicle/P8803,http://irail.be/stations/NMBS/008813045,P,2018-09-11T17:30:00,2018-09-11T17:30:00,99,99
http://irail.be/vehicle/P8803,http://irail.be/stations/NMBS/008813003,P,2018-09-11T17:32:00,2018-09-11T17:31:00,368,286
http://irail.be/vehicle/P8803,http://irail.be/stations/NMBS/008813037,P,2018-09-11T17:34:00,2018-09-11T17:34:00,335,335
http://irail.be/vehicle/P8803,http://irail.be/stations/NMBS/008814001,P,2018-09-11T17:38:00,2018-09-11T17:36:00,379,405
http://irail.be/vehicle/P8803,http://irail.be/stations/NMBS/008814373,P,2018-09-11T17:42:00,2018-09-11T17:42:00,381,381
http://irail.be/vehicle/P8803,http://irail.be/stations/NMBS/008814308,P,2018-09-11T17:47:00,2018-09-11T17:47:00,573,573
http://irail.be/vehicle/P8803,http://irail.be/stations/NMBS/008814332,P,2018-09-11T17:49:00,2018-09-11T17:49:00,547,547
http://irail.be/vehicle/P8803,http://irail.be/stations/NMBS/008883808,P,2018-09-11T17:50:00,2018-09-11T17:50:00,527,527
http://irail.be/vehicle/P8803,http://irail.be/stations/NMBS/008883022,P,2018-09-11T17:53:00,2018-09-11T17:53:00,476,476
http://irail.be/vehicle/P8803,NO-URI,P,2018-09-11T17:54:00,2018-09-11T17:54:00,422,422
http://irail.be/vehicle/P8803,http://irail.be/stations/NMBS/008883006,P,2018-09-11T18:00:00,2018-09-11T17:59:00,417,370
http://irail.be/vehicle/P8803,http://irail.be/stations/NMBS/008883113,P,2018-09-11T18:06:00,2018-09-11T18:05:00,401,365
http://irail.be/vehicle/P8803,NO-URI,P,2018-09-11T18:10:00,2018-09-11T18:10:00,342,342
http://irail.be/vehicle/P8803,http://irail.be/stations/NMBS/008883121,P,2018-09-11T18:10:00,2018-09-11T18:10:00,354,354
http://irail.be/vehicle/P8803,http://irail.be/stations/NMBS/008881174,P,2018-09-11T18:11:00,2018-09-11T18:11:00,433,433
http://irail.be/vehicle/P8803,http://irail.be/stations/NMBS/008881166,P,2018-09-11T18:15:00,2018-09-11T18:14:00,418,427
http://irail.be/vehicle/P8803,http://irail.be/stations/NMBS/008881158,P,2018-09-11T18:18:00,2018-09-11T18:18:00,418,418
http://irail.be/vehicle/P8803,http://irail.be/stations/NMBS/008881125,P,2018-09-11T18:19:00,2018-09-11T18:19:00,416,416
http://irail.be/vehicle/P8803,http://irail.be/stations/NMBS/008881000,P,2018-09-11T18:28:00,2018-09-11T18:24:00,546,447
http://irail.be/vehicle/P8803,http://irail.be/stations/NMBS/008884566,P,2018-09-11T18:35:00,2018-09-11T18:34:00,514,546
http://irail.be/vehicle/P8803,http://irail.be/stations/NMBS/008884541,P,2018-09-11T18:39:00,2018-09-11T18:38:00,616,538
http://irail.be/vehicle/P8803,http://irail.be/stations/NMBS/008884004,P,2018-09-11T18:44:00,2018-09-11T18:42:00,688,671
http://irail.be/vehicle/P8803,http://irail.be/stations/NMBS/008884319,P,2018-09-11T18:48:00,2018-09-11T18:48:00,796,671
http://irail.be/vehicle/P8803,http://irail.be/stations/NMBS/008884327,P,2018-09-11T18:51:00,2018-09-11T18:51:00,796,796
http://irail.be/vehicle/P8803,http://irail.be/stations/NMBS/008884350,P,2018-09-11T18:54:00,2018-09-11T18:54:00,796,796
http://irail.be/vehicle/P8803,http://irail.be/stations/NMBS/008884335,P,2018-09-11T18:59:00,2018-09-11T18:59:00,,796
http://irail.be/vehicle/P8803,NO-URI,P,2018-11-14T17:05:00,2018-11-14T17:05:00,63,
http://irail.be/vehicle/P8803,http://irail.be/stations/NMBS/008811007,P,2018-11-14T17:20:00,2018-11-14T17:15:00,7,16
http://irail.be/vehicle/P8803,http://irail.be/stations/NMBS/008812005,P,2018-11-14T17:28:00,2018-11-14T17:25:00,101,3
http://irail.be/vehicle/P8803,http://irail.be/stations/NMBS/008813045,P,2018-11-14T17:30:00,2018-11-14T17:30:00,108,108
http://irail.be/vehicle/P8803,http://irail.be/stations/NMBS/008813003,P,2018-11-14T17:32:00,2018-11-14T17:31:00,177,137
http://irail.be/vehicle/P8803,http://irail.be/stations/NMBS/008813037,P,2018-11-14T17:34:00,2018-11-14T17:34:00,125,125
http://irail.be/vehicle/P8803,http://irail.be/stations/NMBS/008814001,P,2018-11-14T17:38:00,2018-11-14T17:36:00,141,171
http://irail.be/vehicle/P8803,http://irail.be/stations/NMBS/008814373,P,2018-11-14T17:42:00,2018-11-14T17:42:00,119,119
http://irail.be/vehicle/P8803,http://irail.be/stations/NMBS/008814308,P,2018-11-14T17:47:00,2018-11-14T17:47:00,206,206
http://irail.be/vehicle/P8803,http://irail.be/stations/NMBS/008814332,P,2018-11-14T17:49:00,2018-11-14T17:49:00,180,180
http://irail.be/vehicle/P8803,http://irail.be/stations/NMBS/008883808,P,2018-11-14T17:50:00,2018-11-14T17:50:00,339,339
http://irail.be/vehicle/P8803,http://irail.be/stations/NMBS/008883022,P,2018-11-14T17:53:00,2018-11-14T17:53:00,498,498
http://irail.be/vehicle/P8803,NO-URI,P,2018-11-14T17:54:00,2018-11-14T17:54:00,485,485
http://irail.be/vehicle/P8803,http://irail.be/stations/NMBS/008883006,P,2018-11-14T18:00:00,2018-11-14T17:59:00,450,428
http://irail.be/vehicle/P8803,http://irail.be/stations/NMBS/008883113,P,2018-11-14T18:06:00,2018-11-14T18:05:00,453,407
http://irail.be/vehicle/P8803,NO-URI,P,2018-11-14T18:10:00,2018-11-14T18:10:00,395,395
http://irail.be/vehicle/P8803,http://irail.be/stations/NMBS/008883121,P,2018-11-14T18:10:00,2018-11-14T18:10:00,405,405
http://irail.be/vehicle/P8803,http://irail.be/stations/NMBS/008881174,P,2018-11-14T18:11:00,2018-11-14T18:11:00,427,427
http://irail.be/vehicle/P8803,http://irail.be/stations/NMBS/008881166,P,2018-11-14T18:15:00,2018-11-14T18:14:00,403,415
http://irail.be/vehicle/P8803,http://irail.be/stations/NMBS/008881158,P,2018-11-14T18:18:00,2018-11-14T18:18:00,403,403
http://irail.be/vehicle/P8803,http://irail.be/stations/NMBS/008881125,P,2018-11-14T18:19:00,2018-11-14T18:19:00,400,400
http://irail.be/vehicle/P8803,http://irail.be/stations/NMBS/008881000,P,2018-11-14T18:28:00,2018-11-14T18:24:00,294,343
http://irail.be/vehicle/P8803,http://irail.be/stations/NMBS/008884566,P,2018-11-14T18:35:00,2018-11-14T18:34:00,294,294
http://irail.be/vehicle/P8803,http://irail.be/stations/NMBS/008884541,P,2018-11-14T18:39:00,2018-11-14T18:38:00,261,226
http://irail.be/vehicle/P8803,http://irail.be/stations/NMBS/008884004,P,2018-11-14T18:44:00,2018-11-14T18:42:00,330,304
http://irail.be/vehicle/P8803,http://irail.be/stations/NMBS/008884319,P,2018-11-14T18:48:00,2018-11-14T18:48:00,357,290
http://irail.be/vehicle/P8803,http://irail.be/stations/NMBS/008884327,P,2018-11-14T18:51:00,2018-11-14T18:51:00,357,357
http://irail.be/vehicle/P8803,http://irail.be/stations/NMBS/008884350,P,2018-11-14T18:54:00,2018-11-14T18:54:00,357,357
http://irail.be/vehicle/P8803,http://irail.be/stations/NMBS/008884335,P,2018-11-14T18:59:00,2018-11-14T18:59:00,,357
http://irail.be/vehicle/P8803,NO-URI,P,2018-01-24T17:05:00,2018-01-24T17:05:00,-63,
http://irail.be/vehicle/P8803,http://irail.be/stations/NMBS/008811007,P,2018-01-24T17:20:00,2018-01-24T17:15:00,5,-187
http://irail.be/vehicle/P8803,http://irail.be/stations/NMBS/008812005,P,2018-01-24T17:28:00,2018-01-24T17:25:00,123,63
http://irail.be/vehicle/P8803,http://irail.be/stations/NMBS/008813045,P,2018-01-24T17:30:00,2018-01-24T17:30:00,129,129
http://irail.be/vehicle/P8803,http://irail.be/stations/NMBS/008813003,P,2018-01-24T17:32:00,2018-01-24T17:31:00,163,155
http://irail.be/vehicle/P8803,http://irail.be/stations/NMBS/008813037,P,2018-01-24T17:34:00,2018-01-24T17:34:00,109,109
http://irail.be/vehicle/P8803,http://irail.be/stations/NMBS/008814001,P,2018-01-24T17:38:00,2018-01-24T17:36:00,149,154
http://irail.be/vehicle/P8803,http://irail.be/stations/NMBS/008814373,P,2018-01-24T17:42:00,2018-01-24T17:42:00,153,153
http://irail.be/vehicle/P8803,http://irail.be/stations/NMBS/008814308,P,2018-01-24T17:47:00,2018-01-24T17:47:00,207,207
http://irail.be/vehicle/P8803,http://irail.be/stations/NMBS/008814332,P,2018-01-24T17:49:00,2018-01-24T17:49:00,186,186
http://irail.be/vehicle/P8803,http://irail.be/stations/NMBS/008883808,P,2018-01-24T17:50:00,2018-01-24T17:50:00,327,327
http://irail.be/vehicle/P8803,http://irail.be/stations/NMBS/008883022,P,2018-01-24T17:53:00,2018-01-24T17:53:00,334,334
http://irail.be/vehicle/P8803,NO-URI,P,2018-01-24T17:54:00,2018-01-24T17:54:00,295,295
http://irail.be/vehicle/P8803,http://irail.be/stations/NMBS/008883006,P,2018-01-24T18:00:00,2018-01-24T17:59:00,275,272
http://irail.be/vehicle/P8803,http://irail.be/stations/NMBS/008883113,P,2018-01-24T18:06:00,2018-01-24T18:05:00,233,217
http://irail.be/vehicle/P8803,NO-URI,P,2018-01-24T18:10:00,2018-01-24T18:10:00,167,167
http://irail.be/vehicle/P8803,http://irail.be/stations/NMBS/008883121,P,2018-01-24T18:10:00,2018-01-24T18:10:00,179,179
http://irail.be/vehicle/P8803,http://irail.be/stations/NMBS/008881174,P,2018-01-24T18:11:00,2018-01-24T18:11:00,201,201
http://irail.be/vehicle/P8803,http://irail.be/stations/NMBS/008881166,P,2018-01-24T18:15:00,2018-01-24T18:14:00,191,190
http://irail.be/vehicle/P8803,http://irail.be/stations/NMBS/008881158,P,2018-01-24T18:17:00,2018-01-24T18:17:00,191,191
http://irail.be/vehicle/P8803,http://irail.be/stations/NMBS/008881125,P,2018-01-24T18:20:00,2018-01-24T18:20:00,90,90
http://irail.be/vehicle/P8803,http://irail.be/stations/NMBS/008881000,P,2018-01-24T18:28:00,2018-01-24T18:24:00,102,152
http://irail.be/vehicle/P8803,http://irail.be/stations/NMBS/008884566,P,2018-01-24T18:35:00,2018-01-24T18:34:00,109,102
http://irail.be/vehicle/P8803,http://irail.be/stations/NMBS/008884541,P,2018-01-24T18:39:00,2018-01-24T18:38:00,112,117
http://irail.be/vehicle/P8803,http://irail.be/stations/NMBS/008884004,P,2018-01-24T18:44:00,2018-01-24T18:42:00,97,138
http://irail.be/vehicle/P8803,http://irail.be/stations/NMBS/008884319,P,2018-01-24T18:48:00,2018-01-24T18:48:00,78,78
http://irail.be/vehicle/P8803,http://irail.be/stations/NMBS/008884327,P,2018-01-24T18:51:00,2018-01-24T18:51:00,63,63
http://irail.be/vehicle/P8803,http://irail.be/stations/NMBS/008884350,P,2018-01-24T18:54:00,2018-01-24T18:54:00,63,63
http://irail.be/vehicle/P8803,http://irail.be/stations/NMBS/008884335,P,2018-01-24T18:59:00,2018-01-24T18:59:00,,63
http://irail.be/vehicle/P8803,NO-URI,P,2018-06-22T17:05:00,2018-06-22T17:05:00,-116,
http://irail.be/vehicle/P8803,http://irail.be/stations/NMBS/008811007,P,2018-06-22T17:20:00,2018-06-22T17:15:00,-6,-175
http://irail.be/vehicle/P8803,http://irail.be/stations/NMBS/008812005,P,2018-06-22T17:28:00,2018-06-22T17:25:00,103,-13
http://irail.be/vehicle/P8803,http://irail.be/stations/NMBS/008813045,P,2018-06-22T17:30:00,2018-06-22T17:30:00,108,108
http://irail.be/vehicle/P8803,http://irail.be/stations/NMBS/008813003,P,2018-06-22T17:32:00,2018-06-22T17:31:00,421,338
http://irail.be/vehicle/P8803,http://irail.be/stations/NMBS/008813037,P,2018-06-22T17:34:00,2018-06-22T17:34:00,371,371
http://irail.be/vehicle/P8803,http://irail.be/stations/NMBS/008814001,P,2018-06-22T17:38:00,2018-06-22T17:36:00,407,464
http://irail.be/vehicle/P8803,http://irail.be/stations/NMBS/008814373,P,2018-06-22T17:42:00,2018-06-22T17:42:00,376,376
http://irail.be/vehicle/P8803,http://irail.be/stations/NMBS/008814308,P,2018-06-22T17:47:00,2018-06-22T17:47:00,334,334
http://irail.be/vehicle/P8803,http://irail.be/stations/NMBS/008814332,P,2018-06-22T17:49:00,2018-06-22T17:49:00,307,307
http://irail.be/vehicle/P8803,http://irail.be/stations/NMBS/008883808,P,2018-06-22T17:50:00,2018-06-22T17:50:00,428,428
http://irail.be/vehicle/P8803,http://irail.be/stations/NMBS/008883022,P,2018-06-22T17:53:00,2018-06-22T17:53:00,518,518
http://irail.be/vehicle/P8803,NO-URI,P,2018-06-22T17:54:00,2018-06-22T17:54:00,596,596
http://irail.be/vehicle/P8803,http://irail.be/stations/NMBS/008883006,P,2018-06-22T18:00:00,2018-06-22T17:59:00,787,798
http://irail.be/vehicle/P8803,http://irail.be/stations/NMBS/008883113,P,2018-06-22T18:06:00,2018-06-22T18:05:00,810,761
http://irail.be/vehicle/P8803,NO-URI,P,2018-06-22T18:10:00,2018-06-22T18:10:00,769,769
http://irail.be/vehicle/P8803,http://irail.be/stations/NMBS/008883121,P,2018-06-22T18:10:00,2018-06-22T18:10:00,780,780
http://irail.be/vehicle/P8803,http://irail.be/stations/NMBS/008881174,P,2018-06-22T18:11:00,2018-06-22T18:11:00,805,805
http://irail.be/vehicle/P8803,http://irail.be/stations/NMBS/008881166,P,2018-06-22T18:15:00,2018-06-22T18:14:00,973,881
http://irail.be/vehicle/P8803,http://irail.be/stations/NMBS/008881158,P,2018-06-22T18:18:00,2018-06-22T18:18:00,973,973
http://irail.be/vehicle/P8803,http://irail.be/stations/NMBS/008881125,P,2018-06-22T18:19:00,2018-06-22T18:19:00,1033,1033
http://irail.be/vehicle/P8803,http://irail.be/stations/NMBS/008881000,P,2018-06-22T18:28:00,2018-06-22T18:24:00,903,973
http://irail.be/vehicle/P8803,http://irail.be/stations/NMBS/008884566,P,2018-06-22T18:35:00,2018-06-22T18:34:00,903,903
http://irail.be/vehicle/P8803,http://irail.be/stations/NMBS/008884541,P,2018-06-22T18:39:00,2018-06-22T18:38:00,843,814
http://irail.be/vehicle/P8803,http://irail.be/stations/NMBS/008884004,P,2018-06-22T18:44:00,2018-06-22T18:42:00,864,892
http://irail.be/vehicle/P8803,http://irail.be/stations/NMBS/008884319,P,2018-06-22T18:48:00,2018-06-22T18:48:00,3053,2281
http://irail.be/vehicle/P8803,http://irail.be/stations/NMBS/008884327,P,2018-06-22T18:51:00,2018-06-22T18:51:00,3053,3053
http://irail.be/vehicle/P8803,http://irail.be/stations/NMBS/008884350,P,2018-06-22T18:54:00,2018-06-22T18:54:00,3053,3053
http://irail.be/vehicle/P8803,http://irail.be/stations/NMBS/008884335,P,2018-06-22T18:59:00,2018-06-22T18:59:00,,3053
http://irail.be/vehicle/P8803,NO-URI,P,2018-03-07T17:05:00,2018-03-07T17:05:00,-43,
http://irail.be/vehicle/P8803,http://irail.be/stations/NMBS/008811007,P,2018-03-07T17:20:00,2018-03-07T17:15:00,21,-139
http://irail.be/vehicle/P8803,http://irail.be/stations/NMBS/008812005,P,2018-03-07T17:28:00,2018-03-07T17:25:00,38,9
http://irail.be/vehicle/P8803,http://irail.be/stations/NMBS/008813045,P,2018-03-07T17:30:00,2018-03-07T17:30:00,47,47
http://irail.be/vehicle/P8803,http://irail.be/stations/NMBS/008813003,P,2018-03-07T17:32:00,2018-03-07T17:31:00,205,80
http://irail.be/vehicle/P8803,http://irail.be/stations/NMBS/008813037,P,2018-03-07T17:34:00,2018-03-07T17:34:00,162,162
http://irail.be/vehicle/P8803,http://irail.be/stations/NMBS/008814001,P,2018-03-07T17:38:00,2018-03-07T17:36:00,165,211
http://irail.be/vehicle/P8803,http://irail.be/stations/NMBS/008814373,P,2018-03-07T17:42:00,2018-03-07T17:42:00,164,164
http://irail.be/vehicle/P8803,http://irail.be/stations/NMBS/008814308,P,2018-03-07T17:47:00,2018-03-07T17:47:00,230,230
http://irail.be/vehicle/P8803,http://irail.be/stations/NMBS/008814332,P,2018-03-07T17:49:00,2018-03-07T17:49:00,207,207
http://irail.be/vehicle/P8803,http://irail.be/stations/NMBS/008883808,P,2018-03-07T17:50:00,2018-03-07T17:50:00,318,318
http://irail.be/vehicle/P8803,http://irail.be/stations/NMBS/008883022,P,2018-03-07T17:53:00,2018-03-07T17:53:00,347,347
http://irail.be/vehicle/P8803,NO-URI,P,2018-03-07T17:54:00,2018-03-07T17:54:00,303,303
http://irail.be/vehicle/P8803,http://irail.be/stations/NMBS/008883006,P,2018-03-07T18:00:00,2018-03-07T17:59:00,344,350
http://irail.be/vehicle/P8803,http://irail.be/stations/NMBS/008883113,P,2018-03-07T18:06:00,2018-03-07T18:05:00,1980,321
http://irail.be/vehicle/P8803,NO-URI,P,2018-03-07T18:10:00,2018-03-07T18:10:00,2304,2304
http://irail.be/vehicle/P8803,http://irail.be/stations/NMBS/008883121,P,2018-03-07T18:10:00,2018-03-07T18:10:00,2320,2320
http://irail.be/vehicle/P8803,http://irail.be/stations/NMBS/008881174,P,2018-03-07T18:11:00,2018-03-07T18:11:00,2342,2342
http://irail.be/vehicle/P8803,http://irail.be/stations/NMBS/008881166,P,2018-03-07T18:15:00,2018-03-07T18:14:00,2587,2332
http://irail.be/vehicle/P8803,http://irail.be/stations/NMBS/008881158,P,2018-03-07T18:17:00,2018-03-07T18:17:00,2587,2587
http://irail.be/vehicle/P8803,http://irail.be/stations/NMBS/008881125,P,2018-03-07T18:20:00,2018-03-07T18:20:00,2530,2530
http://irail.be/vehicle/P8803,http://irail.be/stations/NMBS/008881000,P,2018-03-07T18:24:00,2018-03-07T18:24:00,,2783
http://irail.be/vehicle/P8803,NO-URI,P,2018-10-04T17:05:00,2018-10-04T17:05:00,-145,
http://irail.be/vehicle/P8803,http://irail.be/stations/NMBS/008811007,P,2018-10-04T17:20:00,2018-10-04T17:15:00,67,-131
http://irail.be/vehicle/P8803,http://irail.be/stations/NMBS/008812005,P,2018-10-04T17:28:00,2018-10-04T17:25:00,133,144
http://irail.be/vehicle/P8803,http://irail.be/stations/NMBS/008813045,P,2018-10-04T17:30:00,2018-10-04T17:30:00,144,144
http://irail.be/vehicle/P8803,http://irail.be/stations/NMBS/008813003,P,2018-10-04T17:32:00,2018-10-04T17:31:00,377,333
http://irail.be/vehicle/P8803,http://irail.be/stations/NMBS/008813037,P,2018-10-04T17:34:00,2018-10-04T17:34:00,327,327
http://irail.be/vehicle/P8803,http://irail.be/stations/NMBS/008814001,P,2018-10-04T17:38:00,2018-10-04T17:36:00,412,433
http://irail.be/vehicle/P8803,http://irail.be/stations/NMBS/008814373,P,2018-10-04T17:42:00,2018-10-04T17:42:00,385,385
http://irail.be/vehicle/P8803,http://irail.be/stations/NMBS/008814308,P,2018-10-04T17:47:00,2018-10-04T17:47:00,372,372
http://irail.be/vehicle/P8803,http://irail.be/stations/NMBS/008814332,P,2018-10-04T17:49:00,2018-10-04T17:49:00,347,347
http://irail.be/vehicle/P8803,http://irail.be/stations/NMBS/008883808,P,2018-10-04T17:50:00,2018-10-04T17:50:00,390,390
http://irail.be/vehicle/P8803,http://irail.be/stations/NMBS/008883022,P,2018-10-04T17:53:00,2018-10-04T17:53:00,416,416
http://irail.be/vehicle/P8803,NO-URI,P,2018-10-04T17:54:00,2018-10-04T17:54:00,428,428
http://irail.be/vehicle/P8803,http://irail.be/stations/NMBS/008883006,P,2018-10-04T18:00:00,2018-10-04T17:59:00,651,638
http://irail.be/vehicle/P8803,http://irail.be/stations/NMBS/008883113,P,2018-10-04T18:06:00,2018-10-04T18:05:00,642,610
http://irail.be/vehicle/P8803,NO-URI,P,2018-10-04T18:10:00,2018-10-04T18:10:00,594,594
http://irail.be/vehicle/P8803,http://irail.be/stations/NMBS/008883121,P,2018-10-04T18:10:00,2018-10-04T18:10:00,606,606
http://irail.be/vehicle/P8803,http://irail.be/stations/NMBS/008881174,P,2018-10-04T18:11:00,2018-10-04T18:11:00,634,634
http://irail.be/vehicle/P8803,http://irail.be/stations/NMBS/008881166,P,2018-10-04T18:15:00,2018-10-04T18:14:00,604,626
http://irail.be/vehicle/P8803,http://irail.be/stations/NMBS/008881158,P,2018-10-04T18:18:00,2018-10-04T18:18:00,604,604
http://irail.be/vehicle/P8803,http://irail.be/stations/NMBS/008881125,P,2018-10-04T18:19:00,2018-10-04T18:19:00,605,605
http://irail.be/vehicle/P8803,http://irail.be/stations/NMBS/008881000,P,2018-10-04T18:28:00,2018-10-04T18:24:00,498,595
http://irail.be/vehicle/P8803,http://irail.be/stations/NMBS/008884566,P,2018-10-04T18:35:00,2018-10-04T18:34:00,498,498
http://irail.be/vehicle/P8803,http://irail.be/stations/NMBS/008884541,P,2018-10-04T18:39:00,2018-10-04T18:38:00,492,453
http://irail.be/vehicle/P8803,http://irail.be/stations/NMBS/008884004,P,2018-10-04T18:44:00,2018-10-04T18:42:00,506,540
http://irail.be/vehicle/P8803,http://irail.be/stations/NMBS/008884319,P,2018-10-04T18:48:00,2018-10-04T18:48:00,539,479
http://irail.be/vehicle/P8803,http://irail.be/stations/NMBS/008884327,P,2018-10-04T18:51:00,2018-10-04T18:51:00,539,539
http://irail.be/vehicle/P8803,http://irail.be/stations/NMBS/008884350,P,2018-10-04T18:54:00,2018-10-04T18:54:00,539,539
http://irail.be/vehicle/P8803,http://irail.be/stations/NMBS/008884335,P,2018-10-04T18:59:00,2018-10-04T18:59:00,,539
http://irail.be/vehicle/P8803,NO-URI,P,2018-01-29T17:05:00,2018-01-29T17:05:00,-192,
http://irail.be/vehicle/P8803,http://irail.be/stations/NMBS/008811007,P,2018-01-29T17:20:00,2018-01-29T17:15:00,6,-305
http://irail.be/vehicle/P8803,http://irail.be/stations/NMBS/008812005,P,2018-01-29T17:28:00,2018-01-29T17:25:00,83,-6
http://irail.be/vehicle/P8803,http://irail.be/stations/NMBS/008813045,P,2018-01-29T17:30:00,2018-01-29T17:30:00,103,103
http://irail.be/vehicle/P8803,http://irail.be/stations/NMBS/008813003,P,2018-01-29T17:32:00,2018-01-29T17:31:00,268,241
http://irail.be/vehicle/P8803,http://irail.be/stations/NMBS/008813037,P,2018-01-29T17:34:00,2018-01-29T17:34:00,223,223
http://irail.be/vehicle/P8803,http://irail.be/stations/NMBS/008814001,P,2018-01-29T17:38:00,2018-01-29T17:36:00,207,265
http://irail.be/vehicle/P8803,http://irail.be/stations/NMBS/008814373,P,2018-01-29T17:42:00,2018-01-29T17:42:00,176,176
http://irail.be/vehicle/P8803,http://irail.be/stations/NMBS/008814308,P,2018-01-29T17:47:00,2018-01-29T17:47:00,144,144
http://irail.be/vehicle/P8803,http://irail.be/stations/NMBS/008814332,P,2018-01-29T17:49:00,2018-01-29T17:49:00,192,192
http://irail.be/vehicle/P8803,http://irail.be/stations/NMBS/008883808,P,2018-01-29T17:50:00,2018-01-29T17:50:00,461,461
http://irail.be/vehicle/P8803,http://irail.be/stations/NMBS/008883022,P,2018-01-29T17:53:00,2018-01-29T17:53:00,483,483
http://irail.be/vehicle/P8803,NO-URI,P,2018-01-29T17:54:00,2018-01-29T17:54:00,442,442
http://irail.be/vehicle/P8803,http://irail.be/stations/NMBS/008883006,P,2018-01-29T18:00:00,2018-01-29T17:59:00,404,375
http://irail.be/vehicle/P8803,http://irail.be/stations/NMBS/008883113,P,2018-01-29T18:06:00,2018-01-29T18:05:00,391,353
http://irail.be/vehicle/P8803,NO-URI,P,2018-01-29T18:10:00,2018-01-29T18:10:00,342,342
http://irail.be/vehicle/P8803,http://irail.be/stations/NMBS/008883121,P,2018-01-29T18:10:00,2018-01-29T18:10:00,352,352
http://irail.be/vehicle/P8803,http://irail.be/stations/NMBS/008881174,P,2018-01-29T18:11:00,2018-01-29T18:11:00,376,376
http://irail.be/vehicle/P8803,http://irail.be/stations/NMBS/008881166,P,2018-01-29T18:15:00,2018-01-29T18:14:00,368,362
http://irail.be/vehicle/P8803,http://irail.be/stations/NMBS/008881158,P,2018-01-29T18:17:00,2018-01-29T18:17:00,368,368
http://irail.be/vehicle/P8803,http://irail.be/stations/NMBS/008881125,P,2018-01-29T18:20:00,2018-01-29T18:20:00,268,268
http://irail.be/vehicle/P8803,http://irail.be/stations/NMBS/008881000,P,2018-01-29T18:28:00,2018-01-29T18:24:00,434,517
http://irail.be/vehicle/P8803,http://irail.be/stations/NMBS/008884566,P,2018-01-29T18:35:00,2018-01-29T18:34:00,449,434
http://irail.be/vehicle/P8803,http://irail.be/stations/NMBS/008884541,P,2018-01-29T18:39:00,2018-01-29T18:38:00,475,462
http://irail.be/vehicle/P8803,http://irail.be/stations/NMBS/008884004,P,2018-01-29T18:44:00,2018-01-29T18:42:00,455,493
http://irail.be/vehicle/P8803,http://irail.be/stations/NMBS/008884319,P,2018-01-29T18:48:00,2018-01-29T18:48:00,408,408
http://irail.be/vehicle/P8803,http://irail.be/stations/NMBS/008884327,P,2018-01-29T18:51:00,2018-01-29T18:51:00,380,380
http://irail.be/vehicle/P8803,http://irail.be/stations/NMBS/008884350,P,2018-01-29T18:54:00,2018-01-29T18:54:00,380,380
http://irail.be/vehicle/P8803,http://irail.be/stations/NMBS/008884335,P,2018-01-29T18:59:00,2018-01-29T18:59:00,,380
http://irail.be/vehicle/P8803,NO-URI,P,2018-04-25T17:05:00,2018-04-25T17:05:00,-16,
http://irail.be/vehicle/P8803,http://irail.be/stations/NMBS/008811007,P,2018-04-25T17:20:00,2018-04-25T17:15:00,30,-91
http://irail.be/vehicle/P8803,http://irail.be/stations/NMBS/008812005,P,2018-04-25T17:28:00,2018-04-25T17:25:00,43,-30
http://irail.be/vehicle/P8803,http://irail.be/stations/NMBS/008813045,P,2018-04-25T17:30:00,2018-04-25T17:30:00,66,66
http://irail.be/vehicle/P8803,http://irail.be/stations/NMBS/008813003,P,2018-04-25T17:32:00,2018-04-25T17:31:00,231,196
http://irail.be/vehicle/P8803,http://irail.be/stations/NMBS/008813037,P,2018-04-25T17:34:00,2018-04-25T17:34:00,185,185
http://irail.be/vehicle/P8803,http://irail.be/stations/NMBS/008814001,P,2018-04-25T17:38:00,2018-04-25T17:36:00,319,277
http://irail.be/vehicle/P8803,http://irail.be/stations/NMBS/008814373,P,2018-04-25T17:42:00,2018-04-25T17:42:00,379,379
http://irail.be/vehicle/P8803,http://irail.be/stations/NMBS/008814308,P,2018-04-25T17:47:00,2018-04-25T17:47:00,504,504
http://irail.be/vehicle/P8803,http://irail.be/stations/NMBS/008814332,P,2018-04-25T17:49:00,2018-04-25T17:49:00,479,479
http://irail.be/vehicle/P8803,http://irail.be/stations/NMBS/008883808,P,2018-04-25T17:50:00,2018-04-25T17:50:00,456,456
http://irail.be/vehicle/P8803,http://irail.be/stations/NMBS/008883022,P,2018-04-25T17:53:00,2018-04-25T17:53:00,404,404
http://irail.be/vehicle/P8803,NO-URI,P,2018-04-25T17:54:00,2018-04-25T17:54:00,351,351
http://irail.be/vehicle/P8803,http://irail.be/stations/NMBS/008883006,P,2018-04-25T18:00:00,2018-04-25T17:59:00,655,649
http://irail.be/vehicle/P8803,http://irail.be/stations/NMBS/008883113,P,2018-04-25T18:06:00,2018-04-25T18:05:00,619,596
http://irail.be/vehicle/P8803,NO-URI,P,2018-04-25T18:10:00,2018-04-25T18:10:00,565,565
http://irail.be/vehicle/P8803,http://irail.be/stations/NMBS/008883121,P,2018-04-25T18:10:00,2018-04-25T18:10:00,577,577
http://irail.be/vehicle/P8803,http://irail.be/stations/NMBS/008881174,P,2018-04-25T18:11:00,2018-04-25T18:11:00,671,671
http://irail.be/vehicle/P8803,http://irail.be/stations/NMBS/008881166,P,2018-04-25T18:15:00,2018-04-25T18:14:00,676,663
http://irail.be/vehicle/P8803,http://irail.be/stations/NMBS/008881158,P,2018-04-25T18:17:00,2018-04-25T18:17:00,676,676
http://irail.be/vehicle/P8803,http://irail.be/stations/NMBS/008881125,P,2018-04-25T18:20:00,2018-04-25T18:20:00,583,583
http://irail.be/vehicle/P8803,http://irail.be/stations/NMBS/008881000,P,2018-04-25T18:28:00,2018-04-25T18:24:00,479,562
http://irail.be/vehicle/P8803,http://irail.be/stations/NMBS/008884566,P,2018-04-25T18:35:00,2018-04-25T18:34:00,498,479
http://irail.be/vehicle/P8803,http://irail.be/stations/NMBS/008884541,P,2018-04-25T18:39:00,2018-04-25T18:38:00,540,514
http://irail.be/vehicle/P8803,http://irail.be/stations/NMBS/008884004,P,2018-04-25T18:44:00,2018-04-25T18:42:00,534,577
http://irail.be/vehicle/P8803,http://irail.be/stations/NMBS/008884319,P,2018-04-25T18:48:00,2018-04-25T18:48:00,814,718
http://irail.be/vehicle/P8803,http://irail.be/stations/NMBS/008884327,P,2018-04-25T18:51:00,2018-04-25T18:51:00,814,814
http://irail.be/vehicle/P8803,http://irail.be/stations/NMBS/008884350,P,2018-04-25T18:54:00,2018-04-25T18:54:00,814,814
http://irail.be/vehicle/P8803,http://irail.be/stations/NMBS/008884335,P,2018-04-25T18:59:00,2018-04-25T18:59:00,,814
http://irail.be/vehicle/P8803,NO-URI,P,2018-10-24T17:05:00,2018-10-24T17:05:00,22,
http://irail.be/vehicle/P8803,http://irail.be/stations/NMBS/008811007,P,2018-10-24T17:20:00,2018-10-24T17:15:00,30,114
http://irail.be/vehicle/P8803,http://irail.be/stations/NMBS/008812005,P,2018-10-24T17:28:00,2018-10-24T17:25:00,158,19
http://irail.be/vehicle/P8803,http://irail.be/stations/NMBS/008813045,P,2018-10-24T17:30:00,2018-10-24T17:30:00,162,162
http://irail.be/vehicle/P8803,http://irail.be/stations/NMBS/008813003,P,2018-10-24T17:32:00,2018-10-24T17:31:00,258,232
http://irail.be/vehicle/P8803,http://irail.be/stations/NMBS/008813037,P,2018-10-24T17:34:00,2018-10-24T17:34:00,205,205
http://irail.be/vehicle/P8803,http://irail.be/stations/NMBS/008814001,P,2018-10-24T17:38:00,2018-10-24T17:36:00,214,253
http://irail.be/vehicle/P8803,http://irail.be/stations/NMBS/008814373,P,2018-10-24T17:42:00,2018-10-24T17:42:00,188,188
http://irail.be/vehicle/P8803,http://irail.be/stations/NMBS/008814308,P,2018-10-24T17:47:00,2018-10-24T17:47:00,157,157
http://irail.be/vehicle/P8803,http://irail.be/stations/NMBS/008814332,P,2018-10-24T17:49:00,2018-10-24T17:49:00,130,130
http://irail.be/vehicle/P8803,http://irail.be/stations/NMBS/008883808,P,2018-10-24T17:50:00,2018-10-24T17:50:00,302,302
http://irail.be/vehicle/P8803,http://irail.be/stations/NMBS/008883022,P,2018-10-24T17:53:00,2018-10-24T17:53:00,291,291
http://irail.be/vehicle/P8803,NO-URI,P,2018-10-24T17:54:00,2018-10-24T17:54:00,240,240
http://irail.be/vehicle/P8803,http://irail.be/stations/NMBS/008883006,P,2018-10-24T18:00:00,2018-10-24T17:59:00,310,313
http://irail.be/vehicle/P8803,http://irail.be/stations/NMBS/008883113,P,2018-10-24T18:06:00,2018-10-24T18:05:00,286,269
http://irail.be/vehicle/P8803,NO-URI,P,2018-10-24T18:10:00,2018-10-24T18:10:00,232,232
http://irail.be/vehicle/P8803,http://irail.be/stations/NMBS/008883121,P,2018-10-24T18:10:00,2018-10-24T18:10:00,243,243
http://irail.be/vehicle/P8803,http://irail.be/stations/NMBS/008881174,P,2018-10-24T18:11:00,2018-10-24T18:11:00,266,266
http://irail.be/vehicle/P8803,http://irail.be/stations/NMBS/008881166,P,2018-10-24T18:15:00,2018-10-24T18:14:00,228,256
http://irail.be/vehicle/P8803,http://irail.be/stations/NMBS/008881158,P,2018-10-24T18:18:00,2018-10-24T18:18:00,228,228
http://irail.be/vehicle/P8803,http://irail.be/stations/NMBS/008881125,P,2018-10-24T18:19:00,2018-10-24T18:19:00,226,226
http://irail.be/vehicle/P8803,http://irail.be/stations/NMBS/008881000,P,2018-10-24T18:28:00,2018-10-24T18:24:00,177,334
http://irail.be/vehicle/P8803,http://irail.be/stations/NMBS/008884566,P,2018-10-24T18:35:00,2018-10-24T18:34:00,177,177
http://irail.be/vehicle/P8803,http://irail.be/stations/NMBS/008884541,P,2018-10-24T18:39:00,2018-10-24T18:38:00,93,77
http://irail.be/vehicle/P8803,http://irail.be/stations/NMBS/008884004,P,2018-10-24T18:44:00,2018-10-24T18:42:00,78,128
http://irail.be/vehicle/P8803,http://irail.be/stations/NMBS/008884319,P,2018-10-24T18:48:00,2018-10-24T18:48:00,85,44
http://irail.be/vehicle/P8803,http://irail.be/stations/NMBS/008884327,P,2018-10-24T18:51:00,2018-10-24T18:51:00,85,85
http://irail.be/vehicle/P8803,http://irail.be/stations/NMBS/008884350,P,2018-10-24T18:54:00,2018-10-24T18:54:00,85,85
http://irail.be/vehicle/P8803,http://irail.be/stations/NMBS/008884335,P,2018-10-24T18:59:00,2018-10-24T18:59:00,,85
http://irail.be/vehicle/P8803,NO-URI,P,2018-11-28T17:05:00,2018-11-28T17:05:00,98,
http://irail.be/vehicle/P8803,http://irail.be/stations/NMBS/008811007,P,2018-11-28T17:20:00,2018-11-28T17:15:00,1,64
http://irail.be/vehicle/P8803,http://irail.be/stations/NMBS/008812005,P,2018-11-28T17:28:00,2018-11-28T17:25:00,115,134
http://irail.be/vehicle/P8803,http://irail.be/stations/NMBS/008813045,P,2018-11-28T17:30:00,2018-11-28T17:30:00,121,121
http://irail.be/vehicle/P8803,http://irail.be/stations/NMBS/008813003,P,2018-11-28T17:32:00,2018-11-28T17:31:00,392,350
http://irail.be/vehicle/P8803,http://irail.be/stations/NMBS/008813037,P,2018-11-28T17:34:00,2018-11-28T17:34:00,338,338
http://irail.be/vehicle/P8803,http://irail.be/stations/NMBS/008814001,P,2018-11-28T17:38:00,2018-11-28T17:36:00,461,384
http://irail.be/vehicle/P8803,http://irail.be/stations/NMBS/008814373,P,2018-11-28T17:42:00,2018-11-28T17:42:00,447,447
http://irail.be/vehicle/P8803,http://irail.be/stations/NMBS/008814308,P,2018-11-28T17:47:00,2018-11-28T17:47:00,499,499
http://irail.be/vehicle/P8803,http://irail.be/stations/NMBS/008814332,P,2018-11-28T17:49:00,2018-11-28T17:49:00,539,539
http://irail.be/vehicle/P8803,http://irail.be/stations/NMBS/008883808,P,2018-11-28T17:50:00,2018-11-28T17:50:00,619,619
http://irail.be/vehicle/P8803,http://irail.be/stations/NMBS/008883022,P,2018-11-28T17:53:00,2018-11-28T17:53:00,615,615
http://irail.be/vehicle/P8803,NO-URI,P,2018-11-28T17:54:00,2018-11-28T17:54:00,847,847
http://irail.be/vehicle/P8803,http://irail.be/stations/NMBS/008883006,P,2018-11-28T18:00:00,2018-11-28T17:59:00,1072,905
http://irail.be/vehicle/P8803,http://irail.be/stations/NMBS/008883113,P,2018-11-28T18:06:00,2018-11-28T18:05:00,1057,1027
http://irail.be/vehicle/P8803,NO-URI,P,2018-11-28T18:10:00,2018-11-28T18:10:00,1001,1001
http://irail.be/vehicle/P8803,http://irail.be/stations/NMBS/008883121,P,2018-11-28T18:10:00,2018-11-28T18:10:00,1010,1010
http://irail.be/vehicle/P8803,http://irail.be/stations/NMBS/008881174,P,2018-11-28T18:11:00,2018-11-28T18:11:00,1037,1037
http://irail.be/vehicle/P8803,http://irail.be/stations/NMBS/008881166,P,2018-11-28T18:15:00,2018-11-28T18:14:00,1002,1025
http://irail.be/vehicle/P8803,http://irail.be/stations/NMBS/008881158,P,2018-11-28T18:18:00,2018-11-28T18:18:00,1002,1002
http://irail.be/vehicle/P8803,http://irail.be/stations/NMBS/008881125,P,2018-11-28T18:19:00,2018-11-28T18:19:00,1053,1053
http://irail.be/vehicle/P8803,http://irail.be/stations/NMBS/008881000,P,2018-11-28T18:28:00,2018-11-28T18:24:00,1313,977
http://irail.be/vehicle/P8803,http://irail.be/stations/NMBS/008884566,P,2018-11-28T18:35:00,2018-11-28T18:34:00,1313,1313
http://irail.be/vehicle/P8803,http://irail.be/stations/NMBS/008884541,P,2018-11-28T18:39:00,2018-11-28T18:38:00,1240,1230
http://irail.be/vehicle/P8803,http://irail.be/stations/NMBS/008884004,P,2018-11-28T18:42:00,2018-11-28T18:42:00,,1275
http://irail.be/vehicle/P8803,NO-URI,P,2018-09-07T17:05:00,2018-09-07T17:05:00,20,
http://irail.be/vehicle/P8803,http://irail.be/stations/NMBS/008811007,P,2018-09-07T17:20:00,2018-09-07T17:15:00,-14,122
http://irail.be/vehicle/P8803,http://irail.be/stations/NMBS/008812005,P,2018-09-07T17:28:00,2018-09-07T17:25:00,101,-64
http://irail.be/vehicle/P8803,http://irail.be/stations/NMBS/008813045,P,2018-09-07T17:30:00,2018-09-07T17:30:00,98,98
http://irail.be/vehicle/P8803,http://irail.be/stations/NMBS/008813003,P,2018-09-07T17:32:00,2018-09-07T17:31:00,190,168
http://irail.be/vehicle/P8803,http://irail.be/stations/NMBS/008813037,P,2018-09-07T17:34:00,2018-09-07T17:34:00,136,136
http://irail.be/vehicle/P8803,http://irail.be/stations/NMBS/008814001,P,2018-09-07T17:38:00,2018-09-07T17:36:00,205,179
http://irail.be/vehicle/P8803,http://irail.be/stations/NMBS/008814373,P,2018-09-07T17:42:00,2018-09-07T17:42:00,208,208
http://irail.be/vehicle/P8803,http://irail.be/stations/NMBS/008814308,P,2018-09-07T17:47:00,2018-09-07T17:47:00,215,215
http://irail.be/vehicle/P8803,http://irail.be/stations/NMBS/008814332,P,2018-09-07T17:49:00,2018-09-07T17:49:00,298,298
http://irail.be/vehicle/P8803,http://irail.be/stations/NMBS/008883808,P,2018-09-07T17:50:00,2018-09-07T17:50:00,477,477
http://irail.be/vehicle/P8803,http://irail.be/stations/NMBS/008883022,P,2018-09-07T17:53:00,2018-09-07T17:53:00,450,450
http://irail.be/vehicle/P8803,NO-URI,P,2018-09-07T17:54:00,2018-09-07T17:54:00,401,401
http://irail.be/vehicle/P8803,http://irail.be/stations/NMBS/008883006,P,2018-09-07T18:00:00,2018-09-07T17:59:00,300,349
http://irail.be/vehicle/P8803,http://irail.be/stations/NMBS/008883113,P,2018-09-07T18:06:00,2018-09-07T18:05:00,251,246
http://irail.be/vehicle/P8803,NO-URI,P,2018-09-07T18:10:00,2018-09-07T18:10:00,196,196
http://irail.be/vehicle/P8803,http://irail.be/stations/NMBS/008883121,P,2018-09-07T18:10:00,2018-09-07T18:10:00,207,207
http://irail.be/vehicle/P8803,http://irail.be/stations/NMBS/008881174,P,2018-09-07T18:11:00,2018-09-07T18:11:00,278,278
http://irail.be/vehicle/P8803,http://irail.be/stations/NMBS/008881166,P,2018-09-07T18:15:00,2018-09-07T18:14:00,240,271
http://irail.be/vehicle/P8803,http://irail.be/stations/NMBS/008881158,P,2018-09-07T18:18:00,2018-09-07T18:18:00,240,240
http://irail.be/vehicle/P8803,http://irail.be/stations/NMBS/008881125,P,2018-09-07T18:19:00,2018-09-07T18:19:00,232,232
http://irail.be/vehicle/P8803,http://irail.be/stations/NMBS/008881000,P,2018-09-07T18:28:00,2018-09-07T18:24:00,25,212
http://irail.be/vehicle/P8803,http://irail.be/stations/NMBS/008884566,P,2018-09-07T18:35:00,2018-09-07T18:34:00,25,25
http://irail.be/vehicle/P8803,http://irail.be/stations/NMBS/008884541,P,2018-09-07T18:39:00,2018-09-07T18:38:00,-2,-37
http://irail.be/vehicle/P8803,http://irail.be/stations/NMBS/008884004,P,2018-09-07T18:44:00,2018-09-07T18:42:00,24,25
http://irail.be/vehicle/P8803,http://irail.be/stations/NMBS/008884319,P,2018-09-07T18:48:00,2018-09-07T18:48:00,91,91
http://irail.be/vehicle/P8803,http://irail.be/stations/NMBS/008884327,P,2018-09-07T18:51:00,2018-09-07T18:51:00,57,57
http://irail.be/vehicle/P8803,http://irail.be/stations/NMBS/008884350,P,2018-09-07T18:54:00,2018-09-07T18:54:00,57,57
http://irail.be/vehicle/P8803,http://irail.be/stations/NMBS/008884335,P,2018-09-07T18:59:00,2018-09-07T18:59:00,,57
http://irail.be/vehicle/P8803,NO-URI,P,2018-05-28T17:05:00,2018-05-28T17:05:00,315,
http://irail.be/vehicle/P8803,http://irail.be/stations/NMBS/008811007,P,2018-05-28T17:20:00,2018-05-28T17:15:00,85,294
http://irail.be/vehicle/P8803,http://irail.be/stations/NMBS/008812005,P,2018-05-28T17:28:00,2018-05-28T17:25:00,31,81
http://irail.be/vehicle/P8803,http://irail.be/stations/NMBS/008813045,P,2018-05-28T17:30:00,2018-05-28T17:30:00,26,26
http://irail.be/vehicle/P8803,http://irail.be/stations/NMBS/008813003,P,2018-05-28T17:32:00,2018-05-28T17:31:00,143,117
http://irail.be/vehicle/P8803,http://irail.be/stations/NMBS/008813037,P,2018-05-28T17:34:00,2018-05-28T17:34:00,94,94
http://irail.be/vehicle/P8803,http://irail.be/stations/NMBS/008814001,P,2018-05-28T17:38:00,2018-05-28T17:36:00,123,173
http://irail.be/vehicle/P8803,http://irail.be/stations/NMBS/008814373,P,2018-05-28T17:42:00,2018-05-28T17:42:00,96,96
http://irail.be/vehicle/P8803,http://irail.be/stations/NMBS/008814308,P,2018-05-28T17:47:00,2018-05-28T17:47:00,299,299
http://irail.be/vehicle/P8803,http://irail.be/stations/NMBS/008814332,P,2018-05-28T17:49:00,2018-05-28T17:49:00,341,341
http://irail.be/vehicle/P8803,http://irail.be/stations/NMBS/008883808,P,2018-05-28T17:50:00,2018-05-28T17:50:00,382,382
http://irail.be/vehicle/P8803,http://irail.be/stations/NMBS/008883022,P,2018-05-28T17:53:00,2018-05-28T17:53:00,340,340
http://irail.be/vehicle/P8803,NO-URI,P,2018-05-28T17:54:00,2018-05-28T17:54:00,287,287
http://irail.be/vehicle/P8803,http://irail.be/stations/NMBS/008883006,P,2018-05-28T18:00:00,2018-05-28T17:59:00,355,376
http://irail.be/vehicle/P8803,http://irail.be/stations/NMBS/008883113,P,2018-05-28T18:06:00,2018-05-28T18:05:00,360,328
http://irail.be/vehicle/P8803,NO-URI,P,2018-05-28T18:10:00,2018-05-28T18:10:00,310,310
http://irail.be/vehicle/P8803,http://irail.be/stations/NMBS/008883121,P,2018-05-28T18:10:00,2018-05-28T18:10:00,320,320
http://irail.be/vehicle/P8803,http://irail.be/stations/NMBS/008881174,P,2018-05-28T18:11:00,2018-05-28T18:11:00,339,339
http://irail.be/vehicle/P8803,http://irail.be/stations/NMBS/008881166,P,2018-05-28T18:15:00,2018-05-28T18:14:00,327,325
http://irail.be/vehicle/P8803,http://irail.be/stations/NMBS/008881158,P,2018-05-28T18:17:00,2018-05-28T18:17:00,327,327
http://irail.be/vehicle/P8803,http://irail.be/stations/NMBS/008881125,P,2018-05-28T18:20:00,2018-05-28T18:20:00,234,234
http://irail.be/vehicle/P8803,http://irail.be/stations/NMBS/008881000,P,2018-05-28T18:28:00,2018-05-28T18:24:00,553,410
http://irail.be/vehicle/P8803,http://irail.be/stations/NMBS/008884566,P,2018-05-28T18:35:00,2018-05-28T18:34:00,548,553
http://irail.be/vehicle/P8803,http://irail.be/stations/NMBS/008884541,P,2018-05-28T18:39:00,2018-05-28T18:38:00,573,567
http://irail.be/vehicle/P8803,http://irail.be/stations/NMBS/008884004,P,2018-05-28T18:44:00,2018-05-28T18:42:00,608,611
http://irail.be/vehicle/P8803,http://irail.be/stations/NMBS/008884319,P,2018-05-28T18:48:00,2018-05-28T18:48:00,911,911
http://irail.be/vehicle/P8803,http://irail.be/stations/NMBS/008884327,P,2018-05-28T18:51:00,2018-05-28T18:51:00,906,906
http://irail.be/vehicle/P8803,http://irail.be/stations/NMBS/008884350,P,2018-05-28T18:54:00,2018-05-28T18:54:00,906,906
http://irail.be/vehicle/P8803,http://irail.be/stations/NMBS/008884335,P,2018-05-28T18:59:00,2018-05-28T18:59:00,,906
http://irail.be/vehicle/P8803,NO-URI,P,2018-02-14T17:05:00,2018-02-14T17:05:00,-121,
http://irail.be/vehicle/P8803,http://irail.be/stations/NMBS/008811007,P,2018-02-14T17:20:00,2018-02-14T17:15:00,36,-182
http://irail.be/vehicle/P8803,http://irail.be/stations/NMBS/008812005,P,2018-02-14T17:28:00,2018-02-14T17:25:00,58,5
http://irail.be/vehicle/P8803,http://irail.be/stations/NMBS/008813045,P,2018-02-14T17:30:00,2018-02-14T17:30:00,70,70
http://irail.be/vehicle/P8803,http://irail.be/stations/NMBS/008813003,P,2018-02-14T17:32:00,2018-02-14T17:31:00,279,201
http://irail.be/vehicle/P8803,http://irail.be/stations/NMBS/008813037,P,2018-02-14T17:34:00,2018-02-14T17:34:00,228,228
http://irail.be/vehicle/P8803,http://irail.be/stations/NMBS/008814001,P,2018-02-14T17:38:00,2018-02-14T17:36:00,239,271
http://irail.be/vehicle/P8803,http://irail.be/stations/NMBS/008814373,P,2018-02-14T17:42:00,2018-02-14T17:42:00,220,220
http://irail.be/vehicle/P8803,http://irail.be/stations/NMBS/008814308,P,2018-02-14T17:47:00,2018-02-14T17:47:00,192,192
http://irail.be/vehicle/P8803,http://irail.be/stations/NMBS/008814332,P,2018-02-14T17:49:00,2018-02-14T17:49:00,177,177
http://irail.be/vehicle/P8803,http://irail.be/stations/NMBS/008883808,P,2018-02-14T17:50:00,2018-02-14T17:50:00,177,177
http://irail.be/vehicle/P8803,http://irail.be/stations/NMBS/008883022,P,2018-02-14T17:53:00,2018-02-14T17:53:00,127,127
http://irail.be/vehicle/P8803,NO-URI,P,2018-02-14T17:54:00,2018-02-14T17:54:00,76,76
http://irail.be/vehicle/P8803,http://irail.be/stations/NMBS/008883006,P,2018-02-14T18:00:00,2018-02-14T17:59:00,195,163
http://irail.be/vehicle/P8803,http://irail.be/stations/NMBS/008883113,P,2018-02-14T18:06:00,2018-02-14T18:05:00,180,145
http://irail.be/vehicle/P8803,NO-URI,P,2018-02-14T18:10:00,2018-02-14T18:10:00,121,121
http://irail.be/vehicle/P8803,http://irail.be/stations/NMBS/008883121,P,2018-02-14T18:10:00,2018-02-14T18:10:00,132,132
http://irail.be/vehicle/P8803,http://irail.be/stations/NMBS/008881174,P,2018-02-14T18:11:00,2018-02-14T18:11:00,153,153
http://irail.be/vehicle/P8803,http://irail.be/stations/NMBS/008881166,P,2018-02-14T18:15:00,2018-02-14T18:14:00,156,144
http://irail.be/vehicle/P8803,http://irail.be/stations/NMBS/008881158,P,2018-02-14T18:17:00,2018-02-14T18:17:00,156,156
http://irail.be/vehicle/P8803,http://irail.be/stations/NMBS/008881125,P,2018-02-14T18:20:00,2018-02-14T18:20:00,59,59
http://irail.be/vehicle/P8803,http://irail.be/stations/NMBS/008881000,P,2018-02-14T18:28:00,2018-02-14T18:24:00,89,44
http://irail.be/vehicle/P8803,http://irail.be/stations/NMBS/008884566,P,2018-02-14T18:35:00,2018-02-14T18:34:00,161,89
http://irail.be/vehicle/P8803,http://irail.be/stations/NMBS/008884541,P,2018-02-14T18:39:00,2018-02-14T18:38:00,246,176
http://irail.be/vehicle/P8803,http://irail.be/stations/NMBS/008884004,P,2018-02-14T18:44:00,2018-02-14T18:42:00,287,315
http://irail.be/vehicle/P8803,http://irail.be/stations/NMBS/008884319,P,2018-02-14T18:48:00,2018-02-14T18:48:00,299,223
http://irail.be/vehicle/P8803,http://irail.be/stations/NMBS/008884327,P,2018-02-14T18:51:00,2018-02-14T18:51:00,299,299
http://irail.be/vehicle/P8803,http://irail.be/stations/NMBS/008884350,P,2018-02-14T18:54:00,2018-02-14T18:54:00,299,299
http://irail.be/vehicle/P8803,http://irail.be/stations/NMBS/008884335,P,2018-02-14T18:59:00,2018-02-14T18:59:00,,299
http://irail.be/vehicle/P8803,NO-URI,P,2018-12-20T17:05:00,2018-12-20T17:05:00,121,
http://irail.be/vehicle/P8803,http://irail.be/stations/NMBS/008811007,P,2018-12-20T17:18:00,2018-12-20T17:15:00,26,6
http://irail.be/vehicle/P8803,http://irail.be/stations/NMBS/008812005,P,2018-12-20T17:25:00,2018-12-20T17:23:00,49,71
http://irail.be/vehicle/P8803,http://irail.be/stations/NMBS/008813045,P,2018-12-20T17:27:00,2018-12-20T17:27:00,52,52
http://irail.be/vehicle/P8803,http://irail.be/stations/NMBS/008813003,P,2018-12-20T17:30:00,2018-12-20T17:29:00,161,150
http://irail.be/vehicle/P8803,http://irail.be/stations/NMBS/008813037,P,2018-12-20T17:31:00,2018-12-20T17:31:00,156,156
http://irail.be/vehicle/P8803,http://irail.be/stations/NMBS/008814001,P,2018-12-20T17:39:00,2018-12-20T17:34:00,21,151
http://irail.be/vehicle/P8803,http://irail.be/stations/NMBS/008814373,P,2018-12-20T17:43:00,2018-12-20T17:43:00,33,33
http://irail.be/vehicle/P8803,http://irail.be/stations/NMBS/008814365,P,2018-12-20T17:44:58,2018-12-20T17:44:58,-54,-54
http://irail.be/vehicle/P8803,http://irail.be/stations/NMBS/008814357,P,2018-12-20T17:46:37,2018-12-20T17:46:37,-54,-54
http://irail.be/vehicle/P8803,http://irail.be/stations/NMBS/008814340,P,2018-12-20T17:47:22,2018-12-20T17:47:22,-51,-51
http://irail.be/vehicle/P8803,http://irail.be/stations/NMBS/008814308,P,2018-12-20T17:49:00,2018-12-20T17:49:00,54,54
http://irail.be/vehicle/P8803,http://irail.be/stations/NMBS/008814332,P,2018-12-20T17:50:00,2018-12-20T17:50:00,71,71
http://irail.be/vehicle/P8803,http://irail.be/stations/NMBS/008883808,P,2018-12-20T17:52:00,2018-12-20T17:52:00,245,245
http://irail.be/vehicle/P8803,http://irail.be/stations/NMBS/008883022,P,2018-12-20T17:54:00,2018-12-20T17:54:00,302,302
http://irail.be/vehicle/P8803,NO-URI,P,2018-12-20T17:55:00,2018-12-20T17:55:00,257,257
http://irail.be/vehicle/P8803,http://irail.be/stations/NMBS/008883006,P,2018-12-20T18:01:00,2018-12-20T18:00:00,310,306
http://irail.be/vehicle/P8803,http://irail.be/stations/NMBS/008883113,P,2018-12-20T18:07:00,2018-12-20T18:06:00,321,285
http://irail.be/vehicle/P8803,NO-URI,P,2018-12-20T18:11:00,2018-12-20T18:11:00,272,272
http://irail.be/vehicle/P8803,http://irail.be/stations/NMBS/008883121,P,2018-12-20T18:11:00,2018-12-20T18:11:00,285,285
http://irail.be/vehicle/P8803,http://irail.be/stations/NMBS/008881174,P,2018-12-20T18:13:00,2018-12-20T18:13:00,299,299
http://irail.be/vehicle/P8803,http://irail.be/stations/NMBS/008881166,P,2018-12-20T18:16:00,2018-12-20T18:15:00,289,291
http://irail.be/vehicle/P8803,http://irail.be/stations/NMBS/008881158,P,2018-12-20T18:19:00,2018-12-20T18:19:00,289,289
http://irail.be/vehicle/P8803,http://irail.be/stations/NMBS/008881125,P,2018-12-20T18:21:00,2018-12-20T18:21:00,293,293
http://irail.be/vehicle/P8803,http://irail.be/stations/NMBS/008881000,P,2018-12-20T18:28:00,2018-12-20T18:25:00,579,390
http://irail.be/vehicle/P8803,http://irail.be/stations/NMBS/008884566,P,2018-12-20T18:35:00,2018-12-20T18:34:00,579,579
http://irail.be/vehicle/P8803,http://irail.be/stations/NMBS/008884541,P,2018-12-20T18:39:00,2018-12-20T18:38:00,455,473
http://irail.be/vehicle/P8803,http://irail.be/stations/NMBS/008884004,P,2018-12-20T18:45:00,2018-12-20T18:43:00,480,490
http://irail.be/vehicle/P8803,http://irail.be/stations/NMBS/008884319,P,2018-12-20T18:49:00,2018-12-20T18:49:00,464,446
http://irail.be/vehicle/P8803,http://irail.be/stations/NMBS/008884327,P,2018-12-20T18:52:00,2018-12-20T18:52:00,464,464
http://irail.be/vehicle/P8803,http://irail.be/stations/NMBS/008884350,P,2018-12-20T18:55:00,2018-12-20T18:55:00,464,464
http://irail.be/vehicle/P8803,http://irail.be/stations/NMBS/008884335,P,2018-12-20T19:00:00,2018-12-20T19:00:00,,464
http://irail.be/vehicle/P8803,NO-URI,P,2018-01-31T17:05:00,2018-01-31T17:05:00,-45,
http://irail.be/vehicle/P8803,http://irail.be/stations/NMBS/008811007,P,2018-01-31T17:20:00,2018-01-31T17:15:00,21,-88
http://irail.be/vehicle/P8803,http://irail.be/stations/NMBS/008812005,P,2018-01-31T17:28:00,2018-01-31T17:25:00,25,-22
http://irail.be/vehicle/P8803,http://irail.be/stations/NMBS/008813045,P,2018-01-31T17:30:00,2018-01-31T17:30:00,36,36
http://irail.be/vehicle/P8803,http://irail.be/stations/NMBS/008813003,P,2018-01-31T17:32:00,2018-01-31T17:31:00,85,68
http://irail.be/vehicle/P8803,http://irail.be/stations/NMBS/008813037,P,2018-01-31T17:34:00,2018-01-31T17:34:00,33,33
http://irail.be/vehicle/P8803,http://irail.be/stations/NMBS/008814001,P,2018-01-31T17:38:00,2018-01-31T17:36:00,151,89
http://irail.be/vehicle/P8803,http://irail.be/stations/NMBS/008814373,P,2018-01-31T17:42:00,2018-01-31T17:42:00,184,184
http://irail.be/vehicle/P8803,http://irail.be/stations/NMBS/008814308,P,2018-01-31T17:47:00,2018-01-31T17:47:00,283,283
http://irail.be/vehicle/P8803,http://irail.be/stations/NMBS/008814332,P,2018-01-31T17:49:00,2018-01-31T17:49:00,264,264
http://irail.be/vehicle/P8803,http://irail.be/stations/NMBS/008883808,P,2018-01-31T17:50:00,2018-01-31T17:50:00,241,241
http://irail.be/vehicle/P8803,http://irail.be/stations/NMBS/008883022,P,2018-01-31T17:53:00,2018-01-31T17:53:00,212,212
http://irail.be/vehicle/P8803,NO-URI,P,2018-01-31T17:54:00,2018-01-31T17:54:00,174,174
http://irail.be/vehicle/P8803,http://irail.be/stations/NMBS/008883006,P,2018-01-31T18:00:00,2018-01-31T17:59:00,345,319
http://irail.be/vehicle/P8803,http://irail.be/stations/NMBS/008883113,P,2018-01-31T18:06:00,2018-01-31T18:05:00,327,298
http://irail.be/vehicle/P8803,NO-URI,P,2018-01-31T18:10:00,2018-01-31T18:10:00,269,269
http://irail.be/vehicle/P8803,http://irail.be/stations/NMBS/008883121,P,2018-01-31T18:10:00,2018-01-31T18:10:00,282,282
http://irail.be/vehicle/P8803,http://irail.be/stations/NMBS/008881174,P,2018-01-31T18:11:00,2018-01-31T18:11:00,307,307
http://irail.be/vehicle/P8803,http://irail.be/stations/NMBS/008881166,P,2018-01-31T18:15:00,2018-01-31T18:14:00,337,297
http://irail.be/vehicle/P8803,http://irail.be/stations/NMBS/008881158,P,2018-01-31T18:17:00,2018-01-31T18:17:00,337,337
http://irail.be/vehicle/P8803,http://irail.be/stations/NMBS/008881125,P,2018-01-31T18:20:00,2018-01-31T18:20:00,242,242
http://irail.be/vehicle/P8803,http://irail.be/stations/NMBS/008881000,P,2018-01-31T18:28:00,2018-01-31T18:24:00,647,250
http://irail.be/vehicle/P8803,http://irail.be/stations/NMBS/008884566,P,2018-01-31T18:35:00,2018-01-31T18:34:00,602,647
http://irail.be/vehicle/P8803,http://irail.be/stations/NMBS/008884541,P,2018-01-31T18:39:00,2018-01-31T18:38:00,659,616
http://irail.be/vehicle/P8803,http://irail.be/stations/NMBS/008884004,P,2018-01-31T18:44:00,2018-01-31T18:42:00,674,702
http://irail.be/vehicle/P8803,http://irail.be/stations/NMBS/008884319,P,2018-01-31T18:48:00,2018-01-31T18:48:00,738,652
http://irail.be/vehicle/P8803,http://irail.be/stations/NMBS/008884327,P,2018-01-31T18:51:00,2018-01-31T18:51:00,738,738
http://irail.be/vehicle/P8803,http://irail.be/stations/NMBS/008884350,P,2018-01-31T18:54:00,2018-01-31T18:54:00,738,738
http://irail.be/vehicle/P8803,http://irail.be/stations/NMBS/008884335,P,2018-01-31T18:59:00,2018-01-31T18:59:00,,738
http://irail.be/vehicle/P8803,NO-URI,P,2018-10-10T17:05:00,2018-10-10T17:05:00,32,
http://irail.be/vehicle/P8803,http://irail.be/stations/NMBS/008811007,P,2018-10-10T17:20:00,2018-10-10T17:15:00,-5,32
http://irail.be/vehicle/P8803,http://irail.be/stations/NMBS/008812005,P,2018-10-10T17:28:00,2018-10-10T17:25:00,124,-15
http://irail.be/vehicle/P8803,http://irail.be/stations/NMBS/008813045,P,2018-10-10T17:30:00,2018-10-10T17:30:00,144,144
http://irail.be/vehicle/P8803,http://irail.be/stations/NMBS/008813003,P,2018-10-10T17:32:00,2018-10-10T17:31:00,448,399
http://irail.be/vehicle/P8803,http://irail.be/stations/NMBS/008813037,P,2018-10-10T17:34:00,2018-10-10T17:34:00,408,408
http://irail.be/vehicle/P8803,http://irail.be/stations/NMBS/008814001,P,2018-10-10T17:38:00,2018-10-10T17:36:00,434,460
http://irail.be/vehicle/P8803,http://irail.be/stations/NMBS/008814373,P,2018-10-10T17:42:00,2018-10-10T17:42:00,409,409
http://irail.be/vehicle/P8803,http://irail.be/stations/NMBS/008814308,P,2018-10-10T17:47:00,2018-10-10T17:47:00,386,386
http://irail.be/vehicle/P8803,http://irail.be/stations/NMBS/008814332,P,2018-10-10T17:49:00,2018-10-10T17:49:00,361,361
http://irail.be/vehicle/P8803,http://irail.be/stations/NMBS/008883808,P,2018-10-10T17:50:00,2018-10-10T17:50:00,631,631
http://irail.be/vehicle/P8803,http://irail.be/stations/NMBS/008883022,P,2018-10-10T17:53:00,2018-10-10T17:53:00,619,619
http://irail.be/vehicle/P8803,NO-URI,P,2018-10-10T17:54:00,2018-10-10T17:54:00,615,615
http://irail.be/vehicle/P8803,http://irail.be/stations/NMBS/008883006,P,2018-10-10T18:00:00,2018-10-10T17:59:00,729,688
http://irail.be/vehicle/P8803,http://irail.be/stations/NMBS/008883113,P,2018-10-10T18:06:00,2018-10-10T18:05:00,720,690
http://irail.be/vehicle/P8803,NO-URI,P,2018-10-10T18:10:00,2018-10-10T18:10:00,678,678
http://irail.be/vehicle/P8803,http://irail.be/stations/NMBS/008883121,P,2018-10-10T18:10:00,2018-10-10T18:10:00,690,690
http://irail.be/vehicle/P8803,http://irail.be/stations/NMBS/008881174,P,2018-10-10T18:11:00,2018-10-10T18:11:00,714,714
http://irail.be/vehicle/P8803,http://irail.be/stations/NMBS/008881166,P,2018-10-10T18:15:00,2018-10-10T18:14:00,712,703
http://irail.be/vehicle/P8803,http://irail.be/stations/NMBS/008881158,P,2018-10-10T18:18:00,2018-10-10T18:18:00,712,712
http://irail.be/vehicle/P8803,http://irail.be/stations/NMBS/008881125,P,2018-10-10T18:19:00,2018-10-10T18:19:00,716,716
http://irail.be/vehicle/P8803,http://irail.be/stations/NMBS/008881000,P,2018-10-10T18:28:00,2018-10-10T18:24:00,534,656
http://irail.be/vehicle/P8803,http://irail.be/stations/NMBS/008884566,P,2018-10-10T18:35:00,2018-10-10T18:34:00,534,534
http://irail.be/vehicle/P8803,http://irail.be/stations/NMBS/008884541,P,2018-10-10T18:39:00,2018-10-10T18:38:00,514,470
http://irail.be/vehicle/P8803,http://irail.be/stations/NMBS/008884004,P,2018-10-10T18:44:00,2018-10-10T18:42:00,530,562
http://irail.be/vehicle/P8803,http://irail.be/stations/NMBS/008884319,P,2018-10-10T18:48:00,2018-10-10T18:48:00,873,768
http://irail.be/vehicle/P8803,http://irail.be/stations/NMBS/008884327,P,2018-10-10T18:51:00,2018-10-10T18:51:00,873,873
http://irail.be/vehicle/P8803,http://irail.be/stations/NMBS/008884350,P,2018-10-10T18:54:00,2018-10-10T18:54:00,873,873
http://irail.be/vehicle/P8803,http://irail.be/stations/NMBS/008884335,P,2018-10-10T18:59:00,2018-10-10T18:59:00,,873
http://irail.be/vehicle/P8803,NO-URI,P,2018-06-06T17:05:00,2018-06-06T17:05:00,535,
http://irail.be/vehicle/P8803,http://irail.be/stations/NMBS/008811007,P,2018-06-06T17:20:00,2018-06-06T17:15:00,189,427
http://irail.be/vehicle/P8803,http://irail.be/stations/NMBS/008812005,P,2018-06-06T17:28:00,2018-06-06T17:25:00,212,179
http://irail.be/vehicle/P8803,http://irail.be/stations/NMBS/008813045,P,2018-06-06T17:30:00,2018-06-06T17:30:00,214,214
http://irail.be/vehicle/P8803,http://irail.be/stations/NMBS/008813003,P,2018-06-06T17:32:00,2018-06-06T17:31:00,298,251
http://irail.be/vehicle/P8803,http://irail.be/stations/NMBS/008813037,P,2018-06-06T17:34:00,2018-06-06T17:34:00,249,249
http://irail.be/vehicle/P8803,http://irail.be/stations/NMBS/008814001,P,2018-06-06T17:38:00,2018-06-06T17:36:00,303,306
http://irail.be/vehicle/P8803,http://irail.be/stations/NMBS/008814373,P,2018-06-06T17:42:00,2018-06-06T17:42:00,286,286
http://irail.be/vehicle/P8803,http://irail.be/stations/NMBS/008814308,P,2018-06-06T17:47:00,2018-06-06T17:47:00,325,325
http://irail.be/vehicle/P8803,http://irail.be/stations/NMBS/008814332,P,2018-06-06T17:49:00,2018-06-06T17:49:00,297,297
http://irail.be/vehicle/P8803,http://irail.be/stations/NMBS/008883808,P,2018-06-06T17:50:00,2018-06-06T17:50:00,263,263
http://irail.be/vehicle/P8803,http://irail.be/stations/NMBS/008883022,P,2018-06-06T17:53:00,2018-06-06T17:53:00,210,210
http://irail.be/vehicle/P8803,NO-URI,P,2018-06-06T17:54:00,2018-06-06T17:54:00,155,155
http://irail.be/vehicle/P8803,http://irail.be/stations/NMBS/008883006,P,2018-06-06T18:00:00,2018-06-06T17:59:00,148,169
http://irail.be/vehicle/P8803,http://irail.be/stations/NMBS/008883113,P,2018-06-06T18:06:00,2018-06-06T18:05:00,150,116
http://irail.be/vehicle/P8803,NO-URI,P,2018-06-06T18:10:00,2018-06-06T18:10:00,93,93
http://irail.be/vehicle/P8803,http://irail.be/stations/NMBS/008883121,P,2018-06-06T18:10:00,2018-06-06T18:10:00,105,105
http://irail.be/vehicle/P8803,http://irail.be/stations/NMBS/008881174,P,2018-06-06T18:11:00,2018-06-06T18:11:00,124,124
http://irail.be/vehicle/P8803,http://irail.be/stations/NMBS/008881166,P,2018-06-06T18:15:00,2018-06-06T18:14:00,318,211
http://irail.be/vehicle/P8803,http://irail.be/stations/NMBS/008881158,P,2018-06-06T18:17:00,2018-06-06T18:17:00,318,318
http://irail.be/vehicle/P8803,http://irail.be/stations/NMBS/008881125,P,2018-06-06T18:20:00,2018-06-06T18:20:00,232,232
http://irail.be/vehicle/P8803,http://irail.be/stations/NMBS/008881000,P,2018-06-06T18:28:00,2018-06-06T18:24:00,668,505
http://irail.be/vehicle/P8803,http://irail.be/stations/NMBS/008884566,P,2018-06-06T18:35:00,2018-06-06T18:34:00,668,668
http://irail.be/vehicle/P8803,http://irail.be/stations/NMBS/008884541,P,2018-06-06T18:39:00,2018-06-06T18:38:00,610,616
http://irail.be/vehicle/P8803,http://irail.be/stations/NMBS/008884004,P,2018-06-06T18:44:00,2018-06-06T18:42:00,612,644
http://irail.be/vehicle/P8803,http://irail.be/stations/NMBS/008884319,P,2018-06-06T18:48:00,2018-06-06T18:48:00,807,807
http://irail.be/vehicle/P8803,http://irail.be/stations/NMBS/008884327,P,2018-06-06T18:51:00,2018-06-06T18:51:00,750,750
http://irail.be/vehicle/P8803,http://irail.be/stations/NMBS/008884350,P,2018-06-06T18:54:00,2018-06-06T18:54:00,750,750
http://irail.be/vehicle/P8803,http://irail.be/stations/NMBS/008884335,P,2018-06-06T18:59:00,2018-06-06T18:59:00,,750
http://irail.be/vehicle/P8803,NO-URI,P,2018-04-16T17:05:00,2018-04-16T17:05:00,-84,
http://irail.be/vehicle/P8803,http://irail.be/stations/NMBS/008811007,P,2018-04-16T17:20:00,2018-04-16T17:15:00,-3,-210
http://irail.be/vehicle/P8803,http://irail.be/stations/NMBS/008812005,P,2018-04-16T17:28:00,2018-04-16T17:25:00,18,-105
http://irail.be/vehicle/P8803,http://irail.be/stations/NMBS/008813045,P,2018-04-16T17:30:00,2018-04-16T17:30:00,13,13
http://irail.be/vehicle/P8803,http://irail.be/stations/NMBS/008813003,P,2018-04-16T17:32:00,2018-04-16T17:31:00,109,71
http://irail.be/vehicle/P8803,http://irail.be/stations/NMBS/008813037,P,2018-04-16T17:34:00,2018-04-16T17:34:00,56,56
http://irail.be/vehicle/P8803,http://irail.be/stations/NMBS/008814001,P,2018-04-16T17:38:00,2018-04-16T17:36:00,67,101
http://irail.be/vehicle/P8803,http://irail.be/stations/NMBS/008814373,P,2018-04-16T17:42:00,2018-04-16T17:42:00,69,69
http://irail.be/vehicle/P8803,http://irail.be/stations/NMBS/008814308,P,2018-04-16T17:47:00,2018-04-16T17:47:00,125,125
http://irail.be/vehicle/P8803,http://irail.be/stations/NMBS/008814332,P,2018-04-16T17:49:00,2018-04-16T17:49:00,99,99
http://irail.be/vehicle/P8803,http://irail.be/stations/NMBS/008883808,P,2018-04-16T17:50:00,2018-04-16T17:50:00,208,208
http://irail.be/vehicle/P8803,http://irail.be/stations/NMBS/008883022,P,2018-04-16T17:53:00,2018-04-16T17:53:00,206,206
http://irail.be/vehicle/P8803,NO-URI,P,2018-04-16T17:54:00,2018-04-16T17:54:00,158,158
http://irail.be/vehicle/P8803,http://irail.be/stations/NMBS/008883006,P,2018-04-16T18:00:00,2018-04-16T17:59:00,210,261
http://irail.be/vehicle/P8803,http://irail.be/stations/NMBS/008883113,P,2018-04-16T18:06:00,2018-04-16T18:05:00,160,152
http://irail.be/vehicle/P8803,NO-URI,P,2018-04-16T18:10:00,2018-04-16T18:10:00,95,95
http://irail.be/vehicle/P8803,http://irail.be/stations/NMBS/008883121,P,2018-04-16T18:10:00,2018-04-16T18:10:00,105,105
http://irail.be/vehicle/P8803,http://irail.be/stations/NMBS/008881174,P,2018-04-16T18:11:00,2018-04-16T18:11:00,129,129
http://irail.be/vehicle/P8803,http://irail.be/stations/NMBS/008881166,P,2018-04-16T18:15:00,2018-04-16T18:14:00,103,116
http://irail.be/vehicle/P8803,http://irail.be/stations/NMBS/008881158,P,2018-04-16T18:17:00,2018-04-16T18:17:00,103,103
http://irail.be/vehicle/P8803,http://irail.be/stations/NMBS/008881125,P,2018-04-16T18:20:00,2018-04-16T18:20:00,16,16
http://irail.be/vehicle/P8803,http://irail.be/stations/NMBS/008881000,P,2018-04-16T18:28:00,2018-04-16T18:24:00,114,6
http://irail.be/vehicle/P8803,http://irail.be/stations/NMBS/008884566,P,2018-04-16T18:35:00,2018-04-16T18:34:00,97,114
http://irail.be/vehicle/P8803,http://irail.be/stations/NMBS/008884541,P,2018-04-16T18:39:00,2018-04-16T18:38:00,102,108
http://irail.be/vehicle/P8803,http://irail.be/stations/NMBS/008884004,P,2018-04-16T18:44:00,2018-04-16T18:42:00,74,133
http://irail.be/vehicle/P8803,http://irail.be/stations/NMBS/008884319,P,2018-04-16T18:48:00,2018-04-16T18:48:00,30,30
http://irail.be/vehicle/P8803,http://irail.be/stations/NMBS/008884327,P,2018-04-16T18:51:00,2018-04-16T18:51:00,-21,-21
http://irail.be/vehicle/P8803,http://irail.be/stations/NMBS/008884350,P,2018-04-16T18:54:00,2018-04-16T18:54:00,-21,-21
http://irail.be/vehicle/P8803,http://irail.be/stations/NMBS/008884335,P,2018-04-16T18:59:00,2018-04-16T18:59:00,,-21
http://irail.be/vehicle/P8803,NO-URI,P,2018-09-24T17:05:00,2018-09-24T17:05:00,-94,
http://irail.be/vehicle/P8803,http://irail.be/stations/NMBS/008811007,P,2018-09-24T17:20:00,2018-09-24T17:15:00,-2,-122
http://irail.be/vehicle/P8803,http://irail.be/stations/NMBS/008812005,P,2018-09-24T17:28:00,2018-09-24T17:25:00,152,54
http://irail.be/vehicle/P8803,http://irail.be/stations/NMBS/008813045,P,2018-09-24T17:30:00,2018-09-24T17:30:00,157,157
http://irail.be/vehicle/P8803,http://irail.be/stations/NMBS/008813003,P,2018-09-24T17:32:00,2018-09-24T17:31:00,364,313
http://irail.be/vehicle/P8803,http://irail.be/stations/NMBS/008813037,P,2018-09-24T17:34:00,2018-09-24T17:34:00,315,315
http://irail.be/vehicle/P8803,http://irail.be/stations/NMBS/008814001,P,2018-09-24T17:38:00,2018-09-24T17:36:00,308,370
http://irail.be/vehicle/P8803,http://irail.be/stations/NMBS/008814373,P,2018-09-24T17:42:00,2018-09-24T17:42:00,274,274
http://irail.be/vehicle/P8803,http://irail.be/stations/NMBS/008814308,P,2018-09-24T17:47:00,2018-09-24T17:47:00,378,378
http://irail.be/vehicle/P8803,http://irail.be/stations/NMBS/008814332,P,2018-09-24T17:49:00,2018-09-24T17:49:00,444,444
http://irail.be/vehicle/P8803,http://irail.be/stations/NMBS/008883808,P,2018-09-24T17:50:00,2018-09-24T17:50:00,481,481
http://irail.be/vehicle/P8803,http://irail.be/stations/NMBS/008883022,P,2018-09-24T17:53:00,2018-09-24T17:53:00,589,589
http://irail.be/vehicle/P8803,NO-URI,P,2018-09-24T17:54:00,2018-09-24T17:54:00,594,594
http://irail.be/vehicle/P8803,http://irail.be/stations/NMBS/008883006,P,2018-09-24T18:00:00,2018-09-24T17:59:00,782,785
http://irail.be/vehicle/P8803,http://irail.be/stations/NMBS/008883113,P,2018-09-24T18:06:00,2018-09-24T18:05:00,759,727
http://irail.be/vehicle/P8803,NO-URI,P,2018-09-24T18:10:00,2018-09-24T18:10:00,696,696
http://irail.be/vehicle/P8803,http://irail.be/stations/NMBS/008883121,P,2018-09-24T18:10:00,2018-09-24T18:10:00,707,707
http://irail.be/vehicle/P8803,http://irail.be/stations/NMBS/008881174,P,2018-09-24T18:11:00,2018-09-24T18:11:00,729,729
http://irail.be/vehicle/P8803,http://irail.be/stations/NMBS/008881166,P,2018-09-24T18:15:00,2018-09-24T18:14:00,702,714
http://irail.be/vehicle/P8803,http://irail.be/stations/NMBS/008881158,P,2018-09-24T18:18:00,2018-09-24T18:18:00,702,702
http://irail.be/vehicle/P8803,http://irail.be/stations/NMBS/008881125,P,2018-09-24T18:19:00,2018-09-24T18:19:00,695,695
http://irail.be/vehicle/P8803,http://irail.be/stations/NMBS/008881000,P,2018-09-24T18:28:00,2018-09-24T18:24:00,563,645
http://irail.be/vehicle/P8803,http://irail.be/stations/NMBS/008884566,P,2018-09-24T18:35:00,2018-09-24T18:34:00,616,563
http://irail.be/vehicle/P8803,http://irail.be/stations/NMBS/008884541,P,2018-09-24T18:39:00,2018-09-24T18:38:00,703,628
http://irail.be/vehicle/P8803,http://irail.be/stations/NMBS/008884004,P,2018-09-24T18:44:00,2018-09-24T18:42:00,762,758
http://irail.be/vehicle/P8803,http://irail.be/stations/NMBS/008884319,P,2018-09-24T18:48:00,2018-09-24T18:48:00,1205,1138
http://irail.be/vehicle/P8803,http://irail.be/stations/NMBS/008884327,P,2018-09-24T18:51:00,2018-09-24T18:51:00,1205,1205
http://irail.be/vehicle/P8803,http://irail.be/stations/NMBS/008884350,P,2018-09-24T18:54:00,2018-09-24T18:54:00,1205,1205
http://irail.be/vehicle/P8803,http://irail.be/stations/NMBS/008884335,P,2018-09-24T18:59:00,2018-09-24T18:59:00,,1205
http://irail.be/vehicle/P8803,NO-URI,P,2018-02-22T17:05:00,2018-02-22T17:05:00,130,
http://irail.be/vehicle/P8803,http://irail.be/stations/NMBS/008811007,P,2018-02-22T17:20:00,2018-02-22T17:15:00,21,-2
http://irail.be/vehicle/P8803,http://irail.be/stations/NMBS/008812005,P,2018-02-22T17:28:00,2018-02-22T17:25:00,108,42
http://irail.be/vehicle/P8803,http://irail.be/stations/NMBS/008813045,P,2018-02-22T17:30:00,2018-02-22T17:30:00,111,111
http://irail.be/vehicle/P8803,http://irail.be/stations/NMBS/008813003,P,2018-02-22T17:32:00,2018-02-22T17:31:00,251,205
http://irail.be/vehicle/P8803,http://irail.be/stations/NMBS/008813037,P,2018-02-22T17:34:00,2018-02-22T17:34:00,212,212
http://irail.be/vehicle/P8803,http://irail.be/stations/NMBS/008814001,P,2018-02-22T17:38:00,2018-02-22T17:36:00,505,339
http://irail.be/vehicle/P8803,http://irail.be/stations/NMBS/008814373,P,2018-02-22T17:42:00,2018-02-22T17:42:00,494,494
http://irail.be/vehicle/P8803,http://irail.be/stations/NMBS/008814365,P,2018-02-22T17:43:57,2018-02-22T17:43:57,391,391
http://irail.be/vehicle/P8803,http://irail.be/stations/NMBS/008814357,P,2018-02-22T17:45:34,2018-02-22T17:45:34,391,391
http://irail.be/vehicle/P8803,http://irail.be/stations/NMBS/008814340,P,2018-02-22T17:46:19,2018-02-22T17:46:19,424,424
http://irail.be/vehicle/P8803,http://irail.be/stations/NMBS/008814308,P,2018-02-22T17:47:00,2018-02-22T17:47:00,498,498
http://irail.be/vehicle/P8803,http://irail.be/stations/NMBS/008814332,P,2018-02-22T17:49:00,2018-02-22T17:49:00,483,483
http://irail.be/vehicle/P8803,http://irail.be/stations/NMBS/008883808,P,2018-02-22T17:50:00,2018-02-22T17:50:00,731,731
http://irail.be/vehicle/P8803,http://irail.be/stations/NMBS/008883022,P,2018-02-22T17:53:00,2018-02-22T17:53:00,746,746
http://irail.be/vehicle/P8803,NO-URI,P,2018-02-22T17:54:00,2018-02-22T17:54:00,700,700
http://irail.be/vehicle/P8803,http://irail.be/stations/NMBS/008883006,P,2018-02-22T18:00:00,2018-02-22T17:59:00,820,762
http://irail.be/vehicle/P8803,http://irail.be/stations/NMBS/008883113,P,2018-02-22T18:06:00,2018-02-22T18:05:00,863,773
http://irail.be/vehicle/P8803,NO-URI,P,2018-02-22T18:10:00,2018-02-22T18:10:00,808,808
http://irail.be/vehicle/P8803,http://irail.be/stations/NMBS/008883121,P,2018-02-22T18:10:00,2018-02-22T18:10:00,821,821
http://irail.be/vehicle/P8803,http://irail.be/stations/NMBS/008881174,P,2018-02-22T18:11:00,2018-02-22T18:11:00,848,848
http://irail.be/vehicle/P8803,http://irail.be/stations/NMBS/008881166,P,2018-02-22T18:15:00,2018-02-22T18:14:00,859,836
http://irail.be/vehicle/P8803,http://irail.be/stations/NMBS/008881158,P,2018-02-22T18:17:00,2018-02-22T18:17:00,859,859
http://irail.be/vehicle/P8803,http://irail.be/stations/NMBS/008881125,P,2018-02-22T18:20:00,2018-02-22T18:20:00,769,769
http://irail.be/vehicle/P8803,http://irail.be/stations/NMBS/008881000,P,2018-02-22T18:28:00,2018-02-22T18:24:00,655,752
http://irail.be/vehicle/P8803,http://irail.be/stations/NMBS/008884566,P,2018-02-22T18:35:00,2018-02-22T18:34:00,655,655
http://irail.be/vehicle/P8803,http://irail.be/stations/NMBS/008884541,P,2018-02-22T18:39:00,2018-02-22T18:38:00,633,605
http://irail.be/vehicle/P8803,http://irail.be/stations/NMBS/008884004,P,2018-02-22T18:44:00,2018-02-22T18:42:00,637,677
http://irail.be/vehicle/P8803,http://irail.be/stations/NMBS/008884319,P,2018-02-22T18:48:00,2018-02-22T18:48:00,653,602
http://irail.be/vehicle/P8803,http://irail.be/stations/NMBS/008884327,P,2018-02-22T18:51:00,2018-02-22T18:51:00,653,653
http://irail.be/vehicle/P8803,http://irail.be/stations/NMBS/008884350,P,2018-02-22T18:54:00,2018-02-22T18:54:00,653,653
http://irail.be/vehicle/P8803,http://irail.be/stations/NMBS/008884335,P,2018-02-22T18:59:00,2018-02-22T18:59:00,,653
http://irail.be/vehicle/P8803,NO-URI,P,2018-09-21T17:05:00,2018-09-21T17:05:00,211,
http://irail.be/vehicle/P8803,http://irail.be/stations/NMBS/008811007,P,2018-09-21T17:20:00,2018-09-21T17:15:00,12,213
http://irail.be/vehicle/P8803,http://irail.be/stations/NMBS/008812005,P,2018-09-21T17:28:00,2018-09-21T17:25:00,28,8
http://irail.be/vehicle/P8803,http://irail.be/stations/NMBS/008813045,P,2018-09-21T17:30:00,2018-09-21T17:30:00,37,37
http://irail.be/vehicle/P8803,http://irail.be/stations/NMBS/008813003,P,2018-09-21T17:32:00,2018-09-21T17:31:00,206,138
http://irail.be/vehicle/P8803,http://irail.be/stations/NMBS/008813037,P,2018-09-21T17:34:00,2018-09-21T17:34:00,166,166
http://irail.be/vehicle/P8803,http://irail.be/stations/NMBS/008814001,P,2018-09-21T17:38:00,2018-09-21T17:36:00,209,266
http://irail.be/vehicle/P8803,http://irail.be/stations/NMBS/008814373,P,2018-09-21T17:42:00,2018-09-21T17:42:00,189,189
http://irail.be/vehicle/P8803,http://irail.be/stations/NMBS/008814365,P,2018-09-21T17:43:57,2018-09-21T17:43:57,379,379
http://irail.be/vehicle/P8803,http://irail.be/stations/NMBS/008814357,P,2018-09-21T17:45:34,2018-09-21T17:45:34,391,391
http://irail.be/vehicle/P8803,http://irail.be/stations/NMBS/008814340,P,2018-09-21T17:46:19,2018-09-21T17:46:19,413,413
http://irail.be/vehicle/P8803,http://irail.be/stations/NMBS/008814308,P,2018-09-21T17:47:00,2018-09-21T17:47:00,466,466
http://irail.be/vehicle/P8803,http://irail.be/stations/NMBS/008814332,P,2018-09-21T17:49:00,2018-09-21T17:49:00,498,498
http://irail.be/vehicle/P8803,http://irail.be/stations/NMBS/008883808,P,2018-09-21T17:50:00,2018-09-21T17:50:00,533,533
http://irail.be/vehicle/P8803,http://irail.be/stations/NMBS/008883022,P,2018-09-21T17:53:00,2018-09-21T17:53:00,482,482
http://irail.be/vehicle/P8803,NO-URI,P,2018-09-21T17:54:00,2018-09-21T17:54:00,427,427
http://irail.be/vehicle/P8803,http://irail.be/stations/NMBS/008883006,P,2018-09-21T18:00:00,2018-09-21T17:59:00,327,368
http://irail.be/vehicle/P8803,http://irail.be/stations/NMBS/008883113,P,2018-09-21T18:06:00,2018-09-21T18:05:00,290,275
http://irail.be/vehicle/P8803,NO-URI,P,2018-09-21T18:10:00,2018-09-21T18:10:00,229,229
http://irail.be/vehicle/P8803,http://irail.be/stations/NMBS/008883121,P,2018-09-21T18:10:00,2018-09-21T18:10:00,241,241
http://irail.be/vehicle/P8803,http://irail.be/stations/NMBS/008881174,P,2018-09-21T18:11:00,2018-09-21T18:11:00,262,262
http://irail.be/vehicle/P8803,http://irail.be/stations/NMBS/008881166,P,2018-09-21T18:15:00,2018-09-21T18:14:00,211,247
http://irail.be/vehicle/P8803,http://irail.be/stations/NMBS/008881158,P,2018-09-21T18:18:00,2018-09-21T18:18:00,211,211
http://irail.be/vehicle/P8803,http://irail.be/stations/NMBS/008881125,P,2018-09-21T18:19:00,2018-09-21T18:19:00,203,203
http://irail.be/vehicle/P8803,http://irail.be/stations/NMBS/008881000,P,2018-09-21T18:28:00,2018-09-21T18:24:00,29,145
http://irail.be/vehicle/P8803,http://irail.be/stations/NMBS/008884566,P,2018-09-21T18:35:00,2018-09-21T18:34:00,29,29
http://irail.be/vehicle/P8803,http://irail.be/stations/NMBS/008884541,P,2018-09-21T18:39:00,2018-09-21T18:38:00,-2,-27
http://irail.be/vehicle/P8803,http://irail.be/stations/NMBS/008884004,P,2018-09-21T18:44:00,2018-09-21T18:42:00,27,30
http://irail.be/vehicle/P8803,http://irail.be/stations/NMBS/008884319,P,2018-09-21T18:48:00,2018-09-21T18:48:00,459,443
http://irail.be/vehicle/P8803,http://irail.be/stations/NMBS/008884327,P,2018-09-21T18:51:00,2018-09-21T18:51:00,459,459
http://irail.be/vehicle/P8803,http://irail.be/stations/NMBS/008884350,P,2018-09-21T18:54:00,2018-09-21T18:54:00,459,459
http://irail.be/vehicle/P8803,http://irail.be/stations/NMBS/008884335,P,2018-09-21T18:59:00,2018-09-21T18:59:00,,459
http://irail.be/vehicle/P8803,NO-URI,P,2018-12-10T17:05:00,2018-12-10T17:05:00,212,
http://irail.be/vehicle/P8803,http://irail.be/stations/NMBS/008811007,P,2018-12-10T17:18:00,2018-12-10T17:15:00,53,168
http://irail.be/vehicle/P8803,http://irail.be/stations/NMBS/008812005,P,2018-12-10T17:25:00,2018-12-10T17:23:00,155,102
http://irail.be/vehicle/P8803,http://irail.be/stations/NMBS/008813045,P,2018-12-10T17:27:00,2018-12-10T17:27:00,158,158
http://irail.be/vehicle/P8803,http://irail.be/stations/NMBS/008813003,P,2018-12-10T17:30:00,2018-12-10T17:29:00,292,272
http://irail.be/vehicle/P8803,http://irail.be/stations/NMBS/008813037,P,2018-12-10T17:31:00,2018-12-10T17:31:00,287,287
http://irail.be/vehicle/P8803,http://irail.be/stations/NMBS/008814001,P,2018-12-10T17:39:00,2018-12-10T17:34:00,187,286
http://irail.be/vehicle/P8803,http://irail.be/stations/NMBS/008814373,P,2018-12-10T17:43:00,2018-12-10T17:43:00,199,199
http://irail.be/vehicle/P8803,http://irail.be/stations/NMBS/008814308,P,2018-12-10T17:49:00,2018-12-10T17:49:00,374,374
http://irail.be/vehicle/P8803,http://irail.be/stations/NMBS/008814332,P,2018-12-10T17:50:00,2018-12-10T17:50:00,362,362
http://irail.be/vehicle/P8803,http://irail.be/stations/NMBS/008883808,P,2018-12-10T17:52:00,2018-12-10T17:52:00,317,317
http://irail.be/vehicle/P8803,http://irail.be/stations/NMBS/008883022,P,2018-12-10T17:54:00,2018-12-10T17:54:00,327,327
http://irail.be/vehicle/P8803,NO-URI,P,2018-12-10T17:55:00,2018-12-10T17:55:00,278,278
http://irail.be/vehicle/P8803,http://irail.be/stations/NMBS/008883006,P,2018-12-10T18:01:00,2018-12-10T18:00:00,319,219
http://irail.be/vehicle/P8803,http://irail.be/stations/NMBS/008883113,P,2018-12-10T18:07:00,2018-12-10T18:06:00,300,280
http://irail.be/vehicle/P8803,NO-URI,P,2018-12-10T18:11:00,2018-12-10T18:11:00,244,244
http://irail.be/vehicle/P8803,http://irail.be/stations/NMBS/008883121,P,2018-12-10T18:11:00,2018-12-10T18:11:00,258,258
http://irail.be/vehicle/P8803,http://irail.be/stations/NMBS/008881174,P,2018-12-10T18:13:00,2018-12-10T18:13:00,275,275
http://irail.be/vehicle/P8803,http://irail.be/stations/NMBS/008881166,P,2018-12-10T18:16:00,2018-12-10T18:15:00,278,265
http://irail.be/vehicle/P8803,http://irail.be/stations/NMBS/008881158,P,2018-12-10T18:19:00,2018-12-10T18:19:00,278,278
http://irail.be/vehicle/P8803,http://irail.be/stations/NMBS/008881125,P,2018-12-10T18:21:00,2018-12-10T18:21:00,515,515
http://irail.be/vehicle/P8803,http://irail.be/stations/NMBS/008881000,P,2018-12-10T18:28:00,2018-12-10T18:25:00,769,818
http://irail.be/vehicle/P8803,http://irail.be/stations/NMBS/008884566,P,2018-12-10T18:35:00,2018-12-10T18:34:00,769,769
http://irail.be/vehicle/P8803,http://irail.be/stations/NMBS/008884541,P,2018-12-10T18:39:00,2018-12-10T18:38:00,675,709
http://irail.be/vehicle/P8803,http://irail.be/stations/NMBS/008884004,P,2018-12-10T18:45:00,2018-12-10T18:43:00,671,712
http://irail.be/vehicle/P8803,http://irail.be/stations/NMBS/008884319,P,2018-12-10T18:49:00,2018-12-10T18:49:00,851,831
http://irail.be/vehicle/P8803,http://irail.be/stations/NMBS/008884327,P,2018-12-10T18:52:00,2018-12-10T18:52:00,851,851
http://irail.be/vehicle/P8803,http://irail.be/stations/NMBS/008884350,P,2018-12-10T18:55:00,2018-12-10T18:55:00,851,851
http://irail.be/vehicle/P8803,http://irail.be/stations/NMBS/008884335,P,2018-12-10T19:00:00,2018-12-10T19:00:00,,851
http://irail.be/vehicle/P8803,NO-URI,P,2018-12-21T17:05:00,2018-12-21T17:05:00,-290,
http://irail.be/vehicle/P8803,NO-URI,P,2018-12-21T17:08:49,2018-12-21T17:09:41,-331,-331
http://irail.be/vehicle/P8803,http://irail.be/stations/NMBS/008811007,P,2018-12-21T17:16:43,2018-12-21T17:13:41,198,293
http://irail.be/vehicle/P8803,http://irail.be/stations/NMBS/008812005,P,2018-12-21T17:25:00,2018-12-21T17:23:00,170,191
http://irail.be/vehicle/P8803,http://irail.be/stations/NMBS/008813045,P,2018-12-21T17:27:00,2018-12-21T17:27:00,173,173
http://irail.be/vehicle/P8803,http://irail.be/stations/NMBS/008813003,P,2018-12-21T17:30:00,2018-12-21T17:29:00,165,162
http://irail.be/vehicle/P8803,http://irail.be/stations/NMBS/008813037,P,2018-12-21T17:31:00,2018-12-21T17:31:00,164,164
http://irail.be/vehicle/P8803,http://irail.be/stations/NMBS/008814001,P,2018-12-21T17:39:00,2018-12-21T17:34:00,25,160
http://irail.be/vehicle/P8803,http://irail.be/stations/NMBS/008814373,P,2018-12-21T17:43:00,2018-12-21T17:43:00,-11,-11
http://irail.be/vehicle/P8803,http://irail.be/stations/NMBS/008814365,P,2018-12-21T17:44:58,2018-12-21T17:44:58,-9,-9
http://irail.be/vehicle/P8803,http://irail.be/stations/NMBS/008814357,P,2018-12-21T17:46:37,2018-12-21T17:46:37,-9,-9
http://irail.be/vehicle/P8803,http://irail.be/stations/NMBS/008814340,P,2018-12-21T17:47:22,2018-12-21T17:47:22,-9,-9
http://irail.be/vehicle/P8803,http://irail.be/stations/NMBS/008814308,P,2018-12-21T17:49:00,2018-12-21T17:49:00,221,221
http://irail.be/vehicle/P8803,http://irail.be/stations/NMBS/008814332,P,2018-12-21T17:50:00,2018-12-21T17:50:00,559,559
http://irail.be/vehicle/P8803,http://irail.be/stations/NMBS/008883808,P,2018-12-21T17:52:00,2018-12-21T17:52:00,1185,1185
http://irail.be/vehicle/P8803,http://irail.be/stations/NMBS/008883022,P,2018-12-21T17:54:00,2018-12-21T17:54:00,1214,1214
http://irail.be/vehicle/P8803,NO-URI,P,2018-12-21T17:55:00,2018-12-21T17:55:00,1163,1163
http://irail.be/vehicle/P8803,http://irail.be/stations/NMBS/008883006,P,2018-12-21T18:01:00,2018-12-21T18:00:00,1075,1107
http://irail.be/vehicle/P8803,http://irail.be/stations/NMBS/008883113,P,2018-12-21T18:07:00,2018-12-21T18:06:00,1031,1018
http://irail.be/vehicle/P8803,NO-URI,P,2018-12-21T18:11:00,2018-12-21T18:11:00,978,978
http://irail.be/vehicle/P8803,http://irail.be/stations/NMBS/008883121,P,2018-12-21T18:11:00,2018-12-21T18:11:00,991,991
http://irail.be/vehicle/P8803,http://irail.be/stations/NMBS/008881174,P,2018-12-21T18:13:00,2018-12-21T18:13:00,1008,1008
http://irail.be/vehicle/P8803,http://irail.be/stations/NMBS/008881166,P,2018-12-21T18:16:00,2018-12-21T18:15:00,1025,997
http://irail.be/vehicle/P8803,http://irail.be/stations/NMBS/008881158,P,2018-12-21T18:19:00,2018-12-21T18:19:00,1025,1025
http://irail.be/vehicle/P8803,http://irail.be/stations/NMBS/008881125,P,2018-12-21T18:21:00,2018-12-21T18:21:00,977,977
http://irail.be/vehicle/P8803,http://irail.be/stations/NMBS/008881000,P,2018-12-21T18:28:00,2018-12-21T18:25:00,1076,1096
http://irail.be/vehicle/P8803,http://irail.be/stations/NMBS/008884566,P,2018-12-21T18:35:00,2018-12-21T18:34:00,1076,1076
http://irail.be/vehicle/P8803,http://irail.be/stations/NMBS/008884541,P,2018-12-21T18:39:00,2018-12-21T18:38:00,957,994
http://irail.be/vehicle/P8803,http://irail.be/stations/NMBS/008884004,P,2018-12-21T18:45:00,2018-12-21T18:43:00,1044,1059
http://irail.be/vehicle/P8803,http://irail.be/stations/NMBS/008884319,P,2018-12-21T18:49:00,2018-12-21T18:49:00,1218,1218
http://irail.be/vehicle/P8803,http://irail.be/stations/NMBS/008884327,P,2018-12-21T18:52:00,2018-12-21T18:52:00,1208,1208
http://irail.be/vehicle/P8803,http://irail.be/stations/NMBS/008884350,P,2018-12-21T18:55:00,2018-12-21T18:55:00,1208,1208
http://irail.be/vehicle/P8803,http://irail.be/stations/NMBS/008884335,P,2018-12-21T19:00:00,2018-12-21T19:00:00,,1208
http://irail.be/vehicle/P8803,NO-URI,P,2018-11-19T17:05:00,2018-11-19T17:05:00,392,
http://irail.be/vehicle/P8803,http://irail.be/stations/NMBS/008811007,P,2018-11-19T17:20:00,2018-11-19T17:15:00,78,299
http://irail.be/vehicle/P8803,http://irail.be/stations/NMBS/008812005,P,2018-11-19T17:28:00,2018-11-19T17:25:00,126,187
http://irail.be/vehicle/P8803,http://irail.be/stations/NMBS/008813045,P,2018-11-19T17:30:00,2018-11-19T17:30:00,138,138
http://irail.be/vehicle/P8803,http://irail.be/stations/NMBS/008813003,P,2018-11-19T17:32:00,2018-11-19T17:31:00,349,299
http://irail.be/vehicle/P8803,http://irail.be/stations/NMBS/008813037,P,2018-11-19T17:34:00,2018-11-19T17:34:00,298,298
http://irail.be/vehicle/P8803,http://irail.be/stations/NMBS/008814001,P,2018-11-19T17:38:00,2018-11-19T17:36:00,357,346
http://irail.be/vehicle/P8803,http://irail.be/stations/NMBS/008814373,P,2018-11-19T17:42:00,2018-11-19T17:42:00,336,336
http://irail.be/vehicle/P8803,http://irail.be/stations/NMBS/008814308,P,2018-11-19T17:47:00,2018-11-19T17:47:00,533,533
http://irail.be/vehicle/P8803,http://irail.be/stations/NMBS/008814332,P,2018-11-19T17:49:00,2018-11-19T17:49:00,521,521
http://irail.be/vehicle/P8803,http://irail.be/stations/NMBS/008883808,P,2018-11-19T17:50:00,2018-11-19T17:50:00,759,759
http://irail.be/vehicle/P8803,http://irail.be/stations/NMBS/008883022,P,2018-11-19T17:53:00,2018-11-19T17:53:00,886,886
http://irail.be/vehicle/P8803,NO-URI,P,2018-11-19T17:54:00,2018-11-19T17:54:00,982,982
http://irail.be/vehicle/P8803,http://irail.be/stations/NMBS/008883006,P,2018-11-19T18:00:00,2018-11-19T17:59:00,1403,1290
http://irail.be/vehicle/P8803,http://irail.be/stations/NMBS/008883113,P,2018-11-19T18:06:00,2018-11-19T18:05:00,1431,1373
http://irail.be/vehicle/P8803,NO-URI,P,2018-11-19T18:10:00,2018-11-19T18:10:00,1481,1481
http://irail.be/vehicle/P8803,http://irail.be/stations/NMBS/008883121,P,2018-11-19T18:10:00,2018-11-19T18:10:00,1515,1515
http://irail.be/vehicle/P8803,http://irail.be/stations/NMBS/008881174,P,2018-11-19T18:11:00,2018-11-19T18:11:00,1602,1602
http://irail.be/vehicle/P8803,http://irail.be/stations/NMBS/008881166,P,2018-11-19T18:15:00,2018-11-19T18:14:00,1637,1609
http://irail.be/vehicle/P8803,http://irail.be/stations/NMBS/008881158,P,2018-11-19T18:18:00,2018-11-19T18:18:00,1637,1637
http://irail.be/vehicle/P8803,http://irail.be/stations/NMBS/008881125,P,2018-11-19T18:19:00,2018-11-19T18:19:00,1753,1753
http://irail.be/vehicle/P8803,http://irail.be/stations/NMBS/008881000,P,2018-11-19T18:28:00,2018-11-19T18:24:00,1771,1625
http://irail.be/vehicle/P8803,http://irail.be/stations/NMBS/008884566,P,2018-11-19T18:35:00,2018-11-19T18:34:00,1771,1771
http://irail.be/vehicle/P8803,http://irail.be/stations/NMBS/008884541,P,2018-11-19T18:39:00,2018-11-19T18:38:00,1759,1711
http://irail.be/vehicle/P8803,http://irail.be/stations/NMBS/008884004,P,2018-11-19T18:44:00,2018-11-19T18:42:00,1809,1828
http://irail.be/vehicle/P8803,http://irail.be/stations/NMBS/008884319,P,2018-11-19T18:48:00,2018-11-19T18:48:00,1947,1821
http://irail.be/vehicle/P8803,http://irail.be/stations/NMBS/008884327,P,2018-11-19T18:51:00,2018-11-19T18:51:00,1947,1947
http://irail.be/vehicle/P8803,http://irail.be/stations/NMBS/008884350,P,2018-11-19T18:54:00,2018-11-19T18:54:00,1947,1947
http://irail.be/vehicle/P8803,http://irail.be/stations/NMBS/008884335,P,2018-11-19T18:59:00,2018-11-19T18:59:00,,1947
http://irail.be/vehicle/P8803,NO-URI,P,2018-05-24T17:05:00,2018-05-24T17:05:00,217,
http://irail.be/vehicle/P8803,http://irail.be/stations/NMBS/008811007,P,2018-05-24T17:20:00,2018-05-24T17:15:00,196,116
http://irail.be/vehicle/P8803,http://irail.be/stations/NMBS/008812005,P,2018-05-24T17:28:00,2018-05-24T17:25:00,836,847
http://irail.be/vehicle/P8803,http://irail.be/stations/NMBS/008813045,P,2018-05-24T17:30:00,2018-05-24T17:30:00,845,845
http://irail.be/vehicle/P8803,http://irail.be/stations/NMBS/008813003,P,2018-05-24T17:32:00,2018-05-24T17:31:00,914,872
http://irail.be/vehicle/P8803,http://irail.be/stations/NMBS/008813037,P,2018-05-24T17:34:00,2018-05-24T17:34:00,864,864
http://irail.be/vehicle/P8803,http://irail.be/stations/NMBS/008814001,P,2018-05-24T17:38:00,2018-05-24T17:36:00,894,908
http://irail.be/vehicle/P8803,http://irail.be/stations/NMBS/008814373,P,2018-05-24T17:42:00,2018-05-24T17:42:00,891,891
http://irail.be/vehicle/P8803,http://irail.be/stations/NMBS/008814365,P,2018-05-24T17:43:18,2018-05-24T17:43:18,883,883
http://irail.be/vehicle/P8803,http://irail.be/stations/NMBS/008814357,P,2018-05-24T17:44:38,2018-05-24T17:44:38,883,883
http://irail.be/vehicle/P8803,http://irail.be/stations/NMBS/008814340,P,2018-05-24T17:45:25,2018-05-24T17:45:25,899,899
http://irail.be/vehicle/P8803,http://irail.be/stations/NMBS/008814308,P,2018-05-24T17:47:00,2018-05-24T17:47:00,1004,1004
http://irail.be/vehicle/P8803,http://irail.be/stations/NMBS/008814332,P,2018-05-24T17:49:00,2018-05-24T17:49:00,1049,1049
http://irail.be/vehicle/P8803,http://irail.be/stations/NMBS/008883808,P,2018-05-24T17:50:00,2018-05-24T17:50:00,2681,2681
http://irail.be/vehicle/P8803,http://irail.be/stations/NMBS/008883022,P,2018-05-24T17:53:00,2018-05-24T17:53:00,3863,3863
http://irail.be/vehicle/P8803,NO-URI,P,2018-05-24T17:54:00,2018-05-24T17:54:00,3964,3964
http://irail.be/vehicle/P8803,http://irail.be/stations/NMBS/008883006,P,2018-05-24T18:00:00,2018-05-24T17:59:00,4006,3983
http://irail.be/vehicle/P8803,http://irail.be/stations/NMBS/008883113,P,2018-05-24T18:06:00,2018-05-24T18:05:00,3999,3954
http://irail.be/vehicle/P8803,NO-URI,P,2018-05-24T18:10:00,2018-05-24T18:10:00,3945,3945
http://irail.be/vehicle/P8803,http://irail.be/stations/NMBS/008883121,P,2018-05-24T18:10:00,2018-05-24T18:10:00,3955,3955
http://irail.be/vehicle/P8803,http://irail.be/stations/NMBS/008881174,P,2018-05-24T18:11:00,2018-05-24T18:11:00,3977,3977
http://irail.be/vehicle/P8803,http://irail.be/stations/NMBS/008881166,P,2018-05-24T18:15:00,2018-05-24T18:14:00,4098,3963
http://irail.be/vehicle/P8803,http://irail.be/stations/NMBS/008881158,P,2018-05-24T18:17:00,2018-05-24T18:17:00,4098,4098
http://irail.be/vehicle/P8803,http://irail.be/stations/NMBS/008881125,P,2018-05-24T18:20:00,2018-05-24T18:20:00,4019,4019
http://irail.be/vehicle/P8803,http://irail.be/stations/NMBS/008881000,P,2018-05-24T18:28:00,2018-05-24T18:24:00,4119,4171
http://irail.be/vehicle/P8803,http://irail.be/stations/NMBS/008884566,P,2018-05-24T18:35:00,2018-05-24T18:34:00,4119,4119
http://irail.be/vehicle/P8803,http://irail.be/stations/NMBS/008884541,P,2018-05-24T18:39:00,2018-05-24T18:38:00,4047,4029
http://irail.be/vehicle/P8803,http://irail.be/stations/NMBS/008884004,P,2018-05-24T18:44:00,2018-05-24T18:42:00,4048,4079
http://irail.be/vehicle/P8803,http://irail.be/stations/NMBS/008884319,P,2018-05-24T18:48:00,2018-05-24T18:48:00,4012,4005
http://irail.be/vehicle/P8803,http://irail.be/stations/NMBS/008884327,P,2018-05-24T18:51:00,2018-05-24T18:51:00,4012,4012
http://irail.be/vehicle/P8803,http://irail.be/stations/NMBS/008884350,P,2018-05-24T18:54:00,2018-05-24T18:54:00,4012,4012
http://irail.be/vehicle/P8803,http://irail.be/stations/NMBS/008884335,P,2018-05-24T18:59:00,2018-05-24T18:59:00,,4012
http://irail.be/vehicle/P8803,NO-URI,P,2018-02-02T17:05:00,2018-02-02T17:05:00,69,
http://irail.be/vehicle/P8803,http://irail.be/stations/NMBS/008811007,P,2018-02-02T17:20:00,2018-02-02T17:15:00,15,-31
http://irail.be/vehicle/P8803,http://irail.be/stations/NMBS/008812005,P,2018-02-02T17:28:00,2018-02-02T17:25:00,188,264
http://irail.be/vehicle/P8803,http://irail.be/stations/NMBS/008813045,P,2018-02-02T17:30:00,2018-02-02T17:30:00,243,243
http://irail.be/vehicle/P8803,http://irail.be/stations/NMBS/008813003,P,2018-02-02T17:32:00,2018-02-02T17:31:00,547,512
http://irail.be/vehicle/P8803,http://irail.be/stations/NMBS/008813037,P,2018-02-02T17:34:00,2018-02-02T17:34:00,494,494
http://irail.be/vehicle/P8803,http://irail.be/stations/NMBS/008814001,P,2018-02-02T17:38:00,2018-02-02T17:36:00,664,539
http://irail.be/vehicle/P8803,http://irail.be/stations/NMBS/008814373,P,2018-02-02T17:42:00,2018-02-02T17:42:00,670,670
http://irail.be/vehicle/P8803,http://irail.be/stations/NMBS/008814308,P,2018-02-02T17:47:00,2018-02-02T17:47:00,616,616
http://irail.be/vehicle/P8803,http://irail.be/stations/NMBS/008814332,P,2018-02-02T17:49:00,2018-02-02T17:49:00,595,595
http://irail.be/vehicle/P8803,http://irail.be/stations/NMBS/008883808,P,2018-02-02T17:50:00,2018-02-02T17:50:00,565,565
http://irail.be/vehicle/P8803,http://irail.be/stations/NMBS/008883022,P,2018-02-02T17:53:00,2018-02-02T17:53:00,514,514
http://irail.be/vehicle/P8803,NO-URI,P,2018-02-02T17:54:00,2018-02-02T17:54:00,464,464
http://irail.be/vehicle/P8803,http://irail.be/stations/NMBS/008883006,P,2018-02-02T18:00:00,2018-02-02T17:59:00,654,643
http://irail.be/vehicle/P8803,http://irail.be/stations/NMBS/008883113,P,2018-02-02T18:06:00,2018-02-02T18:05:00,657,640
http://irail.be/vehicle/P8803,NO-URI,P,2018-02-02T18:10:00,2018-02-02T18:10:00,598,598
http://irail.be/vehicle/P8803,http://irail.be/stations/NMBS/008883121,P,2018-02-02T18:10:00,2018-02-02T18:10:00,610,610
http://irail.be/vehicle/P8803,http://irail.be/stations/NMBS/008881174,P,2018-02-02T18:11:00,2018-02-02T18:11:00,639,639
http://irail.be/vehicle/P8803,http://irail.be/stations/NMBS/008881166,P,2018-02-02T18:15:00,2018-02-02T18:14:00,647,629
http://irail.be/vehicle/P8803,http://irail.be/stations/NMBS/008881158,P,2018-02-02T18:17:00,2018-02-02T18:17:00,647,647
http://irail.be/vehicle/P8803,http://irail.be/stations/NMBS/008881125,P,2018-02-02T18:20:00,2018-02-02T18:20:00,554,554
http://irail.be/vehicle/P8803,http://irail.be/stations/NMBS/008881000,P,2018-02-02T18:28:00,2018-02-02T18:24:00,400,534
http://irail.be/vehicle/P8803,http://irail.be/stations/NMBS/008884566,P,2018-02-02T18:35:00,2018-02-02T18:34:00,400,400
http://irail.be/vehicle/P8803,http://irail.be/stations/NMBS/008884541,P,2018-02-02T18:39:00,2018-02-02T18:38:00,327,314
http://irail.be/vehicle/P8803,http://irail.be/stations/NMBS/008884004,P,2018-02-02T18:44:00,2018-02-02T18:42:00,346,375
http://irail.be/vehicle/P8803,http://irail.be/stations/NMBS/008884319,P,2018-02-02T18:48:00,2018-02-02T18:48:00,331,306
http://irail.be/vehicle/P8803,http://irail.be/stations/NMBS/008884327,P,2018-02-02T18:51:00,2018-02-02T18:51:00,331,331
http://irail.be/vehicle/P8803,http://irail.be/stations/NMBS/008884350,P,2018-02-02T18:54:00,2018-02-02T18:54:00,331,331
http://irail.be/vehicle/P8803,http://irail.be/stations/NMBS/008884335,P,2018-02-02T18:59:00,2018-02-02T18:59:00,,331
http://irail.be/vehicle/P8803,NO-URI,P,2018-09-27T17:05:00,2018-09-27T17:05:00,-111,
http://irail.be/vehicle/P8803,http://irail.be/stations/NMBS/008811007,P,2018-09-27T17:20:00,2018-09-27T17:15:00,3,-205
http://irail.be/vehicle/P8803,http://irail.be/stations/NMBS/008812005,P,2018-09-27T17:28:00,2018-09-27T17:25:00,178,80
http://irail.be/vehicle/P8803,http://irail.be/stations/NMBS/008813045,P,2018-09-27T17:30:00,2018-09-27T17:30:00,184,184
http://irail.be/vehicle/P8803,http://irail.be/stations/NMBS/008813003,P,2018-09-27T17:32:00,2018-09-27T17:31:00,304,267
http://irail.be/vehicle/P8803,http://irail.be/stations/NMBS/008813037,P,2018-09-27T17:34:00,2018-09-27T17:34:00,249,249
http://irail.be/vehicle/P8803,http://irail.be/stations/NMBS/008814001,P,2018-09-27T17:38:00,2018-09-27T17:36:00,270,317
http://irail.be/vehicle/P8803,http://irail.be/stations/NMBS/008814373,P,2018-09-27T17:42:00,2018-09-27T17:42:00,230,230
http://irail.be/vehicle/P8803,http://irail.be/stations/NMBS/008814308,P,2018-09-27T17:47:00,2018-09-27T17:47:00,291,291
http://irail.be/vehicle/P8803,http://irail.be/stations/NMBS/008814332,P,2018-09-27T17:49:00,2018-09-27T17:49:00,389,389
http://irail.be/vehicle/P8803,http://irail.be/stations/NMBS/008883808,P,2018-09-27T17:50:00,2018-09-27T17:50:00,758,758
http://irail.be/vehicle/P8803,http://irail.be/stations/NMBS/008883022,P,2018-09-27T17:53:00,2018-09-27T17:53:00,763,763
http://irail.be/vehicle/P8803,NO-URI,P,2018-09-27T17:54:00,2018-09-27T17:54:00,785,785
http://irail.be/vehicle/P8803,http://irail.be/stations/NMBS/008883006,P,2018-09-27T18:00:00,2018-09-27T17:59:00,756,803
http://irail.be/vehicle/P8803,http://irail.be/stations/NMBS/008883113,P,2018-09-27T18:06:00,2018-09-27T18:05:00,715,699
http://irail.be/vehicle/P8803,NO-URI,P,2018-09-27T18:10:00,2018-09-27T18:10:00,652,652
http://irail.be/vehicle/P8803,http://irail.be/stations/NMBS/008883121,P,2018-09-27T18:10:00,2018-09-27T18:10:00,665,665
http://irail.be/vehicle/P8803,http://irail.be/stations/NMBS/008881174,P,2018-09-27T18:11:00,2018-09-27T18:11:00,688,688
http://irail.be/vehicle/P8803,http://irail.be/stations/NMBS/008881166,P,2018-09-27T18:15:00,2018-09-27T18:14:00,646,673
http://irail.be/vehicle/P8803,http://irail.be/stations/NMBS/008881158,P,2018-09-27T18:18:00,2018-09-27T18:18:00,646,646
http://irail.be/vehicle/P8803,http://irail.be/stations/NMBS/008881125,P,2018-09-27T18:19:00,2018-09-27T18:19:00,638,638
http://irail.be/vehicle/P8803,http://irail.be/stations/NMBS/008881000,P,2018-09-27T18:28:00,2018-09-27T18:24:00,629,576
http://irail.be/vehicle/P8803,http://irail.be/stations/NMBS/008884566,P,2018-09-27T18:35:00,2018-09-27T18:34:00,629,629
http://irail.be/vehicle/P8803,http://irail.be/stations/NMBS/008884541,P,2018-09-27T18:39:00,2018-09-27T18:38:00,514,513
http://irail.be/vehicle/P8803,http://irail.be/stations/NMBS/008884004,P,2018-09-27T18:44:00,2018-09-27T18:42:00,513,548
http://irail.be/vehicle/P8803,http://irail.be/stations/NMBS/008884319,P,2018-09-27T18:48:00,2018-09-27T18:48:00,498,498
http://irail.be/vehicle/P8803,http://irail.be/stations/NMBS/008884327,P,2018-09-27T18:51:00,2018-09-27T18:51:00,442,442
http://irail.be/vehicle/P8803,http://irail.be/stations/NMBS/008884350,P,2018-09-27T18:54:00,2018-09-27T18:54:00,442,442
http://irail.be/vehicle/P8803,http://irail.be/stations/NMBS/008884335,P,2018-09-27T18:59:00,2018-09-27T18:59:00,,442
http://irail.be/vehicle/P8803,NO-URI,P,2018-11-09T17:05:00,2018-11-09T17:05:00,31,
http://irail.be/vehicle/P8803,http://irail.be/stations/NMBS/008811007,P,2018-11-09T17:20:00,2018-11-09T17:15:00,-3,-118
http://irail.be/vehicle/P8803,http://irail.be/stations/NMBS/008812005,P,2018-11-09T17:28:00,2018-11-09T17:25:00,143,201
http://irail.be/vehicle/P8803,http://irail.be/stations/NMBS/008813045,P,2018-11-09T17:30:00,2018-11-09T17:30:00,145,145
http://irail.be/vehicle/P8803,http://irail.be/stations/NMBS/008813003,P,2018-11-09T17:32:00,2018-11-09T17:31:00,249,214
http://irail.be/vehicle/P8803,http://irail.be/stations/NMBS/008813037,P,2018-11-09T17:34:00,2018-11-09T17:34:00,197,197
http://irail.be/vehicle/P8803,http://irail.be/stations/NMBS/008814001,P,2018-11-09T17:38:00,2018-11-09T17:36:00,210,244
http://irail.be/vehicle/P8803,http://irail.be/stations/NMBS/008814373,P,2018-11-09T17:42:00,2018-11-09T17:42:00,176,176
http://irail.be/vehicle/P8803,http://irail.be/stations/NMBS/008814308,P,2018-11-09T17:47:00,2018-11-09T17:47:00,176,176
http://irail.be/vehicle/P8803,http://irail.be/stations/NMBS/008814332,P,2018-11-09T17:49:00,2018-11-09T17:49:00,154,154
http://irail.be/vehicle/P8803,http://irail.be/stations/NMBS/008883808,P,2018-11-09T17:50:00,2018-11-09T17:50:00,372,372
http://irail.be/vehicle/P8803,http://irail.be/stations/NMBS/008883022,P,2018-11-09T17:53:00,2018-11-09T17:53:00,406,406
http://irail.be/vehicle/P8803,NO-URI,P,2018-11-09T17:54:00,2018-11-09T17:54:00,387,387
http://irail.be/vehicle/P8803,http://irail.be/stations/NMBS/008883006,P,2018-11-09T18:00:00,2018-11-09T17:59:00,511,462
http://irail.be/vehicle/P8803,http://irail.be/stations/NMBS/008883113,P,2018-11-09T18:06:00,2018-11-09T18:05:00,490,472
http://irail.be/vehicle/P8803,NO-URI,P,2018-11-09T18:10:00,2018-11-09T18:10:00,440,440
http://irail.be/vehicle/P8803,http://irail.be/stations/NMBS/008883121,P,2018-11-09T18:10:00,2018-11-09T18:10:00,451,451
http://irail.be/vehicle/P8803,http://irail.be/stations/NMBS/008881174,P,2018-11-09T18:11:00,2018-11-09T18:11:00,471,471
http://irail.be/vehicle/P8803,http://irail.be/stations/NMBS/008881166,P,2018-11-09T18:15:00,2018-11-09T18:14:00,442,458
http://irail.be/vehicle/P8803,http://irail.be/stations/NMBS/008881158,P,2018-11-09T18:18:00,2018-11-09T18:18:00,442,442
http://irail.be/vehicle/P8803,http://irail.be/stations/NMBS/008881125,P,2018-11-09T18:19:00,2018-11-09T18:19:00,440,440
http://irail.be/vehicle/P8803,http://irail.be/stations/NMBS/008881000,P,2018-11-09T18:28:00,2018-11-09T18:24:00,702,454
http://irail.be/vehicle/P8803,http://irail.be/stations/NMBS/008884566,P,2018-11-09T18:35:00,2018-11-09T18:34:00,702,702
http://irail.be/vehicle/P8803,http://irail.be/stations/NMBS/008884541,P,2018-11-09T18:39:00,2018-11-09T18:38:00,646,630
http://irail.be/vehicle/P8803,http://irail.be/stations/NMBS/008884004,P,2018-11-09T18:44:00,2018-11-09T18:42:00,909,677
http://irail.be/vehicle/P8803,http://irail.be/stations/NMBS/008884319,P,2018-11-09T18:48:00,2018-11-09T18:48:00,1266,1228
http://irail.be/vehicle/P8803,http://irail.be/stations/NMBS/008884327,P,2018-11-09T18:51:00,2018-11-09T18:51:00,1266,1266
http://irail.be/vehicle/P8803,http://irail.be/stations/NMBS/008884350,P,2018-11-09T18:54:00,2018-11-09T18:54:00,1266,1266
http://irail.be/vehicle/P8803,http://irail.be/stations/NMBS/008884335,P,2018-11-09T18:59:00,2018-11-09T18:59:00,,1266
http://irail.be/vehicle/P8803,NO-URI,P,2018-03-21T17:05:00,2018-03-21T17:05:00,-44,
http://irail.be/vehicle/P8803,http://irail.be/stations/NMBS/008811007,P,2018-03-21T17:20:00,2018-03-21T17:15:00,0,-162
http://irail.be/vehicle/P8803,http://irail.be/stations/NMBS/008812005,P,2018-03-21T17:28:00,2018-03-21T17:25:00,15,-82
http://irail.be/vehicle/P8803,http://irail.be/stations/NMBS/008813045,P,2018-03-21T17:30:00,2018-03-21T17:30:00,15,15
http://irail.be/vehicle/P8803,http://irail.be/stations/NMBS/008813003,P,2018-03-21T17:32:00,2018-03-21T17:31:00,209,178
http://irail.be/vehicle/P8803,http://irail.be/stations/NMBS/008813037,P,2018-03-21T17:34:00,2018-03-21T17:34:00,157,157
http://irail.be/vehicle/P8803,http://irail.be/stations/NMBS/008814001,P,2018-03-21T17:38:00,2018-03-21T17:36:00,281,355
http://irail.be/vehicle/P8803,http://irail.be/stations/NMBS/008814373,P,2018-03-21T17:42:00,2018-03-21T17:42:00,248,248
http://irail.be/vehicle/P8803,http://irail.be/stations/NMBS/008814308,P,2018-03-21T17:47:00,2018-03-21T17:47:00,204,204
http://irail.be/vehicle/P8803,http://irail.be/stations/NMBS/008814332,P,2018-03-21T17:49:00,2018-03-21T17:49:00,176,176
http://irail.be/vehicle/P8803,http://irail.be/stations/NMBS/008883808,P,2018-03-21T17:50:00,2018-03-21T17:50:00,347,347
http://irail.be/vehicle/P8803,http://irail.be/stations/NMBS/008883022,P,2018-03-21T17:53:00,2018-03-21T17:53:00,396,396
http://irail.be/vehicle/P8803,NO-URI,P,2018-03-21T17:54:00,2018-03-21T17:54:00,369,369
http://irail.be/vehicle/P8803,http://irail.be/stations/NMBS/008883006,P,2018-03-21T18:00:00,2018-03-21T17:59:00,392,396
http://irail.be/vehicle/P8803,http://irail.be/stations/NMBS/008883113,P,2018-03-21T18:06:00,2018-03-21T18:05:00,383,358
http://irail.be/vehicle/P8803,NO-URI,P,2018-03-21T18:10:00,2018-03-21T18:10:00,318,318
http://irail.be/vehicle/P8803,http://irail.be/stations/NMBS/008883121,P,2018-03-21T18:10:00,2018-03-21T18:10:00,330,330
http://irail.be/vehicle/P8803,http://irail.be/stations/NMBS/008881174,P,2018-03-21T18:11:00,2018-03-21T18:11:00,353,353
http://irail.be/vehicle/P8803,http://irail.be/stations/NMBS/008881166,P,2018-03-21T18:15:00,2018-03-21T18:14:00,340,342
http://irail.be/vehicle/P8803,http://irail.be/stations/NMBS/008881158,P,2018-03-21T18:17:00,2018-03-21T18:17:00,340,340
http://irail.be/vehicle/P8803,http://irail.be/stations/NMBS/008881125,P,2018-03-21T18:20:00,2018-03-21T18:20:00,247,247
http://irail.be/vehicle/P8803,http://irail.be/stations/NMBS/008881000,P,2018-03-21T18:28:00,2018-03-21T18:24:00,387,365
http://irail.be/vehicle/P8803,http://irail.be/stations/NMBS/008884566,P,2018-03-21T18:35:00,2018-03-21T18:34:00,387,387
http://irail.be/vehicle/P8803,http://irail.be/stations/NMBS/008884541,P,2018-03-21T18:39:00,2018-03-21T18:38:00,489,454
http://irail.be/vehicle/P8803,http://irail.be/stations/NMBS/008884004,P,2018-03-21T18:44:00,2018-03-21T18:42:00,466,522
http://irail.be/vehicle/P8803,http://irail.be/stations/NMBS/008884319,P,2018-03-21T18:48:00,2018-03-21T18:48:00,620,620
http://irail.be/vehicle/P8803,http://irail.be/stations/NMBS/008884327,P,2018-03-21T18:51:00,2018-03-21T18:51:00,603,603
http://irail.be/vehicle/P8803,http://irail.be/stations/NMBS/008884350,P,2018-03-21T18:54:00,2018-03-21T18:54:00,603,603
http://irail.be/vehicle/P8803,http://irail.be/stations/NMBS/008884335,P,2018-03-21T18:59:00,2018-03-21T18:59:00,,603
http://irail.be/vehicle/P8803,NO-URI,P,2018-10-02T17:05:00,2018-10-02T17:05:00,248,
http://irail.be/vehicle/P8803,http://irail.be/stations/NMBS/008811007,P,2018-10-02T17:20:00,2018-10-02T17:15:00,11,232
http://irail.be/vehicle/P8803,http://irail.be/stations/NMBS/008812005,P,2018-10-02T17:28:00,2018-10-02T17:25:00,124,144
http://irail.be/vehicle/P8803,http://irail.be/stations/NMBS/008813045,P,2018-10-02T17:30:00,2018-10-02T17:30:00,207,207
http://irail.be/vehicle/P8803,http://irail.be/stations/NMBS/008813003,P,2018-10-02T17:32:00,2018-10-02T17:31:00,525,478
http://irail.be/vehicle/P8803,http://irail.be/stations/NMBS/008813037,P,2018-10-02T17:34:00,2018-10-02T17:34:00,485,485
http://irail.be/vehicle/P8803,http://irail.be/stations/NMBS/008814001,P,2018-10-02T17:38:00,2018-10-02T17:36:00,536,568
http://irail.be/vehicle/P8803,http://irail.be/stations/NMBS/008814373,P,2018-10-02T17:42:00,2018-10-02T17:42:00,517,517
http://irail.be/vehicle/P8803,http://irail.be/stations/NMBS/008814308,P,2018-10-02T17:47:00,2018-10-02T17:47:00,645,645
http://irail.be/vehicle/P8803,http://irail.be/stations/NMBS/008814332,P,2018-10-02T17:49:00,2018-10-02T17:49:00,622,622
http://irail.be/vehicle/P8803,http://irail.be/stations/NMBS/008883808,P,2018-10-02T17:50:00,2018-10-02T17:50:00,605,605
http://irail.be/vehicle/P8803,http://irail.be/stations/NMBS/008883022,P,2018-10-02T17:53:00,2018-10-02T17:53:00,562,562
http://irail.be/vehicle/P8803,NO-URI,P,2018-10-02T17:54:00,2018-10-02T17:54:00,546,546
http://irail.be/vehicle/P8803,http://irail.be/stations/NMBS/008883006,P,2018-10-02T18:00:00,2018-10-02T17:59:00,552,546
http://irail.be/vehicle/P8803,http://irail.be/stations/NMBS/008883113,P,2018-10-02T18:06:00,2018-10-02T18:05:00,533,511
http://irail.be/vehicle/P8803,NO-URI,P,2018-10-02T18:10:00,2018-10-02T18:10:00,480,480
http://irail.be/vehicle/P8803,http://irail.be/stations/NMBS/008883121,P,2018-10-02T18:10:00,2018-10-02T18:10:00,491,491
http://irail.be/vehicle/P8803,http://irail.be/stations/NMBS/008881174,P,2018-10-02T18:11:00,2018-10-02T18:11:00,515,515
http://irail.be/vehicle/P8803,http://irail.be/stations/NMBS/008881166,P,2018-10-02T18:15:00,2018-10-02T18:14:00,474,513
http://irail.be/vehicle/P8803,http://irail.be/stations/NMBS/008881158,P,2018-10-02T18:18:00,2018-10-02T18:18:00,474,474
http://irail.be/vehicle/P8803,http://irail.be/stations/NMBS/008881125,P,2018-10-02T18:19:00,2018-10-02T18:19:00,471,471
http://irail.be/vehicle/P8803,http://irail.be/stations/NMBS/008881000,P,2018-10-02T18:28:00,2018-10-02T18:24:00,385,503
http://irail.be/vehicle/P8803,http://irail.be/stations/NMBS/008884566,P,2018-10-02T18:35:00,2018-10-02T18:34:00,385,385
http://irail.be/vehicle/P8803,http://irail.be/stations/NMBS/008884541,P,2018-10-02T18:39:00,2018-10-02T18:38:00,355,317
http://irail.be/vehicle/P8803,http://irail.be/stations/NMBS/008884004,P,2018-10-02T18:44:00,2018-10-02T18:42:00,371,399
http://irail.be/vehicle/P8803,http://irail.be/stations/NMBS/008884319,P,2018-10-02T18:48:00,2018-10-02T18:48:00,345,345
http://irail.be/vehicle/P8803,http://irail.be/stations/NMBS/008884327,P,2018-10-02T18:51:00,2018-10-02T18:51:00,337,337
http://irail.be/vehicle/P8803,http://irail.be/stations/NMBS/008884350,P,2018-10-02T18:54:00,2018-10-02T18:54:00,337,337
http://irail.be/vehicle/P8803,http://irail.be/stations/NMBS/008884335,P,2018-10-02T18:59:00,2018-10-02T18:59:00,,337
http://irail.be/vehicle/P8803,NO-URI,P,2018-10-12T17:05:00,2018-10-12T17:05:00,653,
http://irail.be/vehicle/P8803,http://irail.be/stations/NMBS/008811007,P,2018-10-12T17:20:00,2018-10-12T17:15:00,244,510
http://irail.be/vehicle/P8803,http://irail.be/stations/NMBS/008812005,P,2018-10-12T17:28:00,2018-10-12T17:25:00,158,248
http://irail.be/vehicle/P8803,http://irail.be/stations/NMBS/008813045,P,2018-10-12T17:30:00,2018-10-12T17:30:00,157,157
http://irail.be/vehicle/P8803,http://irail.be/stations/NMBS/008813003,P,2018-10-12T17:32:00,2018-10-12T17:31:00,309,285
http://irail.be/vehicle/P8803,http://irail.be/stations/NMBS/008813037,P,2018-10-12T17:34:00,2018-10-12T17:34:00,257,257
http://irail.be/vehicle/P8803,http://irail.be/stations/NMBS/008814001,P,2018-10-12T17:38:00,2018-10-12T17:36:00,286,335
http://irail.be/vehicle/P8803,http://irail.be/stations/NMBS/008814373,P,2018-10-12T17:42:00,2018-10-12T17:42:00,239,239
http://irail.be/vehicle/P8803,http://irail.be/stations/NMBS/008814308,P,2018-10-12T17:47:00,2018-10-12T17:47:00,189,189
http://irail.be/vehicle/P8803,http://irail.be/stations/NMBS/008814332,P,2018-10-12T17:49:00,2018-10-12T17:49:00,162,162
http://irail.be/vehicle/P8803,http://irail.be/stations/NMBS/008883808,P,2018-10-12T17:50:00,2018-10-12T17:50:00,184,184
http://irail.be/vehicle/P8803,http://irail.be/stations/NMBS/008883022,P,2018-10-12T17:53:00,2018-10-12T17:53:00,155,155
http://irail.be/vehicle/P8803,NO-URI,P,2018-10-12T17:54:00,2018-10-12T17:54:00,104,104
http://irail.be/vehicle/P8803,http://irail.be/stations/NMBS/008883006,P,2018-10-12T18:00:00,2018-10-12T17:59:00,97,52
http://irail.be/vehicle/P8803,http://irail.be/stations/NMBS/008883113,P,2018-10-12T18:06:00,2018-10-12T18:05:00,71,45
http://irail.be/vehicle/P8803,NO-URI,P,2018-10-12T18:10:00,2018-10-12T18:10:00,13,13
http://irail.be/vehicle/P8803,http://irail.be/stations/NMBS/008883121,P,2018-10-12T18:10:00,2018-10-12T18:10:00,24,24
http://irail.be/vehicle/P8803,http://irail.be/stations/NMBS/008881174,P,2018-10-12T18:11:00,2018-10-12T18:11:00,47,47
http://irail.be/vehicle/P8803,http://irail.be/stations/NMBS/008881166,P,2018-10-12T18:15:00,2018-10-12T18:14:00,25,37
http://irail.be/vehicle/P8803,http://irail.be/stations/NMBS/008881158,P,2018-10-12T18:18:00,2018-10-12T18:18:00,25,25
http://irail.be/vehicle/P8803,http://irail.be/stations/NMBS/008881125,P,2018-10-12T18:19:00,2018-10-12T18:19:00,17,17
http://irail.be/vehicle/P8803,http://irail.be/stations/NMBS/008881000,P,2018-10-12T18:28:00,2018-10-12T18:24:00,38,13
http://irail.be/vehicle/P8803,http://irail.be/stations/NMBS/008884566,P,2018-10-12T18:35:00,2018-10-12T18:34:00,50,38
http://irail.be/vehicle/P8803,http://irail.be/stations/NMBS/008884541,P,2018-10-12T18:39:00,2018-10-12T18:38:00,80,63
http://irail.be/vehicle/P8803,http://irail.be/stations/NMBS/008884004,P,2018-10-12T18:44:00,2018-10-12T18:42:00,83,114
http://irail.be/vehicle/P8803,http://irail.be/stations/NMBS/008884319,P,2018-10-12T18:48:00,2018-10-12T18:48:00,231,230
http://irail.be/vehicle/P8803,http://irail.be/stations/NMBS/008884327,P,2018-10-12T18:51:00,2018-10-12T18:51:00,231,231
http://irail.be/vehicle/P8803,http://irail.be/stations/NMBS/008884350,P,2018-10-12T18:54:00,2018-10-12T18:54:00,231,231
http://irail.be/vehicle/P8803,http://irail.be/stations/NMBS/008884335,P,2018-10-12T18:59:00,2018-10-12T18:59:00,,231
http://irail.be/vehicle/P8803,NO-URI,P,2018-01-30T17:05:00,2018-01-30T17:05:00,-51,
http://irail.be/vehicle/P8803,http://irail.be/stations/NMBS/008811007,P,2018-01-30T17:20:00,2018-01-30T17:15:00,16,-124
http://irail.be/vehicle/P8803,http://irail.be/stations/NMBS/008812005,P,2018-01-30T17:28:00,2018-01-30T17:25:00,53,138
http://irail.be/vehicle/P8803,http://irail.be/stations/NMBS/008813045,P,2018-01-30T17:30:00,2018-01-30T17:30:00,52,52
http://irail.be/vehicle/P8803,http://irail.be/stations/NMBS/008813003,P,2018-01-30T17:32:00,2018-01-30T17:31:00,113,90
http://irail.be/vehicle/P8803,http://irail.be/stations/NMBS/008813037,P,2018-01-30T17:34:00,2018-01-30T17:34:00,70,70
http://irail.be/vehicle/P8803,http://irail.be/stations/NMBS/008814001,P,2018-01-30T17:38:00,2018-01-30T17:36:00,108,146
http://irail.be/vehicle/P8803,http://irail.be/stations/NMBS/008814373,P,2018-01-30T17:42:00,2018-01-30T17:42:00,111,111
http://irail.be/vehicle/P8803,http://irail.be/stations/NMBS/008814308,P,2018-01-30T17:47:00,2018-01-30T17:47:00,189,189
http://irail.be/vehicle/P8803,http://irail.be/stations/NMBS/008814332,P,2018-01-30T17:49:00,2018-01-30T17:49:00,171,171
http://irail.be/vehicle/P8803,http://irail.be/stations/NMBS/008883808,P,2018-01-30T17:50:00,2018-01-30T17:50:00,325,325
http://irail.be/vehicle/P8803,http://irail.be/stations/NMBS/008883022,P,2018-01-30T17:53:00,2018-01-30T17:53:00,307,307
http://irail.be/vehicle/P8803,NO-URI,P,2018-01-30T17:54:00,2018-01-30T17:54:00,262,262
http://irail.be/vehicle/P8803,http://irail.be/stations/NMBS/008883006,P,2018-01-30T18:00:00,2018-01-30T17:59:00,242,194
http://irail.be/vehicle/P8803,http://irail.be/stations/NMBS/008883113,P,2018-01-30T18:06:00,2018-01-30T18:05:00,242,199
http://irail.be/vehicle/P8803,NO-URI,P,2018-01-30T18:10:00,2018-01-30T18:10:00,185,185
http://irail.be/vehicle/P8803,http://irail.be/stations/NMBS/008883121,P,2018-01-30T18:10:00,2018-01-30T18:10:00,192,192
http://irail.be/vehicle/P8803,http://irail.be/stations/NMBS/008881174,P,2018-01-30T18:11:00,2018-01-30T18:11:00,219,219
http://irail.be/vehicle/P8803,http://irail.be/stations/NMBS/008881166,P,2018-01-30T18:15:00,2018-01-30T18:14:00,248,219
http://irail.be/vehicle/P8803,http://irail.be/stations/NMBS/008881158,P,2018-01-30T18:17:00,2018-01-30T18:17:00,248,248
http://irail.be/vehicle/P8803,http://irail.be/stations/NMBS/008881125,P,2018-01-30T18:20:00,2018-01-30T18:20:00,149,149
http://irail.be/vehicle/P8803,http://irail.be/stations/NMBS/008881000,P,2018-01-30T18:28:00,2018-01-30T18:24:00,84,157
http://irail.be/vehicle/P8803,http://irail.be/stations/NMBS/008884566,P,2018-01-30T18:35:00,2018-01-30T18:34:00,155,84
http://irail.be/vehicle/P8803,http://irail.be/stations/NMBS/008884541,P,2018-01-30T18:39:00,2018-01-30T18:38:00,202,176
http://irail.be/vehicle/P8803,http://irail.be/stations/NMBS/008884004,P,2018-01-30T18:44:00,2018-01-30T18:42:00,247,274
http://irail.be/vehicle/P8803,http://irail.be/stations/NMBS/008884319,P,2018-01-30T18:48:00,2018-01-30T18:48:00,274,223
http://irail.be/vehicle/P8803,http://irail.be/stations/NMBS/008884327,P,2018-01-30T18:51:00,2018-01-30T18:51:00,274,274
http://irail.be/vehicle/P8803,http://irail.be/stations/NMBS/008884350,P,2018-01-30T18:54:00,2018-01-30T18:54:00,274,274
http://irail.be/vehicle/P8803,http://irail.be/stations/NMBS/008884335,P,2018-01-30T18:59:00,2018-01-30T18:59:00,,274
http://irail.be/vehicle/P8803,NO-URI,P,2018-01-18T17:05:00,2018-01-18T17:05:00,-73,
http://irail.be/vehicle/P8803,http://irail.be/stations/NMBS/008811007,P,2018-01-18T17:20:00,2018-01-18T17:15:00,-17,-178
http://irail.be/vehicle/P8803,http://irail.be/stations/NMBS/008812005,P,2018-01-18T17:28:00,2018-01-18T17:25:00,111,-63
http://irail.be/vehicle/P8803,http://irail.be/stations/NMBS/008813045,P,2018-01-18T17:30:00,2018-01-18T17:30:00,131,131
http://irail.be/vehicle/P8803,http://irail.be/stations/NMBS/008813003,P,2018-01-18T17:32:00,2018-01-18T17:31:00,199,161
http://irail.be/vehicle/P8803,http://irail.be/stations/NMBS/008813037,P,2018-01-18T17:34:00,2018-01-18T17:34:00,145,145
http://irail.be/vehicle/P8803,http://irail.be/stations/NMBS/008814001,P,2018-01-18T17:38:00,2018-01-18T17:36:00,224,248
http://irail.be/vehicle/P8803,http://irail.be/stations/NMBS/008814373,P,2018-01-18T17:42:00,2018-01-18T17:42:00,198,198
http://irail.be/vehicle/P8803,http://irail.be/stations/NMBS/008814308,P,2018-01-18T17:47:00,2018-01-18T17:47:00,592,592
http://irail.be/vehicle/P8803,http://irail.be/stations/NMBS/008814332,P,2018-01-18T17:49:00,2018-01-18T17:49:00,691,691
http://irail.be/vehicle/P8803,http://irail.be/stations/NMBS/008883808,P,2018-01-18T17:50:00,2018-01-18T17:50:00,982,982
http://irail.be/vehicle/P8803,http://irail.be/stations/NMBS/008883022,P,2018-01-18T17:53:00,2018-01-18T17:53:00,941,941
http://irail.be/vehicle/P8803,NO-URI,P,2018-01-18T17:54:00,2018-01-18T17:54:00,892,892
http://irail.be/vehicle/P8803,http://irail.be/stations/NMBS/008883006,P,2018-01-18T18:00:00,2018-01-18T17:59:00,918,837
http://irail.be/vehicle/P8803,http://irail.be/stations/NMBS/008883113,P,2018-01-18T18:06:00,2018-01-18T18:05:00,955,915
http://irail.be/vehicle/P8803,NO-URI,P,2018-01-18T18:10:00,2018-01-18T18:10:00,938,938
http://irail.be/vehicle/P8803,http://irail.be/stations/NMBS/008883121,P,2018-01-18T18:10:00,2018-01-18T18:10:00,955,955
http://irail.be/vehicle/P8803,http://irail.be/stations/NMBS/008881174,P,2018-01-18T18:11:00,2018-01-18T18:11:00,986,986
http://irail.be/vehicle/P8803,http://irail.be/stations/NMBS/008881166,P,2018-01-18T18:15:00,2018-01-18T18:14:00,1001,973
http://irail.be/vehicle/P8803,http://irail.be/stations/NMBS/008881158,P,2018-01-18T18:17:00,2018-01-18T18:17:00,1001,1001
http://irail.be/vehicle/P8803,http://irail.be/stations/NMBS/008881125,P,2018-01-18T18:20:00,2018-01-18T18:20:00,905,905
http://irail.be/vehicle/P8803,http://irail.be/stations/NMBS/008881000,P,2018-01-18T18:28:00,2018-01-18T18:24:00,822,882
http://irail.be/vehicle/P8803,http://irail.be/stations/NMBS/008884566,P,2018-01-18T18:35:00,2018-01-18T18:34:00,822,822
http://irail.be/vehicle/P8803,http://irail.be/stations/NMBS/008884541,P,2018-01-18T18:39:00,2018-01-18T18:38:00,800,745
http://irail.be/vehicle/P8803,http://irail.be/stations/NMBS/008884004,P,2018-01-18T18:44:00,2018-01-18T18:42:00,806,835
http://irail.be/vehicle/P8803,http://irail.be/stations/NMBS/008884319,P,2018-01-18T18:48:00,2018-01-18T18:48:00,793,759
http://irail.be/vehicle/P8803,http://irail.be/stations/NMBS/008884327,P,2018-01-18T18:51:00,2018-01-18T18:51:00,793,793
http://irail.be/vehicle/P8803,http://irail.be/stations/NMBS/008884350,P,2018-01-18T18:54:00,2018-01-18T18:54:00,793,793
http://irail.be/vehicle/P8803,http://irail.be/stations/NMBS/008884335,P,2018-01-18T18:59:00,2018-01-18T18:59:00,,793
http://irail.be/vehicle/P8803,NO-URI,P,2018-11-13T17:05:00,2018-11-13T17:05:00,691,
http://irail.be/vehicle/P8803,http://irail.be/stations/NMBS/008811007,P,2018-11-13T17:20:00,2018-11-13T17:15:00,307,574
http://irail.be/vehicle/P8803,http://irail.be/stations/NMBS/008812005,P,2018-11-13T17:28:00,2018-11-13T17:25:00,391,442
http://irail.be/vehicle/P8803,http://irail.be/stations/NMBS/008813045,P,2018-11-13T17:30:00,2018-11-13T17:30:00,415,415
http://irail.be/vehicle/P8803,http://irail.be/stations/NMBS/008813003,P,2018-11-13T17:32:00,2018-11-13T17:31:00,583,531
http://irail.be/vehicle/P8803,http://irail.be/stations/NMBS/008813037,P,2018-11-13T17:34:00,2018-11-13T17:34:00,532,532
http://irail.be/vehicle/P8803,http://irail.be/stations/NMBS/008814001,P,2018-11-13T17:38:00,2018-11-13T17:36:00,595,585
http://irail.be/vehicle/P8803,http://irail.be/stations/NMBS/008814373,P,2018-11-13T17:42:00,2018-11-13T17:42:00,604,604
http://irail.be/vehicle/P8803,http://irail.be/stations/NMBS/008814308,P,2018-11-13T17:47:00,2018-11-13T17:47:00,577,577
http://irail.be/vehicle/P8803,http://irail.be/stations/NMBS/008814332,P,2018-11-13T17:49:00,2018-11-13T17:49:00,552,552
http://irail.be/vehicle/P8803,http://irail.be/stations/NMBS/008883808,P,2018-11-13T17:50:00,2018-11-13T17:50:00,530,530
http://irail.be/vehicle/P8803,http://irail.be/stations/NMBS/008883022,P,2018-11-13T17:53:00,2018-11-13T17:53:00,534,534
http://irail.be/vehicle/P8803,NO-URI,P,2018-11-13T17:54:00,2018-11-13T17:54:00,599,599
http://irail.be/vehicle/P8803,http://irail.be/stations/NMBS/008883006,P,2018-11-13T18:00:00,2018-11-13T17:59:00,749,719
http://irail.be/vehicle/P8803,http://irail.be/stations/NMBS/008883113,P,2018-11-13T18:06:00,2018-11-13T18:05:00,749,715
http://irail.be/vehicle/P8803,NO-URI,P,2018-11-13T18:10:00,2018-11-13T18:10:00,705,705
http://irail.be/vehicle/P8803,http://irail.be/stations/NMBS/008883121,P,2018-11-13T18:10:00,2018-11-13T18:10:00,716,716
http://irail.be/vehicle/P8803,http://irail.be/stations/NMBS/008881174,P,2018-11-13T18:11:00,2018-11-13T18:11:00,738,738
http://irail.be/vehicle/P8803,http://irail.be/stations/NMBS/008881166,P,2018-11-13T18:15:00,2018-11-13T18:14:00,750,729
http://irail.be/vehicle/P8803,http://irail.be/stations/NMBS/008881158,P,2018-11-13T18:18:00,2018-11-13T18:18:00,750,750
http://irail.be/vehicle/P8803,http://irail.be/stations/NMBS/008881125,P,2018-11-13T18:19:00,2018-11-13T18:19:00,754,754
http://irail.be/vehicle/P8803,http://irail.be/stations/NMBS/008881000,P,2018-11-13T18:28:00,2018-11-13T18:24:00,900,772
http://irail.be/vehicle/P8803,http://irail.be/stations/NMBS/008884566,P,2018-11-13T18:35:00,2018-11-13T18:34:00,907,900
http://irail.be/vehicle/P8803,http://irail.be/stations/NMBS/008884541,P,2018-11-13T18:39:00,2018-11-13T18:38:00,985,929
http://irail.be/vehicle/P8803,http://irail.be/stations/NMBS/008884004,P,2018-11-13T18:44:00,2018-11-13T18:42:00,1003,1016
http://irail.be/vehicle/P8803,http://irail.be/stations/NMBS/008884319,P,2018-11-13T18:48:00,2018-11-13T18:48:00,1084,966
http://irail.be/vehicle/P8803,http://irail.be/stations/NMBS/008884327,P,2018-11-13T18:51:00,2018-11-13T18:51:00,1084,1084
http://irail.be/vehicle/P8803,http://irail.be/stations/NMBS/008884350,P,2018-11-13T18:54:00,2018-11-13T18:54:00,1084,1084
http://irail.be/vehicle/P8803,http://irail.be/stations/NMBS/008884335,P,2018-11-13T18:59:00,2018-11-13T18:59:00,,1084
http://irail.be/vehicle/P8803,NO-URI,P,2018-12-19T17:05:00,2018-12-19T17:05:00,-153,
http://irail.be/vehicle/P8803,http://irail.be/stations/NMBS/008811007,P,2018-12-19T17:18:00,2018-12-19T17:15:00,50,74
http://irail.be/vehicle/P8803,http://irail.be/stations/NMBS/008812005,P,2018-12-19T17:25:00,2018-12-19T17:23:00,76,110
http://irail.be/vehicle/P8803,http://irail.be/stations/NMBS/008813045,P,2018-12-19T17:27:00,2018-12-19T17:27:00,92,92
http://irail.be/vehicle/P8803,http://irail.be/stations/NMBS/008813003,P,2018-12-19T17:30:00,2018-12-19T17:29:00,172,159
http://irail.be/vehicle/P8803,http://irail.be/stations/NMBS/008813037,P,2018-12-19T17:31:00,2018-12-19T17:31:00,177,177
http://irail.be/vehicle/P8803,http://irail.be/stations/NMBS/008814001,P,2018-12-19T17:39:00,2018-12-19T17:34:00,160,234
http://irail.be/vehicle/P8803,http://irail.be/stations/NMBS/008814373,P,2018-12-19T17:43:00,2018-12-19T17:43:00,140,140
http://irail.be/vehicle/P8803,http://irail.be/stations/NMBS/008814308,P,2018-12-19T17:49:00,2018-12-19T17:49:00,197,197
http://irail.be/vehicle/P8803,http://irail.be/stations/NMBS/008814332,P,2018-12-19T17:50:00,2018-12-19T17:50:00,201,201
http://irail.be/vehicle/P8803,http://irail.be/stations/NMBS/008883808,P,2018-12-19T17:52:00,2018-12-19T17:52:00,420,420
http://irail.be/vehicle/P8803,http://irail.be/stations/NMBS/008883022,P,2018-12-19T17:54:00,2018-12-19T17:54:00,465,465
http://irail.be/vehicle/P8803,NO-URI,P,2018-12-19T17:55:00,2018-12-19T17:55:00,417,417
http://irail.be/vehicle/P8803,http://irail.be/stations/NMBS/008883006,P,2018-12-19T18:01:00,2018-12-19T18:00:00,538,583
http://irail.be/vehicle/P8803,http://irail.be/stations/NMBS/008883113,P,2018-12-19T18:07:00,2018-12-19T18:06:00,509,490
http://irail.be/vehicle/P8803,NO-URI,P,2018-12-19T18:11:00,2018-12-19T18:11:00,443,443
http://irail.be/vehicle/P8803,http://irail.be/stations/NMBS/008883121,P,2018-12-19T18:11:00,2018-12-19T18:11:00,457,457
http://irail.be/vehicle/P8803,http://irail.be/stations/NMBS/008881174,P,2018-12-19T18:13:00,2018-12-19T18:13:00,475,475
http://irail.be/vehicle/P8803,http://irail.be/stations/NMBS/008881166,P,2018-12-19T18:16:00,2018-12-19T18:15:00,443,469
http://irail.be/vehicle/P8803,http://irail.be/stations/NMBS/008881158,P,2018-12-19T18:19:00,2018-12-19T18:19:00,443,443
http://irail.be/vehicle/P8803,http://irail.be/stations/NMBS/008881125,P,2018-12-19T18:21:00,2018-12-19T18:21:00,379,379
http://irail.be/vehicle/P8803,http://irail.be/stations/NMBS/008881000,P,2018-12-19T18:28:00,2018-12-19T18:25:00,413,372
http://irail.be/vehicle/P8803,http://irail.be/stations/NMBS/008884566,P,2018-12-19T18:35:00,2018-12-19T18:34:00,413,413
http://irail.be/vehicle/P8803,http://irail.be/stations/NMBS/008884541,P,2018-12-19T18:39:00,2018-12-19T18:38:00,307,353
http://irail.be/vehicle/P8803,http://irail.be/stations/NMBS/008884004,P,2018-12-19T18:45:00,2018-12-19T18:43:00,292,337
http://irail.be/vehicle/P8803,http://irail.be/stations/NMBS/008884319,P,2018-12-19T18:49:00,2018-12-19T18:49:00,311,311
http://irail.be/vehicle/P8803,http://irail.be/stations/NMBS/008884327,P,2018-12-19T18:52:00,2018-12-19T18:52:00,309,309
http://irail.be/vehicle/P8803,http://irail.be/stations/NMBS/008884350,P,2018-12-19T18:55:00,2018-12-19T18:55:00,309,309
http://irail.be/vehicle/P8803,http://irail.be/stations/NMBS/008884335,P,2018-12-19T19:00:00,2018-12-19T19:00:00,,309
http://irail.be/vehicle/P8803,NO-URI,P,2018-12-18T17:05:00,2018-12-18T17:05:00,88,
http://irail.be/vehicle/P8803,http://irail.be/stations/NMBS/008811007,P,2018-12-18T17:18:00,2018-12-18T17:15:00,6,16
http://irail.be/vehicle/P8803,http://irail.be/stations/NMBS/008812005,P,2018-12-18T17:25:00,2018-12-18T17:23:00,7,55
http://irail.be/vehicle/P8803,http://irail.be/stations/NMBS/008813045,P,2018-12-18T17:27:00,2018-12-18T17:27:00,48,48
http://irail.be/vehicle/P8803,http://irail.be/stations/NMBS/008813003,P,2018-12-18T17:30:00,2018-12-18T17:29:00,187,161
http://irail.be/vehicle/P8803,http://irail.be/stations/NMBS/008813037,P,2018-12-18T17:31:00,2018-12-18T17:31:00,187,187
http://irail.be/vehicle/P8803,http://irail.be/stations/NMBS/008814001,P,2018-12-18T17:39:00,2018-12-18T17:34:00,78,191
http://irail.be/vehicle/P8803,http://irail.be/stations/NMBS/008814373,P,2018-12-18T17:43:00,2018-12-18T17:43:00,98,98
http://irail.be/vehicle/P8803,http://irail.be/stations/NMBS/008814308,P,2018-12-18T17:49:00,2018-12-18T17:49:00,67,67
http://irail.be/vehicle/P8803,http://irail.be/stations/NMBS/008814332,P,2018-12-18T17:50:00,2018-12-18T17:50:00,57,57
http://irail.be/vehicle/P8803,http://irail.be/stations/NMBS/008883808,P,2018-12-18T17:52:00,2018-12-18T17:52:00,264,264
http://irail.be/vehicle/P8803,http://irail.be/stations/NMBS/008883022,P,2018-12-18T17:54:00,2018-12-18T17:54:00,297,297
http://irail.be/vehicle/P8803,NO-URI,P,2018-12-18T17:55:00,2018-12-18T17:55:00,249,249
http://irail.be/vehicle/P8803,http://irail.be/stations/NMBS/008883006,P,2018-12-18T18:01:00,2018-12-18T18:00:00,517,455
http://irail.be/vehicle/P8803,http://irail.be/stations/NMBS/008883113,P,2018-12-18T18:07:00,2018-12-18T18:06:00,488,473
http://irail.be/vehicle/P8803,NO-URI,P,2018-12-18T18:11:00,2018-12-18T18:11:00,430,430
http://irail.be/vehicle/P8803,http://irail.be/stations/NMBS/008883121,P,2018-12-18T18:11:00,2018-12-18T18:11:00,444,444
http://irail.be/vehicle/P8803,http://irail.be/stations/NMBS/008881174,P,2018-12-18T18:13:00,2018-12-18T18:13:00,464,464
http://irail.be/vehicle/P8803,http://irail.be/stations/NMBS/008881166,P,2018-12-18T18:16:00,2018-12-18T18:15:00,527,458
http://irail.be/vehicle/P8803,http://irail.be/stations/NMBS/008881158,P,2018-12-18T18:19:00,2018-12-18T18:19:00,527,527
http://irail.be/vehicle/P8803,http://irail.be/stations/NMBS/008881125,P,2018-12-18T18:21:00,2018-12-18T18:21:00,480,480
http://irail.be/vehicle/P8803,http://irail.be/stations/NMBS/008881000,P,2018-12-18T18:28:00,2018-12-18T18:25:00,712,680
http://irail.be/vehicle/P8803,http://irail.be/stations/NMBS/008884566,P,2018-12-18T18:35:00,2018-12-18T18:34:00,712,712
http://irail.be/vehicle/P8803,http://irail.be/stations/NMBS/008884541,P,2018-12-18T18:39:00,2018-12-18T18:38:00,677,665
http://irail.be/vehicle/P8803,http://irail.be/stations/NMBS/008884004,P,2018-12-18T18:45:00,2018-12-18T18:43:00,733,739
http://irail.be/vehicle/P8803,http://irail.be/stations/NMBS/008884319,P,2018-12-18T18:49:00,2018-12-18T18:49:00,732,685
http://irail.be/vehicle/P8803,http://irail.be/stations/NMBS/008884327,P,2018-12-18T18:52:00,2018-12-18T18:52:00,732,732
http://irail.be/vehicle/P8803,http://irail.be/stations/NMBS/008884350,P,2018-12-18T18:55:00,2018-12-18T18:55:00,732,732
http://irail.be/vehicle/P8803,http://irail.be/stations/NMBS/008884335,P,2018-12-18T19:00:00,2018-12-18T19:00:00,,732
http://irail.be/vehicle/P8803,NO-URI,P,2018-12-04T17:05:00,2018-12-04T17:05:00,-36,
http://irail.be/vehicle/P8803,http://irail.be/stations/NMBS/008811007,P,2018-12-04T17:20:00,2018-12-04T17:15:00,6,45
http://irail.be/vehicle/P8803,http://irail.be/stations/NMBS/008812005,P,2018-12-04T17:28:00,2018-12-04T17:25:00,141,52
http://irail.be/vehicle/P8803,http://irail.be/stations/NMBS/008813045,P,2018-12-04T17:30:00,2018-12-04T17:30:00,158,158
http://irail.be/vehicle/P8803,http://irail.be/stations/NMBS/008813003,P,2018-12-04T17:32:00,2018-12-04T17:31:00,447,396
http://irail.be/vehicle/P8803,http://irail.be/stations/NMBS/008813037,P,2018-12-04T17:34:00,2018-12-04T17:34:00,403,403
http://irail.be/vehicle/P8803,http://irail.be/stations/NMBS/008814001,P,2018-12-04T17:38:00,2018-12-04T17:36:00,410,458
http://irail.be/vehicle/P8803,http://irail.be/stations/NMBS/008814373,P,2018-12-04T17:42:00,2018-12-04T17:42:00,381,381
http://irail.be/vehicle/P8803,http://irail.be/stations/NMBS/008814308,P,2018-12-04T17:47:00,2018-12-04T17:47:00,764,764
http://irail.be/vehicle/P8803,http://irail.be/stations/NMBS/008814332,P,2018-12-04T17:49:00,2018-12-04T17:49:00,748,748
http://irail.be/vehicle/P8803,http://irail.be/stations/NMBS/008883808,P,2018-12-04T17:50:00,2018-12-04T17:50:00,1030,1030
http://irail.be/vehicle/P8803,http://irail.be/stations/NMBS/008883022,P,2018-12-04T17:53:00,2018-12-04T17:53:00,1119,1119
http://irail.be/vehicle/P8803,NO-URI,P,2018-12-04T17:54:00,2018-12-04T17:54:00,1096,1096
http://irail.be/vehicle/P8803,http://irail.be/stations/NMBS/008883006,P,2018-12-04T18:00:00,2018-12-04T17:59:00,1105,1079
http://irail.be/vehicle/P8803,http://irail.be/stations/NMBS/008883113,P,2018-12-04T18:06:00,2018-12-04T18:05:00,1066,1049
http://irail.be/vehicle/P8803,NO-URI,P,2018-12-04T18:10:00,2018-12-04T18:10:00,1008,1008
http://irail.be/vehicle/P8803,http://irail.be/stations/NMBS/008883121,P,2018-12-04T18:10:00,2018-12-04T18:10:00,1019,1019
http://irail.be/vehicle/P8803,http://irail.be/stations/NMBS/008881174,P,2018-12-04T18:11:00,2018-12-04T18:11:00,1041,1041
http://irail.be/vehicle/P8803,http://irail.be/stations/NMBS/008881166,P,2018-12-04T18:15:00,2018-12-04T18:14:00,1054,1029
http://irail.be/vehicle/P8803,http://irail.be/stations/NMBS/008881158,P,2018-12-04T18:18:00,2018-12-04T18:18:00,1054,1054
http://irail.be/vehicle/P8803,http://irail.be/stations/NMBS/008881125,P,2018-12-04T18:19:00,2018-12-04T18:19:00,1123,1123
http://irail.be/vehicle/P8803,http://irail.be/stations/NMBS/008881000,P,2018-12-04T18:28:00,2018-12-04T18:24:00,887,1007
http://irail.be/vehicle/P8803,http://irail.be/stations/NMBS/008884566,P,2018-12-04T18:35:00,2018-12-04T18:34:00,887,887
http://irail.be/vehicle/P8803,http://irail.be/stations/NMBS/008884541,P,2018-12-04T18:39:00,2018-12-04T18:38:00,826,795
http://irail.be/vehicle/P8803,http://irail.be/stations/NMBS/008884004,P,2018-12-04T18:44:00,2018-12-04T18:42:00,821,863
http://irail.be/vehicle/P8803,http://irail.be/stations/NMBS/008884319,P,2018-12-04T18:48:00,2018-12-04T18:48:00,778,778
http://irail.be/vehicle/P8803,http://irail.be/stations/NMBS/008884327,P,2018-12-04T18:51:00,2018-12-04T18:51:00,771,771
http://irail.be/vehicle/P8803,http://irail.be/stations/NMBS/008884350,P,2018-12-04T18:54:00,2018-12-04T18:54:00,771,771
http://irail.be/vehicle/P8803,http://irail.be/stations/NMBS/008884335,P,2018-12-04T18:59:00,2018-12-04T18:59:00,,771
http://irail.be/vehicle/P8803,NO-URI,P,2018-09-05T17:05:00,2018-09-05T17:05:00,1105,
http://irail.be/vehicle/P8803,http://irail.be/stations/NMBS/008811007,P,2018-09-05T17:20:00,2018-09-05T17:15:00,935,1083
http://irail.be/vehicle/P8803,http://irail.be/stations/NMBS/008812005,P,2018-09-05T17:28:00,2018-09-05T17:25:00,903,982
http://irail.be/vehicle/P8803,http://irail.be/stations/NMBS/008813045,P,2018-09-05T17:30:00,2018-09-05T17:30:00,909,909
http://irail.be/vehicle/P8803,http://irail.be/stations/NMBS/008813003,P,2018-09-05T17:32:00,2018-09-05T17:31:00,983,950
http://irail.be/vehicle/P8803,http://irail.be/stations/NMBS/008813037,P,2018-09-05T17:34:00,2018-09-05T17:34:00,931,931
http://irail.be/vehicle/P8803,http://irail.be/stations/NMBS/008814001,P,2018-09-05T17:38:00,2018-09-05T17:36:00,997,979
http://irail.be/vehicle/P8803,http://irail.be/stations/NMBS/008814373,P,2018-09-05T17:42:00,2018-09-05T17:42:00,994,994
http://irail.be/vehicle/P8803,http://irail.be/stations/NMBS/008814308,P,2018-09-05T17:47:00,2018-09-05T17:47:00,1420,1420
http://irail.be/vehicle/P8803,http://irail.be/stations/NMBS/008814332,P,2018-09-05T17:49:00,2018-09-05T17:49:00,1394,1394
http://irail.be/vehicle/P8803,http://irail.be/stations/NMBS/008883808,P,2018-09-05T17:50:00,2018-09-05T17:50:00,1374,1374
http://irail.be/vehicle/P8803,http://irail.be/stations/NMBS/008883022,P,2018-09-05T17:53:00,2018-09-05T17:53:00,1329,1329
http://irail.be/vehicle/P8803,NO-URI,P,2018-09-05T17:54:00,2018-09-05T17:54:00,1275,1275
http://irail.be/vehicle/P8803,http://irail.be/stations/NMBS/008883006,P,2018-09-05T18:00:00,2018-09-05T17:59:00,1201,1231
http://irail.be/vehicle/P8803,http://irail.be/stations/NMBS/008883113,P,2018-09-05T18:06:00,2018-09-05T18:05:00,1190,1158
http://irail.be/vehicle/P8803,NO-URI,P,2018-09-05T18:10:00,2018-09-05T18:10:00,1136,1136
http://irail.be/vehicle/P8803,http://irail.be/stations/NMBS/008883121,P,2018-09-05T18:10:00,2018-09-05T18:10:00,1148,1148
http://irail.be/vehicle/P8803,http://irail.be/stations/NMBS/008881174,P,2018-09-05T18:11:00,2018-09-05T18:11:00,1233,1233
http://irail.be/vehicle/P8803,http://irail.be/stations/NMBS/008881166,P,2018-09-05T18:15:00,2018-09-05T18:14:00,1205,1230
http://irail.be/vehicle/P8803,http://irail.be/stations/NMBS/008881158,P,2018-09-05T18:18:00,2018-09-05T18:18:00,1205,1205
http://irail.be/vehicle/P8803,http://irail.be/stations/NMBS/008881125,P,2018-09-05T18:19:00,2018-09-05T18:19:00,1202,1202
http://irail.be/vehicle/P8803,http://irail.be/stations/NMBS/008881000,P,2018-09-05T18:28:00,2018-09-05T18:24:00,1416,1178
http://irail.be/vehicle/P8803,http://irail.be/stations/NMBS/008884566,P,2018-09-05T18:35:00,2018-09-05T18:34:00,1416,1416
http://irail.be/vehicle/P8803,http://irail.be/stations/NMBS/008884541,P,2018-09-05T18:39:00,2018-09-05T18:38:00,1303,1288
http://irail.be/vehicle/P8803,http://irail.be/stations/NMBS/008884004,P,2018-09-05T18:44:00,2018-09-05T18:42:00,1308,1340
http://irail.be/vehicle/P8803,http://irail.be/stations/NMBS/008884319,P,2018-09-05T18:48:00,2018-09-05T18:48:00,1260,1260
http://irail.be/vehicle/P8803,http://irail.be/stations/NMBS/008884327,P,2018-09-05T18:51:00,2018-09-05T18:51:00,1238,1238
http://irail.be/vehicle/P8803,http://irail.be/stations/NMBS/008884350,P,2018-09-05T18:54:00,2018-09-05T18:54:00,1238,1238
http://irail.be/vehicle/P8803,http://irail.be/stations/NMBS/008884335,P,2018-09-05T18:59:00,2018-09-05T18:59:00,,1238
http://irail.be/vehicle/P8803,NO-URI,P,2018-09-18T17:05:00,2018-09-18T17:05:00,147,
http://irail.be/vehicle/P8803,http://irail.be/stations/NMBS/008811007,P,2018-09-18T17:20:00,2018-09-18T17:15:00,10,56
http://irail.be/vehicle/P8803,http://irail.be/stations/NMBS/008812005,P,2018-09-18T17:28:00,2018-09-18T17:25:00,82,-63
http://irail.be/vehicle/P8803,http://irail.be/stations/NMBS/008813045,P,2018-09-18T17:30:00,2018-09-18T17:30:00,92,92
http://irail.be/vehicle/P8803,http://irail.be/stations/NMBS/008813003,P,2018-09-18T17:32:00,2018-09-18T17:31:00,154,133
http://irail.be/vehicle/P8803,http://irail.be/stations/NMBS/008813037,P,2018-09-18T17:34:00,2018-09-18T17:34:00,103,103
http://irail.be/vehicle/P8803,http://irail.be/stations/NMBS/008814001,P,2018-09-18T17:38:00,2018-09-18T17:36:00,102,151
http://irail.be/vehicle/P8803,http://irail.be/stations/NMBS/008814373,P,2018-09-18T17:42:00,2018-09-18T17:42:00,76,76
http://irail.be/vehicle/P8803,http://irail.be/stations/NMBS/008814308,P,2018-09-18T17:47:00,2018-09-18T17:47:00,70,70
http://irail.be/vehicle/P8803,http://irail.be/stations/NMBS/008814332,P,2018-09-18T17:49:00,2018-09-18T17:49:00,53,53
http://irail.be/vehicle/P8803,http://irail.be/stations/NMBS/008883808,P,2018-09-18T17:50:00,2018-09-18T17:50:00,270,270
http://irail.be/vehicle/P8803,http://irail.be/stations/NMBS/008883022,P,2018-09-18T17:53:00,2018-09-18T17:53:00,289,289
http://irail.be/vehicle/P8803,NO-URI,P,2018-09-18T17:54:00,2018-09-18T17:54:00,240,240
http://irail.be/vehicle/P8803,http://irail.be/stations/NMBS/008883006,P,2018-09-18T18:00:00,2018-09-18T17:59:00,189,197
http://irail.be/vehicle/P8803,http://irail.be/stations/NMBS/008883113,P,2018-09-18T18:06:00,2018-09-18T18:05:00,194,150
http://irail.be/vehicle/P8803,NO-URI,P,2018-09-18T18:10:00,2018-09-18T18:10:00,144,144
http://irail.be/vehicle/P8803,http://irail.be/stations/NMBS/008883121,P,2018-09-18T18:10:00,2018-09-18T18:10:00,156,156
http://irail.be/vehicle/P8803,http://irail.be/stations/NMBS/008881174,P,2018-09-18T18:11:00,2018-09-18T18:11:00,179,179
http://irail.be/vehicle/P8803,http://irail.be/stations/NMBS/008881166,P,2018-09-18T18:15:00,2018-09-18T18:14:00,146,168
http://irail.be/vehicle/P8803,http://irail.be/stations/NMBS/008881158,P,2018-09-18T18:18:00,2018-09-18T18:18:00,146,146
http://irail.be/vehicle/P8803,http://irail.be/stations/NMBS/008881125,P,2018-09-18T18:19:00,2018-09-18T18:19:00,143,143
http://irail.be/vehicle/P8803,http://irail.be/stations/NMBS/008881000,P,2018-09-18T18:28:00,2018-09-18T18:24:00,192,175
http://irail.be/vehicle/P8803,http://irail.be/stations/NMBS/008884566,P,2018-09-18T18:35:00,2018-09-18T18:34:00,192,192
http://irail.be/vehicle/P8803,http://irail.be/stations/NMBS/008884541,P,2018-09-18T18:39:00,2018-09-18T18:38:00,156,127
http://irail.be/vehicle/P8803,http://irail.be/stations/NMBS/008884004,P,2018-09-18T18:44:00,2018-09-18T18:42:00,186,199
http://irail.be/vehicle/P8803,http://irail.be/stations/NMBS/008884319,P,2018-09-18T18:48:00,2018-09-18T18:48:00,585,529
http://irail.be/vehicle/P8803,http://irail.be/stations/NMBS/008884327,P,2018-09-18T18:51:00,2018-09-18T18:51:00,585,585
http://irail.be/vehicle/P8803,http://irail.be/stations/NMBS/008884350,P,2018-09-18T18:54:00,2018-09-18T18:54:00,585,585
http://irail.be/vehicle/P8803,http://irail.be/stations/NMBS/008884335,P,2018-09-18T18:59:00,2018-09-18T18:59:00,,585
