http://irail.be/vehicle/L3884,http://irail.be/stations/NMBS/008814001,L,2019-05-02T14:06:00,2019-05-02T14:06:00,66,
http://irail.be/vehicle/L3884,http://irail.be/stations/NMBS/008815040,L,2019-05-02T14:12:00,2019-05-02T14:11:00,96,119
http://irail.be/vehicle/L3884,http://irail.be/stations/NMBS/008812013,L,2019-05-02T14:14:00,2019-05-02T14:14:00,110,82
http://irail.be/vehicle/L3884,http://irail.be/stations/NMBS/008815016,L,2019-05-02T14:16:00,2019-05-02T14:16:00,132,110
http://irail.be/vehicle/L3884,http://irail.be/stations/NMBS/008812047,L,2019-05-02T14:21:00,2019-05-02T14:20:00,137,116
http://irail.be/vehicle/L3884,http://irail.be/stations/NMBS/008812062,L,2019-05-02T14:25:00,2019-05-02T14:25:00,155,134
http://irail.be/vehicle/L3884,http://irail.be/stations/NMBS/008812070,L,2019-05-02T14:30:00,2019-05-02T14:29:00,172,175
http://irail.be/vehicle/L3884,http://irail.be/stations/NMBS/008812112,L,2019-05-02T14:33:00,2019-05-02T14:33:00,166,160
http://irail.be/vehicle/L3884,http://irail.be/stations/NMBS/008812120,L,2019-05-02T14:37:00,2019-05-02T14:36:00,122,157
http://irail.be/vehicle/L3884,http://irail.be/stations/NMBS/008812146,L,2019-05-02T14:41:00,2019-05-02T14:40:00,136,137
http://irail.be/vehicle/L3884,http://irail.be/stations/NMBS/008812153,L,2019-05-02T14:45:00,2019-05-02T14:45:00,75,72
http://irail.be/vehicle/L3884,http://irail.be/stations/NMBS/008812161,L,2019-05-02T14:48:00,2019-05-02T14:48:00,72,56
http://irail.be/vehicle/L3884,http://irail.be/stations/NMBS/008893443,L,2019-05-02T14:51:00,2019-05-02T14:51:00,86,72
http://irail.be/vehicle/L3884,http://irail.be/stations/NMBS/008893401,L,2019-05-02T14:53:00,2019-05-02T14:53:00,,109
http://irail.be/vehicle/L3884,http://irail.be/stations/NMBS/008814001,L,2019-03-26T14:06:00,2019-03-26T14:06:00,59,
http://irail.be/vehicle/L3884,http://irail.be/stations/NMBS/008815040,L,2019-03-26T14:12:00,2019-03-26T14:11:00,66,58
http://irail.be/vehicle/L3884,http://irail.be/stations/NMBS/008812013,L,2019-03-26T14:14:00,2019-03-26T14:14:00,94,60
http://irail.be/vehicle/L3884,http://irail.be/stations/NMBS/008815016,L,2019-03-26T14:16:00,2019-03-26T14:16:00,127,94
http://irail.be/vehicle/L3884,http://irail.be/stations/NMBS/008812047,L,2019-03-26T14:21:00,2019-03-26T14:20:00,73,72
http://irail.be/vehicle/L3884,http://irail.be/stations/NMBS/008812062,L,2019-03-26T14:25:00,2019-03-26T14:25:00,120,64
http://irail.be/vehicle/L3884,http://irail.be/stations/NMBS/008812070,L,2019-03-26T14:30:00,2019-03-26T14:29:00,118,132
http://irail.be/vehicle/L3884,http://irail.be/stations/NMBS/008812112,L,2019-03-26T14:33:00,2019-03-26T14:33:00,129,107
http://irail.be/vehicle/L3884,http://irail.be/stations/NMBS/008812120,L,2019-03-26T14:37:00,2019-03-26T14:36:00,91,126
http://irail.be/vehicle/L3884,http://irail.be/stations/NMBS/008812146,L,2019-03-26T14:41:00,2019-03-26T14:40:00,57,81
http://irail.be/vehicle/L3884,http://irail.be/stations/NMBS/008812153,L,2019-03-26T14:45:00,2019-03-26T14:45:00,-10,-13
http://irail.be/vehicle/L3884,http://irail.be/stations/NMBS/008812161,L,2019-03-26T14:48:00,2019-03-26T14:48:00,-21,-27
http://irail.be/vehicle/L3884,http://irail.be/stations/NMBS/008893443,L,2019-03-26T14:51:00,2019-03-26T14:51:00,-1,-21
http://irail.be/vehicle/L3884,http://irail.be/stations/NMBS/008893401,L,2019-03-26T14:53:00,2019-03-26T14:53:00,,7
http://irail.be/vehicle/L3884,http://irail.be/stations/NMBS/008814001,L,2019-02-22T14:06:00,2019-02-22T14:06:00,40,
http://irail.be/vehicle/L3884,http://irail.be/stations/NMBS/008815040,L,2019-02-22T14:12:00,2019-02-22T14:11:00,25,29
http://irail.be/vehicle/L3884,http://irail.be/stations/NMBS/008812013,L,2019-02-22T14:14:00,2019-02-22T14:14:00,30,8
http://irail.be/vehicle/L3884,http://irail.be/stations/NMBS/008815016,L,2019-02-22T14:16:00,2019-02-22T14:16:00,68,30
http://irail.be/vehicle/L3884,http://irail.be/stations/NMBS/008812047,L,2019-02-22T14:21:00,2019-02-22T14:20:00,25,26
http://irail.be/vehicle/L3884,http://irail.be/stations/NMBS/008812062,L,2019-02-22T14:25:00,2019-02-22T14:25:00,31,11
http://irail.be/vehicle/L3884,http://irail.be/stations/NMBS/008812070,L,2019-02-22T14:30:00,2019-02-22T14:29:00,33,43
http://irail.be/vehicle/L3884,http://irail.be/stations/NMBS/008812112,L,2019-02-22T14:33:00,2019-02-22T14:33:00,24,10
http://irail.be/vehicle/L3884,http://irail.be/stations/NMBS/008812120,L,2019-02-22T14:37:00,2019-02-22T14:36:00,-4,14
http://irail.be/vehicle/L3884,http://irail.be/stations/NMBS/008812146,L,2019-02-22T14:41:00,2019-02-22T14:40:00,-12,-15
http://irail.be/vehicle/L3884,http://irail.be/stations/NMBS/008812153,L,2019-02-22T14:45:00,2019-02-22T14:45:00,-42,-84
http://irail.be/vehicle/L3884,http://irail.be/stations/NMBS/008812161,L,2019-02-22T14:48:00,2019-02-22T14:48:00,-50,-62
http://irail.be/vehicle/L3884,http://irail.be/stations/NMBS/008893443,L,2019-02-22T14:51:00,2019-02-22T14:51:00,-18,-50
http://irail.be/vehicle/L3884,http://irail.be/stations/NMBS/008893401,L,2019-02-22T14:53:00,2019-02-22T14:53:00,,-13
http://irail.be/vehicle/L3884,http://irail.be/stations/NMBS/008814001,L,2019-02-20T14:06:00,2019-02-20T14:06:00,75,
http://irail.be/vehicle/L3884,http://irail.be/stations/NMBS/008815040,L,2019-02-20T14:12:00,2019-02-20T14:11:00,46,76
http://irail.be/vehicle/L3884,http://irail.be/stations/NMBS/008812013,L,2019-02-20T14:14:00,2019-02-20T14:14:00,41,28
http://irail.be/vehicle/L3884,http://irail.be/stations/NMBS/008815016,L,2019-02-20T14:16:00,2019-02-20T14:16:00,56,41
http://irail.be/vehicle/L3884,http://irail.be/stations/NMBS/008812047,L,2019-02-20T14:21:00,2019-02-20T14:20:00,5,4
http://irail.be/vehicle/L3884,http://irail.be/stations/NMBS/008812062,L,2019-02-20T14:25:00,2019-02-20T14:25:00,15,-14
http://irail.be/vehicle/L3884,http://irail.be/stations/NMBS/008812070,L,2019-02-20T14:30:00,2019-02-20T14:29:00,26,35
http://irail.be/vehicle/L3884,http://irail.be/stations/NMBS/008812112,L,2019-02-20T14:33:00,2019-02-20T14:33:00,44,2
http://irail.be/vehicle/L3884,http://irail.be/stations/NMBS/008812120,L,2019-02-20T14:37:00,2019-02-20T14:36:00,12,34
http://irail.be/vehicle/L3884,http://irail.be/stations/NMBS/008812146,L,2019-02-20T14:41:00,2019-02-20T14:40:00,-21,1
http://irail.be/vehicle/L3884,http://irail.be/stations/NMBS/008812153,L,2019-02-20T14:45:00,2019-02-20T14:45:00,-61,-80
http://irail.be/vehicle/L3884,http://irail.be/stations/NMBS/008812161,L,2019-02-20T14:48:00,2019-02-20T14:48:00,-40,-66
http://irail.be/vehicle/L3884,http://irail.be/stations/NMBS/008893443,L,2019-02-20T14:51:00,2019-02-20T14:51:00,-4,-40
http://irail.be/vehicle/L3884,http://irail.be/stations/NMBS/008893401,L,2019-02-20T14:53:00,2019-02-20T14:53:00,,5
http://irail.be/vehicle/L3884,http://irail.be/stations/NMBS/008814001,L,2019-01-13T14:06:00,2019-01-13T14:06:00,20,
http://irail.be/vehicle/L3884,http://irail.be/stations/NMBS/008815040,L,2019-01-13T14:12:00,2019-01-13T14:11:00,1,4
http://irail.be/vehicle/L3884,http://irail.be/stations/NMBS/008812013,L,2019-01-13T14:14:00,2019-01-13T14:14:00,15,-9
http://irail.be/vehicle/L3884,http://irail.be/stations/NMBS/008815016,L,2019-01-13T14:16:00,2019-01-13T14:16:00,43,15
http://irail.be/vehicle/L3884,http://irail.be/stations/NMBS/008812047,L,2019-01-13T14:21:00,2019-01-13T14:20:00,2,-11
http://irail.be/vehicle/L3884,http://irail.be/stations/NMBS/008812062,L,2019-01-13T14:25:00,2019-01-13T14:25:00,14,-15
http://irail.be/vehicle/L3884,http://irail.be/stations/NMBS/008812070,L,2019-01-13T14:30:00,2019-01-13T14:29:00,29,37
http://irail.be/vehicle/L3884,http://irail.be/stations/NMBS/008812112,L,2019-01-13T14:33:00,2019-01-13T14:33:00,25,7
http://irail.be/vehicle/L3884,http://irail.be/stations/NMBS/008812120,L,2019-01-13T14:37:00,2019-01-13T14:36:00,-1,21
http://irail.be/vehicle/L3884,http://irail.be/stations/NMBS/008812146,L,2019-01-13T14:41:00,2019-01-13T14:40:00,6,-13
http://irail.be/vehicle/L3884,http://irail.be/stations/NMBS/008812153,L,2019-01-13T14:45:00,2019-01-13T14:45:00,-64,-65
http://irail.be/vehicle/L3884,http://irail.be/stations/NMBS/008812161,L,2019-01-13T14:48:00,2019-01-13T14:48:00,-71,-84
http://irail.be/vehicle/L3884,http://irail.be/stations/NMBS/008893443,L,2019-01-13T14:51:00,2019-01-13T14:51:00,-49,-71
http://irail.be/vehicle/L3884,http://irail.be/stations/NMBS/008893401,L,2019-01-13T14:53:00,2019-01-13T14:53:00,,-44
http://irail.be/vehicle/L3884,http://irail.be/stations/NMBS/008814001,L,2019-01-09T14:06:00,2019-01-09T14:06:00,11,
http://irail.be/vehicle/L3884,http://irail.be/stations/NMBS/008815040,L,2019-01-09T14:12:00,2019-01-09T14:11:00,-7,5
http://irail.be/vehicle/L3884,http://irail.be/stations/NMBS/008812013,L,2019-01-09T14:14:00,2019-01-09T14:14:00,11,-20
http://irail.be/vehicle/L3884,http://irail.be/stations/NMBS/008815016,L,2019-01-09T14:16:00,2019-01-09T14:16:00,27,11
http://irail.be/vehicle/L3884,http://irail.be/stations/NMBS/008812047,L,2019-01-09T14:21:00,2019-01-09T14:20:00,-10,-18
http://irail.be/vehicle/L3884,http://irail.be/stations/NMBS/008812062,L,2019-01-09T14:25:00,2019-01-09T14:25:00,2,-20
http://irail.be/vehicle/L3884,http://irail.be/stations/NMBS/008812070,L,2019-01-09T14:30:00,2019-01-09T14:29:00,75,14
http://irail.be/vehicle/L3884,http://irail.be/stations/NMBS/008812112,L,2019-01-09T14:33:00,2019-01-09T14:33:00,98,55
http://irail.be/vehicle/L3884,http://irail.be/stations/NMBS/008812120,L,2019-01-09T14:37:00,2019-01-09T14:36:00,65,90
http://irail.be/vehicle/L3884,http://irail.be/stations/NMBS/008812146,L,2019-01-09T14:41:00,2019-01-09T14:40:00,27,56
http://irail.be/vehicle/L3884,http://irail.be/stations/NMBS/008812153,L,2019-01-09T14:45:00,2019-01-09T14:45:00,-38,-45
http://irail.be/vehicle/L3884,http://irail.be/stations/NMBS/008812161,L,2019-01-09T14:48:00,2019-01-09T14:48:00,-54,-59
http://irail.be/vehicle/L3884,http://irail.be/stations/NMBS/008893443,L,2019-01-09T14:51:00,2019-01-09T14:51:00,-28,-54
http://irail.be/vehicle/L3884,http://irail.be/stations/NMBS/008893401,L,2019-01-09T14:53:00,2019-01-09T14:53:00,,2
http://irail.be/vehicle/L3884,http://irail.be/stations/NMBS/008814001,L,2019-03-04T14:06:00,2019-03-04T14:06:00,33,
http://irail.be/vehicle/L3884,http://irail.be/stations/NMBS/008815040,L,2019-03-04T14:12:00,2019-03-04T14:11:00,40,51
http://irail.be/vehicle/L3884,http://irail.be/stations/NMBS/008812013,L,2019-03-04T14:14:00,2019-03-04T14:14:00,98,43
http://irail.be/vehicle/L3884,http://irail.be/stations/NMBS/008815016,L,2019-03-04T14:16:00,2019-03-04T14:16:00,156,98
http://irail.be/vehicle/L3884,http://irail.be/stations/NMBS/008812047,L,2019-03-04T14:21:00,2019-03-04T14:20:00,109,115
http://irail.be/vehicle/L3884,http://irail.be/stations/NMBS/008812062,L,2019-03-04T14:25:00,2019-03-04T14:25:00,119,98
http://irail.be/vehicle/L3884,http://irail.be/stations/NMBS/008812070,L,2019-03-04T14:30:00,2019-03-04T14:29:00,130,134
http://irail.be/vehicle/L3884,http://irail.be/stations/NMBS/008812112,L,2019-03-04T14:33:00,2019-03-04T14:33:00,130,114
http://irail.be/vehicle/L3884,http://irail.be/stations/NMBS/008812120,L,2019-03-04T14:37:00,2019-03-04T14:36:00,93,120
http://irail.be/vehicle/L3884,http://irail.be/stations/NMBS/008812146,L,2019-03-04T14:41:00,2019-03-04T14:40:00,72,82
http://irail.be/vehicle/L3884,http://irail.be/stations/NMBS/008812153,L,2019-03-04T14:45:00,2019-03-04T14:45:00,2,2
http://irail.be/vehicle/L3884,http://irail.be/stations/NMBS/008812161,L,2019-03-04T14:48:00,2019-03-04T14:48:00,-17,-18
http://irail.be/vehicle/L3884,http://irail.be/stations/NMBS/008893443,L,2019-03-04T14:51:00,2019-03-04T14:51:00,6,-17
http://irail.be/vehicle/L3884,http://irail.be/stations/NMBS/008893401,L,2019-03-04T14:53:00,2019-03-04T14:53:00,,18
http://irail.be/vehicle/L3884,http://irail.be/stations/NMBS/008814001,L,2019-03-07T14:06:00,2019-03-07T14:06:00,280,
http://irail.be/vehicle/L3884,http://irail.be/stations/NMBS/008815040,L,2019-03-07T14:12:00,2019-03-07T14:11:00,254,275
http://irail.be/vehicle/L3884,http://irail.be/stations/NMBS/008812013,L,2019-03-07T14:14:00,2019-03-07T14:14:00,253,238
http://irail.be/vehicle/L3884,http://irail.be/stations/NMBS/008815016,L,2019-03-07T14:16:00,2019-03-07T14:16:00,282,253
http://irail.be/vehicle/L3884,http://irail.be/stations/NMBS/008812047,L,2019-03-07T14:21:00,2019-03-07T14:20:00,221,238
http://irail.be/vehicle/L3884,http://irail.be/stations/NMBS/008812062,L,2019-03-07T14:25:00,2019-03-07T14:25:00,229,206
http://irail.be/vehicle/L3884,http://irail.be/stations/NMBS/008812070,L,2019-03-07T14:30:00,2019-03-07T14:29:00,232,241
http://irail.be/vehicle/L3884,http://irail.be/stations/NMBS/008812112,L,2019-03-07T14:33:00,2019-03-07T14:33:00,213,205
http://irail.be/vehicle/L3884,http://irail.be/stations/NMBS/008812120,L,2019-03-07T14:37:00,2019-03-07T14:36:00,170,204
http://irail.be/vehicle/L3884,http://irail.be/stations/NMBS/008812146,L,2019-03-07T14:41:00,2019-03-07T14:40:00,121,155
http://irail.be/vehicle/L3884,http://irail.be/stations/NMBS/008812153,L,2019-03-07T14:45:00,2019-03-07T14:45:00,41,41
http://irail.be/vehicle/L3884,http://irail.be/stations/NMBS/008812161,L,2019-03-07T14:48:00,2019-03-07T14:48:00,13,13
http://irail.be/vehicle/L3884,http://irail.be/stations/NMBS/008893443,L,2019-03-07T14:51:00,2019-03-07T14:51:00,19,7
http://irail.be/vehicle/L3884,http://irail.be/stations/NMBS/008893401,L,2019-03-07T14:53:00,2019-03-07T14:53:00,,20
http://irail.be/vehicle/L3884,http://irail.be/stations/NMBS/008814001,L,2019-03-06T14:06:00,2019-03-06T14:06:00,231,
http://irail.be/vehicle/L3884,http://irail.be/stations/NMBS/008815040,L,2019-03-06T14:12:00,2019-03-06T14:11:00,251,253
http://irail.be/vehicle/L3884,http://irail.be/stations/NMBS/008812013,L,2019-03-06T14:14:00,2019-03-06T14:14:00,282,236
http://irail.be/vehicle/L3884,http://irail.be/stations/NMBS/008815016,L,2019-03-06T14:16:00,2019-03-06T14:16:00,344,282
http://irail.be/vehicle/L3884,http://irail.be/stations/NMBS/008812047,L,2019-03-06T14:21:00,2019-03-06T14:20:00,314,292
http://irail.be/vehicle/L3884,http://irail.be/stations/NMBS/008812062,L,2019-03-06T14:25:00,2019-03-06T14:25:00,365,302
http://irail.be/vehicle/L3884,http://irail.be/stations/NMBS/008812070,L,2019-03-06T14:30:00,2019-03-06T14:29:00,375,376
http://irail.be/vehicle/L3884,http://irail.be/stations/NMBS/008812112,L,2019-03-06T14:33:00,2019-03-06T14:33:00,360,346
http://irail.be/vehicle/L3884,http://irail.be/stations/NMBS/008812120,L,2019-03-06T14:37:00,2019-03-06T14:36:00,306,346
http://irail.be/vehicle/L3884,http://irail.be/stations/NMBS/008812146,L,2019-03-06T14:41:00,2019-03-06T14:40:00,268,288
http://irail.be/vehicle/L3884,http://irail.be/stations/NMBS/008812153,L,2019-03-06T14:45:00,2019-03-06T14:45:00,184,184
http://irail.be/vehicle/L3884,http://irail.be/stations/NMBS/008812161,L,2019-03-06T14:48:00,2019-03-06T14:48:00,143,143
http://irail.be/vehicle/L3884,http://irail.be/stations/NMBS/008893443,L,2019-03-06T14:51:00,2019-03-06T14:51:00,138,136
http://irail.be/vehicle/L3884,http://irail.be/stations/NMBS/008893401,L,2019-03-06T14:53:00,2019-03-06T14:53:00,,134
http://irail.be/vehicle/L3884,http://irail.be/stations/NMBS/008814001,L,2019-02-14T14:06:00,2019-02-14T14:06:00,207,
http://irail.be/vehicle/L3884,http://irail.be/stations/NMBS/008815040,L,2019-02-14T14:12:00,2019-02-14T14:11:00,207,209
http://irail.be/vehicle/L3884,http://irail.be/stations/NMBS/008812013,L,2019-02-14T14:14:00,2019-02-14T14:14:00,364,274
http://irail.be/vehicle/L3884,http://irail.be/stations/NMBS/008815016,L,2019-02-14T14:16:00,2019-02-14T14:16:00,437,364
http://irail.be/vehicle/L3884,http://irail.be/stations/NMBS/008812047,L,2019-02-14T14:21:00,2019-02-14T14:20:00,397,402
http://irail.be/vehicle/L3884,http://irail.be/stations/NMBS/008812062,L,2019-02-14T14:25:00,2019-02-14T14:25:00,407,387
http://irail.be/vehicle/L3884,http://irail.be/stations/NMBS/008812070,L,2019-02-14T14:30:00,2019-02-14T14:29:00,401,419
http://irail.be/vehicle/L3884,http://irail.be/stations/NMBS/008812112,L,2019-02-14T14:33:00,2019-02-14T14:33:00,385,369
http://irail.be/vehicle/L3884,http://irail.be/stations/NMBS/008812120,L,2019-02-14T14:37:00,2019-02-14T14:36:00,331,372
http://irail.be/vehicle/L3884,http://irail.be/stations/NMBS/008812146,L,2019-02-14T14:41:00,2019-02-14T14:40:00,284,314
http://irail.be/vehicle/L3884,http://irail.be/stations/NMBS/008812153,L,2019-02-14T14:45:00,2019-02-14T14:45:00,201,201
http://irail.be/vehicle/L3884,http://irail.be/stations/NMBS/008812161,L,2019-02-14T14:48:00,2019-02-14T14:48:00,167,167
http://irail.be/vehicle/L3884,http://irail.be/stations/NMBS/008893443,L,2019-02-14T14:51:00,2019-02-14T14:51:00,178,166
http://irail.be/vehicle/L3884,http://irail.be/stations/NMBS/008893401,L,2019-02-14T14:53:00,2019-02-14T14:53:00,,184
http://irail.be/vehicle/L3884,http://irail.be/stations/NMBS/008814001,L,2019-04-29T14:06:00,2019-04-29T14:06:00,145,
http://irail.be/vehicle/L3884,http://irail.be/stations/NMBS/008815040,L,2019-04-29T14:12:00,2019-04-29T14:11:00,127,132
http://irail.be/vehicle/L3884,http://irail.be/stations/NMBS/008812013,L,2019-04-29T14:14:00,2019-04-29T14:14:00,138,113
http://irail.be/vehicle/L3884,http://irail.be/stations/NMBS/008815016,L,2019-04-29T14:16:00,2019-04-29T14:16:00,173,138
http://irail.be/vehicle/L3884,http://irail.be/stations/NMBS/008812047,L,2019-04-29T14:21:00,2019-04-29T14:20:00,145,125
http://irail.be/vehicle/L3884,http://irail.be/stations/NMBS/008812062,L,2019-04-29T14:25:00,2019-04-29T14:25:00,164,127
http://irail.be/vehicle/L3884,http://irail.be/stations/NMBS/008812070,L,2019-04-29T14:30:00,2019-04-29T14:29:00,170,178
http://irail.be/vehicle/L3884,http://irail.be/stations/NMBS/008812112,L,2019-04-29T14:33:00,2019-04-29T14:33:00,172,153
http://irail.be/vehicle/L3884,http://irail.be/stations/NMBS/008812120,L,2019-04-29T14:37:00,2019-04-29T14:36:00,133,170
http://irail.be/vehicle/L3884,http://irail.be/stations/NMBS/008812146,L,2019-04-29T14:41:00,2019-04-29T14:40:00,138,151
http://irail.be/vehicle/L3884,http://irail.be/stations/NMBS/008812153,L,2019-04-29T14:45:00,2019-04-29T14:45:00,72,71
http://irail.be/vehicle/L3884,http://irail.be/stations/NMBS/008812161,L,2019-04-29T14:48:00,2019-04-29T14:48:00,58,52
http://irail.be/vehicle/L3884,http://irail.be/stations/NMBS/008893443,L,2019-04-29T14:51:00,2019-04-29T14:51:00,61,58
http://irail.be/vehicle/L3884,http://irail.be/stations/NMBS/008893401,L,2019-04-29T14:53:00,2019-04-29T14:53:00,,67
http://irail.be/vehicle/L3884,http://irail.be/stations/NMBS/008814001,L,2019-05-27T14:06:00,2019-05-27T14:06:00,32,
http://irail.be/vehicle/L3884,http://irail.be/stations/NMBS/008815040,L,2019-05-27T14:12:00,2019-05-27T14:11:00,26,44
http://irail.be/vehicle/L3884,http://irail.be/stations/NMBS/008812013,L,2019-05-27T14:14:00,2019-05-27T14:14:00,54,15
http://irail.be/vehicle/L3884,http://irail.be/stations/NMBS/008815016,L,2019-05-27T14:16:00,2019-05-27T14:16:00,95,54
http://irail.be/vehicle/L3884,http://irail.be/stations/NMBS/008812047,L,2019-05-27T14:21:00,2019-05-27T14:20:00,66,49
http://irail.be/vehicle/L3884,http://irail.be/stations/NMBS/008812062,L,2019-05-27T14:25:00,2019-05-27T14:25:00,84,48
http://irail.be/vehicle/L3884,http://irail.be/stations/NMBS/008812070,L,2019-05-27T14:30:00,2019-05-27T14:29:00,94,97
http://irail.be/vehicle/L3884,http://irail.be/stations/NMBS/008812112,L,2019-05-27T14:33:00,2019-05-27T14:33:00,99,75
http://irail.be/vehicle/L3884,http://irail.be/stations/NMBS/008812120,L,2019-05-27T14:37:00,2019-05-27T14:36:00,82,97
http://irail.be/vehicle/L3884,http://irail.be/stations/NMBS/008812146,L,2019-05-27T14:41:00,2019-05-27T14:40:00,101,92
http://irail.be/vehicle/L3884,http://irail.be/stations/NMBS/008812153,L,2019-05-27T14:45:00,2019-05-27T14:45:00,33,27
http://irail.be/vehicle/L3884,http://irail.be/stations/NMBS/008812161,L,2019-05-27T14:48:00,2019-05-27T14:48:00,21,14
http://irail.be/vehicle/L3884,http://irail.be/stations/NMBS/008893443,L,2019-05-27T14:51:00,2019-05-27T14:51:00,39,21
http://irail.be/vehicle/L3884,http://irail.be/stations/NMBS/008893401,L,2019-05-27T14:53:00,2019-05-27T14:53:00,,49
http://irail.be/vehicle/L3884,http://irail.be/stations/NMBS/008814001,L,2019-02-15T14:06:00,2019-02-15T14:06:00,84,
http://irail.be/vehicle/L3884,http://irail.be/stations/NMBS/008815040,L,2019-02-15T14:12:00,2019-02-15T14:11:00,163,177
http://irail.be/vehicle/L3884,http://irail.be/stations/NMBS/008812013,L,2019-02-15T14:14:00,2019-02-15T14:14:00,159,148
http://irail.be/vehicle/L3884,http://irail.be/stations/NMBS/008815016,L,2019-02-15T14:16:00,2019-02-15T14:16:00,189,159
http://irail.be/vehicle/L3884,http://irail.be/stations/NMBS/008812047,L,2019-02-15T14:21:00,2019-02-15T14:20:00,129,141
http://irail.be/vehicle/L3884,http://irail.be/stations/NMBS/008812062,L,2019-02-15T14:25:00,2019-02-15T14:25:00,148,130
http://irail.be/vehicle/L3884,http://irail.be/stations/NMBS/008812070,L,2019-02-15T14:30:00,2019-02-15T14:29:00,152,166
http://irail.be/vehicle/L3884,http://irail.be/stations/NMBS/008812112,L,2019-02-15T14:33:00,2019-02-15T14:33:00,140,139
http://irail.be/vehicle/L3884,http://irail.be/stations/NMBS/008812120,L,2019-02-15T14:37:00,2019-02-15T14:36:00,104,133
http://irail.be/vehicle/L3884,http://irail.be/stations/NMBS/008812146,L,2019-02-15T14:41:00,2019-02-15T14:40:00,57,96
http://irail.be/vehicle/L3884,http://irail.be/stations/NMBS/008812153,L,2019-02-15T14:45:00,2019-02-15T14:45:00,-13,-13
http://irail.be/vehicle/L3884,http://irail.be/stations/NMBS/008812161,L,2019-02-15T14:48:00,2019-02-15T14:48:00,-25,-40
http://irail.be/vehicle/L3884,http://irail.be/stations/NMBS/008893443,L,2019-02-15T14:51:00,2019-02-15T14:51:00,-9,-25
http://irail.be/vehicle/L3884,http://irail.be/stations/NMBS/008893401,L,2019-02-15T14:53:00,2019-02-15T14:53:00,,-2
http://irail.be/vehicle/L3884,http://irail.be/stations/NMBS/008814001,L,2019-01-28T14:06:00,2019-01-28T14:06:00,36,
http://irail.be/vehicle/L3884,http://irail.be/stations/NMBS/008815040,L,2019-01-28T14:12:00,2019-01-28T14:11:00,8,35
http://irail.be/vehicle/L3884,http://irail.be/stations/NMBS/008812013,L,2019-01-28T14:14:00,2019-01-28T14:14:00,12,-6
http://irail.be/vehicle/L3884,http://irail.be/stations/NMBS/008815016,L,2019-01-28T14:16:00,2019-01-28T14:16:00,27,12
http://irail.be/vehicle/L3884,http://irail.be/stations/NMBS/008812047,L,2019-01-28T14:21:00,2019-01-28T14:20:00,-16,-27
http://irail.be/vehicle/L3884,http://irail.be/stations/NMBS/008812062,L,2019-01-28T14:25:00,2019-01-28T14:25:00,-11,-36
http://irail.be/vehicle/L3884,http://irail.be/stations/NMBS/008812070,L,2019-01-28T14:30:00,2019-01-28T14:29:00,-2,0
http://irail.be/vehicle/L3884,http://irail.be/stations/NMBS/008812112,L,2019-01-28T14:33:00,2019-01-28T14:33:00,-13,-24
http://irail.be/vehicle/L3884,http://irail.be/stations/NMBS/008812120,L,2019-01-28T14:37:00,2019-01-28T14:36:00,-10,-22
http://irail.be/vehicle/L3884,http://irail.be/stations/NMBS/008812146,L,2019-01-28T14:41:00,2019-01-28T14:40:00,-16,-11
http://irail.be/vehicle/L3884,http://irail.be/stations/NMBS/008812153,L,2019-01-28T14:45:00,2019-01-28T14:45:00,-89,-89
http://irail.be/vehicle/L3884,http://irail.be/stations/NMBS/008812161,L,2019-01-28T14:48:00,2019-01-28T14:48:00,-31,-116
http://irail.be/vehicle/L3884,http://irail.be/stations/NMBS/008893443,L,2019-01-28T14:51:00,2019-01-28T14:51:00,-12,-31
http://irail.be/vehicle/L3884,http://irail.be/stations/NMBS/008893401,L,2019-01-28T14:53:00,2019-01-28T14:53:00,,-10
http://irail.be/vehicle/L3884,http://irail.be/stations/NMBS/008814001,L,2019-01-01T14:06:00,2019-01-01T14:06:00,632,
http://irail.be/vehicle/L3884,http://irail.be/stations/NMBS/008815040,L,2019-01-01T14:12:00,2019-01-01T14:11:00,685,729
http://irail.be/vehicle/L3884,http://irail.be/stations/NMBS/008812013,L,2019-01-01T14:14:00,2019-01-01T14:14:00,681,669
http://irail.be/vehicle/L3884,http://irail.be/stations/NMBS/008815016,L,2019-01-01T14:16:00,2019-01-01T14:16:00,704,681
http://irail.be/vehicle/L3884,http://irail.be/stations/NMBS/008812047,L,2019-01-01T14:21:00,2019-01-01T14:20:00,617,645
http://irail.be/vehicle/L3884,http://irail.be/stations/NMBS/008812062,L,2019-01-01T14:25:00,2019-01-01T14:25:00,602,595
http://irail.be/vehicle/L3884,http://irail.be/stations/NMBS/008812070,L,2019-01-01T14:30:00,2019-01-01T14:29:00,577,604
http://irail.be/vehicle/L3884,http://irail.be/stations/NMBS/008812112,L,2019-01-01T14:33:00,2019-01-01T14:33:00,553,553
http://irail.be/vehicle/L3884,http://irail.be/stations/NMBS/008812120,L,2019-01-01T14:37:00,2019-01-01T14:36:00,493,537
http://irail.be/vehicle/L3884,http://irail.be/stations/NMBS/008812146,L,2019-01-01T14:41:00,2019-01-01T14:40:00,445,474
http://irail.be/vehicle/L3884,http://irail.be/stations/NMBS/008812153,L,2019-01-01T14:45:00,2019-01-01T14:45:00,359,359
http://irail.be/vehicle/L3884,http://irail.be/stations/NMBS/008812161,L,2019-01-01T14:48:00,2019-01-01T14:48:00,296,296
http://irail.be/vehicle/L3884,http://irail.be/stations/NMBS/008893443,L,2019-01-01T14:51:00,2019-01-01T14:51:00,285,285
http://irail.be/vehicle/L3884,http://irail.be/stations/NMBS/008893401,L,2019-01-01T14:53:00,2019-01-01T14:53:00,,281
http://irail.be/vehicle/L3884,http://irail.be/stations/NMBS/008814001,L,2019-05-09T14:06:00,2019-05-09T14:06:00,114,
http://irail.be/vehicle/L3884,http://irail.be/stations/NMBS/008815040,L,2019-05-09T14:12:00,2019-05-09T14:11:00,123,138
http://irail.be/vehicle/L3884,http://irail.be/stations/NMBS/008812013,L,2019-05-09T14:14:00,2019-05-09T14:14:00,138,112
http://irail.be/vehicle/L3884,http://irail.be/stations/NMBS/008815016,L,2019-05-09T14:16:00,2019-05-09T14:16:00,163,138
http://irail.be/vehicle/L3884,http://irail.be/stations/NMBS/008812047,L,2019-05-09T14:21:00,2019-05-09T14:20:00,114,118
http://irail.be/vehicle/L3884,http://irail.be/stations/NMBS/008812062,L,2019-05-09T14:25:00,2019-05-09T14:25:00,124,100
http://irail.be/vehicle/L3884,http://irail.be/stations/NMBS/008812070,L,2019-05-09T14:30:00,2019-05-09T14:29:00,144,136
http://irail.be/vehicle/L3884,http://irail.be/stations/NMBS/008812112,L,2019-05-09T14:33:00,2019-05-09T14:33:00,148,137
http://irail.be/vehicle/L3884,http://irail.be/stations/NMBS/008812120,L,2019-05-09T14:37:00,2019-05-09T14:36:00,108,137
http://irail.be/vehicle/L3884,http://irail.be/stations/NMBS/008812146,L,2019-05-09T14:41:00,2019-05-09T14:40:00,124,116
http://irail.be/vehicle/L3884,http://irail.be/stations/NMBS/008812153,L,2019-05-09T14:45:00,2019-05-09T14:45:00,71,54
http://irail.be/vehicle/L3884,http://irail.be/stations/NMBS/008812161,L,2019-05-09T14:48:00,2019-05-09T14:48:00,60,52
http://irail.be/vehicle/L3884,http://irail.be/stations/NMBS/008893443,L,2019-05-09T14:51:00,2019-05-09T14:51:00,77,60
http://irail.be/vehicle/L3884,http://irail.be/stations/NMBS/008893401,L,2019-05-09T14:53:00,2019-05-09T14:53:00,,89
http://irail.be/vehicle/L3884,http://irail.be/stations/NMBS/008814001,L,2019-04-13T14:06:00,2019-04-13T14:06:00,55,
http://irail.be/vehicle/L3884,http://irail.be/stations/NMBS/008815040,L,2019-04-13T14:12:00,2019-04-13T14:11:00,22,53
http://irail.be/vehicle/L3884,http://irail.be/stations/NMBS/008812013,L,2019-04-13T14:14:00,2019-04-13T14:14:00,33,9
http://irail.be/vehicle/L3884,http://irail.be/stations/NMBS/008815016,L,2019-04-13T14:16:00,2019-04-13T14:16:00,62,33
http://irail.be/vehicle/L3884,http://irail.be/stations/NMBS/008812047,L,2019-04-13T14:21:00,2019-04-13T14:20:00,3,8
http://irail.be/vehicle/L3884,http://irail.be/stations/NMBS/008812062,L,2019-04-13T14:25:00,2019-04-13T14:25:00,15,-14
http://irail.be/vehicle/L3884,http://irail.be/stations/NMBS/008812070,L,2019-04-13T14:30:00,2019-04-13T14:29:00,14,28
http://irail.be/vehicle/L3884,http://irail.be/stations/NMBS/008812112,L,2019-04-13T14:33:00,2019-04-13T14:33:00,16,2
http://irail.be/vehicle/L3884,http://irail.be/stations/NMBS/008812120,L,2019-04-13T14:37:00,2019-04-13T14:36:00,1,15
http://irail.be/vehicle/L3884,http://irail.be/stations/NMBS/008812146,L,2019-04-13T14:41:00,2019-04-13T14:40:00,354,17
http://irail.be/vehicle/L3884,http://irail.be/stations/NMBS/008812153,L,2019-04-13T14:45:00,2019-04-13T14:45:00,354,354
http://irail.be/vehicle/L3884,http://irail.be/stations/NMBS/008812161,L,2019-04-13T14:48:00,2019-04-13T14:48:00,420,306
http://irail.be/vehicle/L3884,http://irail.be/stations/NMBS/008893443,L,2019-04-13T14:51:00,2019-04-13T14:51:00,420,420
http://irail.be/vehicle/L3884,http://irail.be/stations/NMBS/008893401,L,2019-04-13T14:53:00,2019-04-13T14:53:00,,421
http://irail.be/vehicle/L3884,http://irail.be/stations/NMBS/008814001,L,2019-03-28T14:06:00,2019-03-28T14:06:00,24,
http://irail.be/vehicle/L3884,http://irail.be/stations/NMBS/008815040,L,2019-03-28T14:12:00,2019-03-28T14:11:00,2,29
http://irail.be/vehicle/L3884,http://irail.be/stations/NMBS/008812013,L,2019-03-28T14:14:00,2019-03-28T14:14:00,16,-9
http://irail.be/vehicle/L3884,http://irail.be/stations/NMBS/008815016,L,2019-03-28T14:16:00,2019-03-28T14:16:00,41,16
http://irail.be/vehicle/L3884,http://irail.be/stations/NMBS/008812047,L,2019-03-28T14:21:00,2019-03-28T14:20:00,-21,-5
http://irail.be/vehicle/L3884,http://irail.be/stations/NMBS/008812062,L,2019-03-28T14:25:00,2019-03-28T14:25:00,9,-31
http://irail.be/vehicle/L3884,http://irail.be/stations/NMBS/008812070,L,2019-03-28T14:30:00,2019-03-28T14:29:00,13,28
http://irail.be/vehicle/L3884,http://irail.be/stations/NMBS/008812112,L,2019-03-28T14:33:00,2019-03-28T14:33:00,8,-7
http://irail.be/vehicle/L3884,http://irail.be/stations/NMBS/008812120,L,2019-03-28T14:37:00,2019-03-28T14:36:00,-34,-2
http://irail.be/vehicle/L3884,http://irail.be/stations/NMBS/008812146,L,2019-03-28T14:41:00,2019-03-28T14:40:00,-30,-37
http://irail.be/vehicle/L3884,http://irail.be/stations/NMBS/008812153,L,2019-03-28T14:45:00,2019-03-28T14:45:00,-101,-101
http://irail.be/vehicle/L3884,http://irail.be/stations/NMBS/008812161,L,2019-03-28T14:48:00,2019-03-28T14:48:00,-114,-123
http://irail.be/vehicle/L3884,http://irail.be/stations/NMBS/008893443,L,2019-03-28T14:51:00,2019-03-28T14:51:00,-94,-114
http://irail.be/vehicle/L3884,http://irail.be/stations/NMBS/008893401,L,2019-03-28T14:53:00,2019-03-28T14:53:00,,-82
http://irail.be/vehicle/L3884,http://irail.be/stations/NMBS/008814001,L,2019-06-17T14:06:00,2019-06-17T14:06:00,27,
http://irail.be/vehicle/L3884,http://irail.be/stations/NMBS/008815040,L,2019-06-17T14:12:00,2019-06-17T14:11:00,9,19
http://irail.be/vehicle/L3884,http://irail.be/stations/NMBS/008812013,L,2019-06-17T14:14:00,2019-06-17T14:14:00,36,-2
http://irail.be/vehicle/L3884,http://irail.be/stations/NMBS/008815016,L,2019-06-17T14:16:00,2019-06-17T14:16:00,73,36
http://irail.be/vehicle/L3884,http://irail.be/stations/NMBS/008812047,L,2019-06-17T14:21:00,2019-06-17T14:20:00,32,21
http://irail.be/vehicle/L3884,http://irail.be/stations/NMBS/008812062,L,2019-06-17T14:25:00,2019-06-17T14:25:00,57,26
http://irail.be/vehicle/L3884,http://irail.be/stations/NMBS/008812070,L,2019-06-17T14:30:00,2019-06-17T14:29:00,72,77
http://irail.be/vehicle/L3884,http://irail.be/stations/NMBS/008812112,L,2019-06-17T14:33:00,2019-06-17T14:33:00,82,55
http://irail.be/vehicle/L3884,http://irail.be/stations/NMBS/008812120,L,2019-06-17T14:37:00,2019-06-17T14:36:00,74,82
http://irail.be/vehicle/L3884,http://irail.be/stations/NMBS/008812146,L,2019-06-17T14:41:00,2019-06-17T14:40:00,96,80
http://irail.be/vehicle/L3884,http://irail.be/stations/NMBS/008812153,L,2019-06-17T14:44:00,2019-06-17T14:44:00,107,89
http://irail.be/vehicle/L3884,http://irail.be/stations/NMBS/008812161,L,2019-06-17T14:47:00,2019-06-17T14:47:00,106,92
http://irail.be/vehicle/L3884,http://irail.be/stations/NMBS/008893443,L,2019-06-17T14:50:00,2019-06-17T14:50:00,133,106
http://irail.be/vehicle/L3884,http://irail.be/stations/NMBS/008893401,L,2019-06-17T14:52:00,2019-06-17T14:52:00,,143
http://irail.be/vehicle/L3884,http://irail.be/stations/NMBS/008814001,L,2019-03-24T14:06:00,2019-03-24T14:06:00,43,
http://irail.be/vehicle/L3884,http://irail.be/stations/NMBS/008815040,L,2019-03-24T14:12:00,2019-03-24T14:11:00,32,28
http://irail.be/vehicle/L3884,http://irail.be/stations/NMBS/008812013,L,2019-03-24T14:14:00,2019-03-24T14:14:00,51,17
http://irail.be/vehicle/L3884,http://irail.be/stations/NMBS/008815016,L,2019-03-24T14:16:00,2019-03-24T14:16:00,86,51
http://irail.be/vehicle/L3884,http://irail.be/stations/NMBS/008812047,L,2019-03-24T14:21:00,2019-03-24T14:20:00,46,41
http://irail.be/vehicle/L3884,http://irail.be/stations/NMBS/008812062,L,2019-03-24T14:25:00,2019-03-24T14:25:00,65,34
http://irail.be/vehicle/L3884,http://irail.be/stations/NMBS/008812070,L,2019-03-24T14:30:00,2019-03-24T14:29:00,92,76
http://irail.be/vehicle/L3884,http://irail.be/stations/NMBS/008812112,L,2019-03-24T14:33:00,2019-03-24T14:33:00,96,77
http://irail.be/vehicle/L3884,http://irail.be/stations/NMBS/008812120,L,2019-03-24T14:37:00,2019-03-24T14:36:00,66,89
http://irail.be/vehicle/L3884,http://irail.be/stations/NMBS/008812146,L,2019-03-24T14:41:00,2019-03-24T14:40:00,116,60
http://irail.be/vehicle/L3884,http://irail.be/stations/NMBS/008812153,L,2019-03-24T14:45:00,2019-03-24T14:45:00,45,41
http://irail.be/vehicle/L3884,http://irail.be/stations/NMBS/008812161,L,2019-03-24T14:48:00,2019-03-24T14:48:00,49,22
http://irail.be/vehicle/L3884,http://irail.be/stations/NMBS/008893443,L,2019-03-24T14:51:00,2019-03-24T14:51:00,75,49
http://irail.be/vehicle/L3884,http://irail.be/stations/NMBS/008893401,L,2019-03-24T14:53:00,2019-03-24T14:53:00,,80
http://irail.be/vehicle/L3884,http://irail.be/stations/NMBS/008814001,L,2019-01-16T14:06:00,2019-01-16T14:06:00,19,
http://irail.be/vehicle/L3884,http://irail.be/stations/NMBS/008815040,L,2019-01-16T14:12:00,2019-01-16T14:11:00,11,31
http://irail.be/vehicle/L3884,http://irail.be/stations/NMBS/008812013,L,2019-01-16T14:14:00,2019-01-16T14:14:00,30,-2
http://irail.be/vehicle/L3884,http://irail.be/stations/NMBS/008815016,L,2019-01-16T14:16:00,2019-01-16T14:16:00,48,30
http://irail.be/vehicle/L3884,http://irail.be/stations/NMBS/008812047,L,2019-01-16T14:21:00,2019-01-16T14:20:00,-8,1
http://irail.be/vehicle/L3884,http://irail.be/stations/NMBS/008812062,L,2019-01-16T14:25:00,2019-01-16T14:25:00,4,-24
http://irail.be/vehicle/L3884,http://irail.be/stations/NMBS/008812070,L,2019-01-16T14:30:00,2019-01-16T14:29:00,23,24
http://irail.be/vehicle/L3884,http://irail.be/stations/NMBS/008812112,L,2019-01-16T14:33:00,2019-01-16T14:33:00,20,2
http://irail.be/vehicle/L3884,http://irail.be/stations/NMBS/008812120,L,2019-01-16T14:37:00,2019-01-16T14:36:00,-6,11
http://irail.be/vehicle/L3884,http://irail.be/stations/NMBS/008812146,L,2019-01-16T14:41:00,2019-01-16T14:40:00,-16,-13
http://irail.be/vehicle/L3884,http://irail.be/stations/NMBS/008812153,L,2019-01-16T14:45:00,2019-01-16T14:45:00,-73,-87
http://irail.be/vehicle/L3884,http://irail.be/stations/NMBS/008812161,L,2019-01-16T14:48:00,2019-01-16T14:48:00,-54,-81
http://irail.be/vehicle/L3884,http://irail.be/stations/NMBS/008893443,L,2019-01-16T14:51:00,2019-01-16T14:51:00,-2,-54
http://irail.be/vehicle/L3884,http://irail.be/stations/NMBS/008893401,L,2019-01-16T14:53:00,2019-01-16T14:53:00,,5
http://irail.be/vehicle/L3884,http://irail.be/stations/NMBS/008814001,L,2019-05-13T14:06:00,2019-05-13T14:06:00,22,
http://irail.be/vehicle/L3884,http://irail.be/stations/NMBS/008815040,L,2019-05-13T14:12:00,2019-05-13T14:11:00,-2,5
http://irail.be/vehicle/L3884,http://irail.be/stations/NMBS/008812013,L,2019-05-13T14:14:00,2019-05-13T14:14:00,35,-2
http://irail.be/vehicle/L3884,http://irail.be/stations/NMBS/008815016,L,2019-05-13T14:16:00,2019-05-13T14:16:00,75,35
http://irail.be/vehicle/L3884,http://irail.be/stations/NMBS/008812047,L,2019-05-13T14:21:00,2019-05-13T14:20:00,52,37
http://irail.be/vehicle/L3884,http://irail.be/stations/NMBS/008812062,L,2019-05-13T14:25:00,2019-05-13T14:25:00,85,47
http://irail.be/vehicle/L3884,http://irail.be/stations/NMBS/008812070,L,2019-05-13T14:30:00,2019-05-13T14:29:00,116,111
http://irail.be/vehicle/L3884,http://irail.be/stations/NMBS/008812112,L,2019-05-13T14:33:00,2019-05-13T14:33:00,137,105
http://irail.be/vehicle/L3884,http://irail.be/stations/NMBS/008812120,L,2019-05-13T14:37:00,2019-05-13T14:36:00,94,129
http://irail.be/vehicle/L3884,http://irail.be/stations/NMBS/008812146,L,2019-05-13T14:41:00,2019-05-13T14:40:00,104,97
http://irail.be/vehicle/L3884,http://irail.be/stations/NMBS/008812153,L,2019-05-13T14:45:00,2019-05-13T14:45:00,48,44
http://irail.be/vehicle/L3884,http://irail.be/stations/NMBS/008812161,L,2019-05-13T14:48:00,2019-05-13T14:48:00,56,30
http://irail.be/vehicle/L3884,http://irail.be/stations/NMBS/008893443,L,2019-05-13T14:51:00,2019-05-13T14:51:00,78,56
http://irail.be/vehicle/L3884,http://irail.be/stations/NMBS/008893401,L,2019-05-13T14:53:00,2019-05-13T14:53:00,,79
http://irail.be/vehicle/L3884,http://irail.be/stations/NMBS/008814001,L,2019-02-27T14:06:00,2019-02-27T14:06:00,86,
http://irail.be/vehicle/L3884,http://irail.be/stations/NMBS/008815040,L,2019-02-27T14:12:00,2019-02-27T14:11:00,38,67
http://irail.be/vehicle/L3884,http://irail.be/stations/NMBS/008812013,L,2019-02-27T14:14:00,2019-02-27T14:14:00,39,22
http://irail.be/vehicle/L3884,http://irail.be/stations/NMBS/008815016,L,2019-02-27T14:16:00,2019-02-27T14:16:00,53,39
http://irail.be/vehicle/L3884,http://irail.be/stations/NMBS/008812047,L,2019-02-27T14:21:00,2019-02-27T14:20:00,5,0
http://irail.be/vehicle/L3884,http://irail.be/stations/NMBS/008812062,L,2019-02-27T14:25:00,2019-02-27T14:25:00,7,-13
http://irail.be/vehicle/L3884,http://irail.be/stations/NMBS/008812070,L,2019-02-27T14:30:00,2019-02-27T14:29:00,17,26
http://irail.be/vehicle/L3884,http://irail.be/stations/NMBS/008812112,L,2019-02-27T14:33:00,2019-02-27T14:33:00,6,-8
http://irail.be/vehicle/L3884,http://irail.be/stations/NMBS/008812120,L,2019-02-27T14:37:00,2019-02-27T14:36:00,-11,-3
http://irail.be/vehicle/L3884,http://irail.be/stations/NMBS/008812146,L,2019-02-27T14:41:00,2019-02-27T14:40:00,-16,-22
http://irail.be/vehicle/L3884,http://irail.be/stations/NMBS/008812153,L,2019-02-27T14:45:00,2019-02-27T14:45:00,-40,-90
http://irail.be/vehicle/L3884,http://irail.be/stations/NMBS/008812161,L,2019-02-27T14:48:00,2019-02-27T14:48:00,-47,-59
http://irail.be/vehicle/L3884,http://irail.be/stations/NMBS/008893443,L,2019-02-27T14:51:00,2019-02-27T14:51:00,-28,-47
http://irail.be/vehicle/L3884,http://irail.be/stations/NMBS/008893401,L,2019-02-27T14:53:00,2019-02-27T14:53:00,,119
http://irail.be/vehicle/L3884,http://irail.be/stations/NMBS/008814001,L,2019-06-04T14:06:00,2019-06-04T14:06:00,344,
http://irail.be/vehicle/L3884,http://irail.be/stations/NMBS/008815040,L,2019-06-04T14:12:00,2019-06-04T14:11:00,414,401
http://irail.be/vehicle/L3884,http://irail.be/stations/NMBS/008812013,L,2019-06-04T14:14:00,2019-06-04T14:14:00,442,406
http://irail.be/vehicle/L3884,http://irail.be/stations/NMBS/008815016,L,2019-06-04T14:16:00,2019-06-04T14:16:00,498,442
http://irail.be/vehicle/L3884,http://irail.be/stations/NMBS/008812047,L,2019-06-04T14:21:00,2019-06-04T14:20:00,499,468
http://irail.be/vehicle/L3884,http://irail.be/stations/NMBS/008812062,L,2019-06-04T14:25:00,2019-06-04T14:25:00,527,497
http://irail.be/vehicle/L3884,http://irail.be/stations/NMBS/008812070,L,2019-06-04T14:30:00,2019-06-04T14:29:00,562,559
http://irail.be/vehicle/L3884,http://irail.be/stations/NMBS/008812112,L,2019-06-04T14:33:00,2019-06-04T14:33:00,576,559
http://irail.be/vehicle/L3884,http://irail.be/stations/NMBS/008812120,L,2019-06-04T14:37:00,2019-06-04T14:36:00,547,568
http://irail.be/vehicle/L3884,http://irail.be/stations/NMBS/008812146,L,2019-06-04T14:41:00,2019-06-04T14:40:00,564,565
http://irail.be/vehicle/L3884,http://irail.be/stations/NMBS/008812153,L,2019-06-04T14:45:00,2019-06-04T14:45:00,499,499
http://irail.be/vehicle/L3884,http://irail.be/stations/NMBS/008812161,L,2019-06-04T14:48:00,2019-06-04T14:48:00,459,459
http://irail.be/vehicle/L3884,http://irail.be/stations/NMBS/008893443,L,2019-06-04T14:51:00,2019-06-04T14:51:00,457,451
http://irail.be/vehicle/L3884,http://irail.be/stations/NMBS/008893401,L,2019-06-04T14:53:00,2019-06-04T14:53:00,,455
http://irail.be/vehicle/L3884,http://irail.be/stations/NMBS/008814001,L,2019-06-12T14:06:00,2019-06-12T14:06:00,56,
http://irail.be/vehicle/L3884,http://irail.be/stations/NMBS/008815040,L,2019-06-12T14:12:00,2019-06-12T14:11:00,19,44
http://irail.be/vehicle/L3884,http://irail.be/stations/NMBS/008812013,L,2019-06-12T14:14:00,2019-06-12T14:14:00,10,1
http://irail.be/vehicle/L3884,http://irail.be/stations/NMBS/008815016,L,2019-06-12T14:16:00,2019-06-12T14:16:00,23,10
http://irail.be/vehicle/L3884,http://irail.be/stations/NMBS/008812047,L,2019-06-12T14:21:00,2019-06-12T14:20:00,-19,-34
http://irail.be/vehicle/L3884,http://irail.be/stations/NMBS/008812062,L,2019-06-12T14:25:00,2019-06-12T14:25:00,-19,-42
http://irail.be/vehicle/L3884,http://irail.be/stations/NMBS/008812070,L,2019-06-12T14:30:00,2019-06-12T14:29:00,-19,-6
http://irail.be/vehicle/L3884,http://irail.be/stations/NMBS/008812112,L,2019-06-12T14:33:00,2019-06-12T14:33:00,-30,-45
http://irail.be/vehicle/L3884,http://irail.be/stations/NMBS/008812120,L,2019-06-12T14:37:00,2019-06-12T14:36:00,-21,-30
http://irail.be/vehicle/L3884,http://irail.be/stations/NMBS/008812146,L,2019-06-12T14:41:00,2019-06-12T14:40:00,-17,-9
http://irail.be/vehicle/L3884,http://irail.be/stations/NMBS/008812153,L,2019-06-12T14:44:00,2019-06-12T14:44:00,-23,-29
http://irail.be/vehicle/L3884,http://irail.be/stations/NMBS/008812161,L,2019-06-12T14:47:00,2019-06-12T14:47:00,-39,-39
http://irail.be/vehicle/L3884,http://irail.be/stations/NMBS/008893443,L,2019-06-12T14:50:00,2019-06-12T14:50:00,-13,-41
http://irail.be/vehicle/L3884,http://irail.be/stations/NMBS/008893401,L,2019-06-12T14:52:00,2019-06-12T14:52:00,,1
http://irail.be/vehicle/L3884,http://irail.be/stations/NMBS/008814001,L,2019-03-16T14:06:00,2019-03-16T14:06:00,9,
http://irail.be/vehicle/L3884,http://irail.be/stations/NMBS/008815040,L,2019-03-16T14:12:00,2019-03-16T14:11:00,13,21
http://irail.be/vehicle/L3884,http://irail.be/stations/NMBS/008812013,L,2019-03-16T14:14:00,2019-03-16T14:14:00,60,1
http://irail.be/vehicle/L3884,http://irail.be/stations/NMBS/008815016,L,2019-03-16T14:16:00,2019-03-16T14:16:00,103,60
http://irail.be/vehicle/L3884,http://irail.be/stations/NMBS/008812047,L,2019-03-16T14:21:00,2019-03-16T14:20:00,56,50
http://irail.be/vehicle/L3884,http://irail.be/stations/NMBS/008812062,L,2019-03-16T14:25:00,2019-03-16T14:25:00,69,43
http://irail.be/vehicle/L3884,http://irail.be/stations/NMBS/008812070,L,2019-03-16T14:30:00,2019-03-16T14:29:00,78,87
http://irail.be/vehicle/L3884,http://irail.be/stations/NMBS/008812112,L,2019-03-16T14:33:00,2019-03-16T14:33:00,103,59
http://irail.be/vehicle/L3884,http://irail.be/stations/NMBS/008812120,L,2019-03-16T14:37:00,2019-03-16T14:36:00,65,94
http://irail.be/vehicle/L3884,http://irail.be/stations/NMBS/008812146,L,2019-03-16T14:41:00,2019-03-16T14:40:00,35,54
http://irail.be/vehicle/L3884,http://irail.be/stations/NMBS/008812153,L,2019-03-16T14:45:00,2019-03-16T14:45:00,-16,-30
http://irail.be/vehicle/L3884,http://irail.be/stations/NMBS/008812161,L,2019-03-16T14:48:00,2019-03-16T14:48:00,-12,-35
http://irail.be/vehicle/L3884,http://irail.be/stations/NMBS/008893443,L,2019-03-16T14:51:00,2019-03-16T14:51:00,11,-12
http://irail.be/vehicle/L3884,http://irail.be/stations/NMBS/008893401,L,2019-03-16T14:53:00,2019-03-16T14:53:00,,21
http://irail.be/vehicle/L3884,http://irail.be/stations/NMBS/008814001,L,2019-06-24T14:06:00,2019-06-24T14:06:00,114,
http://irail.be/vehicle/L3884,http://irail.be/stations/NMBS/008815040,L,2019-06-24T14:12:00,2019-06-24T14:11:00,123,110
http://irail.be/vehicle/L3884,http://irail.be/stations/NMBS/008812013,L,2019-06-24T14:14:00,2019-06-24T14:14:00,143,106
http://irail.be/vehicle/L3884,http://irail.be/stations/NMBS/008815016,L,2019-06-24T14:16:00,2019-06-24T14:16:00,185,143
http://irail.be/vehicle/L3884,http://irail.be/stations/NMBS/008812047,L,2019-06-24T14:21:00,2019-06-24T14:20:00,152,138
http://irail.be/vehicle/L3884,http://irail.be/stations/NMBS/008812062,L,2019-06-24T14:25:00,2019-06-24T14:25:00,173,136
http://irail.be/vehicle/L3884,http://irail.be/stations/NMBS/008812070,L,2019-06-24T14:30:00,2019-06-24T14:29:00,174,183
http://irail.be/vehicle/L3884,http://irail.be/stations/NMBS/008812112,L,2019-06-24T14:33:00,2019-06-24T14:33:00,183,152
http://irail.be/vehicle/L3884,http://irail.be/stations/NMBS/008812120,L,2019-06-24T14:37:00,2019-06-24T14:36:00,172,185
http://irail.be/vehicle/L3884,http://irail.be/stations/NMBS/008812146,L,2019-06-24T14:41:00,2019-06-24T14:40:00,388,162
http://irail.be/vehicle/L3884,http://irail.be/stations/NMBS/008812153,L,2019-06-24T14:44:00,2019-06-24T14:44:00,378,356
http://irail.be/vehicle/L3884,http://irail.be/stations/NMBS/008812161,L,2019-06-24T14:47:00,2019-06-24T14:47:00,385,360
http://irail.be/vehicle/L3884,http://irail.be/stations/NMBS/008893443,L,2019-06-24T14:50:00,2019-06-24T14:50:00,419,385
http://irail.be/vehicle/L3884,http://irail.be/stations/NMBS/008893401,L,2019-06-24T14:52:00,2019-06-24T14:52:00,,420
http://irail.be/vehicle/L3884,http://irail.be/stations/NMBS/008814001,L,2019-03-30T14:06:00,2019-03-30T14:06:00,16,
http://irail.be/vehicle/L3884,http://irail.be/stations/NMBS/008815040,L,2019-03-30T14:12:00,2019-03-30T14:11:00,-23,21
http://irail.be/vehicle/L3884,http://irail.be/stations/NMBS/008812013,L,2019-03-30T14:14:00,2019-03-30T14:14:00,-26,-40
http://irail.be/vehicle/L3884,http://irail.be/stations/NMBS/008815016,L,2019-03-30T14:16:00,2019-03-30T14:16:00,-5,-26
http://irail.be/vehicle/L3884,http://irail.be/stations/NMBS/008812047,L,2019-03-30T14:21:00,2019-03-30T14:20:00,-4,-48
http://irail.be/vehicle/L3884,http://irail.be/stations/NMBS/008812062,L,2019-03-30T14:25:00,2019-03-30T14:25:00,13,-13
http://irail.be/vehicle/L3884,http://irail.be/stations/NMBS/008812070,L,2019-03-30T14:30:00,2019-03-30T14:29:00,29,38
http://irail.be/vehicle/L3884,http://irail.be/stations/NMBS/008812112,L,2019-03-30T14:33:00,2019-03-30T14:33:00,19,7
http://irail.be/vehicle/L3884,http://irail.be/stations/NMBS/008812120,L,2019-03-30T14:37:00,2019-03-30T14:36:00,2,7
http://irail.be/vehicle/L3884,http://irail.be/stations/NMBS/008812146,L,2019-03-30T14:41:00,2019-03-30T14:40:00,-11,-5
http://irail.be/vehicle/L3884,http://irail.be/stations/NMBS/008812153,L,2019-03-30T14:45:00,2019-03-30T14:45:00,-54,-85
http://irail.be/vehicle/L3884,http://irail.be/stations/NMBS/008812161,L,2019-03-30T14:48:00,2019-03-30T14:48:00,-77,-78
http://irail.be/vehicle/L3884,http://irail.be/stations/NMBS/008893443,L,2019-03-30T14:51:00,2019-03-30T14:51:00,-75,-77
http://irail.be/vehicle/L3884,http://irail.be/stations/NMBS/008893401,L,2019-03-30T14:53:00,2019-03-30T14:53:00,,-68
http://irail.be/vehicle/L3884,http://irail.be/stations/NMBS/008814001,L,2019-01-22T14:06:00,2019-01-22T14:06:00,127,
http://irail.be/vehicle/L3884,http://irail.be/stations/NMBS/008815040,L,2019-01-22T14:12:00,2019-01-22T14:11:00,100,127
http://irail.be/vehicle/L3884,http://irail.be/stations/NMBS/008812013,L,2019-01-22T14:14:00,2019-01-22T14:14:00,102,90
http://irail.be/vehicle/L3884,http://irail.be/stations/NMBS/008815016,L,2019-01-22T14:16:00,2019-01-22T14:16:00,125,102
http://irail.be/vehicle/L3884,http://irail.be/stations/NMBS/008812047,L,2019-01-22T14:21:00,2019-01-22T14:20:00,77,76
http://irail.be/vehicle/L3884,http://irail.be/stations/NMBS/008812062,L,2019-01-22T14:25:00,2019-01-22T14:25:00,89,66
http://irail.be/vehicle/L3884,http://irail.be/stations/NMBS/008812070,L,2019-01-22T14:30:00,2019-01-22T14:29:00,95,107
http://irail.be/vehicle/L3884,http://irail.be/stations/NMBS/008812112,L,2019-01-22T14:33:00,2019-01-22T14:33:00,77,69
http://irail.be/vehicle/L3884,http://irail.be/stations/NMBS/008812120,L,2019-01-22T14:37:00,2019-01-22T14:36:00,17,65
http://irail.be/vehicle/L3884,http://irail.be/stations/NMBS/008812146,L,2019-01-22T14:41:00,2019-01-22T14:40:00,10,5
http://irail.be/vehicle/L3884,http://irail.be/stations/NMBS/008812153,L,2019-01-22T14:45:00,2019-01-22T14:45:00,-53,-68
http://irail.be/vehicle/L3884,http://irail.be/stations/NMBS/008812161,L,2019-01-22T14:48:00,2019-01-22T14:48:00,-64,-73
http://irail.be/vehicle/L3884,http://irail.be/stations/NMBS/008893443,L,2019-01-22T14:51:00,2019-01-22T14:51:00,-46,-64
http://irail.be/vehicle/L3884,http://irail.be/stations/NMBS/008893401,L,2019-01-22T14:53:00,2019-01-22T14:53:00,,-37
http://irail.be/vehicle/L3884,http://irail.be/stations/NMBS/008814001,L,2019-03-05T14:06:00,2019-03-05T14:06:00,-27,
http://irail.be/vehicle/L3884,http://irail.be/stations/NMBS/008815040,L,2019-03-05T14:12:00,2019-03-05T14:11:00,2,4
http://irail.be/vehicle/L3884,http://irail.be/stations/NMBS/008812013,L,2019-03-05T14:14:00,2019-03-05T14:14:00,23,-9
http://irail.be/vehicle/L3884,http://irail.be/stations/NMBS/008815016,L,2019-03-05T14:16:00,2019-03-05T14:16:00,50,23
http://irail.be/vehicle/L3884,http://irail.be/stations/NMBS/008812047,L,2019-03-05T14:21:00,2019-03-05T14:20:00,6,-2
http://irail.be/vehicle/L3884,http://irail.be/stations/NMBS/008812062,L,2019-03-05T14:25:00,2019-03-05T14:25:00,17,-4
http://irail.be/vehicle/L3884,http://irail.be/stations/NMBS/008812070,L,2019-03-05T14:30:00,2019-03-05T14:29:00,20,29
http://irail.be/vehicle/L3884,http://irail.be/stations/NMBS/008812112,L,2019-03-05T14:33:00,2019-03-05T14:33:00,28,4
http://irail.be/vehicle/L3884,http://irail.be/stations/NMBS/008812120,L,2019-03-05T14:37:00,2019-03-05T14:36:00,8,19
http://irail.be/vehicle/L3884,http://irail.be/stations/NMBS/008812146,L,2019-03-05T14:41:00,2019-03-05T14:40:00,-9,3
http://irail.be/vehicle/L3884,http://irail.be/stations/NMBS/008812153,L,2019-03-05T14:45:00,2019-03-05T14:45:00,-70,-76
http://irail.be/vehicle/L3884,http://irail.be/stations/NMBS/008812161,L,2019-03-05T14:48:00,2019-03-05T14:48:00,-47,-89
http://irail.be/vehicle/L3884,http://irail.be/stations/NMBS/008893443,L,2019-03-05T14:51:00,2019-03-05T14:51:00,-17,-47
http://irail.be/vehicle/L3884,http://irail.be/stations/NMBS/008893401,L,2019-03-05T14:53:00,2019-03-05T14:53:00,,-7
http://irail.be/vehicle/L3884,http://irail.be/stations/NMBS/008814001,L,2019-01-05T14:06:00,2019-01-05T14:06:00,22,
http://irail.be/vehicle/L3884,http://irail.be/stations/NMBS/008815040,L,2019-01-05T14:12:00,2019-01-05T14:11:00,0,6
http://irail.be/vehicle/L3884,http://irail.be/stations/NMBS/008812013,L,2019-01-05T14:14:00,2019-01-05T14:14:00,22,-14
http://irail.be/vehicle/L3884,http://irail.be/stations/NMBS/008815016,L,2019-01-05T14:16:00,2019-01-05T14:16:00,56,22
http://irail.be/vehicle/L3884,http://irail.be/stations/NMBS/008812047,L,2019-01-05T14:21:00,2019-01-05T14:20:00,8,4
http://irail.be/vehicle/L3884,http://irail.be/stations/NMBS/008812062,L,2019-01-05T14:25:00,2019-01-05T14:25:00,13,-15
http://irail.be/vehicle/L3884,http://irail.be/stations/NMBS/008812070,L,2019-01-05T14:30:00,2019-01-05T14:29:00,13,23
http://irail.be/vehicle/L3884,http://irail.be/stations/NMBS/008812112,L,2019-01-05T14:33:00,2019-01-05T14:33:00,1,-14
http://irail.be/vehicle/L3884,http://irail.be/stations/NMBS/008812120,L,2019-01-05T14:37:00,2019-01-05T14:36:00,-7,-9
http://irail.be/vehicle/L3884,http://irail.be/stations/NMBS/008812146,L,2019-01-05T14:41:00,2019-01-05T14:40:00,-18,-23
http://irail.be/vehicle/L3884,http://irail.be/stations/NMBS/008812153,L,2019-01-05T14:45:00,2019-01-05T14:45:00,-40,-96
http://irail.be/vehicle/L3884,http://irail.be/stations/NMBS/008812161,L,2019-01-05T14:48:00,2019-01-05T14:48:00,-40,-67
http://irail.be/vehicle/L3884,http://irail.be/stations/NMBS/008893443,L,2019-01-05T14:51:00,2019-01-05T14:51:00,-3,-40
http://irail.be/vehicle/L3884,http://irail.be/stations/NMBS/008893401,L,2019-01-05T14:53:00,2019-01-05T14:53:00,,8
http://irail.be/vehicle/L3884,http://irail.be/stations/NMBS/008814001,L,2019-06-14T14:06:00,2019-06-14T14:06:00,57,
http://irail.be/vehicle/L3884,http://irail.be/stations/NMBS/008815040,L,2019-06-14T14:12:00,2019-06-14T14:11:00,57,73
http://irail.be/vehicle/L3884,http://irail.be/stations/NMBS/008812013,L,2019-06-14T14:14:00,2019-06-14T14:14:00,97,44
http://irail.be/vehicle/L3884,http://irail.be/stations/NMBS/008815016,L,2019-06-14T14:16:00,2019-06-14T14:16:00,136,97
http://irail.be/vehicle/L3884,http://irail.be/stations/NMBS/008812047,L,2019-06-14T14:21:00,2019-06-14T14:20:00,103,88
http://irail.be/vehicle/L3884,http://irail.be/stations/NMBS/008812062,L,2019-06-14T14:25:00,2019-06-14T14:25:00,116,85
http://irail.be/vehicle/L3884,http://irail.be/stations/NMBS/008812070,L,2019-06-14T14:30:00,2019-06-14T14:29:00,120,133
http://irail.be/vehicle/L3884,http://irail.be/stations/NMBS/008812112,L,2019-06-14T14:33:00,2019-06-14T14:33:00,128,100
http://irail.be/vehicle/L3884,http://irail.be/stations/NMBS/008812120,L,2019-06-14T14:37:00,2019-06-14T14:36:00,105,125
http://irail.be/vehicle/L3884,http://irail.be/stations/NMBS/008812146,L,2019-06-14T14:41:00,2019-06-14T14:40:00,106,107
http://irail.be/vehicle/L3884,http://irail.be/stations/NMBS/008812153,L,2019-06-14T14:44:00,2019-06-14T14:44:00,100,90
http://irail.be/vehicle/L3884,http://irail.be/stations/NMBS/008812161,L,2019-06-14T14:47:00,2019-06-14T14:47:00,98,84
http://irail.be/vehicle/L3884,http://irail.be/stations/NMBS/008893443,L,2019-06-14T14:50:00,2019-06-14T14:50:00,122,98
http://irail.be/vehicle/L3884,http://irail.be/stations/NMBS/008893401,L,2019-06-14T14:52:00,2019-06-14T14:52:00,,124
http://irail.be/vehicle/L3884,http://irail.be/stations/NMBS/008814001,L,2019-05-07T14:06:00,2019-05-07T14:06:00,271,
http://irail.be/vehicle/L3884,http://irail.be/stations/NMBS/008815040,L,2019-05-07T14:12:00,2019-05-07T14:11:00,294,301
http://irail.be/vehicle/L3884,http://irail.be/stations/NMBS/008812013,L,2019-05-07T14:14:00,2019-05-07T14:14:00,325,288
http://irail.be/vehicle/L3884,http://irail.be/stations/NMBS/008815016,L,2019-05-07T14:16:00,2019-05-07T14:16:00,375,325
http://irail.be/vehicle/L3884,http://irail.be/stations/NMBS/008812047,L,2019-05-07T14:21:00,2019-05-07T14:20:00,375,335
http://irail.be/vehicle/L3884,http://irail.be/stations/NMBS/008812062,L,2019-05-07T14:25:00,2019-05-07T14:25:00,439,388
http://irail.be/vehicle/L3884,http://irail.be/stations/NMBS/008812070,L,2019-05-07T14:30:00,2019-05-07T14:29:00,432,448
http://irail.be/vehicle/L3884,http://irail.be/stations/NMBS/008812112,L,2019-05-07T14:33:00,2019-05-07T14:33:00,418,405
http://irail.be/vehicle/L3884,http://irail.be/stations/NMBS/008812120,L,2019-05-07T14:37:00,2019-05-07T14:36:00,386,403
http://irail.be/vehicle/L3884,http://irail.be/stations/NMBS/008812146,L,2019-05-07T14:41:00,2019-05-07T14:40:00,389,391
http://irail.be/vehicle/L3884,http://irail.be/stations/NMBS/008812153,L,2019-05-07T14:45:00,2019-05-07T14:45:00,315,309
http://irail.be/vehicle/L3884,http://irail.be/stations/NMBS/008812161,L,2019-05-07T14:48:00,2019-05-07T14:48:00,295,295
http://irail.be/vehicle/L3884,http://irail.be/stations/NMBS/008893443,L,2019-05-07T14:51:00,2019-05-07T14:51:00,299,284
http://irail.be/vehicle/L3884,http://irail.be/stations/NMBS/008893401,L,2019-05-07T14:53:00,2019-05-07T14:53:00,,296
http://irail.be/vehicle/L3884,http://irail.be/stations/NMBS/008814001,L,2019-02-28T14:06:00,2019-02-28T14:06:00,34,
http://irail.be/vehicle/L3884,http://irail.be/stations/NMBS/008815040,L,2019-02-28T14:12:00,2019-02-28T14:11:00,79,77
http://irail.be/vehicle/L3884,http://irail.be/stations/NMBS/008812013,L,2019-02-28T14:14:00,2019-02-28T14:14:00,107,74
http://irail.be/vehicle/L3884,http://irail.be/stations/NMBS/008815016,L,2019-02-28T14:16:00,2019-02-28T14:16:00,139,107
http://irail.be/vehicle/L3884,http://irail.be/stations/NMBS/008812047,L,2019-02-28T14:21:00,2019-02-28T14:20:00,126,101
http://irail.be/vehicle/L3884,http://irail.be/stations/NMBS/008812062,L,2019-02-28T14:25:00,2019-02-28T14:25:00,160,128
http://irail.be/vehicle/L3884,http://irail.be/stations/NMBS/008812070,L,2019-02-28T14:30:00,2019-02-28T14:29:00,189,181
http://irail.be/vehicle/L3884,http://irail.be/stations/NMBS/008812112,L,2019-02-28T14:33:00,2019-02-28T14:33:00,212,165
http://irail.be/vehicle/L3884,http://irail.be/stations/NMBS/008812120,L,2019-02-28T14:37:00,2019-02-28T14:36:00,173,203
http://irail.be/vehicle/L3884,http://irail.be/stations/NMBS/008812146,L,2019-02-28T14:41:00,2019-02-28T14:40:00,197,164
http://irail.be/vehicle/L3884,http://irail.be/stations/NMBS/008812153,L,2019-02-28T14:45:00,2019-02-28T14:45:00,136,129
http://irail.be/vehicle/L3884,http://irail.be/stations/NMBS/008812161,L,2019-02-28T14:48:00,2019-02-28T14:48:00,159,119
http://irail.be/vehicle/L3884,http://irail.be/stations/NMBS/008893443,L,2019-02-28T14:51:00,2019-02-28T14:51:00,180,159
http://irail.be/vehicle/L3884,http://irail.be/stations/NMBS/008893401,L,2019-02-28T14:53:00,2019-02-28T14:53:00,,188
http://irail.be/vehicle/L3884,http://irail.be/stations/NMBS/008814001,L,2019-02-08T14:06:00,2019-02-08T14:06:00,860,
http://irail.be/vehicle/L3884,http://irail.be/stations/NMBS/008815040,L,2019-02-08T14:12:00,2019-02-08T14:11:00,824,853
http://irail.be/vehicle/L3884,http://irail.be/stations/NMBS/008812013,L,2019-02-08T14:14:00,2019-02-08T14:14:00,820,809
http://irail.be/vehicle/L3884,http://irail.be/stations/NMBS/008815016,L,2019-02-08T14:16:00,2019-02-08T14:16:00,848,820
http://irail.be/vehicle/L3884,http://irail.be/stations/NMBS/008812047,L,2019-02-08T14:21:00,2019-02-08T14:20:00,1218,1225
http://irail.be/vehicle/L3884,http://irail.be/stations/NMBS/008812062,L,2019-02-08T14:25:00,2019-02-08T14:25:00,1211,1199
http://irail.be/vehicle/L3884,http://irail.be/stations/NMBS/008812070,L,2019-02-08T14:30:00,2019-02-08T14:29:00,1223,1222
http://irail.be/vehicle/L3884,http://irail.be/stations/NMBS/008812112,L,2019-02-08T14:33:00,2019-02-08T14:33:00,1206,1197
http://irail.be/vehicle/L3884,http://irail.be/stations/NMBS/008812120,L,2019-02-08T14:37:00,2019-02-08T14:36:00,1149,1194
http://irail.be/vehicle/L3884,http://irail.be/stations/NMBS/008812146,L,2019-02-08T14:41:00,2019-02-08T14:40:00,1107,1134
http://irail.be/vehicle/L3884,http://irail.be/stations/NMBS/008812153,L,2019-02-08T14:45:00,2019-02-08T14:45:00,1026,1026
http://irail.be/vehicle/L3884,http://irail.be/stations/NMBS/008812161,L,2019-02-08T14:48:00,2019-02-08T14:48:00,990,990
http://irail.be/vehicle/L3884,http://irail.be/stations/NMBS/008893443,L,2019-02-08T14:51:00,2019-02-08T14:51:00,998,985
http://irail.be/vehicle/L3884,http://irail.be/stations/NMBS/008893401,L,2019-02-08T14:53:00,2019-02-08T14:53:00,,1008
http://irail.be/vehicle/L3884,http://irail.be/stations/NMBS/008814001,L,2019-01-24T14:06:00,2019-01-24T14:06:00,62,
http://irail.be/vehicle/L3884,http://irail.be/stations/NMBS/008815040,L,2019-01-24T14:12:00,2019-01-24T14:11:00,58,74
http://irail.be/vehicle/L3884,http://irail.be/stations/NMBS/008812013,L,2019-01-24T14:14:00,2019-01-24T14:14:00,64,44
http://irail.be/vehicle/L3884,http://irail.be/stations/NMBS/008815016,L,2019-01-24T14:16:00,2019-01-24T14:16:00,95,64
http://irail.be/vehicle/L3884,http://irail.be/stations/NMBS/008812047,L,2019-01-24T14:21:00,2019-01-24T14:20:00,55,43
http://irail.be/vehicle/L3884,http://irail.be/stations/NMBS/008812062,L,2019-01-24T14:25:00,2019-01-24T14:25:00,63,45
http://irail.be/vehicle/L3884,http://irail.be/stations/NMBS/008812070,L,2019-01-24T14:30:00,2019-01-24T14:29:00,85,85
http://irail.be/vehicle/L3884,http://irail.be/stations/NMBS/008812112,L,2019-01-24T14:33:00,2019-01-24T14:33:00,78,62
http://irail.be/vehicle/L3884,http://irail.be/stations/NMBS/008812120,L,2019-01-24T14:37:00,2019-01-24T14:36:00,31,69
http://irail.be/vehicle/L3884,http://irail.be/stations/NMBS/008812146,L,2019-01-24T14:41:00,2019-01-24T14:40:00,21,19
http://irail.be/vehicle/L3884,http://irail.be/stations/NMBS/008812153,L,2019-01-24T14:45:00,2019-01-24T14:45:00,-46,-54
http://irail.be/vehicle/L3884,http://irail.be/stations/NMBS/008812161,L,2019-01-24T14:48:00,2019-01-24T14:48:00,-62,-66
http://irail.be/vehicle/L3884,http://irail.be/stations/NMBS/008893443,L,2019-01-24T14:51:00,2019-01-24T14:51:00,-43,-62
http://irail.be/vehicle/L3884,http://irail.be/stations/NMBS/008893401,L,2019-01-24T14:53:00,2019-01-24T14:53:00,,-39
http://irail.be/vehicle/L3884,http://irail.be/stations/NMBS/008814001,L,2019-03-14T14:06:00,2019-03-14T14:06:00,42,
http://irail.be/vehicle/L3884,http://irail.be/stations/NMBS/008815040,L,2019-03-14T14:12:00,2019-03-14T14:11:00,60,78
http://irail.be/vehicle/L3884,http://irail.be/stations/NMBS/008812013,L,2019-03-14T14:14:00,2019-03-14T14:14:00,63,44
http://irail.be/vehicle/L3884,http://irail.be/stations/NMBS/008815016,L,2019-03-14T14:16:00,2019-03-14T14:16:00,75,63
http://irail.be/vehicle/L3884,http://irail.be/stations/NMBS/008812047,L,2019-03-14T14:21:00,2019-03-14T14:20:00,21,37
http://irail.be/vehicle/L3884,http://irail.be/stations/NMBS/008812062,L,2019-03-14T14:25:00,2019-03-14T14:25:00,28,8
http://irail.be/vehicle/L3884,http://irail.be/stations/NMBS/008812070,L,2019-03-14T14:30:00,2019-03-14T14:29:00,75,47
http://irail.be/vehicle/L3884,http://irail.be/stations/NMBS/008812112,L,2019-03-14T14:33:00,2019-03-14T14:33:00,74,57
http://irail.be/vehicle/L3884,http://irail.be/stations/NMBS/008812120,L,2019-03-14T14:37:00,2019-03-14T14:36:00,48,70
http://irail.be/vehicle/L3884,http://irail.be/stations/NMBS/008812146,L,2019-03-14T14:41:00,2019-03-14T14:40:00,214,41
http://irail.be/vehicle/L3884,http://irail.be/stations/NMBS/008812153,L,2019-03-14T14:45:00,2019-03-14T14:45:00,148,148
http://irail.be/vehicle/L3884,http://irail.be/stations/NMBS/008812161,L,2019-03-14T14:48:00,2019-03-14T14:48:00,130,126
http://irail.be/vehicle/L3884,http://irail.be/stations/NMBS/008893443,L,2019-03-14T14:51:00,2019-03-14T14:51:00,150,130
http://irail.be/vehicle/L3884,http://irail.be/stations/NMBS/008893401,L,2019-03-14T14:53:00,2019-03-14T14:53:00,,176
http://irail.be/vehicle/L3884,http://irail.be/stations/NMBS/008814001,L,2019-04-08T14:06:00,2019-04-08T14:06:00,30,
http://irail.be/vehicle/L3884,http://irail.be/stations/NMBS/008815040,L,2019-04-08T14:12:00,2019-04-08T14:11:00,31,38
http://irail.be/vehicle/L3884,http://irail.be/stations/NMBS/008812013,L,2019-04-08T14:14:00,2019-04-08T14:14:00,51,21
http://irail.be/vehicle/L3884,http://irail.be/stations/NMBS/008815016,L,2019-04-08T14:16:00,2019-04-08T14:16:00,104,51
http://irail.be/vehicle/L3884,http://irail.be/stations/NMBS/008812047,L,2019-04-08T14:21:00,2019-04-08T14:20:00,99,78
http://irail.be/vehicle/L3884,http://irail.be/stations/NMBS/008812062,L,2019-04-08T14:25:00,2019-04-08T14:25:00,146,86
http://irail.be/vehicle/L3884,http://irail.be/stations/NMBS/008812070,L,2019-04-08T14:30:00,2019-04-08T14:29:00,158,161
http://irail.be/vehicle/L3884,http://irail.be/stations/NMBS/008812112,L,2019-04-08T14:33:00,2019-04-08T14:33:00,169,143
http://irail.be/vehicle/L3884,http://irail.be/stations/NMBS/008812120,L,2019-04-08T14:37:00,2019-04-08T14:36:00,128,162
http://irail.be/vehicle/L3884,http://irail.be/stations/NMBS/008812146,L,2019-04-08T14:41:00,2019-04-08T14:40:00,117,133
http://irail.be/vehicle/L3884,http://irail.be/stations/NMBS/008812153,L,2019-04-08T14:45:00,2019-04-08T14:45:00,64,53
http://irail.be/vehicle/L3884,http://irail.be/stations/NMBS/008812161,L,2019-04-08T14:48:00,2019-04-08T14:48:00,65,48
http://irail.be/vehicle/L3884,http://irail.be/stations/NMBS/008893443,L,2019-04-08T14:51:00,2019-04-08T14:51:00,78,65
http://irail.be/vehicle/L3884,http://irail.be/stations/NMBS/008893401,L,2019-04-08T14:53:00,2019-04-08T14:53:00,,94
http://irail.be/vehicle/L3884,http://irail.be/stations/NMBS/008814001,L,2019-02-10T14:06:00,2019-02-10T14:06:00,38,
http://irail.be/vehicle/L3884,http://irail.be/stations/NMBS/008815040,L,2019-02-10T14:12:00,2019-02-10T14:11:00,45,63
http://irail.be/vehicle/L3884,http://irail.be/stations/NMBS/008812013,L,2019-02-10T14:14:00,2019-02-10T14:14:00,73,51
http://irail.be/vehicle/L3884,http://irail.be/stations/NMBS/008815016,L,2019-02-10T14:16:00,2019-02-10T14:16:00,89,73
http://irail.be/vehicle/L3884,http://irail.be/stations/NMBS/008812047,L,2019-02-10T14:21:00,2019-02-10T14:20:00,42,46
http://irail.be/vehicle/L3884,http://irail.be/stations/NMBS/008812062,L,2019-02-10T14:25:00,2019-02-10T14:25:00,67,48
http://irail.be/vehicle/L3884,http://irail.be/stations/NMBS/008812070,L,2019-02-10T14:30:00,2019-02-10T14:29:00,56,74
http://irail.be/vehicle/L3884,http://irail.be/stations/NMBS/008812112,L,2019-02-10T14:33:00,2019-02-10T14:33:00,37,28
http://irail.be/vehicle/L3884,http://irail.be/stations/NMBS/008812120,L,2019-02-10T14:37:00,2019-02-10T14:36:00,12,28
http://irail.be/vehicle/L3884,http://irail.be/stations/NMBS/008812146,L,2019-02-10T14:41:00,2019-02-10T14:40:00,2,19
http://irail.be/vehicle/L3884,http://irail.be/stations/NMBS/008812153,L,2019-02-10T14:45:00,2019-02-10T14:45:00,-32,-37
http://irail.be/vehicle/L3884,http://irail.be/stations/NMBS/008812161,L,2019-02-10T14:48:00,2019-02-10T14:48:00,-19,-56
http://irail.be/vehicle/L3884,http://irail.be/stations/NMBS/008893443,L,2019-02-10T14:51:00,2019-02-10T14:51:00,-7,-19
http://irail.be/vehicle/L3884,http://irail.be/stations/NMBS/008893401,L,2019-02-10T14:53:00,2019-02-10T14:53:00,,2
http://irail.be/vehicle/L3884,http://irail.be/stations/NMBS/008814001,L,2019-03-25T14:06:00,2019-03-25T14:06:00,2024,
http://irail.be/vehicle/L3884,http://irail.be/stations/NMBS/008815040,L,2019-03-25T14:12:00,2019-03-25T14:11:00,2016,2040
http://irail.be/vehicle/L3884,http://irail.be/stations/NMBS/008812013,L,2019-03-25T14:14:00,2019-03-25T14:14:00,2029,2005
http://irail.be/vehicle/L3884,http://irail.be/stations/NMBS/008815016,L,2019-03-25T14:16:00,2019-03-25T14:16:00,2062,2029
http://irail.be/vehicle/L3884,http://irail.be/stations/NMBS/008812047,L,2019-03-25T14:21:00,2019-03-25T14:20:00,2056,2067
http://irail.be/vehicle/L3884,http://irail.be/stations/NMBS/008812062,L,2019-03-25T14:25:00,2019-03-25T14:25:00,2064,2045
http://irail.be/vehicle/L3884,http://irail.be/stations/NMBS/008812070,L,2019-03-25T14:30:00,2019-03-25T14:29:00,2071,2085
http://irail.be/vehicle/L3884,http://irail.be/stations/NMBS/008812112,L,2019-03-25T14:33:00,2019-03-25T14:33:00,2077,2055
http://irail.be/vehicle/L3884,http://irail.be/stations/NMBS/008812120,L,2019-03-25T14:37:00,2019-03-25T14:36:00,2039,2072
http://irail.be/vehicle/L3884,http://irail.be/stations/NMBS/008812146,L,2019-03-25T14:40:00,2019-03-25T14:40:00,,2058
http://irail.be/vehicle/L3884,http://irail.be/stations/NMBS/008814001,L,2019-06-11T14:06:00,2019-06-11T14:06:00,31,
http://irail.be/vehicle/L3884,http://irail.be/stations/NMBS/008815040,L,2019-06-11T14:12:00,2019-06-11T14:11:00,16,42
http://irail.be/vehicle/L3884,http://irail.be/stations/NMBS/008812013,L,2019-06-11T14:14:00,2019-06-11T14:14:00,29,4
http://irail.be/vehicle/L3884,http://irail.be/stations/NMBS/008815016,L,2019-06-11T14:16:00,2019-06-11T14:16:00,54,29
http://irail.be/vehicle/L3884,http://irail.be/stations/NMBS/008812047,L,2019-06-11T14:21:00,2019-06-11T14:20:00,12,15
http://irail.be/vehicle/L3884,http://irail.be/stations/NMBS/008812062,L,2019-06-11T14:25:00,2019-06-11T14:25:00,11,-3
http://irail.be/vehicle/L3884,http://irail.be/stations/NMBS/008812070,L,2019-06-11T14:30:00,2019-06-11T14:29:00,13,31
http://irail.be/vehicle/L3884,http://irail.be/stations/NMBS/008812112,L,2019-06-11T14:33:00,2019-06-11T14:33:00,29,14
http://irail.be/vehicle/L3884,http://irail.be/stations/NMBS/008812120,L,2019-06-11T14:37:00,2019-06-11T14:36:00,1,30
http://irail.be/vehicle/L3884,http://irail.be/stations/NMBS/008812146,L,2019-06-11T14:41:00,2019-06-11T14:40:00,15,15
http://irail.be/vehicle/L3884,http://irail.be/stations/NMBS/008812153,L,2019-06-11T14:44:00,2019-06-11T14:44:00,11,5
http://irail.be/vehicle/L3884,http://irail.be/stations/NMBS/008812161,L,2019-06-11T14:47:00,2019-06-11T14:47:00,-3,-4
http://irail.be/vehicle/L3884,http://irail.be/stations/NMBS/008893443,L,2019-06-11T14:50:00,2019-06-11T14:50:00,4,-3
http://irail.be/vehicle/L3884,http://irail.be/stations/NMBS/008893401,L,2019-06-11T14:52:00,2019-06-11T14:52:00,,11
http://irail.be/vehicle/L3884,http://irail.be/stations/NMBS/008814001,L,2019-04-09T14:06:00,2019-04-09T14:06:00,328,
http://irail.be/vehicle/L3884,http://irail.be/stations/NMBS/008815040,L,2019-04-09T14:12:00,2019-04-09T14:11:00,322,343
http://irail.be/vehicle/L3884,http://irail.be/stations/NMBS/008812013,L,2019-04-09T14:14:00,2019-04-09T14:14:00,333,306
http://irail.be/vehicle/L3884,http://irail.be/stations/NMBS/008815016,L,2019-04-09T14:16:00,2019-04-09T14:16:00,353,333
http://irail.be/vehicle/L3884,http://irail.be/stations/NMBS/008812047,L,2019-04-09T14:21:00,2019-04-09T14:20:00,297,299
http://irail.be/vehicle/L3884,http://irail.be/stations/NMBS/008812062,L,2019-04-09T14:25:00,2019-04-09T14:25:00,298,274
http://irail.be/vehicle/L3884,http://irail.be/stations/NMBS/008812070,L,2019-04-09T14:30:00,2019-04-09T14:29:00,280,300
http://irail.be/vehicle/L3884,http://irail.be/stations/NMBS/008812112,L,2019-04-09T14:33:00,2019-04-09T14:33:00,274,251
http://irail.be/vehicle/L3884,http://irail.be/stations/NMBS/008812120,L,2019-04-09T14:37:00,2019-04-09T14:36:00,221,263
http://irail.be/vehicle/L3884,http://irail.be/stations/NMBS/008812146,L,2019-04-09T14:41:00,2019-04-09T14:40:00,175,203
http://irail.be/vehicle/L3884,http://irail.be/stations/NMBS/008812153,L,2019-04-09T14:45:00,2019-04-09T14:45:00,100,97
http://irail.be/vehicle/L3884,http://irail.be/stations/NMBS/008812161,L,2019-04-09T14:48:00,2019-04-09T14:48:00,81,76
http://irail.be/vehicle/L3884,http://irail.be/stations/NMBS/008893443,L,2019-04-09T14:51:00,2019-04-09T14:51:00,102,81
http://irail.be/vehicle/L3884,http://irail.be/stations/NMBS/008893401,L,2019-04-09T14:53:00,2019-04-09T14:53:00,,102
http://irail.be/vehicle/L3884,http://irail.be/stations/NMBS/008814001,L,2019-04-06T14:06:00,2019-04-06T14:06:00,54,
http://irail.be/vehicle/L3884,http://irail.be/stations/NMBS/008815040,L,2019-04-06T14:12:00,2019-04-06T14:11:00,52,67
http://irail.be/vehicle/L3884,http://irail.be/stations/NMBS/008812013,L,2019-04-06T14:14:00,2019-04-06T14:14:00,82,48
http://irail.be/vehicle/L3884,http://irail.be/stations/NMBS/008815016,L,2019-04-06T14:16:00,2019-04-06T14:16:00,110,82
http://irail.be/vehicle/L3884,http://irail.be/stations/NMBS/008812047,L,2019-04-06T14:21:00,2019-04-06T14:20:00,62,62
http://irail.be/vehicle/L3884,http://irail.be/stations/NMBS/008812062,L,2019-04-06T14:25:00,2019-04-06T14:25:00,76,49
http://irail.be/vehicle/L3884,http://irail.be/stations/NMBS/008812070,L,2019-04-06T14:30:00,2019-04-06T14:29:00,103,101
http://irail.be/vehicle/L3884,http://irail.be/stations/NMBS/008812112,L,2019-04-06T14:33:00,2019-04-06T14:33:00,120,96
http://irail.be/vehicle/L3884,http://irail.be/stations/NMBS/008812120,L,2019-04-06T14:37:00,2019-04-06T14:36:00,90,114
http://irail.be/vehicle/L3884,http://irail.be/stations/NMBS/008812146,L,2019-04-06T14:41:00,2019-04-06T14:40:00,72,88
http://irail.be/vehicle/L3884,http://irail.be/stations/NMBS/008812153,L,2019-04-06T14:45:00,2019-04-06T14:45:00,16,0
http://irail.be/vehicle/L3884,http://irail.be/stations/NMBS/008812161,L,2019-04-06T14:48:00,2019-04-06T14:48:00,19,0
http://irail.be/vehicle/L3884,http://irail.be/stations/NMBS/008893443,L,2019-04-06T14:51:00,2019-04-06T14:51:00,35,19
http://irail.be/vehicle/L3884,http://irail.be/stations/NMBS/008893401,L,2019-04-06T14:53:00,2019-04-06T14:53:00,,36
http://irail.be/vehicle/L3884,http://irail.be/stations/NMBS/008814001,L,2019-05-06T14:06:00,2019-05-06T14:06:00,69,
http://irail.be/vehicle/L3884,http://irail.be/stations/NMBS/008815040,L,2019-05-06T14:12:00,2019-05-06T14:11:00,67,85
http://irail.be/vehicle/L3884,http://irail.be/stations/NMBS/008812013,L,2019-05-06T14:14:00,2019-05-06T14:14:00,94,55
http://irail.be/vehicle/L3884,http://irail.be/stations/NMBS/008815016,L,2019-05-06T14:16:00,2019-05-06T14:16:00,116,94
http://irail.be/vehicle/L3884,http://irail.be/stations/NMBS/008812047,L,2019-05-06T14:21:00,2019-05-06T14:20:00,97,76
http://irail.be/vehicle/L3884,http://irail.be/stations/NMBS/008812062,L,2019-05-06T14:25:00,2019-05-06T14:25:00,121,89
http://irail.be/vehicle/L3884,http://irail.be/stations/NMBS/008812070,L,2019-05-06T14:30:00,2019-05-06T14:29:00,126,128
http://irail.be/vehicle/L3884,http://irail.be/stations/NMBS/008812112,L,2019-05-06T14:33:00,2019-05-06T14:33:00,128,106
http://irail.be/vehicle/L3884,http://irail.be/stations/NMBS/008812120,L,2019-05-06T14:37:00,2019-05-06T14:36:00,89,116
http://irail.be/vehicle/L3884,http://irail.be/stations/NMBS/008812146,L,2019-05-06T14:41:00,2019-05-06T14:40:00,142,91
http://irail.be/vehicle/L3884,http://irail.be/stations/NMBS/008812153,L,2019-05-06T14:45:00,2019-05-06T14:45:00,58,55
http://irail.be/vehicle/L3884,http://irail.be/stations/NMBS/008812161,L,2019-05-06T14:48:00,2019-05-06T14:48:00,34,34
http://irail.be/vehicle/L3884,http://irail.be/stations/NMBS/008893443,L,2019-05-06T14:51:00,2019-05-06T14:51:00,33,28
http://irail.be/vehicle/L3884,http://irail.be/stations/NMBS/008893401,L,2019-05-06T14:53:00,2019-05-06T14:53:00,,28
http://irail.be/vehicle/L3884,http://irail.be/stations/NMBS/008814001,L,2019-02-18T14:06:00,2019-02-18T14:06:00,14,
http://irail.be/vehicle/L3884,http://irail.be/stations/NMBS/008815040,L,2019-02-18T14:12:00,2019-02-18T14:11:00,19,15
http://irail.be/vehicle/L3884,http://irail.be/stations/NMBS/008812013,L,2019-02-18T14:14:00,2019-02-18T14:14:00,37,4
http://irail.be/vehicle/L3884,http://irail.be/stations/NMBS/008815016,L,2019-02-18T14:16:00,2019-02-18T14:16:00,86,37
http://irail.be/vehicle/L3884,http://irail.be/stations/NMBS/008812047,L,2019-02-18T14:21:00,2019-02-18T14:20:00,67,52
http://irail.be/vehicle/L3884,http://irail.be/stations/NMBS/008812062,L,2019-02-18T14:25:00,2019-02-18T14:25:00,86,58
http://irail.be/vehicle/L3884,http://irail.be/stations/NMBS/008812070,L,2019-02-18T14:30:00,2019-02-18T14:29:00,99,103
http://irail.be/vehicle/L3884,http://irail.be/stations/NMBS/008812112,L,2019-02-18T14:33:00,2019-02-18T14:33:00,107,85
http://irail.be/vehicle/L3884,http://irail.be/stations/NMBS/008812120,L,2019-02-18T14:37:00,2019-02-18T14:36:00,81,98
http://irail.be/vehicle/L3884,http://irail.be/stations/NMBS/008812146,L,2019-02-18T14:41:00,2019-02-18T14:40:00,74,88
http://irail.be/vehicle/L3884,http://irail.be/stations/NMBS/008812153,L,2019-02-18T14:45:00,2019-02-18T14:45:00,17,9
http://irail.be/vehicle/L3884,http://irail.be/stations/NMBS/008812161,L,2019-02-18T14:48:00,2019-02-18T14:48:00,15,4
http://irail.be/vehicle/L3884,http://irail.be/stations/NMBS/008893443,L,2019-02-18T14:51:00,2019-02-18T14:51:00,23,15
http://irail.be/vehicle/L3884,http://irail.be/stations/NMBS/008893401,L,2019-02-18T14:53:00,2019-02-18T14:53:00,,24
http://irail.be/vehicle/L3884,http://irail.be/stations/NMBS/008814001,L,2019-01-20T14:06:00,2019-01-20T14:06:00,24,
http://irail.be/vehicle/L3884,http://irail.be/stations/NMBS/008815040,L,2019-01-20T14:12:00,2019-01-20T14:11:00,-6,22
http://irail.be/vehicle/L3884,http://irail.be/stations/NMBS/008812013,L,2019-01-20T14:14:00,2019-01-20T14:14:00,-6,-21
http://irail.be/vehicle/L3884,http://irail.be/stations/NMBS/008815016,L,2019-01-20T14:16:00,2019-01-20T14:16:00,19,-6
http://irail.be/vehicle/L3884,http://irail.be/stations/NMBS/008812047,L,2019-01-20T14:21:00,2019-01-20T14:20:00,-10,-32
http://irail.be/vehicle/L3884,http://irail.be/stations/NMBS/008812062,L,2019-01-20T14:25:00,2019-01-20T14:25:00,0,-28
http://irail.be/vehicle/L3884,http://irail.be/stations/NMBS/008812070,L,2019-01-20T14:30:00,2019-01-20T14:29:00,2,17
http://irail.be/vehicle/L3884,http://irail.be/stations/NMBS/008812112,L,2019-01-20T14:33:00,2019-01-20T14:33:00,13,-6
http://irail.be/vehicle/L3884,http://irail.be/stations/NMBS/008812120,L,2019-01-20T14:37:00,2019-01-20T14:36:00,-15,8
http://irail.be/vehicle/L3884,http://irail.be/stations/NMBS/008812146,L,2019-01-20T14:41:00,2019-01-20T14:40:00,-6,-21
http://irail.be/vehicle/L3884,http://irail.be/stations/NMBS/008812153,L,2019-01-20T14:45:00,2019-01-20T14:45:00,-67,-68
http://irail.be/vehicle/L3884,http://irail.be/stations/NMBS/008812161,L,2019-01-20T14:48:00,2019-01-20T14:48:00,-36,-83
http://irail.be/vehicle/L3884,http://irail.be/stations/NMBS/008893443,L,2019-01-20T14:51:00,2019-01-20T14:51:00,-9,-36
http://irail.be/vehicle/L3884,http://irail.be/stations/NMBS/008893401,L,2019-01-20T14:53:00,2019-01-20T14:53:00,,2
http://irail.be/vehicle/L3884,http://irail.be/stations/NMBS/008814001,L,2019-01-07T14:06:00,2019-01-07T14:06:00,28,
http://irail.be/vehicle/L3884,http://irail.be/stations/NMBS/008815040,L,2019-01-07T14:12:00,2019-01-07T14:11:00,106,133
http://irail.be/vehicle/L3884,http://irail.be/stations/NMBS/008812013,L,2019-01-07T14:14:00,2019-01-07T14:14:00,120,90
http://irail.be/vehicle/L3884,http://irail.be/stations/NMBS/008815016,L,2019-01-07T14:16:00,2019-01-07T14:16:00,151,120
http://irail.be/vehicle/L3884,http://irail.be/stations/NMBS/008812047,L,2019-01-07T14:21:00,2019-01-07T14:20:00,123,110
http://irail.be/vehicle/L3884,http://irail.be/stations/NMBS/008812062,L,2019-01-07T14:25:00,2019-01-07T14:25:00,144,107
http://irail.be/vehicle/L3884,http://irail.be/stations/NMBS/008812070,L,2019-01-07T14:30:00,2019-01-07T14:29:00,153,153
http://irail.be/vehicle/L3884,http://irail.be/stations/NMBS/008812112,L,2019-01-07T14:33:00,2019-01-07T14:33:00,151,129
http://irail.be/vehicle/L3884,http://irail.be/stations/NMBS/008812120,L,2019-01-07T14:37:00,2019-01-07T14:36:00,116,142
http://irail.be/vehicle/L3884,http://irail.be/stations/NMBS/008812146,L,2019-01-07T14:41:00,2019-01-07T14:40:00,88,102
http://irail.be/vehicle/L3884,http://irail.be/stations/NMBS/008812153,L,2019-01-07T14:45:00,2019-01-07T14:45:00,9,8
http://irail.be/vehicle/L3884,http://irail.be/stations/NMBS/008812161,L,2019-01-07T14:48:00,2019-01-07T14:48:00,-12,-15
http://irail.be/vehicle/L3884,http://irail.be/stations/NMBS/008893443,L,2019-01-07T14:51:00,2019-01-07T14:51:00,-2,-12
http://irail.be/vehicle/L3884,http://irail.be/stations/NMBS/008893401,L,2019-01-07T14:53:00,2019-01-07T14:53:00,,-2
http://irail.be/vehicle/L3884,http://irail.be/stations/NMBS/008814001,L,2019-01-31T14:06:00,2019-01-31T14:06:00,62,
http://irail.be/vehicle/L3884,http://irail.be/stations/NMBS/008815040,L,2019-01-31T14:12:00,2019-01-31T14:11:00,39,58
http://irail.be/vehicle/L3884,http://irail.be/stations/NMBS/008812013,L,2019-01-31T14:14:00,2019-01-31T14:14:00,56,26
http://irail.be/vehicle/L3884,http://irail.be/stations/NMBS/008815016,L,2019-01-31T14:16:00,2019-01-31T14:16:00,87,56
http://irail.be/vehicle/L3884,http://irail.be/stations/NMBS/008812047,L,2019-01-31T14:21:00,2019-01-31T14:20:00,55,35
http://irail.be/vehicle/L3884,http://irail.be/stations/NMBS/008812062,L,2019-01-31T14:25:00,2019-01-31T14:25:00,83,38
http://irail.be/vehicle/L3884,http://irail.be/stations/NMBS/008812070,L,2019-01-31T14:30:00,2019-01-31T14:29:00,101,95
http://irail.be/vehicle/L3884,http://irail.be/stations/NMBS/008812112,L,2019-01-31T14:33:00,2019-01-31T14:33:00,97,78
http://irail.be/vehicle/L3884,http://irail.be/stations/NMBS/008812120,L,2019-01-31T14:37:00,2019-01-31T14:36:00,50,86
http://irail.be/vehicle/L3884,http://irail.be/stations/NMBS/008812146,L,2019-01-31T14:41:00,2019-01-31T14:40:00,27,38
http://irail.be/vehicle/L3884,http://irail.be/stations/NMBS/008812153,L,2019-01-31T14:45:00,2019-01-31T14:45:00,-45,-48
http://irail.be/vehicle/L3884,http://irail.be/stations/NMBS/008812161,L,2019-01-31T14:48:00,2019-01-31T14:48:00,-54,-69
http://irail.be/vehicle/L3884,http://irail.be/stations/NMBS/008893443,L,2019-01-31T14:51:00,2019-01-31T14:51:00,-43,-54
http://irail.be/vehicle/L3884,http://irail.be/stations/NMBS/008893401,L,2019-01-31T14:53:00,2019-01-31T14:53:00,,-41
http://irail.be/vehicle/L3884,http://irail.be/stations/NMBS/008814001,L,2019-06-02T14:06:00,2019-06-02T14:06:00,138,
http://irail.be/vehicle/L3884,http://irail.be/stations/NMBS/008815040,L,2019-06-02T14:12:00,2019-06-02T14:11:00,92,135
http://irail.be/vehicle/L3884,http://irail.be/stations/NMBS/008812013,L,2019-06-02T14:14:00,2019-06-02T14:14:00,79,75
http://irail.be/vehicle/L3884,http://irail.be/stations/NMBS/008815016,L,2019-06-02T14:16:00,2019-06-02T14:16:00,98,79
http://irail.be/vehicle/L3884,http://irail.be/stations/NMBS/008812047,L,2019-06-02T14:20:00,2019-06-02T14:20:00,,43
http://irail.be/vehicle/L3884,http://irail.be/stations/NMBS/008814001,L,2019-05-28T14:06:00,2019-05-28T14:06:00,25,
http://irail.be/vehicle/L3884,http://irail.be/stations/NMBS/008815040,L,2019-05-28T14:12:00,2019-05-28T14:11:00,33,44
http://irail.be/vehicle/L3884,http://irail.be/stations/NMBS/008812013,L,2019-05-28T14:14:00,2019-05-28T14:14:00,43,17
http://irail.be/vehicle/L3884,http://irail.be/stations/NMBS/008815016,L,2019-05-28T14:16:00,2019-05-28T14:16:00,69,43
http://irail.be/vehicle/L3884,http://irail.be/stations/NMBS/008812047,L,2019-05-28T14:21:00,2019-05-28T14:20:00,28,26
http://irail.be/vehicle/L3884,http://irail.be/stations/NMBS/008812062,L,2019-05-28T14:25:00,2019-05-28T14:25:00,52,16
http://irail.be/vehicle/L3884,http://irail.be/stations/NMBS/008812070,L,2019-05-28T14:30:00,2019-05-28T14:29:00,61,67
http://irail.be/vehicle/L3884,http://irail.be/stations/NMBS/008812112,L,2019-05-28T14:33:00,2019-05-28T14:33:00,55,38
http://irail.be/vehicle/L3884,http://irail.be/stations/NMBS/008812120,L,2019-05-28T14:37:00,2019-05-28T14:36:00,40,52
http://irail.be/vehicle/L3884,http://irail.be/stations/NMBS/008812146,L,2019-05-28T14:41:00,2019-05-28T14:40:00,56,52
http://irail.be/vehicle/L3884,http://irail.be/stations/NMBS/008812153,L,2019-05-28T14:45:00,2019-05-28T14:45:00,-12,-24
http://irail.be/vehicle/L3884,http://irail.be/stations/NMBS/008812161,L,2019-05-28T14:48:00,2019-05-28T14:48:00,-25,-31
http://irail.be/vehicle/L3884,http://irail.be/stations/NMBS/008893443,L,2019-05-28T14:51:00,2019-05-28T14:51:00,2,-25
http://irail.be/vehicle/L3884,http://irail.be/stations/NMBS/008893401,L,2019-05-28T14:53:00,2019-05-28T14:53:00,,10
http://irail.be/vehicle/L3884,http://irail.be/stations/NMBS/008814001,L,2019-02-02T14:06:00,2019-02-02T14:06:00,43,
http://irail.be/vehicle/L3884,http://irail.be/stations/NMBS/008815040,L,2019-02-02T14:12:00,2019-02-02T14:11:00,46,71
http://irail.be/vehicle/L3884,http://irail.be/stations/NMBS/008812013,L,2019-02-02T14:14:00,2019-02-02T14:14:00,57,30
http://irail.be/vehicle/L3884,http://irail.be/stations/NMBS/008815016,L,2019-02-02T14:16:00,2019-02-02T14:16:00,80,57
http://irail.be/vehicle/L3884,http://irail.be/stations/NMBS/008812047,L,2019-02-02T14:21:00,2019-02-02T14:20:00,24,23
http://irail.be/vehicle/L3884,http://irail.be/stations/NMBS/008812062,L,2019-02-02T14:25:00,2019-02-02T14:25:00,35,13
http://irail.be/vehicle/L3884,http://irail.be/stations/NMBS/008812070,L,2019-02-02T14:30:00,2019-02-02T14:29:00,68,40
http://irail.be/vehicle/L3884,http://irail.be/stations/NMBS/008812112,L,2019-02-02T14:33:00,2019-02-02T14:33:00,74,49
http://irail.be/vehicle/L3884,http://irail.be/stations/NMBS/008812120,L,2019-02-02T14:37:00,2019-02-02T14:36:00,48,70
http://irail.be/vehicle/L3884,http://irail.be/stations/NMBS/008812146,L,2019-02-02T14:41:00,2019-02-02T14:40:00,31,45
http://irail.be/vehicle/L3884,http://irail.be/stations/NMBS/008812153,L,2019-02-02T14:45:00,2019-02-02T14:45:00,-10,-44
http://irail.be/vehicle/L3884,http://irail.be/stations/NMBS/008812161,L,2019-02-02T14:48:00,2019-02-02T14:48:00,-27,-35
http://irail.be/vehicle/L3884,http://irail.be/stations/NMBS/008893443,L,2019-02-02T14:51:00,2019-02-02T14:51:00,-7,-27
http://irail.be/vehicle/L3884,http://irail.be/stations/NMBS/008893401,L,2019-02-02T14:53:00,2019-02-02T14:53:00,,-1
http://irail.be/vehicle/L3884,http://irail.be/stations/NMBS/008814001,L,2019-05-15T14:06:00,2019-05-15T14:06:00,153,
http://irail.be/vehicle/L3884,http://irail.be/stations/NMBS/008815040,L,2019-05-15T14:12:00,2019-05-15T14:11:00,136,152
http://irail.be/vehicle/L3884,http://irail.be/stations/NMBS/008812013,L,2019-05-15T14:14:00,2019-05-15T14:14:00,155,127
http://irail.be/vehicle/L3884,http://irail.be/stations/NMBS/008815016,L,2019-05-15T14:16:00,2019-05-15T14:16:00,188,155
http://irail.be/vehicle/L3884,http://irail.be/stations/NMBS/008812047,L,2019-05-15T14:21:00,2019-05-15T14:20:00,163,139
http://irail.be/vehicle/L3884,http://irail.be/stations/NMBS/008812062,L,2019-05-15T14:25:00,2019-05-15T14:25:00,174,148
http://irail.be/vehicle/L3884,http://irail.be/stations/NMBS/008812070,L,2019-05-15T14:30:00,2019-05-15T14:29:00,181,187
http://irail.be/vehicle/L3884,http://irail.be/stations/NMBS/008812112,L,2019-05-15T14:33:00,2019-05-15T14:33:00,188,167
http://irail.be/vehicle/L3884,http://irail.be/stations/NMBS/008812120,L,2019-05-15T14:37:00,2019-05-15T14:36:00,158,181
http://irail.be/vehicle/L3884,http://irail.be/stations/NMBS/008812146,L,2019-05-15T14:41:00,2019-05-15T14:40:00,162,167
http://irail.be/vehicle/L3884,http://irail.be/stations/NMBS/008812153,L,2019-05-15T14:45:00,2019-05-15T14:45:00,87,84
http://irail.be/vehicle/L3884,http://irail.be/stations/NMBS/008812161,L,2019-05-15T14:48:00,2019-05-15T14:48:00,69,65
http://irail.be/vehicle/L3884,http://irail.be/stations/NMBS/008893443,L,2019-05-15T14:51:00,2019-05-15T14:51:00,82,69
http://irail.be/vehicle/L3884,http://irail.be/stations/NMBS/008893401,L,2019-05-15T14:53:00,2019-05-15T14:53:00,,85
http://irail.be/vehicle/L3884,http://irail.be/stations/NMBS/008814001,L,2019-03-23T14:06:00,2019-03-23T14:06:00,287,
http://irail.be/vehicle/L3884,http://irail.be/stations/NMBS/008815040,L,2019-03-23T14:12:00,2019-03-23T14:11:00,278,307
http://irail.be/vehicle/L3884,http://irail.be/stations/NMBS/008812013,L,2019-03-23T14:14:00,2019-03-23T14:14:00,278,264
http://irail.be/vehicle/L3884,http://irail.be/stations/NMBS/008815016,L,2019-03-23T14:16:00,2019-03-23T14:16:00,308,278
http://irail.be/vehicle/L3884,http://irail.be/stations/NMBS/008812047,L,2019-03-23T14:21:00,2019-03-23T14:20:00,249,253
http://irail.be/vehicle/L3884,http://irail.be/stations/NMBS/008812062,L,2019-03-23T14:25:00,2019-03-23T14:25:00,254,234
http://irail.be/vehicle/L3884,http://irail.be/stations/NMBS/008812070,L,2019-03-23T14:30:00,2019-03-23T14:29:00,252,269
http://irail.be/vehicle/L3884,http://irail.be/stations/NMBS/008812112,L,2019-03-23T14:33:00,2019-03-23T14:33:00,254,236
http://irail.be/vehicle/L3884,http://irail.be/stations/NMBS/008812120,L,2019-03-23T14:37:00,2019-03-23T14:36:00,212,245
http://irail.be/vehicle/L3884,http://irail.be/stations/NMBS/008812146,L,2019-03-23T14:41:00,2019-03-23T14:40:00,185,198
http://irail.be/vehicle/L3884,http://irail.be/stations/NMBS/008812153,L,2019-03-23T14:45:00,2019-03-23T14:45:00,105,104
http://irail.be/vehicle/L3884,http://irail.be/stations/NMBS/008812161,L,2019-03-23T14:48:00,2019-03-23T14:48:00,81,81
http://irail.be/vehicle/L3884,http://irail.be/stations/NMBS/008893443,L,2019-03-23T14:51:00,2019-03-23T14:51:00,94,78
http://irail.be/vehicle/L3884,http://irail.be/stations/NMBS/008893401,L,2019-03-23T14:53:00,2019-03-23T14:53:00,,101
http://irail.be/vehicle/L3884,http://irail.be/stations/NMBS/008814001,L,2019-02-09T14:06:00,2019-02-09T14:06:00,11,
http://irail.be/vehicle/L3884,http://irail.be/stations/NMBS/008815040,L,2019-02-09T14:12:00,2019-02-09T14:11:00,5,12
http://irail.be/vehicle/L3884,http://irail.be/stations/NMBS/008812013,L,2019-02-09T14:14:00,2019-02-09T14:14:00,19,-6
http://irail.be/vehicle/L3884,http://irail.be/stations/NMBS/008815016,L,2019-02-09T14:16:00,2019-02-09T14:16:00,61,19
http://irail.be/vehicle/L3884,http://irail.be/stations/NMBS/008812047,L,2019-02-09T14:21:00,2019-02-09T14:20:00,14,19
http://irail.be/vehicle/L3884,http://irail.be/stations/NMBS/008812062,L,2019-02-09T14:25:00,2019-02-09T14:25:00,47,7
http://irail.be/vehicle/L3884,http://irail.be/stations/NMBS/008812070,L,2019-02-09T14:30:00,2019-02-09T14:29:00,57,62
http://irail.be/vehicle/L3884,http://irail.be/stations/NMBS/008812112,L,2019-02-09T14:33:00,2019-02-09T14:33:00,73,42
http://irail.be/vehicle/L3884,http://irail.be/stations/NMBS/008812120,L,2019-02-09T14:37:00,2019-02-09T14:36:00,33,67
http://irail.be/vehicle/L3884,http://irail.be/stations/NMBS/008812146,L,2019-02-09T14:41:00,2019-02-09T14:40:00,-2,27
http://irail.be/vehicle/L3884,http://irail.be/stations/NMBS/008812153,L,2019-02-09T14:45:00,2019-02-09T14:45:00,-44,-77
http://irail.be/vehicle/L3884,http://irail.be/stations/NMBS/008812161,L,2019-02-09T14:48:00,2019-02-09T14:48:00,-42,-59
http://irail.be/vehicle/L3884,http://irail.be/stations/NMBS/008893443,L,2019-02-09T14:51:00,2019-02-09T14:51:00,-14,-42
http://irail.be/vehicle/L3884,http://irail.be/stations/NMBS/008893401,L,2019-02-09T14:53:00,2019-02-09T14:53:00,,-10
http://irail.be/vehicle/L3884,http://irail.be/stations/NMBS/008814001,L,2019-02-05T14:06:00,2019-02-05T14:06:00,36,
http://irail.be/vehicle/L3884,http://irail.be/stations/NMBS/008815040,L,2019-02-05T14:12:00,2019-02-05T14:11:00,25,40
http://irail.be/vehicle/L3884,http://irail.be/stations/NMBS/008812013,L,2019-02-05T14:14:00,2019-02-05T14:14:00,40,10
http://irail.be/vehicle/L3884,http://irail.be/stations/NMBS/008815016,L,2019-02-05T14:16:00,2019-02-05T14:16:00,62,40
http://irail.be/vehicle/L3884,http://irail.be/stations/NMBS/008812047,L,2019-02-05T14:21:00,2019-02-05T14:20:00,15,14
http://irail.be/vehicle/L3884,http://irail.be/stations/NMBS/008812062,L,2019-02-05T14:25:00,2019-02-05T14:25:00,36,7
http://irail.be/vehicle/L3884,http://irail.be/stations/NMBS/008812070,L,2019-02-05T14:30:00,2019-02-05T14:29:00,46,53
http://irail.be/vehicle/L3884,http://irail.be/stations/NMBS/008812112,L,2019-02-05T14:33:00,2019-02-05T14:33:00,59,27
http://irail.be/vehicle/L3884,http://irail.be/stations/NMBS/008812120,L,2019-02-05T14:37:00,2019-02-05T14:36:00,20,60
http://irail.be/vehicle/L3884,http://irail.be/stations/NMBS/008812146,L,2019-02-05T14:41:00,2019-02-05T14:40:00,-5,15
http://irail.be/vehicle/L3884,http://irail.be/stations/NMBS/008812153,L,2019-02-05T14:45:00,2019-02-05T14:45:00,5,-15
http://irail.be/vehicle/L3884,http://irail.be/stations/NMBS/008812161,L,2019-02-05T14:48:00,2019-02-05T14:48:00,10,5
http://irail.be/vehicle/L3884,http://irail.be/stations/NMBS/008893443,L,2019-02-05T14:51:00,2019-02-05T14:51:00,24,10
http://irail.be/vehicle/L3884,http://irail.be/stations/NMBS/008893401,L,2019-02-05T14:53:00,2019-02-05T14:53:00,,34
http://irail.be/vehicle/L3884,http://irail.be/stations/NMBS/008814001,L,2019-03-01T14:06:00,2019-03-01T14:06:00,50,
http://irail.be/vehicle/L3884,http://irail.be/stations/NMBS/008815040,L,2019-03-01T14:12:00,2019-03-01T14:11:00,188,183
http://irail.be/vehicle/L3884,http://irail.be/stations/NMBS/008812013,L,2019-03-01T14:14:00,2019-03-01T14:14:00,213,187
http://irail.be/vehicle/L3884,http://irail.be/stations/NMBS/008815016,L,2019-03-01T14:16:00,2019-03-01T14:16:00,234,213
http://irail.be/vehicle/L3884,http://irail.be/stations/NMBS/008812047,L,2019-03-01T14:21:00,2019-03-01T14:20:00,165,186
http://irail.be/vehicle/L3884,http://irail.be/stations/NMBS/008812062,L,2019-03-01T14:25:00,2019-03-01T14:25:00,167,146
http://irail.be/vehicle/L3884,http://irail.be/stations/NMBS/008812070,L,2019-03-01T14:30:00,2019-03-01T14:29:00,160,176
http://irail.be/vehicle/L3884,http://irail.be/stations/NMBS/008812112,L,2019-03-01T14:33:00,2019-03-01T14:33:00,146,135
http://irail.be/vehicle/L3884,http://irail.be/stations/NMBS/008812120,L,2019-03-01T14:37:00,2019-03-01T14:36:00,100,135
http://irail.be/vehicle/L3884,http://irail.be/stations/NMBS/008812146,L,2019-03-01T14:41:00,2019-03-01T14:40:00,60,87
http://irail.be/vehicle/L3884,http://irail.be/stations/NMBS/008812153,L,2019-03-01T14:45:00,2019-03-01T14:45:00,-15,-15
http://irail.be/vehicle/L3884,http://irail.be/stations/NMBS/008812161,L,2019-03-01T14:48:00,2019-03-01T14:48:00,-29,-42
http://irail.be/vehicle/L3884,http://irail.be/stations/NMBS/008893443,L,2019-03-01T14:51:00,2019-03-01T14:51:00,-9,-29
http://irail.be/vehicle/L3884,http://irail.be/stations/NMBS/008893401,L,2019-03-01T14:53:00,2019-03-01T14:53:00,,-3
http://irail.be/vehicle/L3884,http://irail.be/stations/NMBS/008814001,L,2019-01-29T14:06:00,2019-01-29T14:06:00,23,
http://irail.be/vehicle/L3884,http://irail.be/stations/NMBS/008815040,L,2019-01-29T14:12:00,2019-01-29T14:11:00,33,44
http://irail.be/vehicle/L3884,http://irail.be/stations/NMBS/008812013,L,2019-01-29T14:14:00,2019-01-29T14:14:00,40,16
http://irail.be/vehicle/L3884,http://irail.be/stations/NMBS/008815016,L,2019-01-29T14:16:00,2019-01-29T14:16:00,68,40
http://irail.be/vehicle/L3884,http://irail.be/stations/NMBS/008812047,L,2019-01-29T14:21:00,2019-01-29T14:20:00,38,41
http://irail.be/vehicle/L3884,http://irail.be/stations/NMBS/008812062,L,2019-01-29T14:25:00,2019-01-29T14:25:00,40,16
http://irail.be/vehicle/L3884,http://irail.be/stations/NMBS/008812070,L,2019-01-29T14:30:00,2019-01-29T14:29:00,62,48
http://irail.be/vehicle/L3884,http://irail.be/stations/NMBS/008812112,L,2019-01-29T14:33:00,2019-01-29T14:33:00,42,34
http://irail.be/vehicle/L3884,http://irail.be/stations/NMBS/008812120,L,2019-01-29T14:37:00,2019-01-29T14:36:00,11,36
http://irail.be/vehicle/L3884,http://irail.be/stations/NMBS/008812146,L,2019-01-29T14:41:00,2019-01-29T14:40:00,23,33
http://irail.be/vehicle/L3884,http://irail.be/stations/NMBS/008812153,L,2019-01-29T14:45:00,2019-01-29T14:45:00,-8,-24
http://irail.be/vehicle/L3884,http://irail.be/stations/NMBS/008812161,L,2019-01-29T14:48:00,2019-01-29T14:48:00,4,-18
http://irail.be/vehicle/L3884,http://irail.be/stations/NMBS/008893443,L,2019-01-29T14:51:00,2019-01-29T14:51:00,21,4
http://irail.be/vehicle/L3884,http://irail.be/stations/NMBS/008893401,L,2019-01-29T14:53:00,2019-01-29T14:53:00,,24
http://irail.be/vehicle/L3884,http://irail.be/stations/NMBS/008814001,L,2019-02-04T14:06:00,2019-02-04T14:06:00,176,
http://irail.be/vehicle/L3884,http://irail.be/stations/NMBS/008815040,L,2019-02-04T14:12:00,2019-02-04T14:11:00,165,182
http://irail.be/vehicle/L3884,http://irail.be/stations/NMBS/008812013,L,2019-02-04T14:14:00,2019-02-04T14:14:00,183,152
http://irail.be/vehicle/L3884,http://irail.be/stations/NMBS/008815016,L,2019-02-04T14:16:00,2019-02-04T14:16:00,222,183
http://irail.be/vehicle/L3884,http://irail.be/stations/NMBS/008812047,L,2019-02-04T14:21:00,2019-02-04T14:20:00,187,187
http://irail.be/vehicle/L3884,http://irail.be/stations/NMBS/008812062,L,2019-02-04T14:25:00,2019-02-04T14:25:00,203,172
http://irail.be/vehicle/L3884,http://irail.be/stations/NMBS/008812070,L,2019-02-04T14:30:00,2019-02-04T14:29:00,206,212
http://irail.be/vehicle/L3884,http://irail.be/stations/NMBS/008812112,L,2019-02-04T14:33:00,2019-02-04T14:33:00,197,178
http://irail.be/vehicle/L3884,http://irail.be/stations/NMBS/008812120,L,2019-02-04T14:37:00,2019-02-04T14:36:00,154,189
http://irail.be/vehicle/L3884,http://irail.be/stations/NMBS/008812146,L,2019-02-04T14:41:00,2019-02-04T14:40:00,117,140
http://irail.be/vehicle/L3884,http://irail.be/stations/NMBS/008812153,L,2019-02-04T14:45:00,2019-02-04T14:45:00,39,39
http://irail.be/vehicle/L3884,http://irail.be/stations/NMBS/008812161,L,2019-02-04T14:48:00,2019-02-04T14:48:00,12,10
http://irail.be/vehicle/L3884,http://irail.be/stations/NMBS/008893443,L,2019-02-04T14:51:00,2019-02-04T14:51:00,30,12
http://irail.be/vehicle/L3884,http://irail.be/stations/NMBS/008893401,L,2019-02-04T14:53:00,2019-02-04T14:53:00,,32
http://irail.be/vehicle/L3884,http://irail.be/stations/NMBS/008814001,L,2019-05-03T14:06:00,2019-05-03T14:06:00,19,
http://irail.be/vehicle/L3884,http://irail.be/stations/NMBS/008815040,L,2019-05-03T14:12:00,2019-05-03T14:11:00,-11,6
http://irail.be/vehicle/L3884,http://irail.be/stations/NMBS/008812013,L,2019-05-03T14:14:00,2019-05-03T14:14:00,1,-24
http://irail.be/vehicle/L3884,http://irail.be/stations/NMBS/008815016,L,2019-05-03T14:16:00,2019-05-03T14:16:00,31,1
http://irail.be/vehicle/L3884,http://irail.be/stations/NMBS/008812047,L,2019-05-03T14:21:00,2019-05-03T14:20:00,-15,-20
http://irail.be/vehicle/L3884,http://irail.be/stations/NMBS/008812062,L,2019-05-03T14:25:00,2019-05-03T14:25:00,-2,-23
http://irail.be/vehicle/L3884,http://irail.be/stations/NMBS/008812070,L,2019-05-03T14:30:00,2019-05-03T14:29:00,22,17
http://irail.be/vehicle/L3884,http://irail.be/stations/NMBS/008812112,L,2019-05-03T14:33:00,2019-05-03T14:33:00,45,9
http://irail.be/vehicle/L3884,http://irail.be/stations/NMBS/008812120,L,2019-05-03T14:37:00,2019-05-03T14:36:00,11,36
http://irail.be/vehicle/L3884,http://irail.be/stations/NMBS/008812146,L,2019-05-03T14:41:00,2019-05-03T14:40:00,17,18
http://irail.be/vehicle/L3884,http://irail.be/stations/NMBS/008812153,L,2019-05-03T14:45:00,2019-05-03T14:45:00,-47,-54
http://irail.be/vehicle/L3884,http://irail.be/stations/NMBS/008812161,L,2019-05-03T14:48:00,2019-05-03T14:48:00,-56,-70
http://irail.be/vehicle/L3884,http://irail.be/stations/NMBS/008893443,L,2019-05-03T14:51:00,2019-05-03T14:51:00,-30,-56
http://irail.be/vehicle/L3884,http://irail.be/stations/NMBS/008893401,L,2019-05-03T14:53:00,2019-05-03T14:53:00,,-26
http://irail.be/vehicle/L3884,http://irail.be/stations/NMBS/008814001,L,2019-01-08T14:06:00,2019-01-08T14:06:00,38,
http://irail.be/vehicle/L3884,http://irail.be/stations/NMBS/008815040,L,2019-01-08T14:12:00,2019-01-08T14:11:00,4,29
http://irail.be/vehicle/L3884,http://irail.be/stations/NMBS/008812013,L,2019-01-08T14:14:00,2019-01-08T14:14:00,14,-11
http://irail.be/vehicle/L3884,http://irail.be/stations/NMBS/008815016,L,2019-01-08T14:16:00,2019-01-08T14:16:00,41,14
http://irail.be/vehicle/L3884,http://irail.be/stations/NMBS/008812047,L,2019-01-08T14:21:00,2019-01-08T14:20:00,5,-8
http://irail.be/vehicle/L3884,http://irail.be/stations/NMBS/008812062,L,2019-01-08T14:25:00,2019-01-08T14:25:00,25,-9
http://irail.be/vehicle/L3884,http://irail.be/stations/NMBS/008812070,L,2019-01-08T14:30:00,2019-01-08T14:29:00,36,42
http://irail.be/vehicle/L3884,http://irail.be/stations/NMBS/008812112,L,2019-01-08T14:33:00,2019-01-08T14:33:00,49,24
http://irail.be/vehicle/L3884,http://irail.be/stations/NMBS/008812120,L,2019-01-08T14:37:00,2019-01-08T14:36:00,14,43
http://irail.be/vehicle/L3884,http://irail.be/stations/NMBS/008812146,L,2019-01-08T14:41:00,2019-01-08T14:40:00,3,9
http://irail.be/vehicle/L3884,http://irail.be/stations/NMBS/008812153,L,2019-01-08T14:45:00,2019-01-08T14:45:00,-49,-51
http://irail.be/vehicle/L3884,http://irail.be/stations/NMBS/008812161,L,2019-01-08T14:48:00,2019-01-08T14:48:00,-55,-64
http://irail.be/vehicle/L3884,http://irail.be/stations/NMBS/008893443,L,2019-01-08T14:51:00,2019-01-08T14:51:00,-32,-55
http://irail.be/vehicle/L3884,http://irail.be/stations/NMBS/008893401,L,2019-01-08T14:53:00,2019-01-08T14:53:00,,-27
http://irail.be/vehicle/L3884,http://irail.be/stations/NMBS/008814001,L,2019-04-23T14:06:00,2019-04-23T14:06:00,16,
http://irail.be/vehicle/L3884,http://irail.be/stations/NMBS/008815040,L,2019-04-23T14:12:00,2019-04-23T14:11:00,7,19
http://irail.be/vehicle/L3884,http://irail.be/stations/NMBS/008812013,L,2019-04-23T14:14:00,2019-04-23T14:14:00,55,-5
http://irail.be/vehicle/L3884,http://irail.be/stations/NMBS/008815016,L,2019-04-23T14:16:00,2019-04-23T14:16:00,720,55
http://irail.be/vehicle/L3884,http://irail.be/stations/NMBS/008812047,L,2019-04-23T14:21:00,2019-04-23T14:20:00,672,676
http://irail.be/vehicle/L3884,http://irail.be/stations/NMBS/008812062,L,2019-04-23T14:25:00,2019-04-23T14:25:00,672,654
http://irail.be/vehicle/L3884,http://irail.be/stations/NMBS/008812070,L,2019-04-23T14:30:00,2019-04-23T14:29:00,666,679
http://irail.be/vehicle/L3884,http://irail.be/stations/NMBS/008812112,L,2019-04-23T14:33:00,2019-04-23T14:33:00,658,644
http://irail.be/vehicle/L3884,http://irail.be/stations/NMBS/008812120,L,2019-04-23T14:37:00,2019-04-23T14:36:00,611,651
http://irail.be/vehicle/L3884,http://irail.be/stations/NMBS/008812146,L,2019-04-23T14:41:00,2019-04-23T14:40:00,604,617
http://irail.be/vehicle/L3884,http://irail.be/stations/NMBS/008812153,L,2019-04-23T14:45:00,2019-04-23T14:45:00,540,540
http://irail.be/vehicle/L3884,http://irail.be/stations/NMBS/008812161,L,2019-04-23T14:48:00,2019-04-23T14:48:00,514,514
http://irail.be/vehicle/L3884,http://irail.be/stations/NMBS/008893443,L,2019-04-23T14:51:00,2019-04-23T14:51:00,520,510
http://irail.be/vehicle/L3884,http://irail.be/stations/NMBS/008893401,L,2019-04-23T14:53:00,2019-04-23T14:53:00,,523
http://irail.be/vehicle/L3884,http://irail.be/stations/NMBS/008814001,L,2019-02-24T14:06:00,2019-02-24T14:06:00,672,
http://irail.be/vehicle/L3884,http://irail.be/stations/NMBS/008813037,L,2019-02-24T14:08:00,2019-02-24T14:08:00,784,784
http://irail.be/vehicle/L3884,http://irail.be/stations/NMBS/008813003,L,2019-02-24T14:10:00,2019-02-24T14:09:00,966,959
http://irail.be/vehicle/L3884,http://irail.be/stations/NMBS/008813045,L,2019-02-24T14:12:00,2019-02-24T14:12:00,951,951
http://irail.be/vehicle/L3884,http://irail.be/stations/NMBS/008812005,L,2019-02-24T14:15:00,2019-02-24T14:14:00,977,947
http://irail.be/vehicle/L3884,http://irail.be/stations/NMBS/008812021,L,2019-02-24T14:19:00,2019-02-24T14:19:00,975,947
http://irail.be/vehicle/L3884,http://irail.be/stations/NMBS/008812047,L,2019-02-24T14:23:00,2019-02-24T14:22:00,899,951
http://irail.be/vehicle/L3884,http://irail.be/stations/NMBS/008812062,L,2019-02-24T14:27:00,2019-02-24T14:27:00,916,870
http://irail.be/vehicle/L3884,http://irail.be/stations/NMBS/008812070,L,2019-02-24T14:32:00,2019-02-24T14:31:00,891,920
http://irail.be/vehicle/L3884,http://irail.be/stations/NMBS/008812112,L,2019-02-24T14:35:00,2019-02-24T14:35:00,876,864
http://irail.be/vehicle/L3884,http://irail.be/stations/NMBS/008812120,L,2019-02-24T14:39:00,2019-02-24T14:38:00,824,867
http://irail.be/vehicle/L3884,http://irail.be/stations/NMBS/008812146,L,2019-02-24T14:43:00,2019-02-24T14:42:00,765,809
http://irail.be/vehicle/L3884,http://irail.be/stations/NMBS/008812153,L,2019-02-24T14:47:00,2019-02-24T14:47:00,682,682
http://irail.be/vehicle/L3884,http://irail.be/stations/NMBS/008812161,L,2019-02-24T14:50:00,2019-02-24T14:50:00,655,646
http://irail.be/vehicle/L3884,http://irail.be/stations/NMBS/008893443,L,2019-02-24T14:53:00,2019-02-24T14:53:00,667,655
http://irail.be/vehicle/L3884,http://irail.be/stations/NMBS/008893401,L,2019-02-24T14:55:00,2019-02-24T14:55:00,,677
http://irail.be/vehicle/L3884,http://irail.be/stations/NMBS/008814001,L,2019-02-17T14:06:00,2019-02-17T14:06:00,266,
http://irail.be/vehicle/L3884,http://irail.be/stations/NMBS/008815040,L,2019-02-17T14:12:00,2019-02-17T14:11:00,265,285
http://irail.be/vehicle/L3884,http://irail.be/stations/NMBS/008812013,L,2019-02-17T14:14:00,2019-02-17T14:14:00,296,260
http://irail.be/vehicle/L3884,http://irail.be/stations/NMBS/008815016,L,2019-02-17T14:16:00,2019-02-17T14:16:00,350,296
http://irail.be/vehicle/L3884,http://irail.be/stations/NMBS/008812047,L,2019-02-17T14:21:00,2019-02-17T14:20:00,315,313
http://irail.be/vehicle/L3884,http://irail.be/stations/NMBS/008812062,L,2019-02-17T14:25:00,2019-02-17T14:25:00,325,306
http://irail.be/vehicle/L3884,http://irail.be/stations/NMBS/008812070,L,2019-02-17T14:30:00,2019-02-17T14:29:00,334,346
http://irail.be/vehicle/L3884,http://irail.be/stations/NMBS/008812112,L,2019-02-17T14:33:00,2019-02-17T14:33:00,367,321
http://irail.be/vehicle/L3884,http://irail.be/stations/NMBS/008812120,L,2019-02-17T14:37:00,2019-02-17T14:36:00,335,363
http://irail.be/vehicle/L3884,http://irail.be/stations/NMBS/008812146,L,2019-02-17T14:41:00,2019-02-17T14:40:00,299,321
http://irail.be/vehicle/L3884,http://irail.be/stations/NMBS/008812153,L,2019-02-17T14:45:00,2019-02-17T14:45:00,246,230
http://irail.be/vehicle/L3884,http://irail.be/stations/NMBS/008812161,L,2019-02-17T14:48:00,2019-02-17T14:48:00,245,230
http://irail.be/vehicle/L3884,http://irail.be/stations/NMBS/008893443,L,2019-02-17T14:51:00,2019-02-17T14:51:00,259,245
http://irail.be/vehicle/L3884,http://irail.be/stations/NMBS/008893401,L,2019-02-17T14:53:00,2019-02-17T14:53:00,,267
http://irail.be/vehicle/L3884,http://irail.be/stations/NMBS/008814001,L,2019-01-26T14:06:00,2019-01-26T14:06:00,267,
http://irail.be/vehicle/L3884,http://irail.be/stations/NMBS/008815040,L,2019-01-26T14:12:00,2019-01-26T14:11:00,239,257
http://irail.be/vehicle/L3884,http://irail.be/stations/NMBS/008812013,L,2019-01-26T14:14:00,2019-01-26T14:14:00,253,221
http://irail.be/vehicle/L3884,http://irail.be/stations/NMBS/008815016,L,2019-01-26T14:16:00,2019-01-26T14:16:00,298,253
http://irail.be/vehicle/L3884,http://irail.be/stations/NMBS/008812047,L,2019-01-26T14:21:00,2019-01-26T14:20:00,237,245
http://irail.be/vehicle/L3884,http://irail.be/stations/NMBS/008812062,L,2019-01-26T14:25:00,2019-01-26T14:25:00,241,215
http://irail.be/vehicle/L3884,http://irail.be/stations/NMBS/008812070,L,2019-01-26T14:30:00,2019-01-26T14:29:00,243,248
http://irail.be/vehicle/L3884,http://irail.be/stations/NMBS/008812112,L,2019-01-26T14:33:00,2019-01-26T14:33:00,228,213
http://irail.be/vehicle/L3884,http://irail.be/stations/NMBS/008812120,L,2019-01-26T14:37:00,2019-01-26T14:36:00,186,216
http://irail.be/vehicle/L3884,http://irail.be/stations/NMBS/008812146,L,2019-01-26T14:41:00,2019-01-26T14:40:00,137,167
http://irail.be/vehicle/L3884,http://irail.be/stations/NMBS/008812153,L,2019-01-26T14:45:00,2019-01-26T14:45:00,50,50
http://irail.be/vehicle/L3884,http://irail.be/stations/NMBS/008812161,L,2019-01-26T14:48:00,2019-01-26T14:48:00,15,4
http://irail.be/vehicle/L3884,http://irail.be/stations/NMBS/008893443,L,2019-01-26T14:51:00,2019-01-26T14:51:00,36,15
http://irail.be/vehicle/L3884,http://irail.be/stations/NMBS/008893401,L,2019-01-26T14:53:00,2019-01-26T14:53:00,,44
http://irail.be/vehicle/L3884,http://irail.be/stations/NMBS/008814001,L,2019-01-10T14:06:00,2019-01-10T14:06:00,67,
http://irail.be/vehicle/L3884,http://irail.be/stations/NMBS/008815040,L,2019-01-10T14:12:00,2019-01-10T14:11:00,89,102
http://irail.be/vehicle/L3884,http://irail.be/stations/NMBS/008812013,L,2019-01-10T14:14:00,2019-01-10T14:14:00,107,78
http://irail.be/vehicle/L3884,http://irail.be/stations/NMBS/008815016,L,2019-01-10T14:16:00,2019-01-10T14:16:00,133,107
http://irail.be/vehicle/L3884,http://irail.be/stations/NMBS/008812047,L,2019-01-10T14:21:00,2019-01-10T14:20:00,98,93
http://irail.be/vehicle/L3884,http://irail.be/stations/NMBS/008812062,L,2019-01-10T14:25:00,2019-01-10T14:25:00,117,94
http://irail.be/vehicle/L3884,http://irail.be/stations/NMBS/008812070,L,2019-01-10T14:30:00,2019-01-10T14:29:00,142,151
http://irail.be/vehicle/L3884,http://irail.be/stations/NMBS/008812112,L,2019-01-10T14:33:00,2019-01-10T14:33:00,137,119
http://irail.be/vehicle/L3884,http://irail.be/stations/NMBS/008812120,L,2019-01-10T14:37:00,2019-01-10T14:36:00,94,130
http://irail.be/vehicle/L3884,http://irail.be/stations/NMBS/008812146,L,2019-01-10T14:41:00,2019-01-10T14:40:00,50,83
http://irail.be/vehicle/L3884,http://irail.be/stations/NMBS/008812153,L,2019-01-10T14:45:00,2019-01-10T14:45:00,-26,-26
http://irail.be/vehicle/L3884,http://irail.be/stations/NMBS/008812161,L,2019-01-10T14:48:00,2019-01-10T14:48:00,-53,-55
http://irail.be/vehicle/L3884,http://irail.be/stations/NMBS/008893443,L,2019-01-10T14:51:00,2019-01-10T14:51:00,-32,-53
http://irail.be/vehicle/L3884,http://irail.be/stations/NMBS/008893401,L,2019-01-10T14:53:00,2019-01-10T14:53:00,,-15
http://irail.be/vehicle/L3884,http://irail.be/stations/NMBS/008814001,L,2019-04-07T14:06:00,2019-04-07T14:06:00,41,
http://irail.be/vehicle/L3884,http://irail.be/stations/NMBS/008815040,L,2019-04-07T14:12:00,2019-04-07T14:11:00,0,36
http://irail.be/vehicle/L3884,http://irail.be/stations/NMBS/008812013,L,2019-04-07T14:14:00,2019-04-07T14:14:00,-2,-18
http://irail.be/vehicle/L3884,http://irail.be/stations/NMBS/008815016,L,2019-04-07T14:16:00,2019-04-07T14:16:00,16,-2
http://irail.be/vehicle/L3884,http://irail.be/stations/NMBS/008812047,L,2019-04-07T14:21:00,2019-04-07T14:20:00,4,-37
http://irail.be/vehicle/L3884,http://irail.be/stations/NMBS/008812062,L,2019-04-07T14:25:00,2019-04-07T14:25:00,2,-11
http://irail.be/vehicle/L3884,http://irail.be/stations/NMBS/008812070,L,2019-04-07T14:30:00,2019-04-07T14:29:00,-14,5
http://irail.be/vehicle/L3884,http://irail.be/stations/NMBS/008812112,L,2019-04-07T14:33:00,2019-04-07T14:33:00,-8,-35
http://irail.be/vehicle/L3884,http://irail.be/stations/NMBS/008812120,L,2019-04-07T14:37:00,2019-04-07T14:36:00,-6,-16
http://irail.be/vehicle/L3884,http://irail.be/stations/NMBS/008812146,L,2019-04-07T14:41:00,2019-04-07T14:40:00,-5,-17
http://irail.be/vehicle/L3884,http://irail.be/stations/NMBS/008812153,L,2019-04-07T14:45:00,2019-04-07T14:45:00,-74,-78
http://irail.be/vehicle/L3884,http://irail.be/stations/NMBS/008812161,L,2019-04-07T14:48:00,2019-04-07T14:48:00,-83,-90
http://irail.be/vehicle/L3884,http://irail.be/stations/NMBS/008893443,L,2019-04-07T14:51:00,2019-04-07T14:51:00,-72,-83
http://irail.be/vehicle/L3884,http://irail.be/stations/NMBS/008893401,L,2019-04-07T14:53:00,2019-04-07T14:53:00,,-76
http://irail.be/vehicle/L3884,http://irail.be/stations/NMBS/008814001,L,2019-04-01T14:06:00,2019-04-01T14:06:00,65,
http://irail.be/vehicle/L3884,http://irail.be/stations/NMBS/008815040,L,2019-04-01T14:12:00,2019-04-01T14:11:00,34,59
http://irail.be/vehicle/L3884,http://irail.be/stations/NMBS/008812013,L,2019-04-01T14:14:00,2019-04-01T14:14:00,26,18
http://irail.be/vehicle/L3884,http://irail.be/stations/NMBS/008815016,L,2019-04-01T14:16:00,2019-04-01T14:16:00,44,26
http://irail.be/vehicle/L3884,http://irail.be/stations/NMBS/008812047,L,2019-04-01T14:21:00,2019-04-01T14:20:00,-9,-3
http://irail.be/vehicle/L3884,http://irail.be/stations/NMBS/008812062,L,2019-04-01T14:25:00,2019-04-01T14:25:00,-3,-20
http://irail.be/vehicle/L3884,http://irail.be/stations/NMBS/008812070,L,2019-04-01T14:30:00,2019-04-01T14:29:00,7,14
http://irail.be/vehicle/L3884,http://irail.be/stations/NMBS/008812112,L,2019-04-01T14:33:00,2019-04-01T14:33:00,4,-14
http://irail.be/vehicle/L3884,http://irail.be/stations/NMBS/008812120,L,2019-04-01T14:37:00,2019-04-01T14:36:00,-7,-6
http://irail.be/vehicle/L3884,http://irail.be/stations/NMBS/008812146,L,2019-04-01T14:41:00,2019-04-01T14:40:00,-39,-17
http://irail.be/vehicle/L3884,http://irail.be/stations/NMBS/008812153,L,2019-04-01T14:45:00,2019-04-01T14:45:00,-119,-119
http://irail.be/vehicle/L3884,http://irail.be/stations/NMBS/008812161,L,2019-04-01T14:48:00,2019-04-01T14:48:00,-71,-144
http://irail.be/vehicle/L3884,http://irail.be/stations/NMBS/008893443,L,2019-04-01T14:51:00,2019-04-01T14:51:00,-48,-71
http://irail.be/vehicle/L3884,http://irail.be/stations/NMBS/008893401,L,2019-04-01T14:53:00,2019-04-01T14:53:00,,-37
http://irail.be/vehicle/L3884,http://irail.be/stations/NMBS/008814001,L,2019-05-16T14:06:00,2019-05-16T14:06:00,44,
http://irail.be/vehicle/L3884,http://irail.be/stations/NMBS/008815040,L,2019-05-16T14:12:00,2019-05-16T14:11:00,78,105
http://irail.be/vehicle/L3884,http://irail.be/stations/NMBS/008812013,L,2019-05-16T14:14:00,2019-05-16T14:14:00,82,63
http://irail.be/vehicle/L3884,http://irail.be/stations/NMBS/008815016,L,2019-05-16T14:16:00,2019-05-16T14:16:00,114,82
http://irail.be/vehicle/L3884,http://irail.be/stations/NMBS/008812047,L,2019-05-16T14:21:00,2019-05-16T14:20:00,71,70
http://irail.be/vehicle/L3884,http://irail.be/stations/NMBS/008812062,L,2019-05-16T14:25:00,2019-05-16T14:25:00,68,53
http://irail.be/vehicle/L3884,http://irail.be/stations/NMBS/008812070,L,2019-05-16T14:30:00,2019-05-16T14:29:00,82,84
http://irail.be/vehicle/L3884,http://irail.be/stations/NMBS/008812112,L,2019-05-16T14:33:00,2019-05-16T14:33:00,97,63
http://irail.be/vehicle/L3884,http://irail.be/stations/NMBS/008812120,L,2019-05-16T14:37:00,2019-05-16T14:36:00,44,86
http://irail.be/vehicle/L3884,http://irail.be/stations/NMBS/008812146,L,2019-05-16T14:41:00,2019-05-16T14:40:00,58,46
http://irail.be/vehicle/L3884,http://irail.be/stations/NMBS/008812153,L,2019-05-16T14:45:00,2019-05-16T14:45:00,6,-26
http://irail.be/vehicle/L3884,http://irail.be/stations/NMBS/008812161,L,2019-05-16T14:48:00,2019-05-16T14:48:00,-4,-15
http://irail.be/vehicle/L3884,http://irail.be/stations/NMBS/008893443,L,2019-05-16T14:51:00,2019-05-16T14:51:00,10,-4
http://irail.be/vehicle/L3884,http://irail.be/stations/NMBS/008893401,L,2019-05-16T14:53:00,2019-05-16T14:53:00,,20
http://irail.be/vehicle/L3884,http://irail.be/stations/NMBS/008814001,L,2019-03-17T14:06:00,2019-03-17T14:06:00,19,
http://irail.be/vehicle/L3884,http://irail.be/stations/NMBS/008815040,L,2019-03-17T14:12:00,2019-03-17T14:11:00,19,33
http://irail.be/vehicle/L3884,http://irail.be/stations/NMBS/008812013,L,2019-03-17T14:14:00,2019-03-17T14:14:00,49,8
http://irail.be/vehicle/L3884,http://irail.be/stations/NMBS/008815016,L,2019-03-17T14:16:00,2019-03-17T14:16:00,88,49
http://irail.be/vehicle/L3884,http://irail.be/stations/NMBS/008812047,L,2019-03-17T14:21:00,2019-03-17T14:20:00,33,36
http://irail.be/vehicle/L3884,http://irail.be/stations/NMBS/008812062,L,2019-03-17T14:25:00,2019-03-17T14:25:00,51,20
http://irail.be/vehicle/L3884,http://irail.be/stations/NMBS/008812070,L,2019-03-17T14:30:00,2019-03-17T14:29:00,71,71
http://irail.be/vehicle/L3884,http://irail.be/stations/NMBS/008812112,L,2019-03-17T14:33:00,2019-03-17T14:33:00,72,51
http://irail.be/vehicle/L3884,http://irail.be/stations/NMBS/008812120,L,2019-03-17T14:37:00,2019-03-17T14:36:00,25,65
http://irail.be/vehicle/L3884,http://irail.be/stations/NMBS/008812146,L,2019-03-17T14:41:00,2019-03-17T14:40:00,11,18
http://irail.be/vehicle/L3884,http://irail.be/stations/NMBS/008812153,L,2019-03-17T14:45:00,2019-03-17T14:45:00,-50,-57
http://irail.be/vehicle/L3884,http://irail.be/stations/NMBS/008812161,L,2019-03-17T14:48:00,2019-03-17T14:48:00,-62,-74
http://irail.be/vehicle/L3884,http://irail.be/stations/NMBS/008893443,L,2019-03-17T14:51:00,2019-03-17T14:51:00,-48,-62
http://irail.be/vehicle/L3884,http://irail.be/stations/NMBS/008893401,L,2019-03-17T14:53:00,2019-03-17T14:53:00,,-42
http://irail.be/vehicle/L3884,http://irail.be/stations/NMBS/008814001,L,2019-06-09T14:06:00,2019-06-09T14:06:00,180,
http://irail.be/vehicle/L3884,http://irail.be/stations/NMBS/008815040,L,2019-06-09T14:12:00,2019-06-09T14:11:00,130,167
http://irail.be/vehicle/L3884,http://irail.be/stations/NMBS/008812013,L,2019-06-09T14:14:00,2019-06-09T14:14:00,144,117
http://irail.be/vehicle/L3884,http://irail.be/stations/NMBS/008815016,L,2019-06-09T14:16:00,2019-06-09T14:16:00,173,144
http://irail.be/vehicle/L3884,http://irail.be/stations/NMBS/008812047,L,2019-06-09T14:20:00,2019-06-09T14:20:00,,121
http://irail.be/vehicle/L3884,http://irail.be/stations/NMBS/008814001,L,2019-04-18T14:06:00,2019-04-18T14:06:00,24,
http://irail.be/vehicle/L3884,http://irail.be/stations/NMBS/008815040,L,2019-04-18T14:12:00,2019-04-18T14:11:00,40,59
http://irail.be/vehicle/L3884,http://irail.be/stations/NMBS/008812013,L,2019-04-18T14:14:00,2019-04-18T14:14:00,52,24
http://irail.be/vehicle/L3884,http://irail.be/stations/NMBS/008815016,L,2019-04-18T14:16:00,2019-04-18T14:16:00,92,52
http://irail.be/vehicle/L3884,http://irail.be/stations/NMBS/008812047,L,2019-04-18T14:21:00,2019-04-18T14:20:00,28,35
http://irail.be/vehicle/L3884,http://irail.be/stations/NMBS/008812062,L,2019-04-18T14:25:00,2019-04-18T14:25:00,43,17
http://irail.be/vehicle/L3884,http://irail.be/stations/NMBS/008812070,L,2019-04-18T14:30:00,2019-04-18T14:29:00,67,57
http://irail.be/vehicle/L3884,http://irail.be/stations/NMBS/008812112,L,2019-04-18T14:33:00,2019-04-18T14:33:00,66,47
http://irail.be/vehicle/L3884,http://irail.be/stations/NMBS/008812120,L,2019-04-18T14:37:00,2019-04-18T14:36:00,31,58
http://irail.be/vehicle/L3884,http://irail.be/stations/NMBS/008812146,L,2019-04-18T14:41:00,2019-04-18T14:40:00,37,30
http://irail.be/vehicle/L3884,http://irail.be/stations/NMBS/008812153,L,2019-04-18T14:45:00,2019-04-18T14:45:00,-21,-21
http://irail.be/vehicle/L3884,http://irail.be/stations/NMBS/008812161,L,2019-04-18T14:48:00,2019-04-18T14:48:00,-31,-43
http://irail.be/vehicle/L3884,http://irail.be/stations/NMBS/008893443,L,2019-04-18T14:51:00,2019-04-18T14:51:00,-18,-31
http://irail.be/vehicle/L3884,http://irail.be/stations/NMBS/008893401,L,2019-04-18T14:53:00,2019-04-18T14:53:00,,-17
http://irail.be/vehicle/L3884,http://irail.be/stations/NMBS/008814001,L,2019-03-11T14:06:00,2019-03-11T14:06:00,20,
http://irail.be/vehicle/L3884,http://irail.be/stations/NMBS/008815040,L,2019-03-11T14:12:00,2019-03-11T14:11:00,23,31
http://irail.be/vehicle/L3884,http://irail.be/stations/NMBS/008812013,L,2019-03-11T14:14:00,2019-03-11T14:14:00,38,8
http://irail.be/vehicle/L3884,http://irail.be/stations/NMBS/008815016,L,2019-03-11T14:16:00,2019-03-11T14:16:00,82,38
http://irail.be/vehicle/L3884,http://irail.be/stations/NMBS/008812047,L,2019-03-11T14:21:00,2019-03-11T14:20:00,53,46
http://irail.be/vehicle/L3884,http://irail.be/stations/NMBS/008812062,L,2019-03-11T14:25:00,2019-03-11T14:25:00,89,37
http://irail.be/vehicle/L3884,http://irail.be/stations/NMBS/008812070,L,2019-03-11T14:30:00,2019-03-11T14:29:00,106,106
http://irail.be/vehicle/L3884,http://irail.be/stations/NMBS/008812112,L,2019-03-11T14:33:00,2019-03-11T14:33:00,139,86
http://irail.be/vehicle/L3884,http://irail.be/stations/NMBS/008812120,L,2019-03-11T14:37:00,2019-03-11T14:36:00,116,135
http://irail.be/vehicle/L3884,http://irail.be/stations/NMBS/008812146,L,2019-03-11T14:41:00,2019-03-11T14:40:00,101,108
http://irail.be/vehicle/L3884,http://irail.be/stations/NMBS/008812153,L,2019-03-11T14:45:00,2019-03-11T14:45:00,28,23
http://irail.be/vehicle/L3884,http://irail.be/stations/NMBS/008812161,L,2019-03-11T14:48:00,2019-03-11T14:48:00,23,12
http://irail.be/vehicle/L3884,http://irail.be/stations/NMBS/008893443,L,2019-03-11T14:51:00,2019-03-11T14:51:00,51,23
http://irail.be/vehicle/L3884,http://irail.be/stations/NMBS/008893401,L,2019-03-11T14:53:00,2019-03-11T14:53:00,,114
http://irail.be/vehicle/L3884,http://irail.be/stations/NMBS/008814001,L,2019-05-21T14:06:00,2019-05-21T14:06:00,78,
http://irail.be/vehicle/L3884,http://irail.be/stations/NMBS/008815040,L,2019-05-21T14:12:00,2019-05-21T14:11:00,66,79
http://irail.be/vehicle/L3884,http://irail.be/stations/NMBS/008812013,L,2019-05-21T14:14:00,2019-05-21T14:14:00,81,50
http://irail.be/vehicle/L3884,http://irail.be/stations/NMBS/008815016,L,2019-05-21T14:16:00,2019-05-21T14:16:00,98,81
http://irail.be/vehicle/L3884,http://irail.be/stations/NMBS/008812047,L,2019-05-21T14:21:00,2019-05-21T14:20:00,44,54
http://irail.be/vehicle/L3884,http://irail.be/stations/NMBS/008812062,L,2019-05-21T14:25:00,2019-05-21T14:25:00,45,24
http://irail.be/vehicle/L3884,http://irail.be/stations/NMBS/008812070,L,2019-05-21T14:30:00,2019-05-21T14:29:00,43,55
http://irail.be/vehicle/L3884,http://irail.be/stations/NMBS/008812112,L,2019-05-21T14:33:00,2019-05-21T14:33:00,48,39
http://irail.be/vehicle/L3884,http://irail.be/stations/NMBS/008812120,L,2019-05-21T14:37:00,2019-05-21T14:36:00,10,35
http://irail.be/vehicle/L3884,http://irail.be/stations/NMBS/008812146,L,2019-05-21T14:41:00,2019-05-21T14:40:00,4,14
http://irail.be/vehicle/L3884,http://irail.be/stations/NMBS/008812153,L,2019-05-21T14:45:00,2019-05-21T14:45:00,-37,-79
http://irail.be/vehicle/L3884,http://irail.be/stations/NMBS/008812161,L,2019-05-21T14:48:00,2019-05-21T14:48:00,-36,-54
http://irail.be/vehicle/L3884,http://irail.be/stations/NMBS/008893443,L,2019-05-21T14:51:00,2019-05-21T14:51:00,-13,-36
http://irail.be/vehicle/L3884,http://irail.be/stations/NMBS/008893401,L,2019-05-21T14:53:00,2019-05-21T14:53:00,,-13
http://irail.be/vehicle/L3884,http://irail.be/stations/NMBS/008814001,L,2019-03-29T14:06:00,2019-03-29T14:06:00,45,
http://irail.be/vehicle/L3884,http://irail.be/stations/NMBS/008815040,L,2019-03-29T14:12:00,2019-03-29T14:11:00,41,62
http://irail.be/vehicle/L3884,http://irail.be/stations/NMBS/008812013,L,2019-03-29T14:14:00,2019-03-29T14:14:00,51,27
http://irail.be/vehicle/L3884,http://irail.be/stations/NMBS/008815016,L,2019-03-29T14:16:00,2019-03-29T14:16:00,81,51
http://irail.be/vehicle/L3884,http://irail.be/stations/NMBS/008812047,L,2019-03-29T14:21:00,2019-03-29T14:20:00,25,38
http://irail.be/vehicle/L3884,http://irail.be/stations/NMBS/008812062,L,2019-03-29T14:25:00,2019-03-29T14:25:00,26,5
http://irail.be/vehicle/L3884,http://irail.be/stations/NMBS/008812070,L,2019-03-29T14:30:00,2019-03-29T14:29:00,31,43
http://irail.be/vehicle/L3884,http://irail.be/stations/NMBS/008812112,L,2019-03-29T14:33:00,2019-03-29T14:33:00,20,11
http://irail.be/vehicle/L3884,http://irail.be/stations/NMBS/008812120,L,2019-03-29T14:37:00,2019-03-29T14:36:00,-14,15
http://irail.be/vehicle/L3884,http://irail.be/stations/NMBS/008812146,L,2019-03-29T14:41:00,2019-03-29T14:40:00,-13,-16
http://irail.be/vehicle/L3884,http://irail.be/stations/NMBS/008812153,L,2019-03-29T14:45:00,2019-03-29T14:45:00,-44,-85
http://irail.be/vehicle/L3884,http://irail.be/stations/NMBS/008812161,L,2019-03-29T14:48:00,2019-03-29T14:48:00,-39,-66
http://irail.be/vehicle/L3884,http://irail.be/stations/NMBS/008893443,L,2019-03-29T14:51:00,2019-03-29T14:51:00,-21,-39
http://irail.be/vehicle/L3884,http://irail.be/stations/NMBS/008893401,L,2019-03-29T14:53:00,2019-03-29T14:53:00,,-5
http://irail.be/vehicle/L3884,http://irail.be/stations/NMBS/008814001,L,2019-03-12T14:06:00,2019-03-12T14:06:00,59,
http://irail.be/vehicle/L3884,http://irail.be/stations/NMBS/008815040,L,2019-03-12T14:12:00,2019-03-12T14:11:00,40,66
http://irail.be/vehicle/L3884,http://irail.be/stations/NMBS/008812013,L,2019-03-12T14:14:00,2019-03-12T14:14:00,52,27
http://irail.be/vehicle/L3884,http://irail.be/stations/NMBS/008815016,L,2019-03-12T14:16:00,2019-03-12T14:16:00,65,52
http://irail.be/vehicle/L3884,http://irail.be/stations/NMBS/008812047,L,2019-03-12T14:21:00,2019-03-12T14:20:00,29,16
http://irail.be/vehicle/L3884,http://irail.be/stations/NMBS/008812062,L,2019-03-12T14:25:00,2019-03-12T14:25:00,40,16
http://irail.be/vehicle/L3884,http://irail.be/stations/NMBS/008812070,L,2019-03-12T14:30:00,2019-03-12T14:29:00,57,53
http://irail.be/vehicle/L3884,http://irail.be/stations/NMBS/008812112,L,2019-03-12T14:33:00,2019-03-12T14:33:00,76,44
http://irail.be/vehicle/L3884,http://irail.be/stations/NMBS/008812120,L,2019-03-12T14:37:00,2019-03-12T14:36:00,24,68
http://irail.be/vehicle/L3884,http://irail.be/stations/NMBS/008812146,L,2019-03-12T14:41:00,2019-03-12T14:40:00,-8,13
http://irail.be/vehicle/L3884,http://irail.be/stations/NMBS/008812153,L,2019-03-12T14:45:00,2019-03-12T14:45:00,-38,-79
http://irail.be/vehicle/L3884,http://irail.be/stations/NMBS/008812161,L,2019-03-12T14:48:00,2019-03-12T14:48:00,-42,-57
http://irail.be/vehicle/L3884,http://irail.be/stations/NMBS/008893443,L,2019-03-12T14:51:00,2019-03-12T14:51:00,-7,-42
http://irail.be/vehicle/L3884,http://irail.be/stations/NMBS/008893401,L,2019-03-12T14:53:00,2019-03-12T14:53:00,,-3
http://irail.be/vehicle/L3884,http://irail.be/stations/NMBS/008814001,L,2019-03-31T14:06:00,2019-03-31T14:06:00,16,
http://irail.be/vehicle/L3884,http://irail.be/stations/NMBS/008815040,L,2019-03-31T14:12:00,2019-03-31T14:11:00,27,30
http://irail.be/vehicle/L3884,http://irail.be/stations/NMBS/008812013,L,2019-03-31T14:14:00,2019-03-31T14:14:00,52,27
http://irail.be/vehicle/L3884,http://irail.be/stations/NMBS/008815016,L,2019-03-31T14:16:00,2019-03-31T14:16:00,94,52
http://irail.be/vehicle/L3884,http://irail.be/stations/NMBS/008812047,L,2019-03-31T14:21:00,2019-03-31T14:20:00,48,49
http://irail.be/vehicle/L3884,http://irail.be/stations/NMBS/008812062,L,2019-03-31T14:25:00,2019-03-31T14:25:00,43,25
http://irail.be/vehicle/L3884,http://irail.be/stations/NMBS/008812070,L,2019-03-31T14:30:00,2019-03-31T14:29:00,53,62
http://irail.be/vehicle/L3884,http://irail.be/stations/NMBS/008812112,L,2019-03-31T14:33:00,2019-03-31T14:33:00,71,44
http://irail.be/vehicle/L3884,http://irail.be/stations/NMBS/008812120,L,2019-03-31T14:37:00,2019-03-31T14:36:00,43,68
http://irail.be/vehicle/L3884,http://irail.be/stations/NMBS/008812146,L,2019-03-31T14:41:00,2019-03-31T14:40:00,24,38
http://irail.be/vehicle/L3884,http://irail.be/stations/NMBS/008812153,L,2019-03-31T14:45:00,2019-03-31T14:45:00,-36,-43
http://irail.be/vehicle/L3884,http://irail.be/stations/NMBS/008812161,L,2019-03-31T14:48:00,2019-03-31T14:48:00,-33,-53
http://irail.be/vehicle/L3884,http://irail.be/stations/NMBS/008893443,L,2019-03-31T14:51:00,2019-03-31T14:51:00,8,-33
http://irail.be/vehicle/L3884,http://irail.be/stations/NMBS/008893401,L,2019-03-31T14:53:00,2019-03-31T14:53:00,,10
http://irail.be/vehicle/L3884,http://irail.be/stations/NMBS/008814001,L,2019-03-15T14:06:00,2019-03-15T14:06:00,110,
http://irail.be/vehicle/L3884,http://irail.be/stations/NMBS/008815040,L,2019-03-15T14:12:00,2019-03-15T14:11:00,141,104
http://irail.be/vehicle/L3884,http://irail.be/stations/NMBS/008812013,L,2019-03-15T14:14:00,2019-03-15T14:14:00,167,134
http://irail.be/vehicle/L3884,http://irail.be/stations/NMBS/008815016,L,2019-03-15T14:16:00,2019-03-15T14:16:00,207,167
http://irail.be/vehicle/L3884,http://irail.be/stations/NMBS/008812047,L,2019-03-15T14:21:00,2019-03-15T14:20:00,218,202
http://irail.be/vehicle/L3884,http://irail.be/stations/NMBS/008812062,L,2019-03-15T14:25:00,2019-03-15T14:25:00,237,209
http://irail.be/vehicle/L3884,http://irail.be/stations/NMBS/008812070,L,2019-03-15T14:30:00,2019-03-15T14:29:00,263,251
http://irail.be/vehicle/L3884,http://irail.be/stations/NMBS/008812112,L,2019-03-15T14:33:00,2019-03-15T14:33:00,256,240
http://irail.be/vehicle/L3884,http://irail.be/stations/NMBS/008812120,L,2019-03-15T14:37:00,2019-03-15T14:36:00,212,246
http://irail.be/vehicle/L3884,http://irail.be/stations/NMBS/008812146,L,2019-03-15T14:41:00,2019-03-15T14:40:00,188,201
http://irail.be/vehicle/L3884,http://irail.be/stations/NMBS/008812153,L,2019-03-15T14:45:00,2019-03-15T14:45:00,118,118
http://irail.be/vehicle/L3884,http://irail.be/stations/NMBS/008812161,L,2019-03-15T14:48:00,2019-03-15T14:48:00,106,101
http://irail.be/vehicle/L3884,http://irail.be/stations/NMBS/008893443,L,2019-03-15T14:51:00,2019-03-15T14:51:00,136,106
http://irail.be/vehicle/L3884,http://irail.be/stations/NMBS/008893401,L,2019-03-15T14:53:00,2019-03-15T14:53:00,,154
http://irail.be/vehicle/L3884,http://irail.be/stations/NMBS/008814001,L,2019-04-19T14:06:00,2019-04-19T14:06:00,413,
http://irail.be/vehicle/L3884,http://irail.be/stations/NMBS/008815040,L,2019-04-19T14:12:00,2019-04-19T14:11:00,356,393
http://irail.be/vehicle/L3884,http://irail.be/stations/NMBS/008812013,L,2019-04-19T14:14:00,2019-04-19T14:14:00,346,337
http://irail.be/vehicle/L3884,http://irail.be/stations/NMBS/008815016,L,2019-04-19T14:16:00,2019-04-19T14:16:00,357,346
http://irail.be/vehicle/L3884,http://irail.be/stations/NMBS/008812047,L,2019-04-19T14:21:00,2019-04-19T14:20:00,285,304
http://irail.be/vehicle/L3884,http://irail.be/stations/NMBS/008812062,L,2019-04-19T14:25:00,2019-04-19T14:25:00,273,263
http://irail.be/vehicle/L3884,http://irail.be/stations/NMBS/008812070,L,2019-04-19T14:30:00,2019-04-19T14:29:00,259,280
http://irail.be/vehicle/L3884,http://irail.be/stations/NMBS/008812112,L,2019-04-19T14:33:00,2019-04-19T14:33:00,230,230
http://irail.be/vehicle/L3884,http://irail.be/stations/NMBS/008812120,L,2019-04-19T14:37:00,2019-04-19T14:36:00,178,217
http://irail.be/vehicle/L3884,http://irail.be/stations/NMBS/008812146,L,2019-04-19T14:41:00,2019-04-19T14:40:00,186,170
http://irail.be/vehicle/L3884,http://irail.be/stations/NMBS/008812153,L,2019-04-19T14:45:00,2019-04-19T14:45:00,116,116
http://irail.be/vehicle/L3884,http://irail.be/stations/NMBS/008812161,L,2019-04-19T14:48:00,2019-04-19T14:48:00,76,76
http://irail.be/vehicle/L3884,http://irail.be/stations/NMBS/008893443,L,2019-04-19T14:51:00,2019-04-19T14:51:00,65,60
http://irail.be/vehicle/L3884,http://irail.be/stations/NMBS/008893401,L,2019-04-19T14:53:00,2019-04-19T14:53:00,,68
http://irail.be/vehicle/L3884,http://irail.be/stations/NMBS/008814001,L,2019-02-23T14:06:00,2019-02-23T14:06:00,56,
http://irail.be/vehicle/L3884,http://irail.be/stations/NMBS/008813037,L,2019-02-23T14:08:00,2019-02-23T14:08:00,217,217
http://irail.be/vehicle/L3884,http://irail.be/stations/NMBS/008813003,L,2019-02-23T14:10:00,2019-02-23T14:09:00,232,229
http://irail.be/vehicle/L3884,http://irail.be/stations/NMBS/008813045,L,2019-02-23T14:12:00,2019-02-23T14:12:00,209,209
http://irail.be/vehicle/L3884,http://irail.be/stations/NMBS/008812005,L,2019-02-23T14:15:00,2019-02-23T14:14:00,257,233
http://irail.be/vehicle/L3884,http://irail.be/stations/NMBS/008812021,L,2019-02-23T14:19:00,2019-02-23T14:19:00,259,216
http://irail.be/vehicle/L3884,http://irail.be/stations/NMBS/008812047,L,2019-02-23T14:23:00,2019-02-23T14:22:00,236,236
http://irail.be/vehicle/L3884,http://irail.be/stations/NMBS/008812062,L,2019-02-23T14:27:00,2019-02-23T14:27:00,182,137
http://irail.be/vehicle/L3884,http://irail.be/stations/NMBS/008812070,L,2019-02-23T14:32:00,2019-02-23T14:31:00,180,198
http://irail.be/vehicle/L3884,http://irail.be/stations/NMBS/008812112,L,2019-02-23T14:35:00,2019-02-23T14:35:00,180,167
http://irail.be/vehicle/L3884,http://irail.be/stations/NMBS/008812120,L,2019-02-23T14:39:00,2019-02-23T14:38:00,146,172
http://irail.be/vehicle/L3884,http://irail.be/stations/NMBS/008812146,L,2019-02-23T14:43:00,2019-02-23T14:42:00,119,136
http://irail.be/vehicle/L3884,http://irail.be/stations/NMBS/008812153,L,2019-02-23T14:47:00,2019-02-23T14:47:00,48,48
http://irail.be/vehicle/L3884,http://irail.be/stations/NMBS/008812161,L,2019-02-23T14:50:00,2019-02-23T14:50:00,38,23
http://irail.be/vehicle/L3884,http://irail.be/stations/NMBS/008893443,L,2019-02-23T14:53:00,2019-02-23T14:53:00,49,38
http://irail.be/vehicle/L3884,http://irail.be/stations/NMBS/008893401,L,2019-02-23T14:55:00,2019-02-23T14:55:00,,58
http://irail.be/vehicle/L3884,http://irail.be/stations/NMBS/008814001,L,2019-03-18T14:06:00,2019-03-18T14:06:00,13,
http://irail.be/vehicle/L3884,http://irail.be/stations/NMBS/008815040,L,2019-03-18T14:12:00,2019-03-18T14:11:00,17,34
http://irail.be/vehicle/L3884,http://irail.be/stations/NMBS/008812013,L,2019-03-18T14:14:00,2019-03-18T14:14:00,37,8
http://irail.be/vehicle/L3884,http://irail.be/stations/NMBS/008815016,L,2019-03-18T14:16:00,2019-03-18T14:16:00,66,37
http://irail.be/vehicle/L3884,http://irail.be/stations/NMBS/008812047,L,2019-03-18T14:21:00,2019-03-18T14:20:00,38,22
http://irail.be/vehicle/L3884,http://irail.be/stations/NMBS/008812062,L,2019-03-18T14:25:00,2019-03-18T14:25:00,45,30
http://irail.be/vehicle/L3884,http://irail.be/stations/NMBS/008812070,L,2019-03-18T14:30:00,2019-03-18T14:29:00,59,59
http://irail.be/vehicle/L3884,http://irail.be/stations/NMBS/008812112,L,2019-03-18T14:33:00,2019-03-18T14:33:00,67,39
http://irail.be/vehicle/L3884,http://irail.be/stations/NMBS/008812120,L,2019-03-18T14:37:00,2019-03-18T14:36:00,13,55
http://irail.be/vehicle/L3884,http://irail.be/stations/NMBS/008812146,L,2019-03-18T14:41:00,2019-03-18T14:40:00,0,2
http://irail.be/vehicle/L3884,http://irail.be/stations/NMBS/008812153,L,2019-03-18T14:45:00,2019-03-18T14:45:00,-69,-73
http://irail.be/vehicle/L3884,http://irail.be/stations/NMBS/008812161,L,2019-03-18T14:48:00,2019-03-18T14:48:00,-77,-91
http://irail.be/vehicle/L3884,http://irail.be/stations/NMBS/008893443,L,2019-03-18T14:51:00,2019-03-18T14:51:00,-40,-77
http://irail.be/vehicle/L3884,http://irail.be/stations/NMBS/008893401,L,2019-03-18T14:53:00,2019-03-18T14:53:00,,-34
http://irail.be/vehicle/L3884,http://irail.be/stations/NMBS/008814001,L,2019-06-06T14:06:00,2019-06-06T14:06:00,17,
http://irail.be/vehicle/L3884,http://irail.be/stations/NMBS/008815040,L,2019-06-06T14:12:00,2019-06-06T14:11:00,-6,9
http://irail.be/vehicle/L3884,http://irail.be/stations/NMBS/008812013,L,2019-06-06T14:14:00,2019-06-06T14:14:00,3,-17
http://irail.be/vehicle/L3884,http://irail.be/stations/NMBS/008815016,L,2019-06-06T14:16:00,2019-06-06T14:16:00,16,3
http://irail.be/vehicle/L3884,http://irail.be/stations/NMBS/008812047,L,2019-06-06T14:21:00,2019-06-06T14:20:00,-11,-29
http://irail.be/vehicle/L3884,http://irail.be/stations/NMBS/008812062,L,2019-06-06T14:25:00,2019-06-06T14:25:00,-5,-23
http://irail.be/vehicle/L3884,http://irail.be/stations/NMBS/008812070,L,2019-06-06T14:30:00,2019-06-06T14:29:00,3,17
http://irail.be/vehicle/L3884,http://irail.be/stations/NMBS/008812112,L,2019-06-06T14:33:00,2019-06-06T14:33:00,-4,-9
http://irail.be/vehicle/L3884,http://irail.be/stations/NMBS/008812120,L,2019-06-06T14:37:00,2019-06-06T14:36:00,-30,-4
http://irail.be/vehicle/L3884,http://irail.be/stations/NMBS/008812146,L,2019-06-06T14:41:00,2019-06-06T14:40:00,-23,-12
http://irail.be/vehicle/L3884,http://irail.be/stations/NMBS/008812153,L,2019-06-06T14:45:00,2019-06-06T14:45:00,-76,-77
http://irail.be/vehicle/L3884,http://irail.be/stations/NMBS/008812161,L,2019-06-06T14:48:00,2019-06-06T14:48:00,-65,-91
http://irail.be/vehicle/L3884,http://irail.be/stations/NMBS/008893443,L,2019-06-06T14:51:00,2019-06-06T14:51:00,-18,-65
http://irail.be/vehicle/L3884,http://irail.be/stations/NMBS/008893401,L,2019-06-06T14:53:00,2019-06-06T14:53:00,,-8
http://irail.be/vehicle/L3884,http://irail.be/stations/NMBS/008814001,L,2019-05-11T14:06:00,2019-05-11T14:06:00,33,
http://irail.be/vehicle/L3884,http://irail.be/stations/NMBS/008815040,L,2019-05-11T14:12:00,2019-05-11T14:11:00,40,61
http://irail.be/vehicle/L3884,http://irail.be/stations/NMBS/008812013,L,2019-05-11T14:14:00,2019-05-11T14:14:00,49,29
http://irail.be/vehicle/L3884,http://irail.be/stations/NMBS/008815016,L,2019-05-11T14:16:00,2019-05-11T14:16:00,73,49
http://irail.be/vehicle/L3884,http://irail.be/stations/NMBS/008812047,L,2019-05-11T14:21:00,2019-05-11T14:20:00,134,25
http://irail.be/vehicle/L3884,http://irail.be/stations/NMBS/008812062,L,2019-05-11T14:25:00,2019-05-11T14:25:00,121,117
http://irail.be/vehicle/L3884,http://irail.be/stations/NMBS/008812070,L,2019-05-11T14:30:00,2019-05-11T14:29:00,117,132
http://irail.be/vehicle/L3884,http://irail.be/stations/NMBS/008812112,L,2019-05-11T14:33:00,2019-05-11T14:33:00,142,127
http://irail.be/vehicle/L3884,http://irail.be/stations/NMBS/008812120,L,2019-05-11T14:37:00,2019-05-11T14:36:00,100,139
http://irail.be/vehicle/L3884,http://irail.be/stations/NMBS/008812146,L,2019-05-11T14:41:00,2019-05-11T14:40:00,96,105
http://irail.be/vehicle/L3884,http://irail.be/stations/NMBS/008812153,L,2019-05-11T14:45:00,2019-05-11T14:45:00,44,23
http://irail.be/vehicle/L3884,http://irail.be/stations/NMBS/008812161,L,2019-05-11T14:48:00,2019-05-11T14:48:00,49,36
http://irail.be/vehicle/L3884,http://irail.be/stations/NMBS/008893443,L,2019-05-11T14:51:00,2019-05-11T14:51:00,59,49
http://irail.be/vehicle/L3884,http://irail.be/stations/NMBS/008893401,L,2019-05-11T14:53:00,2019-05-11T14:53:00,,80
http://irail.be/vehicle/L3884,http://irail.be/stations/NMBS/008814001,L,2019-05-19T14:06:00,2019-05-19T14:06:00,97,
http://irail.be/vehicle/L3884,http://irail.be/stations/NMBS/008815040,L,2019-05-19T14:12:00,2019-05-19T14:11:00,109,140
http://irail.be/vehicle/L3884,http://irail.be/stations/NMBS/008812013,L,2019-05-19T14:14:00,2019-05-19T14:14:00,119,97
http://irail.be/vehicle/L3884,http://irail.be/stations/NMBS/008815016,L,2019-05-19T14:16:00,2019-05-19T14:16:00,150,119
http://irail.be/vehicle/L3884,http://irail.be/stations/NMBS/008812047,L,2019-05-19T14:20:00,2019-05-19T14:20:00,,126
http://irail.be/vehicle/L3884,http://irail.be/stations/NMBS/008814001,L,2019-02-19T14:06:00,2019-02-19T14:06:00,46,
http://irail.be/vehicle/L3884,http://irail.be/stations/NMBS/008815040,L,2019-02-19T14:12:00,2019-02-19T14:11:00,138,138
http://irail.be/vehicle/L3884,http://irail.be/stations/NMBS/008812013,L,2019-02-19T14:14:00,2019-02-19T14:14:00,146,124
http://irail.be/vehicle/L3884,http://irail.be/stations/NMBS/008815016,L,2019-02-19T14:16:00,2019-02-19T14:16:00,181,146
http://irail.be/vehicle/L3884,http://irail.be/stations/NMBS/008812047,L,2019-02-19T14:21:00,2019-02-19T14:20:00,156,129
http://irail.be/vehicle/L3884,http://irail.be/stations/NMBS/008812062,L,2019-02-19T14:25:00,2019-02-19T14:25:00,174,136
http://irail.be/vehicle/L3884,http://irail.be/stations/NMBS/008812070,L,2019-02-19T14:30:00,2019-02-19T14:29:00,206,201
http://irail.be/vehicle/L3884,http://irail.be/stations/NMBS/008812112,L,2019-02-19T14:33:00,2019-02-19T14:33:00,199,185
http://irail.be/vehicle/L3884,http://irail.be/stations/NMBS/008812120,L,2019-02-19T14:37:00,2019-02-19T14:36:00,153,189
http://irail.be/vehicle/L3884,http://irail.be/stations/NMBS/008812146,L,2019-02-19T14:41:00,2019-02-19T14:40:00,101,137
http://irail.be/vehicle/L3884,http://irail.be/stations/NMBS/008812153,L,2019-02-19T14:45:00,2019-02-19T14:45:00,22,22
http://irail.be/vehicle/L3884,http://irail.be/stations/NMBS/008812161,L,2019-02-19T14:48:00,2019-02-19T14:48:00,-2,-7
http://irail.be/vehicle/L3884,http://irail.be/stations/NMBS/008893443,L,2019-02-19T14:51:00,2019-02-19T14:51:00,12,-2
http://irail.be/vehicle/L3884,http://irail.be/stations/NMBS/008893401,L,2019-02-19T14:53:00,2019-02-19T14:53:00,,22
http://irail.be/vehicle/L3884,http://irail.be/stations/NMBS/008814001,L,2019-05-04T14:06:00,2019-05-04T14:06:00,25,
http://irail.be/vehicle/L3884,http://irail.be/stations/NMBS/008815040,L,2019-05-04T14:12:00,2019-05-04T14:11:00,-20,7
http://irail.be/vehicle/L3884,http://irail.be/stations/NMBS/008812013,L,2019-05-04T14:14:00,2019-05-04T14:14:00,-9,-33
http://irail.be/vehicle/L3884,http://irail.be/stations/NMBS/008815016,L,2019-05-04T14:16:00,2019-05-04T14:16:00,22,-9
http://irail.be/vehicle/L3884,http://irail.be/stations/NMBS/008812047,L,2019-05-04T14:21:00,2019-05-04T14:20:00,-15,-33
http://irail.be/vehicle/L3884,http://irail.be/stations/NMBS/008812062,L,2019-05-04T14:25:00,2019-05-04T14:25:00,1,-30
http://irail.be/vehicle/L3884,http://irail.be/stations/NMBS/008812070,L,2019-05-04T14:30:00,2019-05-04T14:29:00,3,15
http://irail.be/vehicle/L3884,http://irail.be/stations/NMBS/008812112,L,2019-05-04T14:33:00,2019-05-04T14:33:00,24,-16
http://irail.be/vehicle/L3884,http://irail.be/stations/NMBS/008812120,L,2019-05-04T14:37:00,2019-05-04T14:36:00,-13,18
http://irail.be/vehicle/L3884,http://irail.be/stations/NMBS/008812146,L,2019-05-04T14:41:00,2019-05-04T14:40:00,10,-5
http://irail.be/vehicle/L3884,http://irail.be/stations/NMBS/008812153,L,2019-05-04T14:45:00,2019-05-04T14:45:00,-37,-57
http://irail.be/vehicle/L3884,http://irail.be/stations/NMBS/008812161,L,2019-05-04T14:48:00,2019-05-04T14:48:00,-13,-54
http://irail.be/vehicle/L3884,http://irail.be/stations/NMBS/008893443,L,2019-05-04T14:51:00,2019-05-04T14:51:00,31,-13
http://irail.be/vehicle/L3884,http://irail.be/stations/NMBS/008893401,L,2019-05-04T14:53:00,2019-05-04T14:53:00,,40
http://irail.be/vehicle/L3884,http://irail.be/stations/NMBS/008814001,L,2019-05-20T14:06:00,2019-05-20T14:06:00,204,
http://irail.be/vehicle/L3884,http://irail.be/stations/NMBS/008815040,L,2019-05-20T14:12:00,2019-05-20T14:11:00,186,208
http://irail.be/vehicle/L3884,http://irail.be/stations/NMBS/008812013,L,2019-05-20T14:14:00,2019-05-20T14:14:00,186,171
http://irail.be/vehicle/L3884,http://irail.be/stations/NMBS/008815016,L,2019-05-20T14:16:00,2019-05-20T14:16:00,200,186
http://irail.be/vehicle/L3884,http://irail.be/stations/NMBS/008812047,L,2019-05-20T14:21:00,2019-05-20T14:20:00,196,202
http://irail.be/vehicle/L3884,http://irail.be/stations/NMBS/008812062,L,2019-05-20T14:25:00,2019-05-20T14:25:00,196,178
http://irail.be/vehicle/L3884,http://irail.be/stations/NMBS/008812070,L,2019-05-20T14:30:00,2019-05-20T14:29:00,200,204
http://irail.be/vehicle/L3884,http://irail.be/stations/NMBS/008812112,L,2019-05-20T14:33:00,2019-05-20T14:33:00,183,172
http://irail.be/vehicle/L3884,http://irail.be/stations/NMBS/008812120,L,2019-05-20T14:37:00,2019-05-20T14:36:00,146,173
http://irail.be/vehicle/L3884,http://irail.be/stations/NMBS/008812146,L,2019-05-20T14:41:00,2019-05-20T14:40:00,148,156
http://irail.be/vehicle/L3884,http://irail.be/stations/NMBS/008812153,L,2019-05-20T14:45:00,2019-05-20T14:45:00,121,68
http://irail.be/vehicle/L3884,http://irail.be/stations/NMBS/008812161,L,2019-05-20T14:48:00,2019-05-20T14:48:00,97,97
http://irail.be/vehicle/L3884,http://irail.be/stations/NMBS/008893443,L,2019-05-20T14:51:00,2019-05-20T14:51:00,103,97
http://irail.be/vehicle/L3884,http://irail.be/stations/NMBS/008893401,L,2019-05-20T14:53:00,2019-05-20T14:53:00,,107
http://irail.be/vehicle/L3884,http://irail.be/stations/NMBS/008814001,L,2019-01-11T14:06:00,2019-01-11T14:06:00,96,
http://irail.be/vehicle/L3884,http://irail.be/stations/NMBS/008815040,L,2019-01-11T14:12:00,2019-01-11T14:11:00,72,97
http://irail.be/vehicle/L3884,http://irail.be/stations/NMBS/008812013,L,2019-01-11T14:14:00,2019-01-11T14:14:00,78,58
http://irail.be/vehicle/L3884,http://irail.be/stations/NMBS/008815016,L,2019-01-11T14:16:00,2019-01-11T14:16:00,105,78
http://irail.be/vehicle/L3884,http://irail.be/stations/NMBS/008812047,L,2019-01-11T14:21:00,2019-01-11T14:20:00,56,56
http://irail.be/vehicle/L3884,http://irail.be/stations/NMBS/008812062,L,2019-01-11T14:25:00,2019-01-11T14:25:00,61,43
http://irail.be/vehicle/L3884,http://irail.be/stations/NMBS/008812070,L,2019-01-11T14:30:00,2019-01-11T14:29:00,68,79
http://irail.be/vehicle/L3884,http://irail.be/stations/NMBS/008812112,L,2019-01-11T14:33:00,2019-01-11T14:33:00,80,53
http://irail.be/vehicle/L3884,http://irail.be/stations/NMBS/008812120,L,2019-01-11T14:37:00,2019-01-11T14:36:00,36,73
http://irail.be/vehicle/L3884,http://irail.be/stations/NMBS/008812146,L,2019-01-11T14:41:00,2019-01-11T14:40:00,13,31
http://irail.be/vehicle/L3884,http://irail.be/stations/NMBS/008812153,L,2019-01-11T14:45:00,2019-01-11T14:45:00,-10,-55
http://irail.be/vehicle/L3884,http://irail.be/stations/NMBS/008812161,L,2019-01-11T14:48:00,2019-01-11T14:48:00,-21,-30
http://irail.be/vehicle/L3884,http://irail.be/stations/NMBS/008893443,L,2019-01-11T14:51:00,2019-01-11T14:51:00,23,-21
http://irail.be/vehicle/L3884,http://irail.be/stations/NMBS/008893401,L,2019-01-11T14:53:00,2019-01-11T14:53:00,,31
http://irail.be/vehicle/L3884,http://irail.be/stations/NMBS/008814001,L,2019-02-26T14:06:00,2019-02-26T14:06:00,22,
http://irail.be/vehicle/L3884,http://irail.be/stations/NMBS/008815040,L,2019-02-26T14:12:00,2019-02-26T14:11:00,27,40
http://irail.be/vehicle/L3884,http://irail.be/stations/NMBS/008812013,L,2019-02-26T14:14:00,2019-02-26T14:14:00,60,19
http://irail.be/vehicle/L3884,http://irail.be/stations/NMBS/008815016,L,2019-02-26T14:16:00,2019-02-26T14:16:00,103,60
http://irail.be/vehicle/L3884,http://irail.be/stations/NMBS/008812047,L,2019-02-26T14:21:00,2019-02-26T14:20:00,110,124
http://irail.be/vehicle/L3884,http://irail.be/stations/NMBS/008812062,L,2019-02-26T14:25:00,2019-02-26T14:25:00,128,104
http://irail.be/vehicle/L3884,http://irail.be/stations/NMBS/008812070,L,2019-02-26T14:30:00,2019-02-26T14:29:00,146,144
http://irail.be/vehicle/L3884,http://irail.be/stations/NMBS/008812112,L,2019-02-26T14:33:00,2019-02-26T14:33:00,165,134
http://irail.be/vehicle/L3884,http://irail.be/stations/NMBS/008812120,L,2019-02-26T14:37:00,2019-02-26T14:36:00,131,158
http://irail.be/vehicle/L3884,http://irail.be/stations/NMBS/008812146,L,2019-02-26T14:41:00,2019-02-26T14:40:00,98,118
http://irail.be/vehicle/L3884,http://irail.be/stations/NMBS/008812153,L,2019-02-26T14:45:00,2019-02-26T14:45:00,34,27
http://irail.be/vehicle/L3884,http://irail.be/stations/NMBS/008812161,L,2019-02-26T14:48:00,2019-02-26T14:48:00,33,14
http://irail.be/vehicle/L3884,http://irail.be/stations/NMBS/008893443,L,2019-02-26T14:51:00,2019-02-26T14:51:00,60,33
http://irail.be/vehicle/L3884,http://irail.be/stations/NMBS/008893401,L,2019-02-26T14:53:00,2019-02-26T14:53:00,,65
http://irail.be/vehicle/L3884,http://irail.be/stations/NMBS/008814001,L,2019-04-12T14:06:00,2019-04-12T14:06:00,360,
http://irail.be/vehicle/L3884,http://irail.be/stations/NMBS/008815040,L,2019-04-12T14:12:00,2019-04-12T14:11:00,335,349
http://irail.be/vehicle/L3884,http://irail.be/stations/NMBS/008812013,L,2019-04-12T14:14:00,2019-04-12T14:14:00,339,318
http://irail.be/vehicle/L3884,http://irail.be/stations/NMBS/008815016,L,2019-04-12T14:16:00,2019-04-12T14:16:00,381,339
http://irail.be/vehicle/L3884,http://irail.be/stations/NMBS/008812047,L,2019-04-12T14:21:00,2019-04-12T14:20:00,327,330
http://irail.be/vehicle/L3884,http://irail.be/stations/NMBS/008812062,L,2019-04-12T14:25:00,2019-04-12T14:25:00,331,308
http://irail.be/vehicle/L3884,http://irail.be/stations/NMBS/008812070,L,2019-04-12T14:30:00,2019-04-12T14:29:00,336,345
http://irail.be/vehicle/L3884,http://irail.be/stations/NMBS/008812112,L,2019-04-12T14:33:00,2019-04-12T14:33:00,391,316
http://irail.be/vehicle/L3884,http://irail.be/stations/NMBS/008812120,L,2019-04-12T14:37:00,2019-04-12T14:36:00,344,384
http://irail.be/vehicle/L3884,http://irail.be/stations/NMBS/008812146,L,2019-04-12T14:41:00,2019-04-12T14:40:00,312,332
http://irail.be/vehicle/L3884,http://irail.be/stations/NMBS/008812153,L,2019-04-12T14:45:00,2019-04-12T14:45:00,232,232
http://irail.be/vehicle/L3884,http://irail.be/stations/NMBS/008812161,L,2019-04-12T14:48:00,2019-04-12T14:48:00,206,197
http://irail.be/vehicle/L3884,http://irail.be/stations/NMBS/008893443,L,2019-04-12T14:51:00,2019-04-12T14:51:00,234,206
http://irail.be/vehicle/L3884,http://irail.be/stations/NMBS/008893401,L,2019-04-12T14:53:00,2019-04-12T14:53:00,,250
http://irail.be/vehicle/L3884,http://irail.be/stations/NMBS/008814001,L,2019-03-02T14:06:00,2019-03-02T14:06:00,395,
http://irail.be/vehicle/L3884,http://irail.be/stations/NMBS/008815040,L,2019-03-02T14:12:00,2019-03-02T14:11:00,356,373
http://irail.be/vehicle/L3884,http://irail.be/stations/NMBS/008812013,L,2019-03-02T14:14:00,2019-03-02T14:14:00,387,346
http://irail.be/vehicle/L3884,http://irail.be/stations/NMBS/008815016,L,2019-03-02T14:16:00,2019-03-02T14:16:00,402,387
http://irail.be/vehicle/L3884,http://irail.be/stations/NMBS/008812047,L,2019-03-02T14:21:00,2019-03-02T14:20:00,353,357
http://irail.be/vehicle/L3884,http://irail.be/stations/NMBS/008812062,L,2019-03-02T14:25:00,2019-03-02T14:25:00,342,334
http://irail.be/vehicle/L3884,http://irail.be/stations/NMBS/008812070,L,2019-03-02T14:30:00,2019-03-02T14:29:00,317,342
http://irail.be/vehicle/L3884,http://irail.be/stations/NMBS/008812112,L,2019-03-02T14:33:00,2019-03-02T14:33:00,302,286
http://irail.be/vehicle/L3884,http://irail.be/stations/NMBS/008812120,L,2019-03-02T14:37:00,2019-03-02T14:36:00,253,287
http://irail.be/vehicle/L3884,http://irail.be/stations/NMBS/008812146,L,2019-03-02T14:41:00,2019-03-02T14:40:00,235,233
http://irail.be/vehicle/L3884,http://irail.be/stations/NMBS/008812153,L,2019-03-02T14:45:00,2019-03-02T14:45:00,147,147
http://irail.be/vehicle/L3884,http://irail.be/stations/NMBS/008812161,L,2019-03-02T14:48:00,2019-03-02T14:48:00,103,103
http://irail.be/vehicle/L3884,http://irail.be/stations/NMBS/008893443,L,2019-03-02T14:51:00,2019-03-02T14:51:00,105,97
http://irail.be/vehicle/L3884,http://irail.be/stations/NMBS/008893401,L,2019-03-02T14:53:00,2019-03-02T14:53:00,,115
http://irail.be/vehicle/L3884,http://irail.be/stations/NMBS/008814001,L,2019-05-22T14:06:00,2019-05-22T14:06:00,77,
http://irail.be/vehicle/L3884,http://irail.be/stations/NMBS/008815040,L,2019-05-22T14:12:00,2019-05-22T14:11:00,88,102
http://irail.be/vehicle/L3884,http://irail.be/stations/NMBS/008812013,L,2019-05-22T14:14:00,2019-05-22T14:14:00,109,72
http://irail.be/vehicle/L3884,http://irail.be/stations/NMBS/008815016,L,2019-05-22T14:16:00,2019-05-22T14:16:00,145,109
http://irail.be/vehicle/L3884,http://irail.be/stations/NMBS/008812047,L,2019-05-22T14:21:00,2019-05-22T14:20:00,104,98
http://irail.be/vehicle/L3884,http://irail.be/stations/NMBS/008812062,L,2019-05-22T14:25:00,2019-05-22T14:25:00,108,85
http://irail.be/vehicle/L3884,http://irail.be/stations/NMBS/008812070,L,2019-05-22T14:30:00,2019-05-22T14:29:00,109,117
http://irail.be/vehicle/L3884,http://irail.be/stations/NMBS/008812112,L,2019-05-22T14:33:00,2019-05-22T14:33:00,104,85
http://irail.be/vehicle/L3884,http://irail.be/stations/NMBS/008812120,L,2019-05-22T14:37:00,2019-05-22T14:36:00,81,98
http://irail.be/vehicle/L3884,http://irail.be/stations/NMBS/008812146,L,2019-05-22T14:41:00,2019-05-22T14:40:00,92,91
http://irail.be/vehicle/L3884,http://irail.be/stations/NMBS/008812153,L,2019-05-22T14:45:00,2019-05-22T14:45:00,29,15
http://irail.be/vehicle/L3884,http://irail.be/stations/NMBS/008812161,L,2019-05-22T14:48:00,2019-05-22T14:48:00,30,15
http://irail.be/vehicle/L3884,http://irail.be/stations/NMBS/008893443,L,2019-05-22T14:51:00,2019-05-22T14:51:00,52,30
http://irail.be/vehicle/L3884,http://irail.be/stations/NMBS/008893401,L,2019-05-22T14:53:00,2019-05-22T14:53:00,,58
http://irail.be/vehicle/L3884,http://irail.be/stations/NMBS/008814001,L,2019-04-17T14:06:00,2019-04-17T14:06:00,207,
http://irail.be/vehicle/L3884,http://irail.be/stations/NMBS/008815040,L,2019-04-17T14:12:00,2019-04-17T14:11:00,167,192
http://irail.be/vehicle/L3884,http://irail.be/stations/NMBS/008812013,L,2019-04-17T14:14:00,2019-04-17T14:14:00,165,150
http://irail.be/vehicle/L3884,http://irail.be/stations/NMBS/008815016,L,2019-04-17T14:16:00,2019-04-17T14:16:00,176,165
http://irail.be/vehicle/L3884,http://irail.be/stations/NMBS/008812047,L,2019-04-17T14:21:00,2019-04-17T14:20:00,105,123
http://irail.be/vehicle/L3884,http://irail.be/stations/NMBS/008812062,L,2019-04-17T14:25:00,2019-04-17T14:25:00,97,86
http://irail.be/vehicle/L3884,http://irail.be/stations/NMBS/008812070,L,2019-04-17T14:30:00,2019-04-17T14:29:00,88,104
http://irail.be/vehicle/L3884,http://irail.be/stations/NMBS/008812112,L,2019-04-17T14:33:00,2019-04-17T14:33:00,78,68
http://irail.be/vehicle/L3884,http://irail.be/stations/NMBS/008812120,L,2019-04-17T14:37:00,2019-04-17T14:36:00,32,70
http://irail.be/vehicle/L3884,http://irail.be/stations/NMBS/008812146,L,2019-04-17T14:41:00,2019-04-17T14:40:00,22,37
http://irail.be/vehicle/L3884,http://irail.be/stations/NMBS/008812153,L,2019-04-17T14:45:00,2019-04-17T14:45:00,-21,-24
http://irail.be/vehicle/L3884,http://irail.be/stations/NMBS/008812161,L,2019-04-17T14:48:00,2019-04-17T14:48:00,-29,-34
http://irail.be/vehicle/L3884,http://irail.be/stations/NMBS/008893443,L,2019-04-17T14:51:00,2019-04-17T14:51:00,-11,-29
http://irail.be/vehicle/L3884,http://irail.be/stations/NMBS/008893401,L,2019-04-17T14:53:00,2019-04-17T14:53:00,,-5
http://irail.be/vehicle/L3884,http://irail.be/stations/NMBS/008814001,L,2019-05-10T14:06:00,2019-05-10T14:06:00,27,
http://irail.be/vehicle/L3884,http://irail.be/stations/NMBS/008815040,L,2019-05-10T14:12:00,2019-05-10T14:11:00,6,18
http://irail.be/vehicle/L3884,http://irail.be/stations/NMBS/008812013,L,2019-05-10T14:14:00,2019-05-10T14:14:00,21,-7
http://irail.be/vehicle/L3884,http://irail.be/stations/NMBS/008815016,L,2019-05-10T14:16:00,2019-05-10T14:16:00,62,21
http://irail.be/vehicle/L3884,http://irail.be/stations/NMBS/008812047,L,2019-05-10T14:21:00,2019-05-10T14:20:00,13,23
http://irail.be/vehicle/L3884,http://irail.be/stations/NMBS/008812062,L,2019-05-10T14:25:00,2019-05-10T14:25:00,9,-5
http://irail.be/vehicle/L3884,http://irail.be/stations/NMBS/008812070,L,2019-05-10T14:30:00,2019-05-10T14:29:00,17,23
http://irail.be/vehicle/L3884,http://irail.be/stations/NMBS/008812112,L,2019-05-10T14:33:00,2019-05-10T14:33:00,15,-6
http://irail.be/vehicle/L3884,http://irail.be/stations/NMBS/008812120,L,2019-05-10T14:37:00,2019-05-10T14:36:00,-1,7
http://irail.be/vehicle/L3884,http://irail.be/stations/NMBS/008812146,L,2019-05-10T14:41:00,2019-05-10T14:40:00,4,7
http://irail.be/vehicle/L3884,http://irail.be/stations/NMBS/008812153,L,2019-05-10T14:45:00,2019-05-10T14:45:00,-34,-67
http://irail.be/vehicle/L3884,http://irail.be/stations/NMBS/008812161,L,2019-05-10T14:48:00,2019-05-10T14:48:00,-43,-53
http://irail.be/vehicle/L3884,http://irail.be/stations/NMBS/008893443,L,2019-05-10T14:51:00,2019-05-10T14:51:00,-6,-43
http://irail.be/vehicle/L3884,http://irail.be/stations/NMBS/008893401,L,2019-05-10T14:53:00,2019-05-10T14:53:00,,-8
http://irail.be/vehicle/L3884,http://irail.be/stations/NMBS/008814001,L,2019-04-24T14:06:00,2019-04-24T14:06:00,22,
http://irail.be/vehicle/L3884,http://irail.be/stations/NMBS/008815040,L,2019-04-24T14:12:00,2019-04-24T14:11:00,9,27
http://irail.be/vehicle/L3884,http://irail.be/stations/NMBS/008812013,L,2019-04-24T14:14:00,2019-04-24T14:14:00,24,-6
http://irail.be/vehicle/L3884,http://irail.be/stations/NMBS/008815016,L,2019-04-24T14:16:00,2019-04-24T14:16:00,51,24
http://irail.be/vehicle/L3884,http://irail.be/stations/NMBS/008812047,L,2019-04-24T14:21:00,2019-04-24T14:20:00,5,15
http://irail.be/vehicle/L3884,http://irail.be/stations/NMBS/008812062,L,2019-04-24T14:25:00,2019-04-24T14:25:00,-2,-15
http://irail.be/vehicle/L3884,http://irail.be/stations/NMBS/008812070,L,2019-04-24T14:30:00,2019-04-24T14:29:00,9,9
http://irail.be/vehicle/L3884,http://irail.be/stations/NMBS/008812112,L,2019-04-24T14:33:00,2019-04-24T14:33:00,19,-12
http://irail.be/vehicle/L3884,http://irail.be/stations/NMBS/008812120,L,2019-04-24T14:37:00,2019-04-24T14:36:00,-1,10
http://irail.be/vehicle/L3884,http://irail.be/stations/NMBS/008812146,L,2019-04-24T14:41:00,2019-04-24T14:40:00,3,8
http://irail.be/vehicle/L3884,http://irail.be/stations/NMBS/008812153,L,2019-04-24T14:45:00,2019-04-24T14:45:00,-45,-62
http://irail.be/vehicle/L3884,http://irail.be/stations/NMBS/008812161,L,2019-04-24T14:48:00,2019-04-24T14:48:00,-49,-62
http://irail.be/vehicle/L3884,http://irail.be/stations/NMBS/008893443,L,2019-04-24T14:51:00,2019-04-24T14:51:00,-28,-49
http://irail.be/vehicle/L3884,http://irail.be/stations/NMBS/008893401,L,2019-04-24T14:53:00,2019-04-24T14:53:00,,-28
http://irail.be/vehicle/L3884,http://irail.be/stations/NMBS/008814001,L,2019-02-12T14:06:00,2019-02-12T14:06:00,40,
http://irail.be/vehicle/L3884,http://irail.be/stations/NMBS/008815040,L,2019-02-12T14:12:00,2019-02-12T14:11:00,38,50
http://irail.be/vehicle/L3884,http://irail.be/stations/NMBS/008812013,L,2019-02-12T14:14:00,2019-02-12T14:14:00,67,26
http://irail.be/vehicle/L3884,http://irail.be/stations/NMBS/008815016,L,2019-02-12T14:16:00,2019-02-12T14:16:00,101,67
http://irail.be/vehicle/L3884,http://irail.be/stations/NMBS/008812047,L,2019-02-12T14:21:00,2019-02-12T14:20:00,99,68
http://irail.be/vehicle/L3884,http://irail.be/stations/NMBS/008812062,L,2019-02-12T14:25:00,2019-02-12T14:25:00,110,87
http://irail.be/vehicle/L3884,http://irail.be/stations/NMBS/008812070,L,2019-02-12T14:30:00,2019-02-12T14:29:00,124,133
http://irail.be/vehicle/L3884,http://irail.be/stations/NMBS/008812112,L,2019-02-12T14:33:00,2019-02-12T14:33:00,139,111
http://irail.be/vehicle/L3884,http://irail.be/stations/NMBS/008812120,L,2019-02-12T14:37:00,2019-02-12T14:36:00,105,129
http://irail.be/vehicle/L3884,http://irail.be/stations/NMBS/008812146,L,2019-02-12T14:41:00,2019-02-12T14:40:00,89,106
http://irail.be/vehicle/L3884,http://irail.be/stations/NMBS/008812153,L,2019-02-12T14:45:00,2019-02-12T14:45:00,15,15
http://irail.be/vehicle/L3884,http://irail.be/stations/NMBS/008812161,L,2019-02-12T14:48:00,2019-02-12T14:48:00,7,-4
http://irail.be/vehicle/L3884,http://irail.be/stations/NMBS/008893443,L,2019-02-12T14:51:00,2019-02-12T14:51:00,25,7
http://irail.be/vehicle/L3884,http://irail.be/stations/NMBS/008893401,L,2019-02-12T14:53:00,2019-02-12T14:53:00,,29
http://irail.be/vehicle/L3884,http://irail.be/stations/NMBS/008814001,L,2019-01-04T14:06:00,2019-01-04T14:06:00,49,
http://irail.be/vehicle/L3884,http://irail.be/stations/NMBS/008815040,L,2019-01-04T14:12:00,2019-01-04T14:11:00,16,43
http://irail.be/vehicle/L3884,http://irail.be/stations/NMBS/008812013,L,2019-01-04T14:14:00,2019-01-04T14:14:00,21,1
http://irail.be/vehicle/L3884,http://irail.be/stations/NMBS/008815016,L,2019-01-04T14:16:00,2019-01-04T14:16:00,48,21
http://irail.be/vehicle/L3884,http://irail.be/stations/NMBS/008812047,L,2019-01-04T14:21:00,2019-01-04T14:20:00,-5,-4
http://irail.be/vehicle/L3884,http://irail.be/stations/NMBS/008812062,L,2019-01-04T14:25:00,2019-01-04T14:25:00,2,-18
http://irail.be/vehicle/L3884,http://irail.be/stations/NMBS/008812070,L,2019-01-04T14:30:00,2019-01-04T14:29:00,9,17
http://irail.be/vehicle/L3884,http://irail.be/stations/NMBS/008812112,L,2019-01-04T14:33:00,2019-01-04T14:33:00,1,-12
http://irail.be/vehicle/L3884,http://irail.be/stations/NMBS/008812120,L,2019-01-04T14:37:00,2019-01-04T14:36:00,-1,-4
http://irail.be/vehicle/L3884,http://irail.be/stations/NMBS/008812146,L,2019-01-04T14:41:00,2019-01-04T14:40:00,-12,-10
http://irail.be/vehicle/L3884,http://irail.be/stations/NMBS/008812153,L,2019-01-04T14:45:00,2019-01-04T14:45:00,-39,-71
http://irail.be/vehicle/L3884,http://irail.be/stations/NMBS/008812161,L,2019-01-04T14:48:00,2019-01-04T14:48:00,-41,-51
http://irail.be/vehicle/L3884,http://irail.be/stations/NMBS/008893443,L,2019-01-04T14:51:00,2019-01-04T14:51:00,-5,-41
http://irail.be/vehicle/L3884,http://irail.be/stations/NMBS/008893401,L,2019-01-04T14:53:00,2019-01-04T14:53:00,,0
http://irail.be/vehicle/L3884,http://irail.be/stations/NMBS/008814001,L,2019-04-03T14:06:00,2019-04-03T14:06:00,247,
http://irail.be/vehicle/L3884,http://irail.be/stations/NMBS/008815040,L,2019-04-03T14:12:00,2019-04-03T14:11:00,246,259
http://irail.be/vehicle/L3884,http://irail.be/stations/NMBS/008812013,L,2019-04-03T14:14:00,2019-04-03T14:14:00,268,231
http://irail.be/vehicle/L3884,http://irail.be/stations/NMBS/008815016,L,2019-04-03T14:16:00,2019-04-03T14:16:00,303,268
http://irail.be/vehicle/L3884,http://irail.be/stations/NMBS/008812047,L,2019-04-03T14:21:06,2019-04-03T14:20:06,259,255
http://irail.be/vehicle/L3884,http://irail.be/stations/NMBS/008812062,L,2019-04-03T14:25:00,2019-04-03T14:25:00,267,243
http://irail.be/vehicle/L3884,http://irail.be/stations/NMBS/008812070,L,2019-04-03T14:30:00,2019-04-03T14:29:00,260,278
http://irail.be/vehicle/L3884,http://irail.be/stations/NMBS/008812112,L,2019-04-03T14:33:00,2019-04-03T14:33:00,248,234
http://irail.be/vehicle/L3884,http://irail.be/stations/NMBS/008812120,L,2019-04-03T14:37:00,2019-04-03T14:36:00,210,238
http://irail.be/vehicle/L3884,http://irail.be/stations/NMBS/008812146,L,2019-04-03T14:41:00,2019-04-03T14:40:00,182,202
http://irail.be/vehicle/L3884,http://irail.be/stations/NMBS/008812153,L,2019-04-03T14:45:00,2019-04-03T14:45:00,122,109
http://irail.be/vehicle/L3884,http://irail.be/stations/NMBS/008812161,L,2019-04-03T14:48:00,2019-04-03T14:48:00,104,104
http://irail.be/vehicle/L3884,http://irail.be/stations/NMBS/008893443,L,2019-04-03T14:51:00,2019-04-03T14:51:00,123,104
http://irail.be/vehicle/L3884,http://irail.be/stations/NMBS/008893401,L,2019-04-03T14:53:00,2019-04-03T14:53:00,,239
http://irail.be/vehicle/L3884,http://irail.be/stations/NMBS/008814001,L,2019-06-28T14:06:00,2019-06-28T14:06:00,30,
http://irail.be/vehicle/L3884,http://irail.be/stations/NMBS/008815040,L,2019-06-28T14:12:00,2019-06-28T14:11:00,19,40
http://irail.be/vehicle/L3884,http://irail.be/stations/NMBS/008812013,L,2019-06-28T14:14:00,2019-06-28T14:14:00,29,8
http://irail.be/vehicle/L3884,http://irail.be/stations/NMBS/008815016,L,2019-06-28T14:16:00,2019-06-28T14:16:00,52,29
http://irail.be/vehicle/L3884,http://irail.be/stations/NMBS/008812047,L,2019-06-28T14:21:00,2019-06-28T14:20:00,165,150
http://irail.be/vehicle/L3884,http://irail.be/stations/NMBS/008812062,L,2019-06-28T14:25:00,2019-06-28T14:25:00,167,153
http://irail.be/vehicle/L3884,http://irail.be/stations/NMBS/008812070,L,2019-06-28T14:30:00,2019-06-28T14:29:00,167,177
http://irail.be/vehicle/L3884,http://irail.be/stations/NMBS/008812112,L,2019-06-28T14:33:00,2019-06-28T14:33:00,157,150
http://irail.be/vehicle/L3884,http://irail.be/stations/NMBS/008812120,L,2019-06-28T14:37:00,2019-06-28T14:36:00,121,153
http://irail.be/vehicle/L3884,http://irail.be/stations/NMBS/008812146,L,2019-06-28T14:41:00,2019-06-28T14:40:00,106,111
http://irail.be/vehicle/L3884,http://irail.be/stations/NMBS/008812153,L,2019-06-28T14:44:00,2019-06-28T14:44:00,85,80
http://irail.be/vehicle/L3884,http://irail.be/stations/NMBS/008812161,L,2019-06-28T14:47:00,2019-06-28T14:47:00,86,75
http://irail.be/vehicle/L3884,http://irail.be/stations/NMBS/008893443,L,2019-06-28T14:50:00,2019-06-28T14:50:00,104,86
http://irail.be/vehicle/L3884,http://irail.be/stations/NMBS/008893401,L,2019-06-28T14:52:00,2019-06-28T14:52:00,,119
http://irail.be/vehicle/L3884,http://irail.be/stations/NMBS/008814001,L,2019-01-30T14:06:00,2019-01-30T14:06:00,19,
http://irail.be/vehicle/L3884,http://irail.be/stations/NMBS/008815040,L,2019-01-30T14:12:00,2019-01-30T14:11:00,4,18
http://irail.be/vehicle/L3884,http://irail.be/stations/NMBS/008812013,L,2019-01-30T14:14:00,2019-01-30T14:14:00,19,-12
http://irail.be/vehicle/L3884,http://irail.be/stations/NMBS/008815016,L,2019-01-30T14:16:00,2019-01-30T14:16:00,49,19
http://irail.be/vehicle/L3884,http://irail.be/stations/NMBS/008812047,L,2019-01-30T14:21:00,2019-01-30T14:20:00,-1,-7
http://irail.be/vehicle/L3884,http://irail.be/stations/NMBS/008812062,L,2019-01-30T14:25:00,2019-01-30T14:25:00,11,-11
http://irail.be/vehicle/L3884,http://irail.be/stations/NMBS/008812070,L,2019-01-30T14:30:00,2019-01-30T14:29:00,24,33
http://irail.be/vehicle/L3884,http://irail.be/stations/NMBS/008812112,L,2019-01-30T14:33:00,2019-01-30T14:33:00,11,-3
http://irail.be/vehicle/L3884,http://irail.be/stations/NMBS/008812120,L,2019-01-30T14:37:00,2019-01-30T14:36:00,8,2
http://irail.be/vehicle/L3884,http://irail.be/stations/NMBS/008812146,L,2019-01-30T14:41:00,2019-01-30T14:40:00,-1,-3
http://irail.be/vehicle/L3884,http://irail.be/stations/NMBS/008812153,L,2019-01-30T14:45:00,2019-01-30T14:45:00,-25,-59
http://irail.be/vehicle/L3884,http://irail.be/stations/NMBS/008812161,L,2019-01-30T14:48:00,2019-01-30T14:48:00,-27,-38
http://irail.be/vehicle/L3884,http://irail.be/stations/NMBS/008893443,L,2019-01-30T14:51:00,2019-01-30T14:51:00,24,-27
http://irail.be/vehicle/L3884,http://irail.be/stations/NMBS/008893401,L,2019-01-30T14:53:00,2019-01-30T14:53:00,,26
http://irail.be/vehicle/L3884,http://irail.be/stations/NMBS/008814001,L,2019-03-09T14:06:00,2019-03-09T14:06:00,127,
http://irail.be/vehicle/L3884,http://irail.be/stations/NMBS/008815040,L,2019-03-09T14:12:00,2019-03-09T14:11:00,176,203
http://irail.be/vehicle/L3884,http://irail.be/stations/NMBS/008812013,L,2019-03-09T14:14:00,2019-03-09T14:14:00,191,169
http://irail.be/vehicle/L3884,http://irail.be/stations/NMBS/008815016,L,2019-03-09T14:16:00,2019-03-09T14:16:00,218,191
http://irail.be/vehicle/L3884,http://irail.be/stations/NMBS/008812047,L,2019-03-09T14:21:00,2019-03-09T14:20:00,192,187
http://irail.be/vehicle/L3884,http://irail.be/stations/NMBS/008812062,L,2019-03-09T14:25:00,2019-03-09T14:25:00,233,210
http://irail.be/vehicle/L3884,http://irail.be/stations/NMBS/008812070,L,2019-03-09T14:30:00,2019-03-09T14:29:00,244,261
http://irail.be/vehicle/L3884,http://irail.be/stations/NMBS/008812112,L,2019-03-09T14:33:00,2019-03-09T14:33:00,265,242
http://irail.be/vehicle/L3884,http://irail.be/stations/NMBS/008812120,L,2019-03-09T14:37:00,2019-03-09T14:36:00,249,262
http://irail.be/vehicle/L3884,http://irail.be/stations/NMBS/008812146,L,2019-03-09T14:41:00,2019-03-09T14:40:00,221,248
http://irail.be/vehicle/L3884,http://irail.be/stations/NMBS/008812153,L,2019-03-09T14:45:00,2019-03-09T14:45:00,158,158
http://irail.be/vehicle/L3884,http://irail.be/stations/NMBS/008812161,L,2019-03-09T14:48:00,2019-03-09T14:48:00,128,117
http://irail.be/vehicle/L3884,http://irail.be/stations/NMBS/008893443,L,2019-03-09T14:51:00,2019-03-09T14:51:00,138,128
http://irail.be/vehicle/L3884,http://irail.be/stations/NMBS/008893401,L,2019-03-09T14:53:00,2019-03-09T14:53:00,,142
http://irail.be/vehicle/L3884,http://irail.be/stations/NMBS/008814001,L,2019-01-18T14:06:00,2019-01-18T14:06:00,90,
http://irail.be/vehicle/L3884,http://irail.be/stations/NMBS/008815040,L,2019-01-18T14:12:00,2019-01-18T14:11:00,99,123
http://irail.be/vehicle/L3884,http://irail.be/stations/NMBS/008812013,L,2019-01-18T14:14:00,2019-01-18T14:14:00,98,82
http://irail.be/vehicle/L3884,http://irail.be/stations/NMBS/008815016,L,2019-01-18T14:16:00,2019-01-18T14:16:00,118,98
http://irail.be/vehicle/L3884,http://irail.be/stations/NMBS/008812047,L,2019-01-18T14:21:00,2019-01-18T14:20:00,85,79
http://irail.be/vehicle/L3884,http://irail.be/stations/NMBS/008812062,L,2019-01-18T14:25:00,2019-01-18T14:25:00,98,71
http://irail.be/vehicle/L3884,http://irail.be/stations/NMBS/008812070,L,2019-01-18T14:30:00,2019-01-18T14:29:00,125,123
http://irail.be/vehicle/L3884,http://irail.be/stations/NMBS/008812112,L,2019-01-18T14:33:00,2019-01-18T14:33:00,115,103
http://irail.be/vehicle/L3884,http://irail.be/stations/NMBS/008812120,L,2019-01-18T14:37:00,2019-01-18T14:36:00,65,103
http://irail.be/vehicle/L3884,http://irail.be/stations/NMBS/008812146,L,2019-01-18T14:41:00,2019-01-18T14:40:00,40,57
http://irail.be/vehicle/L3884,http://irail.be/stations/NMBS/008812153,L,2019-01-18T14:45:00,2019-01-18T14:45:00,-39,-39
http://irail.be/vehicle/L3884,http://irail.be/stations/NMBS/008812161,L,2019-01-18T14:48:00,2019-01-18T14:48:00,-58,-59
http://irail.be/vehicle/L3884,http://irail.be/stations/NMBS/008893443,L,2019-01-18T14:51:00,2019-01-18T14:51:00,-34,-58
http://irail.be/vehicle/L3884,http://irail.be/stations/NMBS/008893401,L,2019-01-18T14:53:00,2019-01-18T14:53:00,,-35
http://irail.be/vehicle/L3884,http://irail.be/stations/NMBS/008814001,L,2019-02-11T14:06:00,2019-02-11T14:06:00,82,
http://irail.be/vehicle/L3884,http://irail.be/stations/NMBS/008815040,L,2019-02-11T14:12:00,2019-02-11T14:11:00,78,90
http://irail.be/vehicle/L3884,http://irail.be/stations/NMBS/008812013,L,2019-02-11T14:14:00,2019-02-11T14:14:00,86,64
http://irail.be/vehicle/L3884,http://irail.be/stations/NMBS/008815016,L,2019-02-11T14:16:00,2019-02-11T14:16:00,107,86
http://irail.be/vehicle/L3884,http://irail.be/stations/NMBS/008812047,L,2019-02-11T14:21:00,2019-02-11T14:20:00,64,62
http://irail.be/vehicle/L3884,http://irail.be/stations/NMBS/008812062,L,2019-02-11T14:25:00,2019-02-11T14:25:00,76,50
http://irail.be/vehicle/L3884,http://irail.be/stations/NMBS/008812070,L,2019-02-11T14:30:00,2019-02-11T14:29:00,86,93
http://irail.be/vehicle/L3884,http://irail.be/stations/NMBS/008812112,L,2019-02-11T14:33:00,2019-02-11T14:33:00,90,67
http://irail.be/vehicle/L3884,http://irail.be/stations/NMBS/008812120,L,2019-02-11T14:37:00,2019-02-11T14:36:00,78,91
http://irail.be/vehicle/L3884,http://irail.be/stations/NMBS/008812146,L,2019-02-11T14:41:00,2019-02-11T14:40:00,45,70
http://irail.be/vehicle/L3884,http://irail.be/stations/NMBS/008812153,L,2019-02-11T14:45:00,2019-02-11T14:45:00,34,27
http://irail.be/vehicle/L3884,http://irail.be/stations/NMBS/008812161,L,2019-02-11T14:48:00,2019-02-11T14:48:00,33,22
http://irail.be/vehicle/L3884,http://irail.be/stations/NMBS/008893443,L,2019-02-11T14:51:00,2019-02-11T14:51:00,53,33
http://irail.be/vehicle/L3884,http://irail.be/stations/NMBS/008893401,L,2019-02-11T14:53:00,2019-02-11T14:53:00,,64
http://irail.be/vehicle/L3884,http://irail.be/stations/NMBS/008814001,L,2019-06-21T14:06:00,2019-06-21T14:06:00,48,
http://irail.be/vehicle/L3884,http://irail.be/stations/NMBS/008815040,L,2019-06-21T14:12:00,2019-06-21T14:11:00,77,93
http://irail.be/vehicle/L3884,http://irail.be/stations/NMBS/008812013,L,2019-06-21T14:14:00,2019-06-21T14:14:00,85,62
http://irail.be/vehicle/L3884,http://irail.be/stations/NMBS/008815016,L,2019-06-21T14:16:00,2019-06-21T14:16:00,122,85
http://irail.be/vehicle/L3884,http://irail.be/stations/NMBS/008812047,L,2019-06-21T14:21:00,2019-06-21T14:20:00,93,90
http://irail.be/vehicle/L3884,http://irail.be/stations/NMBS/008812062,L,2019-06-21T14:25:00,2019-06-21T14:25:00,114,83
http://irail.be/vehicle/L3884,http://irail.be/stations/NMBS/008812070,L,2019-06-21T14:30:00,2019-06-21T14:29:00,118,126
http://irail.be/vehicle/L3884,http://irail.be/stations/NMBS/008812112,L,2019-06-21T14:33:00,2019-06-21T14:33:00,127,101
http://irail.be/vehicle/L3884,http://irail.be/stations/NMBS/008812120,L,2019-06-21T14:37:00,2019-06-21T14:36:00,105,121
http://irail.be/vehicle/L3884,http://irail.be/stations/NMBS/008812146,L,2019-06-21T14:41:00,2019-06-21T14:40:00,94,109
http://irail.be/vehicle/L3884,http://irail.be/stations/NMBS/008812153,L,2019-06-21T14:44:00,2019-06-21T14:44:00,62,61
http://irail.be/vehicle/L3884,http://irail.be/stations/NMBS/008812161,L,2019-06-21T14:47:00,2019-06-21T14:47:00,56,47
http://irail.be/vehicle/L3884,http://irail.be/stations/NMBS/008893443,L,2019-06-21T14:50:00,2019-06-21T14:50:00,79,56
http://irail.be/vehicle/L3884,http://irail.be/stations/NMBS/008893401,L,2019-06-21T14:52:00,2019-06-21T14:52:00,,88
http://irail.be/vehicle/L3884,http://irail.be/stations/NMBS/008814001,L,2019-04-05T14:06:00,2019-04-05T14:06:00,109,
http://irail.be/vehicle/L3884,http://irail.be/stations/NMBS/008815040,L,2019-04-05T14:12:00,2019-04-05T14:11:00,92,116
http://irail.be/vehicle/L3884,http://irail.be/stations/NMBS/008812013,L,2019-04-05T14:14:00,2019-04-05T14:14:00,105,80
http://irail.be/vehicle/L3884,http://irail.be/stations/NMBS/008815016,L,2019-04-05T14:16:00,2019-04-05T14:16:00,124,105
http://irail.be/vehicle/L3884,http://irail.be/stations/NMBS/008812047,L,2019-04-05T14:21:00,2019-04-05T14:20:00,76,76
http://irail.be/vehicle/L3884,http://irail.be/stations/NMBS/008812062,L,2019-04-05T14:25:00,2019-04-05T14:25:00,81,64
http://irail.be/vehicle/L3884,http://irail.be/stations/NMBS/008812070,L,2019-04-05T14:30:00,2019-04-05T14:29:00,83,96
http://irail.be/vehicle/L3884,http://irail.be/stations/NMBS/008812112,L,2019-04-05T14:33:00,2019-04-05T14:33:00,86,74
http://irail.be/vehicle/L3884,http://irail.be/stations/NMBS/008812120,L,2019-04-05T14:37:00,2019-04-05T14:36:00,43,81
http://irail.be/vehicle/L3884,http://irail.be/stations/NMBS/008812146,L,2019-04-05T14:41:00,2019-04-05T14:40:00,19,38
http://irail.be/vehicle/L3884,http://irail.be/stations/NMBS/008812153,L,2019-04-05T14:45:00,2019-04-05T14:45:00,-49,-57
http://irail.be/vehicle/L3884,http://irail.be/stations/NMBS/008812161,L,2019-04-05T14:48:00,2019-04-05T14:48:00,-45,-71
http://irail.be/vehicle/L3884,http://irail.be/stations/NMBS/008893443,L,2019-04-05T14:51:00,2019-04-05T14:51:00,-22,-45
http://irail.be/vehicle/L3884,http://irail.be/stations/NMBS/008893401,L,2019-04-05T14:53:00,2019-04-05T14:53:00,,11
http://irail.be/vehicle/L3884,http://irail.be/stations/NMBS/008814001,L,2019-05-23T14:06:00,2019-05-23T14:06:00,49,
http://irail.be/vehicle/L3884,http://irail.be/stations/NMBS/008815040,L,2019-05-23T14:12:00,2019-05-23T14:11:00,37,51
http://irail.be/vehicle/L3884,http://irail.be/stations/NMBS/008812013,L,2019-05-23T14:14:00,2019-05-23T14:14:00,49,20
http://irail.be/vehicle/L3884,http://irail.be/stations/NMBS/008815016,L,2019-05-23T14:16:00,2019-05-23T14:16:00,82,49
http://irail.be/vehicle/L3884,http://irail.be/stations/NMBS/008812047,L,2019-05-23T14:21:00,2019-05-23T14:20:00,29,28
http://irail.be/vehicle/L3884,http://irail.be/stations/NMBS/008812062,L,2019-05-23T14:25:00,2019-05-23T14:25:00,32,8
http://irail.be/vehicle/L3884,http://irail.be/stations/NMBS/008812070,L,2019-05-23T14:30:00,2019-05-23T14:29:00,43,40
http://irail.be/vehicle/L3884,http://irail.be/stations/NMBS/008812112,L,2019-05-23T14:33:00,2019-05-23T14:33:00,55,25
http://irail.be/vehicle/L3884,http://irail.be/stations/NMBS/008812120,L,2019-05-23T14:37:00,2019-05-23T14:36:00,41,49
http://irail.be/vehicle/L3884,http://irail.be/stations/NMBS/008812146,L,2019-05-23T14:41:00,2019-05-23T14:40:00,50,50
http://irail.be/vehicle/L3884,http://irail.be/stations/NMBS/008812153,L,2019-05-23T14:45:00,2019-05-23T14:45:00,-15,-26
http://irail.be/vehicle/L3884,http://irail.be/stations/NMBS/008812161,L,2019-05-23T14:48:00,2019-05-23T14:48:00,-26,-39
http://irail.be/vehicle/L3884,http://irail.be/stations/NMBS/008893443,L,2019-05-23T14:51:00,2019-05-23T14:51:00,46,-26
http://irail.be/vehicle/L3884,http://irail.be/stations/NMBS/008893401,L,2019-05-23T14:53:00,2019-05-23T14:53:00,,48
http://irail.be/vehicle/L3884,http://irail.be/stations/NMBS/008814001,L,2019-06-08T14:06:00,2019-06-08T14:06:00,68,
http://irail.be/vehicle/L3884,http://irail.be/stations/NMBS/008815040,L,2019-06-08T14:12:00,2019-06-08T14:11:00,56,86
http://irail.be/vehicle/L3884,http://irail.be/stations/NMBS/008812013,L,2019-06-08T14:14:00,2019-06-08T14:14:00,65,44
http://irail.be/vehicle/L3884,http://irail.be/stations/NMBS/008815016,L,2019-06-08T14:16:00,2019-06-08T14:16:00,93,65
http://irail.be/vehicle/L3884,http://irail.be/stations/NMBS/008812047,L,2019-06-08T14:20:00,2019-06-08T14:20:00,,41
http://irail.be/vehicle/L3884,http://irail.be/stations/NMBS/008814001,L,2019-06-18T14:06:00,2019-06-18T14:06:00,63,
http://irail.be/vehicle/L3884,http://irail.be/stations/NMBS/008815040,L,2019-06-18T14:12:00,2019-06-18T14:11:00,51,69
http://irail.be/vehicle/L3884,http://irail.be/stations/NMBS/008812013,L,2019-06-18T14:14:00,2019-06-18T14:14:00,57,35
http://irail.be/vehicle/L3884,http://irail.be/stations/NMBS/008815016,L,2019-06-18T14:16:00,2019-06-18T14:16:00,79,57
http://irail.be/vehicle/L3884,http://irail.be/stations/NMBS/008812047,L,2019-06-18T14:21:00,2019-06-18T14:20:00,31,33
http://irail.be/vehicle/L3884,http://irail.be/stations/NMBS/008812062,L,2019-06-18T14:25:00,2019-06-18T14:25:00,47,19
http://irail.be/vehicle/L3884,http://irail.be/stations/NMBS/008812070,L,2019-06-18T14:30:00,2019-06-18T14:29:00,48,57
http://irail.be/vehicle/L3884,http://irail.be/stations/NMBS/008812112,L,2019-06-18T14:33:00,2019-06-18T14:33:00,37,22
http://irail.be/vehicle/L3884,http://irail.be/stations/NMBS/008812120,L,2019-06-18T14:37:00,2019-06-18T14:36:00,22,34
http://irail.be/vehicle/L3884,http://irail.be/stations/NMBS/008812146,L,2019-06-18T14:41:00,2019-06-18T14:40:00,47,33
http://irail.be/vehicle/L3884,http://irail.be/stations/NMBS/008812153,L,2019-06-18T14:44:00,2019-06-18T14:44:00,14,9
http://irail.be/vehicle/L3884,http://irail.be/stations/NMBS/008812161,L,2019-06-18T14:47:00,2019-06-18T14:47:00,-8,-10
http://irail.be/vehicle/L3884,http://irail.be/stations/NMBS/008893443,L,2019-06-18T14:50:00,2019-06-18T14:50:00,0,-8
http://irail.be/vehicle/L3884,http://irail.be/stations/NMBS/008893401,L,2019-06-18T14:52:00,2019-06-18T14:52:00,,3
http://irail.be/vehicle/L3884,http://irail.be/stations/NMBS/008814001,L,2019-01-19T14:06:00,2019-01-19T14:06:00,212,
http://irail.be/vehicle/L3884,http://irail.be/stations/NMBS/008815040,L,2019-01-19T14:12:00,2019-01-19T14:11:00,176,203
http://irail.be/vehicle/L3884,http://irail.be/stations/NMBS/008812013,L,2019-01-19T14:14:00,2019-01-19T14:14:00,178,159
http://irail.be/vehicle/L3884,http://irail.be/stations/NMBS/008815016,L,2019-01-19T14:16:00,2019-01-19T14:16:00,203,178
http://irail.be/vehicle/L3884,http://irail.be/stations/NMBS/008812047,L,2019-01-19T14:21:00,2019-01-19T14:20:00,163,143
http://irail.be/vehicle/L3884,http://irail.be/stations/NMBS/008812062,L,2019-01-19T14:25:00,2019-01-19T14:25:00,158,140
http://irail.be/vehicle/L3884,http://irail.be/stations/NMBS/008812070,L,2019-01-19T14:30:00,2019-01-19T14:29:00,144,162
http://irail.be/vehicle/L3884,http://irail.be/stations/NMBS/008812112,L,2019-01-19T14:33:00,2019-01-19T14:33:00,135,120
http://irail.be/vehicle/L3884,http://irail.be/stations/NMBS/008812120,L,2019-01-19T14:37:00,2019-01-19T14:36:00,82,121
http://irail.be/vehicle/L3884,http://irail.be/stations/NMBS/008812146,L,2019-01-19T14:41:00,2019-01-19T14:40:00,15,62
http://irail.be/vehicle/L3884,http://irail.be/stations/NMBS/008812153,L,2019-01-19T14:45:00,2019-01-19T14:45:00,-26,-71
http://irail.be/vehicle/L3884,http://irail.be/stations/NMBS/008812161,L,2019-01-19T14:48:00,2019-01-19T14:48:00,-19,-33
http://irail.be/vehicle/L3884,http://irail.be/stations/NMBS/008893443,L,2019-01-19T14:51:00,2019-01-19T14:51:00,9,-19
http://irail.be/vehicle/L3884,http://irail.be/stations/NMBS/008893401,L,2019-01-19T14:53:00,2019-01-19T14:53:00,,19
http://irail.be/vehicle/L3884,http://irail.be/stations/NMBS/008814001,L,2019-06-07T14:06:00,2019-06-07T14:06:00,45,
http://irail.be/vehicle/L3884,http://irail.be/stations/NMBS/008815040,L,2019-06-07T14:12:00,2019-06-07T14:11:00,99,114
http://irail.be/vehicle/L3884,http://irail.be/stations/NMBS/008812013,L,2019-06-07T14:14:00,2019-06-07T14:14:00,121,96
http://irail.be/vehicle/L3884,http://irail.be/stations/NMBS/008815016,L,2019-06-07T14:16:00,2019-06-07T14:16:00,163,121
http://irail.be/vehicle/L3884,http://irail.be/stations/NMBS/008812047,L,2019-06-07T14:21:00,2019-06-07T14:20:00,117,120
http://irail.be/vehicle/L3884,http://irail.be/stations/NMBS/008812062,L,2019-06-07T14:25:00,2019-06-07T14:25:00,167,127
http://irail.be/vehicle/L3884,http://irail.be/stations/NMBS/008812070,L,2019-06-07T14:30:00,2019-06-07T14:29:00,182,188
http://irail.be/vehicle/L3884,http://irail.be/stations/NMBS/008812112,L,2019-06-07T14:33:00,2019-06-07T14:33:00,210,172
http://irail.be/vehicle/L3884,http://irail.be/stations/NMBS/008812120,L,2019-06-07T14:37:00,2019-06-07T14:36:00,262,283
http://irail.be/vehicle/L3884,http://irail.be/stations/NMBS/008812146,L,2019-06-07T14:41:00,2019-06-07T14:40:00,297,292
http://irail.be/vehicle/L3884,http://irail.be/stations/NMBS/008812153,L,2019-06-07T14:45:00,2019-06-07T14:45:00,260,245
http://irail.be/vehicle/L3884,http://irail.be/stations/NMBS/008812161,L,2019-06-07T14:48:00,2019-06-07T14:48:00,274,241
http://irail.be/vehicle/L3884,http://irail.be/stations/NMBS/008893443,L,2019-06-07T14:51:00,2019-06-07T14:51:00,301,274
http://irail.be/vehicle/L3884,http://irail.be/stations/NMBS/008893401,L,2019-06-07T14:53:00,2019-06-07T14:53:00,,303
http://irail.be/vehicle/L3884,http://irail.be/stations/NMBS/008814001,L,2019-02-07T14:06:00,2019-02-07T14:06:00,41,
http://irail.be/vehicle/L3884,http://irail.be/stations/NMBS/008815040,L,2019-02-07T14:12:00,2019-02-07T14:11:00,26,42
http://irail.be/vehicle/L3884,http://irail.be/stations/NMBS/008812013,L,2019-02-07T14:14:00,2019-02-07T14:14:00,31,10
http://irail.be/vehicle/L3884,http://irail.be/stations/NMBS/008815016,L,2019-02-07T14:16:00,2019-02-07T14:16:00,60,31
http://irail.be/vehicle/L3884,http://irail.be/stations/NMBS/008812047,L,2019-02-07T14:21:00,2019-02-07T14:20:00,27,29
http://irail.be/vehicle/L3884,http://irail.be/stations/NMBS/008812062,L,2019-02-07T14:25:00,2019-02-07T14:25:00,34,11
http://irail.be/vehicle/L3884,http://irail.be/stations/NMBS/008812070,L,2019-02-07T14:30:00,2019-02-07T14:29:00,51,48
http://irail.be/vehicle/L3884,http://irail.be/stations/NMBS/008812112,L,2019-02-07T14:33:00,2019-02-07T14:33:00,48,27
http://irail.be/vehicle/L3884,http://irail.be/stations/NMBS/008812120,L,2019-02-07T14:37:00,2019-02-07T14:36:00,11,38
http://irail.be/vehicle/L3884,http://irail.be/stations/NMBS/008812146,L,2019-02-07T14:41:00,2019-02-07T14:40:00,6,11
http://irail.be/vehicle/L3884,http://irail.be/stations/NMBS/008812153,L,2019-02-07T14:45:00,2019-02-07T14:45:00,-19,-61
http://irail.be/vehicle/L3884,http://irail.be/stations/NMBS/008812161,L,2019-02-07T14:48:00,2019-02-07T14:48:00,-23,-42
http://irail.be/vehicle/L3884,http://irail.be/stations/NMBS/008893443,L,2019-02-07T14:51:00,2019-02-07T14:51:00,11,-23
http://irail.be/vehicle/L3884,http://irail.be/stations/NMBS/008893401,L,2019-02-07T14:53:00,2019-02-07T14:53:00,,8
http://irail.be/vehicle/L3884,http://irail.be/stations/NMBS/008814001,L,2019-02-21T14:06:00,2019-02-21T14:06:00,306,
http://irail.be/vehicle/L3884,http://irail.be/stations/NMBS/008815040,L,2019-02-21T14:12:00,2019-02-21T14:11:00,305,303
http://irail.be/vehicle/L3884,http://irail.be/stations/NMBS/008812013,L,2019-02-21T14:14:00,2019-02-21T14:14:00,327,290
http://irail.be/vehicle/L3884,http://irail.be/stations/NMBS/008815016,L,2019-02-21T14:16:00,2019-02-21T14:16:00,379,327
http://irail.be/vehicle/L3884,http://irail.be/stations/NMBS/008812047,L,2019-02-21T14:21:00,2019-02-21T14:20:00,362,331
http://irail.be/vehicle/L3884,http://irail.be/stations/NMBS/008812062,L,2019-02-21T14:25:00,2019-02-21T14:25:00,365,342
http://irail.be/vehicle/L3884,http://irail.be/stations/NMBS/008812070,L,2019-02-21T14:30:00,2019-02-21T14:29:00,364,375
http://irail.be/vehicle/L3884,http://irail.be/stations/NMBS/008812112,L,2019-02-21T14:33:00,2019-02-21T14:33:00,363,339
http://irail.be/vehicle/L3884,http://irail.be/stations/NMBS/008812120,L,2019-02-21T14:37:00,2019-02-21T14:36:00,335,353
http://irail.be/vehicle/L3884,http://irail.be/stations/NMBS/008812146,L,2019-02-21T14:41:00,2019-02-21T14:40:00,315,322
http://irail.be/vehicle/L3884,http://irail.be/stations/NMBS/008812153,L,2019-02-21T14:45:00,2019-02-21T14:45:00,236,236
http://irail.be/vehicle/L3884,http://irail.be/stations/NMBS/008812161,L,2019-02-21T14:48:00,2019-02-21T14:48:00,220,209
http://irail.be/vehicle/L3884,http://irail.be/stations/NMBS/008893443,L,2019-02-21T14:51:00,2019-02-21T14:51:00,249,220
http://irail.be/vehicle/L3884,http://irail.be/stations/NMBS/008893401,L,2019-02-21T14:53:00,2019-02-21T14:53:00,,246
http://irail.be/vehicle/L3884,http://irail.be/stations/NMBS/008814001,L,2019-06-15T14:06:00,2019-06-15T14:06:00,125,
http://irail.be/vehicle/L3884,http://irail.be/stations/NMBS/008815040,L,2019-06-15T14:12:00,2019-06-15T14:11:00,153,187
http://irail.be/vehicle/L3884,http://irail.be/stations/NMBS/008812013,L,2019-06-15T14:14:00,2019-06-15T14:14:00,163,139
http://irail.be/vehicle/L3884,http://irail.be/stations/NMBS/008815016,L,2019-06-15T14:16:00,2019-06-15T14:16:00,195,163
http://irail.be/vehicle/L3884,http://irail.be/stations/NMBS/008812047,L,2019-06-15T14:21:00,2019-06-15T14:20:00,150,153
http://irail.be/vehicle/L3884,http://irail.be/stations/NMBS/008812062,L,2019-06-15T14:25:00,2019-06-15T14:25:00,162,139
http://irail.be/vehicle/L3884,http://irail.be/stations/NMBS/008812070,L,2019-06-15T14:30:00,2019-06-15T14:29:00,169,184
http://irail.be/vehicle/L3884,http://irail.be/stations/NMBS/008812112,L,2019-06-15T14:33:00,2019-06-15T14:33:00,175,155
http://irail.be/vehicle/L3884,http://irail.be/stations/NMBS/008812120,L,2019-06-15T14:37:00,2019-06-15T14:36:00,155,178
http://irail.be/vehicle/L3884,http://irail.be/stations/NMBS/008812146,L,2019-06-15T14:41:00,2019-06-15T14:40:00,166,170
http://irail.be/vehicle/L3884,http://irail.be/stations/NMBS/008812153,L,2019-06-15T14:44:00,2019-06-15T14:44:00,162,159
http://irail.be/vehicle/L3884,http://irail.be/stations/NMBS/008812161,L,2019-06-15T14:47:00,2019-06-15T14:47:00,162,142
http://irail.be/vehicle/L3884,http://irail.be/stations/NMBS/008893443,L,2019-06-15T14:50:00,2019-06-15T14:50:00,173,162
http://irail.be/vehicle/L3884,http://irail.be/stations/NMBS/008893401,L,2019-06-15T14:52:00,2019-06-15T14:52:00,,178
http://irail.be/vehicle/L3884,http://irail.be/stations/NMBS/008814001,L,2019-05-24T14:06:00,2019-05-24T14:06:00,199,
http://irail.be/vehicle/L3884,http://irail.be/stations/NMBS/008815040,L,2019-05-24T14:12:00,2019-05-24T14:11:00,367,394
http://irail.be/vehicle/L3884,http://irail.be/stations/NMBS/008812013,L,2019-05-24T14:14:00,2019-05-24T14:14:00,360,353
http://irail.be/vehicle/L3884,http://irail.be/stations/NMBS/008815016,L,2019-05-24T14:16:00,2019-05-24T14:16:00,388,360
http://irail.be/vehicle/L3884,http://irail.be/stations/NMBS/008812047,L,2019-05-24T14:21:00,2019-05-24T14:20:00,345,344
http://irail.be/vehicle/L3884,http://irail.be/stations/NMBS/008812062,L,2019-05-24T14:25:00,2019-05-24T14:25:00,341,324
http://irail.be/vehicle/L3884,http://irail.be/stations/NMBS/008812070,L,2019-05-24T14:30:00,2019-05-24T14:29:00,336,354
http://irail.be/vehicle/L3884,http://irail.be/stations/NMBS/008812112,L,2019-05-24T14:33:00,2019-05-24T14:33:00,343,320
http://irail.be/vehicle/L3884,http://irail.be/stations/NMBS/008812120,L,2019-05-24T14:37:00,2019-05-24T14:36:00,306,336
http://irail.be/vehicle/L3884,http://irail.be/stations/NMBS/008812146,L,2019-05-24T14:41:00,2019-05-24T14:40:00,304,314
http://irail.be/vehicle/L3884,http://irail.be/stations/NMBS/008812153,L,2019-05-24T14:45:00,2019-05-24T14:45:00,247,228
http://irail.be/vehicle/L3884,http://irail.be/stations/NMBS/008812161,L,2019-05-24T14:48:00,2019-05-24T14:48:00,231,226
http://irail.be/vehicle/L3884,http://irail.be/stations/NMBS/008893443,L,2019-05-24T14:51:00,2019-05-24T14:51:00,253,231
http://irail.be/vehicle/L3884,http://irail.be/stations/NMBS/008893401,L,2019-05-24T14:53:00,2019-05-24T14:53:00,,255
http://irail.be/vehicle/L3884,http://irail.be/stations/NMBS/008814001,L,2019-01-06T14:06:00,2019-01-06T14:06:00,9,
http://irail.be/vehicle/L3884,http://irail.be/stations/NMBS/008815040,L,2019-01-06T14:12:00,2019-01-06T14:11:00,4,14
http://irail.be/vehicle/L3884,http://irail.be/stations/NMBS/008812013,L,2019-01-06T14:14:00,2019-01-06T14:14:00,21,-4
http://irail.be/vehicle/L3884,http://irail.be/stations/NMBS/008815016,L,2019-01-06T14:16:00,2019-01-06T14:16:00,52,21
http://irail.be/vehicle/L3884,http://irail.be/stations/NMBS/008812047,L,2019-01-06T14:21:00,2019-01-06T14:20:00,13,3
http://irail.be/vehicle/L3884,http://irail.be/stations/NMBS/008812062,L,2019-01-06T14:25:00,2019-01-06T14:25:00,26,2
http://irail.be/vehicle/L3884,http://irail.be/stations/NMBS/008812070,L,2019-01-06T14:30:00,2019-01-06T14:29:00,33,46
http://irail.be/vehicle/L3884,http://irail.be/stations/NMBS/008812112,L,2019-01-06T14:33:00,2019-01-06T14:33:00,39,17
http://irail.be/vehicle/L3884,http://irail.be/stations/NMBS/008812120,L,2019-01-06T14:37:00,2019-01-06T14:36:00,-5,29
http://irail.be/vehicle/L3884,http://irail.be/stations/NMBS/008812146,L,2019-01-06T14:41:00,2019-01-06T14:40:00,-3,-7
http://irail.be/vehicle/L3884,http://irail.be/stations/NMBS/008812153,L,2019-01-06T14:45:00,2019-01-06T14:45:00,-30,-81
http://irail.be/vehicle/L3884,http://irail.be/stations/NMBS/008812161,L,2019-01-06T14:48:00,2019-01-06T14:48:00,-30,-48
http://irail.be/vehicle/L3884,http://irail.be/stations/NMBS/008893443,L,2019-01-06T14:51:00,2019-01-06T14:51:00,3,-30
http://irail.be/vehicle/L3884,http://irail.be/stations/NMBS/008893401,L,2019-01-06T14:53:00,2019-01-06T14:53:00,,0
http://irail.be/vehicle/L3884,http://irail.be/stations/NMBS/008814001,L,2019-03-19T14:06:00,2019-03-19T14:06:00,242,
http://irail.be/vehicle/L3884,http://irail.be/stations/NMBS/008815040,L,2019-03-19T14:12:00,2019-03-19T14:11:00,213,239
http://irail.be/vehicle/L3884,http://irail.be/stations/NMBS/008812013,L,2019-03-19T14:14:00,2019-03-19T14:14:00,233,201
http://irail.be/vehicle/L3884,http://irail.be/stations/NMBS/008815016,L,2019-03-19T14:16:00,2019-03-19T14:16:00,260,233
http://irail.be/vehicle/L3884,http://irail.be/stations/NMBS/008812047,L,2019-03-19T14:21:00,2019-03-19T14:20:00,223,223
http://irail.be/vehicle/L3884,http://irail.be/stations/NMBS/008812062,L,2019-03-19T14:25:00,2019-03-19T14:25:00,239,216
http://irail.be/vehicle/L3884,http://irail.be/stations/NMBS/008812070,L,2019-03-19T14:30:00,2019-03-19T14:29:00,252,257
http://irail.be/vehicle/L3884,http://irail.be/stations/NMBS/008812112,L,2019-03-19T14:33:00,2019-03-19T14:33:00,251,243
http://irail.be/vehicle/L3884,http://irail.be/stations/NMBS/008812120,L,2019-03-19T14:37:00,2019-03-19T14:36:00,208,244
http://irail.be/vehicle/L3884,http://irail.be/stations/NMBS/008812146,L,2019-03-19T14:41:00,2019-03-19T14:40:00,175,202
http://irail.be/vehicle/L3884,http://irail.be/stations/NMBS/008812153,L,2019-03-19T14:45:00,2019-03-19T14:45:00,109,109
http://irail.be/vehicle/L3884,http://irail.be/stations/NMBS/008812161,L,2019-03-19T14:48:00,2019-03-19T14:48:00,88,78
http://irail.be/vehicle/L3884,http://irail.be/stations/NMBS/008893443,L,2019-03-19T14:51:00,2019-03-19T14:51:00,101,88
http://irail.be/vehicle/L3884,http://irail.be/stations/NMBS/008893401,L,2019-03-19T14:53:00,2019-03-19T14:53:00,,109
http://irail.be/vehicle/L3884,http://irail.be/stations/NMBS/008814001,L,2019-03-10T14:06:00,2019-03-10T14:06:00,53,
http://irail.be/vehicle/L3884,http://irail.be/stations/NMBS/008815040,L,2019-03-10T14:12:00,2019-03-10T14:11:00,12,44
http://irail.be/vehicle/L3884,http://irail.be/stations/NMBS/008812013,L,2019-03-10T14:14:00,2019-03-10T14:14:00,18,-3
http://irail.be/vehicle/L3884,http://irail.be/stations/NMBS/008815016,L,2019-03-10T14:16:00,2019-03-10T14:16:00,37,18
http://irail.be/vehicle/L3884,http://irail.be/stations/NMBS/008812047,L,2019-03-10T14:20:00,2019-03-10T14:20:00,,11
http://irail.be/vehicle/L3884,http://irail.be/stations/NMBS/008814001,L,2019-06-05T14:06:00,2019-06-05T14:06:00,30,
http://irail.be/vehicle/L3884,http://irail.be/stations/NMBS/008815040,L,2019-06-05T14:12:00,2019-06-05T14:11:00,8,15
http://irail.be/vehicle/L3884,http://irail.be/stations/NMBS/008812013,L,2019-06-05T14:14:00,2019-06-05T14:14:00,34,-2
http://irail.be/vehicle/L3884,http://irail.be/stations/NMBS/008815016,L,2019-06-05T14:16:00,2019-06-05T14:16:00,72,34
http://irail.be/vehicle/L3884,http://irail.be/stations/NMBS/008812047,L,2019-06-05T14:21:00,2019-06-05T14:20:00,20,28
http://irail.be/vehicle/L3884,http://irail.be/stations/NMBS/008812062,L,2019-06-05T14:25:00,2019-06-05T14:25:00,45,10
http://irail.be/vehicle/L3884,http://irail.be/stations/NMBS/008812070,L,2019-06-05T14:30:00,2019-06-05T14:29:00,154,66
http://irail.be/vehicle/L3884,http://irail.be/stations/NMBS/008812112,L,2019-06-05T14:33:00,2019-06-05T14:33:00,175,145
http://irail.be/vehicle/L3884,http://irail.be/stations/NMBS/008812120,L,2019-06-05T14:37:00,2019-06-05T14:36:00,174,181
http://irail.be/vehicle/L3884,http://irail.be/stations/NMBS/008812146,L,2019-06-05T14:41:00,2019-06-05T14:40:00,193,186
http://irail.be/vehicle/L3884,http://irail.be/stations/NMBS/008812153,L,2019-06-05T14:45:00,2019-06-05T14:45:00,135,123
http://irail.be/vehicle/L3884,http://irail.be/stations/NMBS/008812161,L,2019-06-05T14:48:00,2019-06-05T14:48:00,128,112
http://irail.be/vehicle/L3884,http://irail.be/stations/NMBS/008893443,L,2019-06-05T14:51:00,2019-06-05T14:51:00,148,128
http://irail.be/vehicle/L3884,http://irail.be/stations/NMBS/008893401,L,2019-06-05T14:53:00,2019-06-05T14:53:00,,165
http://irail.be/vehicle/L3884,http://irail.be/stations/NMBS/008814001,L,2019-01-15T14:06:00,2019-01-15T14:06:00,17,
http://irail.be/vehicle/L3884,http://irail.be/stations/NMBS/008815040,L,2019-01-15T14:12:00,2019-01-15T14:11:00,43,52
http://irail.be/vehicle/L3884,http://irail.be/stations/NMBS/008812013,L,2019-01-15T14:14:00,2019-01-15T14:14:00,83,35
http://irail.be/vehicle/L3884,http://irail.be/stations/NMBS/008815016,L,2019-01-15T14:16:00,2019-01-15T14:16:00,109,83
http://irail.be/vehicle/L3884,http://irail.be/stations/NMBS/008812047,L,2019-01-15T14:21:00,2019-01-15T14:20:00,88,79
http://irail.be/vehicle/L3884,http://irail.be/stations/NMBS/008812062,L,2019-01-15T14:25:00,2019-01-15T14:25:00,111,88
http://irail.be/vehicle/L3884,http://irail.be/stations/NMBS/008812070,L,2019-01-15T14:30:00,2019-01-15T14:29:00,138,144
http://irail.be/vehicle/L3884,http://irail.be/stations/NMBS/008812112,L,2019-01-15T14:33:00,2019-01-15T14:33:00,135,117
http://irail.be/vehicle/L3884,http://irail.be/stations/NMBS/008812120,L,2019-01-15T14:37:00,2019-01-15T14:36:00,86,123
http://irail.be/vehicle/L3884,http://irail.be/stations/NMBS/008812146,L,2019-01-15T14:41:00,2019-01-15T14:40:00,65,76
http://irail.be/vehicle/L3884,http://irail.be/stations/NMBS/008812153,L,2019-01-15T14:45:00,2019-01-15T14:45:00,-9,-9
http://irail.be/vehicle/L3884,http://irail.be/stations/NMBS/008812161,L,2019-01-15T14:48:00,2019-01-15T14:48:00,-15,-27
http://irail.be/vehicle/L3884,http://irail.be/stations/NMBS/008893443,L,2019-01-15T14:51:00,2019-01-15T14:51:00,-1,-15
http://irail.be/vehicle/L3884,http://irail.be/stations/NMBS/008893401,L,2019-01-15T14:53:00,2019-01-15T14:53:00,,12
http://irail.be/vehicle/L3884,http://irail.be/stations/NMBS/008814001,L,2019-02-06T14:06:00,2019-02-06T14:06:00,37,
http://irail.be/vehicle/L3884,http://irail.be/stations/NMBS/008815040,L,2019-02-06T14:12:00,2019-02-06T14:11:00,97,62
http://irail.be/vehicle/L3884,http://irail.be/stations/NMBS/008812013,L,2019-02-06T14:14:00,2019-02-06T14:14:00,110,87
http://irail.be/vehicle/L3884,http://irail.be/stations/NMBS/008815016,L,2019-02-06T14:16:00,2019-02-06T14:16:00,136,110
http://irail.be/vehicle/L3884,http://irail.be/stations/NMBS/008812047,L,2019-02-06T14:21:00,2019-02-06T14:20:00,219,93
http://irail.be/vehicle/L3884,http://irail.be/stations/NMBS/008812062,L,2019-02-06T14:25:00,2019-02-06T14:25:00,222,206
http://irail.be/vehicle/L3884,http://irail.be/stations/NMBS/008812070,L,2019-02-06T14:30:00,2019-02-06T14:29:00,213,227
http://irail.be/vehicle/L3884,http://irail.be/stations/NMBS/008812112,L,2019-02-06T14:33:00,2019-02-06T14:33:00,203,185
http://irail.be/vehicle/L3884,http://irail.be/stations/NMBS/008812120,L,2019-02-06T14:37:00,2019-02-06T14:36:00,150,188
http://irail.be/vehicle/L3884,http://irail.be/stations/NMBS/008812146,L,2019-02-06T14:41:00,2019-02-06T14:40:00,119,137
http://irail.be/vehicle/L3884,http://irail.be/stations/NMBS/008812153,L,2019-02-06T14:45:00,2019-02-06T14:45:00,40,38
http://irail.be/vehicle/L3884,http://irail.be/stations/NMBS/008812161,L,2019-02-06T14:48:00,2019-02-06T14:48:00,23,16
http://irail.be/vehicle/L3884,http://irail.be/stations/NMBS/008893443,L,2019-02-06T14:51:00,2019-02-06T14:51:00,38,23
http://irail.be/vehicle/L3884,http://irail.be/stations/NMBS/008893401,L,2019-02-06T14:53:00,2019-02-06T14:53:00,,39
http://irail.be/vehicle/L3884,http://irail.be/stations/NMBS/008814001,L,2019-04-25T14:06:00,2019-04-25T14:06:00,72,
http://irail.be/vehicle/L3884,http://irail.be/stations/NMBS/008815040,L,2019-04-25T14:12:00,2019-04-25T14:11:00,181,154
http://irail.be/vehicle/L3884,http://irail.be/stations/NMBS/008812013,L,2019-04-25T14:14:00,2019-04-25T14:14:00,177,165
http://irail.be/vehicle/L3884,http://irail.be/stations/NMBS/008815016,L,2019-04-25T14:16:00,2019-04-25T14:16:00,199,177
http://irail.be/vehicle/L3884,http://irail.be/stations/NMBS/008812047,L,2019-04-25T14:21:00,2019-04-25T14:20:00,153,154
http://irail.be/vehicle/L3884,http://irail.be/stations/NMBS/008812062,L,2019-04-25T14:25:00,2019-04-25T14:25:00,161,136
http://irail.be/vehicle/L3884,http://irail.be/stations/NMBS/008812070,L,2019-04-25T14:30:00,2019-04-25T14:29:00,172,183
http://irail.be/vehicle/L3884,http://irail.be/stations/NMBS/008812112,L,2019-04-25T14:33:00,2019-04-25T14:33:00,168,145
http://irail.be/vehicle/L3884,http://irail.be/stations/NMBS/008812120,L,2019-04-25T14:37:00,2019-04-25T14:36:00,129,162
http://irail.be/vehicle/L3884,http://irail.be/stations/NMBS/008812146,L,2019-04-25T14:41:00,2019-04-25T14:40:00,140,137
http://irail.be/vehicle/L3884,http://irail.be/stations/NMBS/008812153,L,2019-04-25T14:45:00,2019-04-25T14:45:00,73,66
http://irail.be/vehicle/L3884,http://irail.be/stations/NMBS/008812161,L,2019-04-25T14:48:00,2019-04-25T14:48:00,63,56
http://irail.be/vehicle/L3884,http://irail.be/stations/NMBS/008893443,L,2019-04-25T14:51:00,2019-04-25T14:51:00,73,63
http://irail.be/vehicle/L3884,http://irail.be/stations/NMBS/008893401,L,2019-04-25T14:53:00,2019-04-25T14:53:00,,79
http://irail.be/vehicle/L3884,http://irail.be/stations/NMBS/008814001,L,2019-06-13T14:06:00,2019-06-13T14:06:00,82,
http://irail.be/vehicle/L3884,http://irail.be/stations/NMBS/008815040,L,2019-06-13T14:12:00,2019-06-13T14:11:00,109,100
http://irail.be/vehicle/L3884,http://irail.be/stations/NMBS/008812013,L,2019-06-13T14:14:00,2019-06-13T14:14:00,149,93
http://irail.be/vehicle/L3884,http://irail.be/stations/NMBS/008815016,L,2019-06-13T14:16:00,2019-06-13T14:16:00,176,149
http://irail.be/vehicle/L3884,http://irail.be/stations/NMBS/008812047,L,2019-06-13T14:21:00,2019-06-13T14:20:00,231,233
http://irail.be/vehicle/L3884,http://irail.be/stations/NMBS/008812062,L,2019-06-13T14:25:00,2019-06-13T14:25:00,229,215
http://irail.be/vehicle/L3884,http://irail.be/stations/NMBS/008812070,L,2019-06-13T14:30:00,2019-06-13T14:29:00,230,238
http://irail.be/vehicle/L3884,http://irail.be/stations/NMBS/008812112,L,2019-06-13T14:33:00,2019-06-13T14:33:00,211,201
http://irail.be/vehicle/L3884,http://irail.be/stations/NMBS/008812120,L,2019-06-13T14:37:00,2019-06-13T14:36:00,186,205
http://irail.be/vehicle/L3884,http://irail.be/stations/NMBS/008812146,L,2019-06-13T14:41:00,2019-06-13T14:40:00,205,198
http://irail.be/vehicle/L3884,http://irail.be/stations/NMBS/008812153,L,2019-06-13T14:44:00,2019-06-13T14:44:00,187,183
http://irail.be/vehicle/L3884,http://irail.be/stations/NMBS/008812161,L,2019-06-13T14:47:00,2019-06-13T14:47:00,168,163
http://irail.be/vehicle/L3884,http://irail.be/stations/NMBS/008893443,L,2019-06-13T14:50:00,2019-06-13T14:50:00,175,168
http://irail.be/vehicle/L3884,http://irail.be/stations/NMBS/008893401,L,2019-06-13T14:52:00,2019-06-13T14:52:00,,180
http://irail.be/vehicle/L3884,http://irail.be/stations/NMBS/008814001,L,2019-06-29T14:06:00,2019-06-29T14:06:00,395,
http://irail.be/vehicle/L3884,http://irail.be/stations/NMBS/008815040,L,2019-06-29T14:12:00,2019-06-29T14:11:00,439,414
http://irail.be/vehicle/L3884,http://irail.be/stations/NMBS/008812013,L,2019-06-29T14:14:00,2019-06-29T14:14:00,438,424
http://irail.be/vehicle/L3884,http://irail.be/stations/NMBS/008815016,L,2019-06-29T14:16:00,2019-06-29T14:16:00,455,438
http://irail.be/vehicle/L3884,http://irail.be/stations/NMBS/008812047,L,2019-06-29T14:21:00,2019-06-29T14:20:00,396,402
http://irail.be/vehicle/L3884,http://irail.be/stations/NMBS/008812062,L,2019-06-29T14:25:00,2019-06-29T14:25:00,392,373
http://irail.be/vehicle/L3884,http://irail.be/stations/NMBS/008812070,L,2019-06-29T14:30:00,2019-06-29T14:29:00,392,404
http://irail.be/vehicle/L3884,http://irail.be/stations/NMBS/008812112,L,2019-06-29T14:33:00,2019-06-29T14:33:00,390,372
http://irail.be/vehicle/L3884,http://irail.be/stations/NMBS/008812120,L,2019-06-29T14:37:00,2019-06-29T14:36:00,353,384
http://irail.be/vehicle/L3884,http://irail.be/stations/NMBS/008812146,L,2019-06-29T14:41:00,2019-06-29T14:40:00,307,341
http://irail.be/vehicle/L3884,http://irail.be/stations/NMBS/008812153,L,2019-06-29T14:44:00,2019-06-29T14:44:00,274,271
http://irail.be/vehicle/L3884,http://irail.be/stations/NMBS/008812161,L,2019-06-29T14:47:00,2019-06-29T14:47:00,262,251
http://irail.be/vehicle/L3884,http://irail.be/stations/NMBS/008893443,L,2019-06-29T14:50:00,2019-06-29T14:50:00,287,262
http://irail.be/vehicle/L3884,http://irail.be/stations/NMBS/008893401,L,2019-06-29T14:52:00,2019-06-29T14:52:00,,294
http://irail.be/vehicle/L3884,http://irail.be/stations/NMBS/008814001,L,2019-01-03T14:06:00,2019-01-03T14:06:00,3,
http://irail.be/vehicle/L3884,http://irail.be/stations/NMBS/008815040,L,2019-01-03T14:12:00,2019-01-03T14:11:00,9,29
http://irail.be/vehicle/L3884,http://irail.be/stations/NMBS/008812013,L,2019-01-03T14:14:00,2019-01-03T14:14:00,31,0
http://irail.be/vehicle/L3884,http://irail.be/stations/NMBS/008815016,L,2019-01-03T14:16:00,2019-01-03T14:16:00,52,31
http://irail.be/vehicle/L3884,http://irail.be/stations/NMBS/008812047,L,2019-01-03T14:21:00,2019-01-03T14:20:00,3,13
http://irail.be/vehicle/L3884,http://irail.be/stations/NMBS/008812062,L,2019-01-03T14:25:00,2019-01-03T14:25:00,12,-9
http://irail.be/vehicle/L3884,http://irail.be/stations/NMBS/008812070,L,2019-01-03T14:30:00,2019-01-03T14:29:00,15,29
http://irail.be/vehicle/L3884,http://irail.be/stations/NMBS/008812112,L,2019-01-03T14:33:00,2019-01-03T14:33:00,3,-6
http://irail.be/vehicle/L3884,http://irail.be/stations/NMBS/008812120,L,2019-01-03T14:37:00,2019-01-03T14:36:00,-24,-6
http://irail.be/vehicle/L3884,http://irail.be/stations/NMBS/008812146,L,2019-01-03T14:41:00,2019-01-03T14:40:00,-33,-23
http://irail.be/vehicle/L3884,http://irail.be/stations/NMBS/008812153,L,2019-01-03T14:45:00,2019-01-03T14:45:00,-99,-103
http://irail.be/vehicle/L3884,http://irail.be/stations/NMBS/008812161,L,2019-01-03T14:48:00,2019-01-03T14:48:00,-112,-115
http://irail.be/vehicle/L3884,http://irail.be/stations/NMBS/008893443,L,2019-01-03T14:51:00,2019-01-03T14:51:00,-94,-112
http://irail.be/vehicle/L3884,http://irail.be/stations/NMBS/008893401,L,2019-01-03T14:53:00,2019-01-03T14:53:00,,-80
http://irail.be/vehicle/L3884,http://irail.be/stations/NMBS/008814001,L,2019-06-19T14:06:00,2019-06-19T14:06:00,55,
http://irail.be/vehicle/L3884,http://irail.be/stations/NMBS/008815040,L,2019-06-19T14:12:00,2019-06-19T14:11:00,83,103
http://irail.be/vehicle/L3884,http://irail.be/stations/NMBS/008812013,L,2019-06-19T14:14:00,2019-06-19T14:14:00,130,78
http://irail.be/vehicle/L3884,http://irail.be/stations/NMBS/008815016,L,2019-06-19T14:16:00,2019-06-19T14:16:00,155,130
http://irail.be/vehicle/L3884,http://irail.be/stations/NMBS/008812047,L,2019-06-19T14:21:00,2019-06-19T14:20:00,122,120
http://irail.be/vehicle/L3884,http://irail.be/stations/NMBS/008812062,L,2019-06-19T14:25:00,2019-06-19T14:25:00,151,109
http://irail.be/vehicle/L3884,http://irail.be/stations/NMBS/008812070,L,2019-06-19T14:30:00,2019-06-19T14:29:00,163,171
http://irail.be/vehicle/L3884,http://irail.be/stations/NMBS/008812112,L,2019-06-19T14:33:00,2019-06-19T14:33:00,163,147
http://irail.be/vehicle/L3884,http://irail.be/stations/NMBS/008812120,L,2019-06-19T14:37:00,2019-06-19T14:36:00,140,156
http://irail.be/vehicle/L3884,http://irail.be/stations/NMBS/008812146,L,2019-06-19T14:41:00,2019-06-19T14:40:00,127,148
http://irail.be/vehicle/L3884,http://irail.be/stations/NMBS/008812153,L,2019-06-19T14:44:00,2019-06-19T14:44:00,95,95
http://irail.be/vehicle/L3884,http://irail.be/stations/NMBS/008812161,L,2019-06-19T14:47:00,2019-06-19T14:47:00,94,71
http://irail.be/vehicle/L3884,http://irail.be/stations/NMBS/008893443,L,2019-06-19T14:50:00,2019-06-19T14:50:00,114,94
http://irail.be/vehicle/L3884,http://irail.be/stations/NMBS/008893401,L,2019-06-19T14:52:00,2019-06-19T14:52:00,,122
http://irail.be/vehicle/L3884,http://irail.be/stations/NMBS/008814001,L,2019-06-25T14:06:00,2019-06-25T14:06:00,589,
http://irail.be/vehicle/L3884,http://irail.be/stations/NMBS/008815040,L,2019-06-25T14:12:00,2019-06-25T14:11:00,586,594
http://irail.be/vehicle/L3884,http://irail.be/stations/NMBS/008812013,L,2019-06-25T14:14:00,2019-06-25T14:14:00,585,573
http://irail.be/vehicle/L3884,http://irail.be/stations/NMBS/008815016,L,2019-06-25T14:16:00,2019-06-25T14:16:00,593,585
http://irail.be/vehicle/L3884,http://irail.be/stations/NMBS/008812047,L,2019-06-25T14:21:00,2019-06-25T14:20:00,528,542
http://irail.be/vehicle/L3884,http://irail.be/stations/NMBS/008812062,L,2019-06-25T14:25:00,2019-06-25T14:25:00,514,500
http://irail.be/vehicle/L3884,http://irail.be/stations/NMBS/008812070,L,2019-06-25T14:30:00,2019-06-25T14:29:00,501,525
http://irail.be/vehicle/L3884,http://irail.be/stations/NMBS/008812112,L,2019-06-25T14:33:00,2019-06-25T14:33:00,482,475
http://irail.be/vehicle/L3884,http://irail.be/stations/NMBS/008812120,L,2019-06-25T14:37:00,2019-06-25T14:36:00,435,473
http://irail.be/vehicle/L3884,http://irail.be/stations/NMBS/008812146,L,2019-06-25T14:41:00,2019-06-25T14:40:00,400,419
http://irail.be/vehicle/L3884,http://irail.be/stations/NMBS/008812153,L,2019-06-25T14:44:00,2019-06-25T14:44:00,367,365
http://irail.be/vehicle/L3884,http://irail.be/stations/NMBS/008812161,L,2019-06-25T14:47:00,2019-06-25T14:47:00,344,344
http://irail.be/vehicle/L3884,http://irail.be/stations/NMBS/008893443,L,2019-06-25T14:50:00,2019-06-25T14:50:00,332,329
http://irail.be/vehicle/L3884,http://irail.be/stations/NMBS/008893401,L,2019-06-25T14:52:00,2019-06-25T14:52:00,,332
http://irail.be/vehicle/L3884,http://irail.be/stations/NMBS/008814001,L,2019-02-16T14:06:00,2019-02-16T14:06:00,475,
http://irail.be/vehicle/L3884,http://irail.be/stations/NMBS/008815040,L,2019-02-16T14:12:00,2019-02-16T14:11:00,456,487
http://irail.be/vehicle/L3884,http://irail.be/stations/NMBS/008812013,L,2019-02-16T14:14:00,2019-02-16T14:14:00,472,442
http://irail.be/vehicle/L3884,http://irail.be/stations/NMBS/008815016,L,2019-02-16T14:16:00,2019-02-16T14:16:00,512,472
http://irail.be/vehicle/L3884,http://irail.be/stations/NMBS/008812047,L,2019-02-16T14:21:00,2019-02-16T14:20:00,478,472
http://irail.be/vehicle/L3884,http://irail.be/stations/NMBS/008812062,L,2019-02-16T14:25:00,2019-02-16T14:25:00,482,461
http://irail.be/vehicle/L3884,http://irail.be/stations/NMBS/008812070,L,2019-02-16T14:30:00,2019-02-16T14:29:00,478,495
http://irail.be/vehicle/L3884,http://irail.be/stations/NMBS/008812112,L,2019-02-16T14:33:00,2019-02-16T14:33:00,487,461
http://irail.be/vehicle/L3884,http://irail.be/stations/NMBS/008812120,L,2019-02-16T14:37:00,2019-02-16T14:36:00,455,478
http://irail.be/vehicle/L3884,http://irail.be/stations/NMBS/008812146,L,2019-02-16T14:41:00,2019-02-16T14:40:00,436,442
http://irail.be/vehicle/L3884,http://irail.be/stations/NMBS/008812153,L,2019-02-16T14:45:00,2019-02-16T14:45:00,368,368
http://irail.be/vehicle/L3884,http://irail.be/stations/NMBS/008812161,L,2019-02-16T14:48:00,2019-02-16T14:48:00,341,335
http://irail.be/vehicle/L3884,http://irail.be/stations/NMBS/008893443,L,2019-02-16T14:51:00,2019-02-16T14:51:00,367,341
http://irail.be/vehicle/L3884,http://irail.be/stations/NMBS/008893401,L,2019-02-16T14:53:00,2019-02-16T14:53:00,,389
http://irail.be/vehicle/L3884,http://irail.be/stations/NMBS/008814001,L,2019-02-03T14:06:00,2019-02-03T14:06:00,81,
http://irail.be/vehicle/L3884,http://irail.be/stations/NMBS/008815040,L,2019-02-03T14:12:00,2019-02-03T14:11:00,69,91
http://irail.be/vehicle/L3884,http://irail.be/stations/NMBS/008812013,L,2019-02-03T14:14:00,2019-02-03T14:14:00,88,53
http://irail.be/vehicle/L3884,http://irail.be/stations/NMBS/008815016,L,2019-02-03T14:16:00,2019-02-03T14:16:00,105,88
http://irail.be/vehicle/L3884,http://irail.be/stations/NMBS/008812047,L,2019-02-03T14:21:00,2019-02-03T14:20:00,53,55
http://irail.be/vehicle/L3884,http://irail.be/stations/NMBS/008812062,L,2019-02-03T14:25:00,2019-02-03T14:25:00,50,32
http://irail.be/vehicle/L3884,http://irail.be/stations/NMBS/008812070,L,2019-02-03T14:30:00,2019-02-03T14:29:00,35,56
http://irail.be/vehicle/L3884,http://irail.be/stations/NMBS/008812112,L,2019-02-03T14:33:00,2019-02-03T14:33:00,36,11
http://irail.be/vehicle/L3884,http://irail.be/stations/NMBS/008812120,L,2019-02-03T14:37:00,2019-02-03T14:36:00,11,32
http://irail.be/vehicle/L3884,http://irail.be/stations/NMBS/008812146,L,2019-02-03T14:41:00,2019-02-03T14:40:00,-14,1
http://irail.be/vehicle/L3884,http://irail.be/stations/NMBS/008812153,L,2019-02-03T14:45:00,2019-02-03T14:45:00,-78,-85
http://irail.be/vehicle/L3884,http://irail.be/stations/NMBS/008812161,L,2019-02-03T14:48:00,2019-02-03T14:48:00,-86,-100
http://irail.be/vehicle/L3884,http://irail.be/stations/NMBS/008893443,L,2019-02-03T14:51:00,2019-02-03T14:51:00,-61,-86
http://irail.be/vehicle/L3884,http://irail.be/stations/NMBS/008893401,L,2019-02-03T14:53:00,2019-02-03T14:53:00,,-36
http://irail.be/vehicle/L3884,http://irail.be/stations/NMBS/008814001,L,2019-03-08T14:06:00,2019-03-08T14:06:00,29,
http://irail.be/vehicle/L3884,http://irail.be/stations/NMBS/008815040,L,2019-03-08T14:12:00,2019-03-08T14:11:00,20,41
http://irail.be/vehicle/L3884,http://irail.be/stations/NMBS/008812013,L,2019-03-08T14:14:00,2019-03-08T14:14:00,35,6
http://irail.be/vehicle/L3884,http://irail.be/stations/NMBS/008815016,L,2019-03-08T14:16:00,2019-03-08T14:16:00,71,35
http://irail.be/vehicle/L3884,http://irail.be/stations/NMBS/008812047,L,2019-03-08T14:21:00,2019-03-08T14:20:00,17,24
http://irail.be/vehicle/L3884,http://irail.be/stations/NMBS/008812062,L,2019-03-08T14:25:00,2019-03-08T14:25:00,38,1
http://irail.be/vehicle/L3884,http://irail.be/stations/NMBS/008812070,L,2019-03-08T14:30:00,2019-03-08T14:29:00,71,56
http://irail.be/vehicle/L3884,http://irail.be/stations/NMBS/008812112,L,2019-03-08T14:33:00,2019-03-08T14:33:00,82,57
http://irail.be/vehicle/L3884,http://irail.be/stations/NMBS/008812120,L,2019-03-08T14:37:00,2019-03-08T14:36:00,42,75
http://irail.be/vehicle/L3884,http://irail.be/stations/NMBS/008812146,L,2019-03-08T14:41:00,2019-03-08T14:40:00,22,35
http://irail.be/vehicle/L3884,http://irail.be/stations/NMBS/008812153,L,2019-03-08T14:45:00,2019-03-08T14:45:00,-29,-43
http://irail.be/vehicle/L3884,http://irail.be/stations/NMBS/008812161,L,2019-03-08T14:48:00,2019-03-08T14:48:00,-17,-41
http://irail.be/vehicle/L3884,http://irail.be/stations/NMBS/008893443,L,2019-03-08T14:51:00,2019-03-08T14:51:00,29,-17
http://irail.be/vehicle/L3884,http://irail.be/stations/NMBS/008893401,L,2019-03-08T14:53:00,2019-03-08T14:53:00,,41
http://irail.be/vehicle/L3884,http://irail.be/stations/NMBS/008814001,L,2019-06-23T14:06:00,2019-06-23T14:06:00,40,
http://irail.be/vehicle/L3884,http://irail.be/stations/NMBS/008815040,L,2019-06-23T14:12:00,2019-06-23T14:11:00,20,49
http://irail.be/vehicle/L3884,http://irail.be/stations/NMBS/008812013,L,2019-06-23T14:14:00,2019-06-23T14:14:00,39,6
http://irail.be/vehicle/L3884,http://irail.be/stations/NMBS/008815016,L,2019-06-23T14:16:00,2019-06-23T14:16:00,75,39
http://irail.be/vehicle/L3884,http://irail.be/stations/NMBS/008812047,L,2019-06-23T14:21:00,2019-06-23T14:20:00,35,35
http://irail.be/vehicle/L3884,http://irail.be/stations/NMBS/008812062,L,2019-06-23T14:25:00,2019-06-23T14:25:00,38,15
http://irail.be/vehicle/L3884,http://irail.be/stations/NMBS/008812070,L,2019-06-23T14:30:00,2019-06-23T14:29:00,29,48
http://irail.be/vehicle/L3884,http://irail.be/stations/NMBS/008812112,L,2019-06-23T14:33:00,2019-06-23T14:33:00,43,13
http://irail.be/vehicle/L3884,http://irail.be/stations/NMBS/008812120,L,2019-06-23T14:37:00,2019-06-23T14:36:00,63,46
http://irail.be/vehicle/L3884,http://irail.be/stations/NMBS/008812146,L,2019-06-23T14:41:00,2019-06-23T14:40:00,37,50
http://irail.be/vehicle/L3884,http://irail.be/stations/NMBS/008812153,L,2019-06-23T14:44:00,2019-06-23T14:44:00,30,12
http://irail.be/vehicle/L3884,http://irail.be/stations/NMBS/008812161,L,2019-06-23T14:47:00,2019-06-23T14:47:00,32,7
http://irail.be/vehicle/L3884,http://irail.be/stations/NMBS/008893443,L,2019-06-23T14:50:00,2019-06-23T14:50:00,58,32
http://irail.be/vehicle/L3884,http://irail.be/stations/NMBS/008893401,L,2019-06-23T14:52:00,2019-06-23T14:52:00,,74
http://irail.be/vehicle/L3884,http://irail.be/stations/NMBS/008814001,L,2019-04-26T14:06:00,2019-04-26T14:06:00,100,
http://irail.be/vehicle/L3884,http://irail.be/stations/NMBS/008815040,L,2019-04-26T14:12:00,2019-04-26T14:11:00,180,200
http://irail.be/vehicle/L3884,http://irail.be/stations/NMBS/008812013,L,2019-04-26T14:14:00,2019-04-26T14:14:00,192,169
http://irail.be/vehicle/L3884,http://irail.be/stations/NMBS/008815016,L,2019-04-26T14:16:00,2019-04-26T14:16:00,227,192
http://irail.be/vehicle/L3884,http://irail.be/stations/NMBS/008812047,L,2019-04-26T14:21:00,2019-04-26T14:20:00,179,188
http://irail.be/vehicle/L3884,http://irail.be/stations/NMBS/008812062,L,2019-04-26T14:25:00,2019-04-26T14:25:00,187,161
http://irail.be/vehicle/L3884,http://irail.be/stations/NMBS/008812070,L,2019-04-26T14:30:00,2019-04-26T14:29:00,190,205
http://irail.be/vehicle/L3884,http://irail.be/stations/NMBS/008812112,L,2019-04-26T14:33:00,2019-04-26T14:33:00,206,175
http://irail.be/vehicle/L3884,http://irail.be/stations/NMBS/008812120,L,2019-04-26T14:37:00,2019-04-26T14:36:00,179,201
http://irail.be/vehicle/L3884,http://irail.be/stations/NMBS/008812146,L,2019-04-26T14:41:00,2019-04-26T14:40:00,211,192
http://irail.be/vehicle/L3884,http://irail.be/stations/NMBS/008812153,L,2019-04-26T14:45:00,2019-04-26T14:45:00,153,153
http://irail.be/vehicle/L3884,http://irail.be/stations/NMBS/008812161,L,2019-04-26T14:48:00,2019-04-26T14:48:00,139,134
http://irail.be/vehicle/L3884,http://irail.be/stations/NMBS/008893443,L,2019-04-26T14:51:00,2019-04-26T14:51:00,157,139
http://irail.be/vehicle/L3884,http://irail.be/stations/NMBS/008893401,L,2019-04-26T14:53:00,2019-04-26T14:53:00,,165
http://irail.be/vehicle/L3884,http://irail.be/stations/NMBS/008814001,L,2019-01-21T14:06:00,2019-01-21T14:06:00,44,
http://irail.be/vehicle/L3884,http://irail.be/stations/NMBS/008815040,L,2019-01-21T14:12:00,2019-01-21T14:11:00,99,79
http://irail.be/vehicle/L3884,http://irail.be/stations/NMBS/008812013,L,2019-01-21T14:14:00,2019-01-21T14:14:00,122,88
http://irail.be/vehicle/L3884,http://irail.be/stations/NMBS/008815016,L,2019-01-21T14:16:00,2019-01-21T14:16:00,144,122
http://irail.be/vehicle/L3884,http://irail.be/stations/NMBS/008812047,L,2019-01-21T14:21:00,2019-01-21T14:20:00,120,99
http://irail.be/vehicle/L3884,http://irail.be/stations/NMBS/008812062,L,2019-01-21T14:25:00,2019-01-21T14:25:00,149,123
http://irail.be/vehicle/L3884,http://irail.be/stations/NMBS/008812070,L,2019-01-21T14:30:00,2019-01-21T14:29:00,170,169
http://irail.be/vehicle/L3884,http://irail.be/stations/NMBS/008812112,L,2019-01-21T14:33:00,2019-01-21T14:33:00,164,154
http://irail.be/vehicle/L3884,http://irail.be/stations/NMBS/008812120,L,2019-01-21T14:37:00,2019-01-21T14:36:00,123,154
http://irail.be/vehicle/L3884,http://irail.be/stations/NMBS/008812146,L,2019-01-21T14:41:00,2019-01-21T14:40:00,104,123
http://irail.be/vehicle/L3884,http://irail.be/stations/NMBS/008812153,L,2019-01-21T14:45:00,2019-01-21T14:45:00,33,33
http://irail.be/vehicle/L3884,http://irail.be/stations/NMBS/008812161,L,2019-01-21T14:48:00,2019-01-21T14:48:00,15,7
http://irail.be/vehicle/L3884,http://irail.be/stations/NMBS/008893443,L,2019-01-21T14:51:00,2019-01-21T14:51:00,36,15
http://irail.be/vehicle/L3884,http://irail.be/stations/NMBS/008893401,L,2019-01-21T14:53:00,2019-01-21T14:53:00,,49
http://irail.be/vehicle/L3884,http://irail.be/stations/NMBS/008814001,L,2019-06-01T14:06:00,2019-06-01T14:06:00,184,
http://irail.be/vehicle/L3884,http://irail.be/stations/NMBS/008815040,L,2019-06-01T14:12:00,2019-06-01T14:11:00,138,183
http://irail.be/vehicle/L3884,http://irail.be/stations/NMBS/008812013,L,2019-06-01T14:14:00,2019-06-01T14:14:00,135,128
http://irail.be/vehicle/L3884,http://irail.be/stations/NMBS/008815016,L,2019-06-01T14:16:00,2019-06-01T14:16:00,161,135
http://irail.be/vehicle/L3884,http://irail.be/stations/NMBS/008812047,L,2019-06-01T14:20:00,2019-06-01T14:20:00,,326
http://irail.be/vehicle/L3884,http://irail.be/stations/NMBS/008814001,L,2019-03-13T14:06:00,2019-03-13T14:06:00,85,
http://irail.be/vehicle/L3884,http://irail.be/stations/NMBS/008815040,L,2019-03-13T14:12:00,2019-03-13T14:11:00,76,91
http://irail.be/vehicle/L3884,http://irail.be/stations/NMBS/008812013,L,2019-03-13T14:14:00,2019-03-13T14:14:00,101,71
http://irail.be/vehicle/L3884,http://irail.be/stations/NMBS/008815016,L,2019-03-13T14:16:00,2019-03-13T14:16:00,133,101
http://irail.be/vehicle/L3884,http://irail.be/stations/NMBS/008812047,L,2019-03-13T14:21:00,2019-03-13T14:20:00,120,91
http://irail.be/vehicle/L3884,http://irail.be/stations/NMBS/008812062,L,2019-03-13T14:25:00,2019-03-13T14:25:00,204,125
http://irail.be/vehicle/L3884,http://irail.be/stations/NMBS/008812070,L,2019-03-13T14:30:00,2019-03-13T14:29:00,254,249
http://irail.be/vehicle/L3884,http://irail.be/stations/NMBS/008812112,L,2019-03-13T14:33:00,2019-03-13T14:33:00,285,245
http://irail.be/vehicle/L3884,http://irail.be/stations/NMBS/008812120,L,2019-03-13T14:37:00,2019-03-13T14:36:00,252,282
http://irail.be/vehicle/L3884,http://irail.be/stations/NMBS/008812146,L,2019-03-13T14:41:00,2019-03-13T14:40:00,255,267
http://irail.be/vehicle/L3884,http://irail.be/stations/NMBS/008812153,L,2019-03-13T14:45:00,2019-03-13T14:45:00,207,200
http://irail.be/vehicle/L3884,http://irail.be/stations/NMBS/008812161,L,2019-03-13T14:48:00,2019-03-13T14:48:00,209,193
http://irail.be/vehicle/L3884,http://irail.be/stations/NMBS/008893443,L,2019-03-13T14:51:00,2019-03-13T14:51:00,242,209
http://irail.be/vehicle/L3884,http://irail.be/stations/NMBS/008893401,L,2019-03-13T14:53:00,2019-03-13T14:53:00,,256
http://irail.be/vehicle/L3884,http://irail.be/stations/NMBS/008814001,L,2019-02-25T14:06:00,2019-02-25T14:06:00,109,
http://irail.be/vehicle/L3884,http://irail.be/stations/NMBS/008815040,L,2019-02-25T14:12:00,2019-02-25T14:11:00,172,198
http://irail.be/vehicle/L3884,http://irail.be/stations/NMBS/008812013,L,2019-02-25T14:14:00,2019-02-25T14:14:00,178,155
http://irail.be/vehicle/L3884,http://irail.be/stations/NMBS/008815016,L,2019-02-25T14:16:00,2019-02-25T14:16:00,199,178
http://irail.be/vehicle/L3884,http://irail.be/stations/NMBS/008812047,L,2019-02-25T14:21:00,2019-02-25T14:20:00,158,152
http://irail.be/vehicle/L3884,http://irail.be/stations/NMBS/008812062,L,2019-02-25T14:25:00,2019-02-25T14:25:00,165,141
http://irail.be/vehicle/L3884,http://irail.be/stations/NMBS/008812070,L,2019-02-25T14:30:00,2019-02-25T14:29:00,170,182
http://irail.be/vehicle/L3884,http://irail.be/stations/NMBS/008812112,L,2019-02-25T14:33:00,2019-02-25T14:33:00,154,141
http://irail.be/vehicle/L3884,http://irail.be/stations/NMBS/008812120,L,2019-02-25T14:37:00,2019-02-25T14:36:00,123,145
http://irail.be/vehicle/L3884,http://irail.be/stations/NMBS/008812146,L,2019-02-25T14:41:00,2019-02-25T14:40:00,85,110
http://irail.be/vehicle/L3884,http://irail.be/stations/NMBS/008812153,L,2019-02-25T14:45:00,2019-02-25T14:45:00,1,1
http://irail.be/vehicle/L3884,http://irail.be/stations/NMBS/008812161,L,2019-02-25T14:48:00,2019-02-25T14:48:00,-36,-36
http://irail.be/vehicle/L3884,http://irail.be/stations/NMBS/008893443,L,2019-02-25T14:51:00,2019-02-25T14:51:00,-11,-42
http://irail.be/vehicle/L3884,http://irail.be/stations/NMBS/008893401,L,2019-02-25T14:53:00,2019-02-25T14:53:00,,-11
http://irail.be/vehicle/L3884,http://irail.be/stations/NMBS/008814001,L,2019-05-30T14:06:00,2019-05-30T14:06:00,83,
http://irail.be/vehicle/L3884,http://irail.be/stations/NMBS/008815040,L,2019-05-30T14:12:00,2019-05-30T14:11:00,55,86
http://irail.be/vehicle/L3884,http://irail.be/stations/NMBS/008812013,L,2019-05-30T14:14:00,2019-05-30T14:14:00,53,39
http://irail.be/vehicle/L3884,http://irail.be/stations/NMBS/008815016,L,2019-05-30T14:16:00,2019-05-30T14:16:00,73,53
http://irail.be/vehicle/L3884,http://irail.be/stations/NMBS/008812047,L,2019-05-30T14:21:00,2019-05-30T14:20:00,23,19
http://irail.be/vehicle/L3884,http://irail.be/stations/NMBS/008812062,L,2019-05-30T14:25:00,2019-05-30T14:25:00,45,16
http://irail.be/vehicle/L3884,http://irail.be/stations/NMBS/008812070,L,2019-05-30T14:30:00,2019-05-30T14:29:00,43,56
http://irail.be/vehicle/L3884,http://irail.be/stations/NMBS/008812112,L,2019-05-30T14:33:00,2019-05-30T14:33:00,45,24
http://irail.be/vehicle/L3884,http://irail.be/stations/NMBS/008812120,L,2019-05-30T14:37:00,2019-05-30T14:36:00,19,43
http://irail.be/vehicle/L3884,http://irail.be/stations/NMBS/008812146,L,2019-05-30T14:41:00,2019-05-30T14:40:00,21,16
http://irail.be/vehicle/L3884,http://irail.be/stations/NMBS/008812153,L,2019-05-30T14:45:00,2019-05-30T14:45:00,-38,-43
http://irail.be/vehicle/L3884,http://irail.be/stations/NMBS/008812161,L,2019-05-30T14:48:00,2019-05-30T14:48:00,-46,-57
http://irail.be/vehicle/L3884,http://irail.be/stations/NMBS/008893443,L,2019-05-30T14:51:00,2019-05-30T14:51:00,-33,-46
http://irail.be/vehicle/L3884,http://irail.be/stations/NMBS/008893401,L,2019-05-30T14:53:00,2019-05-30T14:53:00,,-34
http://irail.be/vehicle/L3884,http://irail.be/stations/NMBS/008814001,L,2019-05-05T14:06:00,2019-05-05T14:06:00,126,
http://irail.be/vehicle/L3884,http://irail.be/stations/NMBS/008815040,L,2019-05-05T14:12:00,2019-05-05T14:11:00,85,112
http://irail.be/vehicle/L3884,http://irail.be/stations/NMBS/008812013,L,2019-05-05T14:14:00,2019-05-05T14:14:00,87,70
http://irail.be/vehicle/L3884,http://irail.be/stations/NMBS/008815016,L,2019-05-05T14:16:00,2019-05-05T14:16:00,113,87
http://irail.be/vehicle/L3884,http://irail.be/stations/NMBS/008812047,L,2019-05-05T14:21:00,2019-05-05T14:20:00,53,60
http://irail.be/vehicle/L3884,http://irail.be/stations/NMBS/008812062,L,2019-05-05T14:25:00,2019-05-05T14:25:00,54,35
http://irail.be/vehicle/L3884,http://irail.be/stations/NMBS/008812070,L,2019-05-05T14:30:00,2019-05-05T14:29:00,60,63
http://irail.be/vehicle/L3884,http://irail.be/stations/NMBS/008812112,L,2019-05-05T14:33:00,2019-05-05T14:33:00,59,44
http://irail.be/vehicle/L3884,http://irail.be/stations/NMBS/008812120,L,2019-05-05T14:37:00,2019-05-05T14:36:00,20,54
http://irail.be/vehicle/L3884,http://irail.be/stations/NMBS/008812146,L,2019-05-05T14:41:00,2019-05-05T14:40:00,33,24
http://irail.be/vehicle/L3884,http://irail.be/stations/NMBS/008812153,L,2019-05-05T14:45:00,2019-05-05T14:45:00,-21,-32
http://irail.be/vehicle/L3884,http://irail.be/stations/NMBS/008812161,L,2019-05-05T14:48:00,2019-05-05T14:48:00,-32,-41
http://irail.be/vehicle/L3884,http://irail.be/stations/NMBS/008893443,L,2019-05-05T14:51:00,2019-05-05T14:51:00,-2,-32
http://irail.be/vehicle/L3884,http://irail.be/stations/NMBS/008893401,L,2019-05-05T14:53:00,2019-05-05T14:53:00,,9
http://irail.be/vehicle/L3884,http://irail.be/stations/NMBS/008814001,L,2019-04-16T14:06:00,2019-04-16T14:06:00,119,
http://irail.be/vehicle/L3884,http://irail.be/stations/NMBS/008815040,L,2019-04-16T14:12:00,2019-04-16T14:11:00,144,142
http://irail.be/vehicle/L3884,http://irail.be/stations/NMBS/008812013,L,2019-04-16T14:14:00,2019-04-16T14:14:00,165,130
http://irail.be/vehicle/L3884,http://irail.be/stations/NMBS/008815016,L,2019-04-16T14:16:00,2019-04-16T14:16:00,207,165
http://irail.be/vehicle/L3884,http://irail.be/stations/NMBS/008812047,L,2019-04-16T14:21:00,2019-04-16T14:20:00,175,156
http://irail.be/vehicle/L3884,http://irail.be/stations/NMBS/008812062,L,2019-04-16T14:25:00,2019-04-16T14:25:00,204,161
http://irail.be/vehicle/L3884,http://irail.be/stations/NMBS/008812070,L,2019-04-16T14:30:00,2019-04-16T14:29:00,209,212
http://irail.be/vehicle/L3884,http://irail.be/stations/NMBS/008812112,L,2019-04-16T14:33:00,2019-04-16T14:33:00,233,186
http://irail.be/vehicle/L3884,http://irail.be/stations/NMBS/008812120,L,2019-04-16T14:37:00,2019-04-16T14:36:00,191,223
http://irail.be/vehicle/L3884,http://irail.be/stations/NMBS/008812146,L,2019-04-16T14:41:00,2019-04-16T14:40:00,174,178
http://irail.be/vehicle/L3884,http://irail.be/stations/NMBS/008812153,L,2019-04-16T14:45:00,2019-04-16T14:45:00,99,93
http://irail.be/vehicle/L3884,http://irail.be/stations/NMBS/008812161,L,2019-04-16T14:48:00,2019-04-16T14:48:00,83,71
http://irail.be/vehicle/L3884,http://irail.be/stations/NMBS/008893443,L,2019-04-16T14:51:00,2019-04-16T14:51:00,106,83
http://irail.be/vehicle/L3884,http://irail.be/stations/NMBS/008893401,L,2019-04-16T14:53:00,2019-04-16T14:53:00,,107
http://irail.be/vehicle/L3884,http://irail.be/stations/NMBS/008814001,L,2019-06-20T14:06:00,2019-06-20T14:06:00,983,
http://irail.be/vehicle/L3884,http://irail.be/stations/NMBS/008815040,L,2019-06-20T14:12:00,2019-06-20T14:11:00,952,986
http://irail.be/vehicle/L3884,http://irail.be/stations/NMBS/008812013,L,2019-06-20T14:14:00,2019-06-20T14:14:00,948,935
http://irail.be/vehicle/L3884,http://irail.be/stations/NMBS/008815016,L,2019-06-20T14:16:00,2019-06-20T14:16:00,961,948
http://irail.be/vehicle/L3884,http://irail.be/stations/NMBS/008812047,L,2019-06-20T14:20:00,2019-06-20T14:20:00,,905
http://irail.be/vehicle/L3884,http://irail.be/stations/NMBS/008814001,L,2019-06-22T14:06:00,2019-06-22T14:06:00,387,
http://irail.be/vehicle/L3884,http://irail.be/stations/NMBS/008815040,L,2019-06-22T14:12:00,2019-06-22T14:11:00,340,367
http://irail.be/vehicle/L3884,http://irail.be/stations/NMBS/008812013,L,2019-06-22T14:14:00,2019-06-22T14:14:00,347,324
http://irail.be/vehicle/L3884,http://irail.be/stations/NMBS/008815016,L,2019-06-22T14:16:00,2019-06-22T14:16:00,370,347
http://irail.be/vehicle/L3884,http://irail.be/stations/NMBS/008812047,L,2019-06-22T14:21:00,2019-06-22T14:20:00,315,314
http://irail.be/vehicle/L3884,http://irail.be/stations/NMBS/008812062,L,2019-06-22T14:25:00,2019-06-22T14:25:00,308,291
http://irail.be/vehicle/L3884,http://irail.be/stations/NMBS/008812070,L,2019-06-22T14:30:00,2019-06-22T14:29:00,316,315
http://irail.be/vehicle/L3884,http://irail.be/stations/NMBS/008812112,L,2019-06-22T14:33:00,2019-06-22T14:33:00,305,293
http://irail.be/vehicle/L3884,http://irail.be/stations/NMBS/008812120,L,2019-06-22T14:37:00,2019-06-22T14:36:00,278,303
http://irail.be/vehicle/L3884,http://irail.be/stations/NMBS/008812146,L,2019-06-22T14:41:00,2019-06-22T14:40:00,237,262
http://irail.be/vehicle/L3884,http://irail.be/stations/NMBS/008812153,L,2019-06-22T14:44:00,2019-06-22T14:44:00,196,196
http://irail.be/vehicle/L3884,http://irail.be/stations/NMBS/008812161,L,2019-06-22T14:47:00,2019-06-22T14:47:00,167,167
http://irail.be/vehicle/L3884,http://irail.be/stations/NMBS/008893443,L,2019-06-22T14:50:00,2019-06-22T14:50:00,177,164
http://irail.be/vehicle/L3884,http://irail.be/stations/NMBS/008893401,L,2019-06-22T14:52:00,2019-06-22T14:52:00,,181
http://irail.be/vehicle/L3884,http://irail.be/stations/NMBS/008814001,L,2019-04-14T14:06:00,2019-04-14T14:06:00,28,
http://irail.be/vehicle/L3884,http://irail.be/stations/NMBS/008815040,L,2019-04-14T14:12:00,2019-04-14T14:11:00,-11,15
http://irail.be/vehicle/L3884,http://irail.be/stations/NMBS/008812013,L,2019-04-14T14:14:00,2019-04-14T14:14:00,-10,-25
http://irail.be/vehicle/L3884,http://irail.be/stations/NMBS/008815016,L,2019-04-14T14:16:00,2019-04-14T14:16:00,16,-10
http://irail.be/vehicle/L3884,http://irail.be/stations/NMBS/008812047,L,2019-04-14T14:21:00,2019-04-14T14:20:00,-11,-38
http://irail.be/vehicle/L3884,http://irail.be/stations/NMBS/008812062,L,2019-04-14T14:25:00,2019-04-14T14:25:00,-5,-29
http://irail.be/vehicle/L3884,http://irail.be/stations/NMBS/008812070,L,2019-04-14T14:30:00,2019-04-14T14:29:00,2,18
http://irail.be/vehicle/L3884,http://irail.be/stations/NMBS/008812112,L,2019-04-14T14:33:00,2019-04-14T14:33:00,2,-13
http://irail.be/vehicle/L3884,http://irail.be/stations/NMBS/008812120,L,2019-04-14T14:37:00,2019-04-14T14:36:00,-10,-4
http://irail.be/vehicle/L3884,http://irail.be/stations/NMBS/008812146,L,2019-04-14T14:41:00,2019-04-14T14:40:00,-21,-21
http://irail.be/vehicle/L3884,http://irail.be/stations/NMBS/008812153,L,2019-04-14T14:45:00,2019-04-14T14:45:00,-44,-99
http://irail.be/vehicle/L3884,http://irail.be/stations/NMBS/008812161,L,2019-04-14T14:48:00,2019-04-14T14:48:00,-45,-65
http://irail.be/vehicle/L3884,http://irail.be/stations/NMBS/008893443,L,2019-04-14T14:51:00,2019-04-14T14:51:00,-9,-45
http://irail.be/vehicle/L3884,http://irail.be/stations/NMBS/008893401,L,2019-04-14T14:53:00,2019-04-14T14:53:00,,-4
http://irail.be/vehicle/L3884,http://irail.be/stations/NMBS/008814001,L,2019-03-27T14:06:00,2019-03-27T14:06:00,11,
http://irail.be/vehicle/L3884,http://irail.be/stations/NMBS/008815040,L,2019-03-27T14:12:00,2019-03-27T14:11:00,-12,5
http://irail.be/vehicle/L3884,http://irail.be/stations/NMBS/008812013,L,2019-03-27T14:14:00,2019-03-27T14:14:00,5,-25
http://irail.be/vehicle/L3884,http://irail.be/stations/NMBS/008815016,L,2019-03-27T14:16:00,2019-03-27T14:16:00,26,5
http://irail.be/vehicle/L3884,http://irail.be/stations/NMBS/008812047,L,2019-03-27T14:21:00,2019-03-27T14:20:00,-8,-21
http://irail.be/vehicle/L3884,http://irail.be/stations/NMBS/008812062,L,2019-03-27T14:25:00,2019-03-27T14:25:00,-5,-25
http://irail.be/vehicle/L3884,http://irail.be/stations/NMBS/008812070,L,2019-03-27T14:30:00,2019-03-27T14:29:00,17,13
http://irail.be/vehicle/L3884,http://irail.be/stations/NMBS/008812112,L,2019-03-27T14:33:00,2019-03-27T14:33:00,12,-4
http://irail.be/vehicle/L3884,http://irail.be/stations/NMBS/008812120,L,2019-03-27T14:37:00,2019-03-27T14:36:00,-11,5
http://irail.be/vehicle/L3884,http://irail.be/stations/NMBS/008812146,L,2019-03-27T14:41:00,2019-03-27T14:40:00,-29,-13
http://irail.be/vehicle/L3884,http://irail.be/stations/NMBS/008812153,L,2019-03-27T14:45:00,2019-03-27T14:45:00,-35,-71
http://irail.be/vehicle/L3884,http://irail.be/stations/NMBS/008812161,L,2019-03-27T14:48:00,2019-03-27T14:48:00,3,-33
http://irail.be/vehicle/L3884,http://irail.be/stations/NMBS/008893443,L,2019-03-27T14:51:00,2019-03-27T14:51:00,24,3
http://irail.be/vehicle/L3884,http://irail.be/stations/NMBS/008893401,L,2019-03-27T14:53:00,2019-03-27T14:53:00,,22
http://irail.be/vehicle/L3884,http://irail.be/stations/NMBS/008814001,L,2019-04-15T14:06:00,2019-04-15T14:06:00,24,
http://irail.be/vehicle/L3884,http://irail.be/stations/NMBS/008815040,L,2019-04-15T14:12:00,2019-04-15T14:11:00,1,29
http://irail.be/vehicle/L3884,http://irail.be/stations/NMBS/008812013,L,2019-04-15T14:14:00,2019-04-15T14:14:00,13,-12
http://irail.be/vehicle/L3884,http://irail.be/stations/NMBS/008815016,L,2019-04-15T14:16:00,2019-04-15T14:16:00,42,13
http://irail.be/vehicle/L3884,http://irail.be/stations/NMBS/008812047,L,2019-04-15T14:21:00,2019-04-15T14:20:00,-8,-2
http://irail.be/vehicle/L3884,http://irail.be/stations/NMBS/008812062,L,2019-04-15T14:25:00,2019-04-15T14:25:00,3,-11
http://irail.be/vehicle/L3884,http://irail.be/stations/NMBS/008812070,L,2019-04-15T14:30:00,2019-04-15T14:29:00,34,35
http://irail.be/vehicle/L3884,http://irail.be/stations/NMBS/008812112,L,2019-04-15T14:33:00,2019-04-15T14:33:00,25,16
http://irail.be/vehicle/L3884,http://irail.be/stations/NMBS/008812120,L,2019-04-15T14:37:00,2019-04-15T14:36:00,-9,15
http://irail.be/vehicle/L3884,http://irail.be/stations/NMBS/008812146,L,2019-04-15T14:41:00,2019-04-15T14:40:00,-13,-14
http://irail.be/vehicle/L3884,http://irail.be/stations/NMBS/008812153,L,2019-04-15T14:45:00,2019-04-15T14:45:00,-69,-83
http://irail.be/vehicle/L3884,http://irail.be/stations/NMBS/008812161,L,2019-04-15T14:48:00,2019-04-15T14:48:00,-80,-89
http://irail.be/vehicle/L3884,http://irail.be/stations/NMBS/008893443,L,2019-04-15T14:51:00,2019-04-15T14:51:00,-26,-80
http://irail.be/vehicle/L3884,http://irail.be/stations/NMBS/008893401,L,2019-04-15T14:53:00,2019-04-15T14:53:00,,-17
http://irail.be/vehicle/L3884,http://irail.be/stations/NMBS/008814001,L,2019-01-14T14:06:00,2019-01-14T14:06:00,48,
http://irail.be/vehicle/L3884,http://irail.be/stations/NMBS/008815040,L,2019-01-14T14:12:00,2019-01-14T14:11:00,53,70
http://irail.be/vehicle/L3884,http://irail.be/stations/NMBS/008812013,L,2019-01-14T14:14:00,2019-01-14T14:14:00,65,39
http://irail.be/vehicle/L3884,http://irail.be/stations/NMBS/008815016,L,2019-01-14T14:16:00,2019-01-14T14:16:00,84,65
http://irail.be/vehicle/L3884,http://irail.be/stations/NMBS/008812047,L,2019-01-14T14:21:00,2019-01-14T14:20:00,60,50
http://irail.be/vehicle/L3884,http://irail.be/stations/NMBS/008812062,L,2019-01-14T14:25:00,2019-01-14T14:25:00,67,48
http://irail.be/vehicle/L3884,http://irail.be/stations/NMBS/008812070,L,2019-01-14T14:30:00,2019-01-14T14:29:00,69,80
http://irail.be/vehicle/L3884,http://irail.be/stations/NMBS/008812112,L,2019-01-14T14:33:00,2019-01-14T14:33:00,63,44
http://irail.be/vehicle/L3884,http://irail.be/stations/NMBS/008812120,L,2019-01-14T14:37:00,2019-01-14T14:36:00,20,55
http://irail.be/vehicle/L3884,http://irail.be/stations/NMBS/008812146,L,2019-01-14T14:41:00,2019-01-14T14:40:00,-1,8
http://irail.be/vehicle/L3884,http://irail.be/stations/NMBS/008812153,L,2019-01-14T14:45:00,2019-01-14T14:45:00,-50,-69
http://irail.be/vehicle/L3884,http://irail.be/stations/NMBS/008812161,L,2019-01-14T14:48:00,2019-01-14T14:48:00,-50,-67
http://irail.be/vehicle/L3884,http://irail.be/stations/NMBS/008893443,L,2019-01-14T14:51:00,2019-01-14T14:51:00,-19,-50
http://irail.be/vehicle/L3884,http://irail.be/stations/NMBS/008893401,L,2019-01-14T14:53:00,2019-01-14T14:53:00,,-1
http://irail.be/vehicle/L3884,http://irail.be/stations/NMBS/008814001,L,2019-01-02T14:06:00,2019-01-02T14:06:00,70,
http://irail.be/vehicle/L3884,http://irail.be/stations/NMBS/008815040,L,2019-01-02T14:12:00,2019-01-02T14:11:00,59,77
http://irail.be/vehicle/L3884,http://irail.be/stations/NMBS/008812013,L,2019-01-02T14:14:00,2019-01-02T14:14:00,71,47
http://irail.be/vehicle/L3884,http://irail.be/stations/NMBS/008815016,L,2019-01-02T14:16:00,2019-01-02T14:16:00,101,71
http://irail.be/vehicle/L3884,http://irail.be/stations/NMBS/008812047,L,2019-01-02T14:21:00,2019-01-02T14:20:00,50,51
http://irail.be/vehicle/L3884,http://irail.be/stations/NMBS/008812062,L,2019-01-02T14:25:00,2019-01-02T14:25:00,68,38
http://irail.be/vehicle/L3884,http://irail.be/stations/NMBS/008812070,L,2019-01-02T14:30:00,2019-01-02T14:29:00,89,89
http://irail.be/vehicle/L3884,http://irail.be/stations/NMBS/008812112,L,2019-01-02T14:33:00,2019-01-02T14:33:00,98,77
http://irail.be/vehicle/L3884,http://irail.be/stations/NMBS/008812120,L,2019-01-02T14:37:00,2019-01-02T14:36:00,60,93
http://irail.be/vehicle/L3884,http://irail.be/stations/NMBS/008812146,L,2019-01-02T14:41:00,2019-01-02T14:40:00,18,47
http://irail.be/vehicle/L3884,http://irail.be/stations/NMBS/008812153,L,2019-01-02T14:45:00,2019-01-02T14:45:00,-54,-55
http://irail.be/vehicle/L3884,http://irail.be/stations/NMBS/008812161,L,2019-01-02T14:48:00,2019-01-02T14:48:00,-68,-75
http://irail.be/vehicle/L3884,http://irail.be/stations/NMBS/008893443,L,2019-01-02T14:51:00,2019-01-02T14:51:00,-48,-68
http://irail.be/vehicle/L3884,http://irail.be/stations/NMBS/008893401,L,2019-01-02T14:53:00,2019-01-02T14:53:00,,-45
http://irail.be/vehicle/L3884,http://irail.be/stations/NMBS/008814001,L,2019-01-25T14:06:00,2019-01-25T14:06:00,120,
http://irail.be/vehicle/L3884,http://irail.be/stations/NMBS/008815040,L,2019-01-25T14:12:00,2019-01-25T14:11:00,101,122
http://irail.be/vehicle/L3884,http://irail.be/stations/NMBS/008812013,L,2019-01-25T14:14:00,2019-01-25T14:14:00,107,85
http://irail.be/vehicle/L3884,http://irail.be/stations/NMBS/008815016,L,2019-01-25T14:16:00,2019-01-25T14:16:00,126,107
http://irail.be/vehicle/L3884,http://irail.be/stations/NMBS/008812047,L,2019-01-25T14:21:00,2019-01-25T14:20:00,87,84
http://irail.be/vehicle/L3884,http://irail.be/stations/NMBS/008812062,L,2019-01-25T14:25:00,2019-01-25T14:25:00,98,72
http://irail.be/vehicle/L3884,http://irail.be/stations/NMBS/008812070,L,2019-01-25T14:30:00,2019-01-25T14:29:00,114,110
http://irail.be/vehicle/L3884,http://irail.be/stations/NMBS/008812112,L,2019-01-25T14:33:00,2019-01-25T14:33:00,122,94
http://irail.be/vehicle/L3884,http://irail.be/stations/NMBS/008812120,L,2019-01-25T14:37:00,2019-01-25T14:36:00,92,114
http://irail.be/vehicle/L3884,http://irail.be/stations/NMBS/008812146,L,2019-01-25T14:41:00,2019-01-25T14:40:00,67,85
http://irail.be/vehicle/L3884,http://irail.be/stations/NMBS/008812153,L,2019-01-25T14:45:00,2019-01-25T14:45:00,-3,-7
http://irail.be/vehicle/L3884,http://irail.be/stations/NMBS/008812161,L,2019-01-25T14:48:00,2019-01-25T14:48:00,-8,-20
http://irail.be/vehicle/L3884,http://irail.be/stations/NMBS/008893443,L,2019-01-25T14:51:00,2019-01-25T14:51:00,21,-8
http://irail.be/vehicle/L3884,http://irail.be/stations/NMBS/008893401,L,2019-01-25T14:53:00,2019-01-25T14:53:00,,39
http://irail.be/vehicle/L3884,http://irail.be/stations/NMBS/008814001,L,2019-05-17T14:06:00,2019-05-17T14:06:00,544,
http://irail.be/vehicle/L3884,http://irail.be/stations/NMBS/008815040,L,2019-05-17T14:12:00,2019-05-17T14:11:00,639,671
http://irail.be/vehicle/L3884,http://irail.be/stations/NMBS/008812013,L,2019-05-17T14:14:00,2019-05-17T14:14:00,620,620
http://irail.be/vehicle/L3884,http://irail.be/stations/NMBS/008815016,L,2019-05-17T14:16:00,2019-05-17T14:16:00,646,620
http://irail.be/vehicle/L3884,http://irail.be/stations/NMBS/008812047,L,2019-05-17T14:21:00,2019-05-17T14:20:00,577,601
http://irail.be/vehicle/L3884,http://irail.be/stations/NMBS/008812062,L,2019-05-17T14:25:00,2019-05-17T14:25:00,560,553
http://irail.be/vehicle/L3884,http://irail.be/stations/NMBS/008812070,L,2019-05-17T14:30:00,2019-05-17T14:29:00,522,559
http://irail.be/vehicle/L3884,http://irail.be/stations/NMBS/008812112,L,2019-05-17T14:33:00,2019-05-17T14:33:00,490,490
http://irail.be/vehicle/L3884,http://irail.be/stations/NMBS/008812120,L,2019-05-17T14:37:00,2019-05-17T14:36:00,405,461
http://irail.be/vehicle/L3884,http://irail.be/stations/NMBS/008812146,L,2019-05-17T14:41:00,2019-05-17T14:40:00,371,396
http://irail.be/vehicle/L3884,http://irail.be/stations/NMBS/008812153,L,2019-05-17T14:45:00,2019-05-17T14:45:00,279,279
http://irail.be/vehicle/L3884,http://irail.be/stations/NMBS/008812161,L,2019-05-17T14:48:00,2019-05-17T14:48:00,228,228
http://irail.be/vehicle/L3884,http://irail.be/stations/NMBS/008893443,L,2019-05-17T14:51:00,2019-05-17T14:51:00,218,205
http://irail.be/vehicle/L3884,http://irail.be/stations/NMBS/008893401,L,2019-05-17T14:53:00,2019-05-17T14:53:00,,211
http://irail.be/vehicle/L3884,http://irail.be/stations/NMBS/008814001,L,2019-04-30T14:06:00,2019-04-30T14:06:00,49,
http://irail.be/vehicle/L3884,http://irail.be/stations/NMBS/008815040,L,2019-04-30T14:12:00,2019-04-30T14:11:00,77,75
http://irail.be/vehicle/L3884,http://irail.be/stations/NMBS/008812013,L,2019-04-30T14:14:00,2019-04-30T14:14:00,78,61
http://irail.be/vehicle/L3884,http://irail.be/stations/NMBS/008815016,L,2019-04-30T14:16:00,2019-04-30T14:16:00,108,78
http://irail.be/vehicle/L3884,http://irail.be/stations/NMBS/008812047,L,2019-04-30T14:21:00,2019-04-30T14:20:00,57,53
http://irail.be/vehicle/L3884,http://irail.be/stations/NMBS/008812062,L,2019-04-30T14:25:00,2019-04-30T14:25:00,84,46
http://irail.be/vehicle/L3884,http://irail.be/stations/NMBS/008812070,L,2019-04-30T14:30:00,2019-04-30T14:29:00,126,115
http://irail.be/vehicle/L3884,http://irail.be/stations/NMBS/008812112,L,2019-04-30T14:33:00,2019-04-30T14:33:00,134,121
http://irail.be/vehicle/L3884,http://irail.be/stations/NMBS/008812120,L,2019-04-30T14:37:00,2019-04-30T14:36:00,89,123
http://irail.be/vehicle/L3884,http://irail.be/stations/NMBS/008812146,L,2019-04-30T14:41:00,2019-04-30T14:40:00,96,100
http://irail.be/vehicle/L3884,http://irail.be/stations/NMBS/008812153,L,2019-04-30T14:45:00,2019-04-30T14:45:00,17,17
http://irail.be/vehicle/L3884,http://irail.be/stations/NMBS/008812161,L,2019-04-30T14:48:00,2019-04-30T14:48:00,-7,-21
http://irail.be/vehicle/L3884,http://irail.be/stations/NMBS/008893443,L,2019-04-30T14:51:00,2019-04-30T14:51:00,-5,-7
http://irail.be/vehicle/L3884,http://irail.be/stations/NMBS/008893401,L,2019-04-30T14:53:00,2019-04-30T14:53:00,,-8
http://irail.be/vehicle/L3884,http://irail.be/stations/NMBS/008814001,L,2019-03-03T14:06:00,2019-03-03T14:06:00,122,
http://irail.be/vehicle/L3884,http://irail.be/stations/NMBS/008815040,L,2019-03-03T14:12:00,2019-03-03T14:11:00,126,143
http://irail.be/vehicle/L3884,http://irail.be/stations/NMBS/008812013,L,2019-03-03T14:14:00,2019-03-03T14:14:00,143,119
http://irail.be/vehicle/L3884,http://irail.be/stations/NMBS/008815016,L,2019-03-03T14:16:00,2019-03-03T14:16:00,183,143
http://irail.be/vehicle/L3884,http://irail.be/stations/NMBS/008812047,L,2019-03-03T14:21:00,2019-03-03T14:20:00,153,144
http://irail.be/vehicle/L3884,http://irail.be/stations/NMBS/008812062,L,2019-03-03T14:25:00,2019-03-03T14:25:00,163,135
http://irail.be/vehicle/L3884,http://irail.be/stations/NMBS/008812070,L,2019-03-03T14:30:00,2019-03-03T14:29:00,218,202
http://irail.be/vehicle/L3884,http://irail.be/stations/NMBS/008812112,L,2019-03-03T14:33:00,2019-03-03T14:33:00,224,199
http://irail.be/vehicle/L3884,http://irail.be/stations/NMBS/008812120,L,2019-03-03T14:37:00,2019-03-03T14:36:00,187,214
http://irail.be/vehicle/L3884,http://irail.be/stations/NMBS/008812146,L,2019-03-03T14:41:00,2019-03-03T14:40:00,149,176
http://irail.be/vehicle/L3884,http://irail.be/stations/NMBS/008812153,L,2019-03-03T14:45:00,2019-03-03T14:45:00,82,82
http://irail.be/vehicle/L3884,http://irail.be/stations/NMBS/008812161,L,2019-03-03T14:48:00,2019-03-03T14:48:00,79,67
http://irail.be/vehicle/L3884,http://irail.be/stations/NMBS/008893443,L,2019-03-03T14:51:00,2019-03-03T14:51:00,104,79
http://irail.be/vehicle/L3884,http://irail.be/stations/NMBS/008893401,L,2019-03-03T14:53:00,2019-03-03T14:53:00,,112
http://irail.be/vehicle/L3884,http://irail.be/stations/NMBS/008814001,L,2019-05-26T14:06:00,2019-05-26T14:06:00,196,
http://irail.be/vehicle/L3884,http://irail.be/stations/NMBS/008815040,L,2019-05-26T14:12:00,2019-05-26T14:11:00,185,217
http://irail.be/vehicle/L3884,http://irail.be/stations/NMBS/008812013,L,2019-05-26T14:14:00,2019-05-26T14:14:00,203,168
http://irail.be/vehicle/L3884,http://irail.be/stations/NMBS/008815016,L,2019-05-26T14:16:00,2019-05-26T14:16:00,234,203
http://irail.be/vehicle/L3884,http://irail.be/stations/NMBS/008812047,L,2019-05-26T14:21:00,2019-05-26T14:20:00,184,178
http://irail.be/vehicle/L3884,http://irail.be/stations/NMBS/008812062,L,2019-05-26T14:25:00,2019-05-26T14:25:00,175,162
http://irail.be/vehicle/L3884,http://irail.be/stations/NMBS/008812070,L,2019-05-26T14:30:00,2019-05-26T14:29:00,160,180
http://irail.be/vehicle/L3884,http://irail.be/stations/NMBS/008812112,L,2019-05-26T14:33:00,2019-05-26T14:33:00,147,133
http://irail.be/vehicle/L3884,http://irail.be/stations/NMBS/008812120,L,2019-05-26T14:37:00,2019-05-26T14:36:00,115,137
http://irail.be/vehicle/L3884,http://irail.be/stations/NMBS/008812146,L,2019-05-26T14:41:00,2019-05-26T14:40:00,121,116
http://irail.be/vehicle/L3884,http://irail.be/stations/NMBS/008812153,L,2019-05-26T14:45:00,2019-05-26T14:45:00,39,34
http://irail.be/vehicle/L3884,http://irail.be/stations/NMBS/008812161,L,2019-05-26T14:48:00,2019-05-26T14:48:00,16,12
http://irail.be/vehicle/L3884,http://irail.be/stations/NMBS/008893443,L,2019-05-26T14:51:00,2019-05-26T14:51:00,28,16
http://irail.be/vehicle/L3884,http://irail.be/stations/NMBS/008893401,L,2019-05-26T14:53:00,2019-05-26T14:53:00,,32
http://irail.be/vehicle/L3884,http://irail.be/stations/NMBS/008814001,L,2019-03-21T14:06:00,2019-03-21T14:06:00,231,
http://irail.be/vehicle/L3884,http://irail.be/stations/NMBS/008815040,L,2019-03-21T14:12:00,2019-03-21T14:11:00,231,248
http://irail.be/vehicle/L3884,http://irail.be/stations/NMBS/008812013,L,2019-03-21T14:14:00,2019-03-21T14:14:00,240,222
http://irail.be/vehicle/L3884,http://irail.be/stations/NMBS/008815016,L,2019-03-21T14:16:00,2019-03-21T14:16:00,254,240
http://irail.be/vehicle/L3884,http://irail.be/stations/NMBS/008812047,L,2019-03-21T14:21:00,2019-03-21T14:20:00,217,213
http://irail.be/vehicle/L3884,http://irail.be/stations/NMBS/008812062,L,2019-03-21T14:25:00,2019-03-21T14:25:00,213,205
http://irail.be/vehicle/L3884,http://irail.be/stations/NMBS/008812070,L,2019-03-21T14:30:00,2019-03-21T14:29:00,211,226
http://irail.be/vehicle/L3884,http://irail.be/stations/NMBS/008812112,L,2019-03-21T14:33:00,2019-03-21T14:33:00,193,185
http://irail.be/vehicle/L3884,http://irail.be/stations/NMBS/008812120,L,2019-03-21T14:37:00,2019-03-21T14:36:00,151,185
http://irail.be/vehicle/L3884,http://irail.be/stations/NMBS/008812146,L,2019-03-21T14:41:00,2019-03-21T14:40:00,134,146
http://irail.be/vehicle/L3884,http://irail.be/stations/NMBS/008812153,L,2019-03-21T14:45:00,2019-03-21T14:45:00,56,53
http://irail.be/vehicle/L3884,http://irail.be/stations/NMBS/008812161,L,2019-03-21T14:48:00,2019-03-21T14:48:00,39,39
http://irail.be/vehicle/L3884,http://irail.be/stations/NMBS/008893443,L,2019-03-21T14:51:00,2019-03-21T14:51:00,49,34
http://irail.be/vehicle/L3884,http://irail.be/stations/NMBS/008893401,L,2019-03-21T14:53:00,2019-03-21T14:53:00,,64
http://irail.be/vehicle/L3884,http://irail.be/stations/NMBS/008814001,L,2019-06-26T14:06:00,2019-06-26T14:06:00,65,
http://irail.be/vehicle/L3884,http://irail.be/stations/NMBS/008815040,L,2019-06-26T14:12:00,2019-06-26T14:11:00,34,43
http://irail.be/vehicle/L3884,http://irail.be/stations/NMBS/008812013,L,2019-06-26T14:14:00,2019-06-26T14:14:00,41,17
http://irail.be/vehicle/L3884,http://irail.be/stations/NMBS/008815016,L,2019-06-26T14:16:00,2019-06-26T14:16:00,56,41
http://irail.be/vehicle/L3884,http://irail.be/stations/NMBS/008812047,L,2019-06-26T14:21:00,2019-06-26T14:20:00,-11,3
http://irail.be/vehicle/L3884,http://irail.be/stations/NMBS/008812062,L,2019-06-26T14:25:00,2019-06-26T14:25:00,6,-35
http://irail.be/vehicle/L3884,http://irail.be/stations/NMBS/008812070,L,2019-06-26T14:30:00,2019-06-26T14:29:00,-3,12
http://irail.be/vehicle/L3884,http://irail.be/stations/NMBS/008812112,L,2019-06-26T14:33:00,2019-06-26T14:33:00,-3,-26
http://irail.be/vehicle/L3884,http://irail.be/stations/NMBS/008812120,L,2019-06-26T14:37:00,2019-06-26T14:36:00,3,-6
http://irail.be/vehicle/L3884,http://irail.be/stations/NMBS/008812146,L,2019-06-26T14:41:00,2019-06-26T14:40:00,-18,-1
http://irail.be/vehicle/L3884,http://irail.be/stations/NMBS/008812153,L,2019-06-26T14:44:00,2019-06-26T14:44:00,-31,-54
http://irail.be/vehicle/L3884,http://irail.be/stations/NMBS/008812161,L,2019-06-26T14:47:00,2019-06-26T14:47:00,-50,-52
http://irail.be/vehicle/L3884,http://irail.be/stations/NMBS/008893443,L,2019-06-26T14:50:00,2019-06-26T14:50:00,-16,-50
http://irail.be/vehicle/L3884,http://irail.be/stations/NMBS/008893401,L,2019-06-26T14:52:00,2019-06-26T14:52:00,,-7
http://irail.be/vehicle/L3884,http://irail.be/stations/NMBS/008814001,L,2019-05-08T14:06:00,2019-05-08T14:06:00,101,
http://irail.be/vehicle/L3884,http://irail.be/stations/NMBS/008815040,L,2019-05-08T14:12:00,2019-05-08T14:11:00,160,183
http://irail.be/vehicle/L3884,http://irail.be/stations/NMBS/008812013,L,2019-05-08T14:14:00,2019-05-08T14:14:00,174,147
http://irail.be/vehicle/L3884,http://irail.be/stations/NMBS/008815016,L,2019-05-08T14:16:00,2019-05-08T14:16:00,213,174
http://irail.be/vehicle/L3884,http://irail.be/stations/NMBS/008812047,L,2019-05-08T14:21:00,2019-05-08T14:20:00,210,173
http://irail.be/vehicle/L3884,http://irail.be/stations/NMBS/008812062,L,2019-05-08T14:25:00,2019-05-08T14:25:00,217,195
http://irail.be/vehicle/L3884,http://irail.be/stations/NMBS/008812070,L,2019-05-08T14:30:00,2019-05-08T14:29:00,204,228
http://irail.be/vehicle/L3884,http://irail.be/stations/NMBS/008812112,L,2019-05-08T14:33:00,2019-05-08T14:33:00,219,189
http://irail.be/vehicle/L3884,http://irail.be/stations/NMBS/008812120,L,2019-05-08T14:37:00,2019-05-08T14:36:00,178,210
http://irail.be/vehicle/L3884,http://irail.be/stations/NMBS/008812146,L,2019-05-08T14:41:00,2019-05-08T14:40:00,187,186
http://irail.be/vehicle/L3884,http://irail.be/stations/NMBS/008812153,L,2019-05-08T14:45:00,2019-05-08T14:45:00,119,109
http://irail.be/vehicle/L3884,http://irail.be/stations/NMBS/008812161,L,2019-05-08T14:48:00,2019-05-08T14:48:00,106,97
http://irail.be/vehicle/L3884,http://irail.be/stations/NMBS/008893443,L,2019-05-08T14:51:00,2019-05-08T14:51:00,121,106
http://irail.be/vehicle/L3884,http://irail.be/stations/NMBS/008893401,L,2019-05-08T14:53:00,2019-05-08T14:53:00,,127
http://irail.be/vehicle/L3884,http://irail.be/stations/NMBS/008814001,L,2019-05-01T14:06:00,2019-05-01T14:06:00,-4,
http://irail.be/vehicle/L3884,http://irail.be/stations/NMBS/008815040,L,2019-05-01T14:12:00,2019-05-01T14:11:00,3,24
http://irail.be/vehicle/L3884,http://irail.be/stations/NMBS/008812013,L,2019-05-01T14:14:00,2019-05-01T14:14:00,36,-4
http://irail.be/vehicle/L3884,http://irail.be/stations/NMBS/008815016,L,2019-05-01T14:16:00,2019-05-01T14:16:00,61,36
http://irail.be/vehicle/L3884,http://irail.be/stations/NMBS/008812047,L,2019-05-01T14:21:00,2019-05-01T14:20:00,64,38
http://irail.be/vehicle/L3884,http://irail.be/stations/NMBS/008812062,L,2019-05-01T14:25:00,2019-05-01T14:25:00,102,75
http://irail.be/vehicle/L3884,http://irail.be/stations/NMBS/008812070,L,2019-05-01T14:30:00,2019-05-01T14:29:00,112,117
http://irail.be/vehicle/L3884,http://irail.be/stations/NMBS/008812112,L,2019-05-01T14:33:00,2019-05-01T14:33:00,103,91
http://irail.be/vehicle/L3884,http://irail.be/stations/NMBS/008812120,L,2019-05-01T14:37:00,2019-05-01T14:36:00,58,93
http://irail.be/vehicle/L3884,http://irail.be/stations/NMBS/008812146,L,2019-05-01T14:41:00,2019-05-01T14:40:00,140,63
http://irail.be/vehicle/L3884,http://irail.be/stations/NMBS/008812153,L,2019-05-01T14:45:00,2019-05-01T14:45:00,77,77
http://irail.be/vehicle/L3884,http://irail.be/stations/NMBS/008812161,L,2019-05-01T14:48:00,2019-05-01T14:48:00,57,49
http://irail.be/vehicle/L3884,http://irail.be/stations/NMBS/008893443,L,2019-05-01T14:51:00,2019-05-01T14:51:00,66,57
http://irail.be/vehicle/L3884,http://irail.be/stations/NMBS/008893401,L,2019-05-01T14:53:00,2019-05-01T14:53:00,,66
http://irail.be/vehicle/L3884,http://irail.be/stations/NMBS/008814001,L,2019-06-03T14:06:00,2019-06-03T14:06:00,306,
http://irail.be/vehicle/L3884,http://irail.be/stations/NMBS/008815040,L,2019-06-03T14:12:00,2019-06-03T14:11:00,299,323
http://irail.be/vehicle/L3884,http://irail.be/stations/NMBS/008812013,L,2019-06-03T14:14:00,2019-06-03T14:14:00,310,283
http://irail.be/vehicle/L3884,http://irail.be/stations/NMBS/008815016,L,2019-06-03T14:16:00,2019-06-03T14:16:00,348,310
http://irail.be/vehicle/L3884,http://irail.be/stations/NMBS/008812047,L,2019-06-03T14:21:00,2019-06-03T14:20:00,324,309
http://irail.be/vehicle/L3884,http://irail.be/stations/NMBS/008812062,L,2019-06-03T14:25:00,2019-06-03T14:25:00,345,311
http://irail.be/vehicle/L3884,http://irail.be/stations/NMBS/008812070,L,2019-06-03T14:30:00,2019-06-03T14:29:00,350,365
http://irail.be/vehicle/L3884,http://irail.be/stations/NMBS/008812112,L,2019-06-03T14:33:00,2019-06-03T14:33:00,359,331
http://irail.be/vehicle/L3884,http://irail.be/stations/NMBS/008812120,L,2019-06-03T14:37:00,2019-06-03T14:36:00,358,363
http://irail.be/vehicle/L3884,http://irail.be/stations/NMBS/008812146,L,2019-06-03T14:41:00,2019-06-03T14:40:00,375,380
http://irail.be/vehicle/L3884,http://irail.be/stations/NMBS/008812153,L,2019-06-03T14:45:00,2019-06-03T14:45:00,327,327
http://irail.be/vehicle/L3884,http://irail.be/stations/NMBS/008812161,L,2019-06-03T14:48:00,2019-06-03T14:48:00,313,305
http://irail.be/vehicle/L3884,http://irail.be/stations/NMBS/008893443,L,2019-06-03T14:51:00,2019-06-03T14:51:00,327,313
http://irail.be/vehicle/L3884,http://irail.be/stations/NMBS/008893401,L,2019-06-03T14:53:00,2019-06-03T14:53:00,,334
http://irail.be/vehicle/L3884,http://irail.be/stations/NMBS/008814001,L,2019-06-10T14:06:00,2019-06-10T14:06:00,82,
http://irail.be/vehicle/L3884,http://irail.be/stations/NMBS/008815040,L,2019-06-10T14:12:00,2019-06-10T14:11:00,59,82
http://irail.be/vehicle/L3884,http://irail.be/stations/NMBS/008812013,L,2019-06-10T14:14:00,2019-06-10T14:14:00,80,48
http://irail.be/vehicle/L3884,http://irail.be/stations/NMBS/008815016,L,2019-06-10T14:16:00,2019-06-10T14:16:00,104,80
http://irail.be/vehicle/L3884,http://irail.be/stations/NMBS/008812047,L,2019-06-10T14:21:00,2019-06-10T14:20:00,36,48
http://irail.be/vehicle/L3884,http://irail.be/stations/NMBS/008812062,L,2019-06-10T14:25:00,2019-06-10T14:25:00,40,15
http://irail.be/vehicle/L3884,http://irail.be/stations/NMBS/008812070,L,2019-06-10T14:30:00,2019-06-10T14:29:00,40,51
http://irail.be/vehicle/L3884,http://irail.be/stations/NMBS/008812112,L,2019-06-10T14:33:00,2019-06-10T14:33:00,45,26
http://irail.be/vehicle/L3884,http://irail.be/stations/NMBS/008812120,L,2019-06-10T14:37:00,2019-06-10T14:36:00,21,51
http://irail.be/vehicle/L3884,http://irail.be/stations/NMBS/008812146,L,2019-06-10T14:41:00,2019-06-10T14:40:00,28,34
http://irail.be/vehicle/L3884,http://irail.be/stations/NMBS/008812153,L,2019-06-10T14:44:00,2019-06-10T14:44:00,8,4
http://irail.be/vehicle/L3884,http://irail.be/stations/NMBS/008812161,L,2019-06-10T14:47:00,2019-06-10T14:47:00,-15,-17
http://irail.be/vehicle/L3884,http://irail.be/stations/NMBS/008893443,L,2019-06-10T14:50:00,2019-06-10T14:50:00,-2,-15
http://irail.be/vehicle/L3884,http://irail.be/stations/NMBS/008893401,L,2019-06-10T14:52:00,2019-06-10T14:52:00,,7
http://irail.be/vehicle/L3884,http://irail.be/stations/NMBS/008814001,L,2019-05-25T14:06:00,2019-05-25T14:06:00,250,
http://irail.be/vehicle/L3884,http://irail.be/stations/NMBS/008815040,L,2019-05-25T14:12:00,2019-05-25T14:11:00,199,237
http://irail.be/vehicle/L3884,http://irail.be/stations/NMBS/008812013,L,2019-05-25T14:14:00,2019-05-25T14:14:00,221,183
http://irail.be/vehicle/L3884,http://irail.be/stations/NMBS/008815016,L,2019-05-25T14:16:00,2019-05-25T14:16:00,238,221
http://irail.be/vehicle/L3884,http://irail.be/stations/NMBS/008812047,L,2019-05-25T14:21:00,2019-05-25T14:20:00,162,181
http://irail.be/vehicle/L3884,http://irail.be/stations/NMBS/008812062,L,2019-05-25T14:25:00,2019-05-25T14:25:00,158,147
http://irail.be/vehicle/L3884,http://irail.be/stations/NMBS/008812070,L,2019-05-25T14:30:00,2019-05-25T14:29:00,146,165
http://irail.be/vehicle/L3884,http://irail.be/stations/NMBS/008812112,L,2019-05-25T14:33:00,2019-05-25T14:33:00,128,120
http://irail.be/vehicle/L3884,http://irail.be/stations/NMBS/008812120,L,2019-05-25T14:37:00,2019-05-25T14:36:00,79,119
http://irail.be/vehicle/L3884,http://irail.be/stations/NMBS/008812146,L,2019-05-25T14:41:00,2019-05-25T14:40:00,60,72
http://irail.be/vehicle/L3884,http://irail.be/stations/NMBS/008812153,L,2019-05-25T14:45:00,2019-05-25T14:45:00,23,-16
http://irail.be/vehicle/L3884,http://irail.be/stations/NMBS/008812161,L,2019-05-25T14:48:00,2019-05-25T14:48:00,0,0
http://irail.be/vehicle/L3884,http://irail.be/stations/NMBS/008893443,L,2019-05-25T14:51:00,2019-05-25T14:51:00,7,-4
http://irail.be/vehicle/L3884,http://irail.be/stations/NMBS/008893401,L,2019-05-25T14:53:00,2019-05-25T14:53:00,,5
http://irail.be/vehicle/L3884,http://irail.be/stations/NMBS/008814001,L,2019-05-18T14:06:00,2019-05-18T14:06:00,160,
http://irail.be/vehicle/L3884,http://irail.be/stations/NMBS/008815040,L,2019-05-18T14:12:00,2019-05-18T14:11:00,128,167
http://irail.be/vehicle/L3884,http://irail.be/stations/NMBS/008812013,L,2019-05-18T14:14:00,2019-05-18T14:14:00,135,115
http://irail.be/vehicle/L3884,http://irail.be/stations/NMBS/008815016,L,2019-05-18T14:16:00,2019-05-18T14:16:00,171,135
http://irail.be/vehicle/L3884,http://irail.be/stations/NMBS/008812047,L,2019-05-18T14:20:00,2019-05-18T14:20:00,,150
http://irail.be/vehicle/L3884,http://irail.be/stations/NMBS/008814001,L,2019-03-22T14:06:00,2019-03-22T14:06:00,60,
http://irail.be/vehicle/L3884,http://irail.be/stations/NMBS/008815040,L,2019-03-22T14:12:00,2019-03-22T14:11:00,38,52
http://irail.be/vehicle/L3884,http://irail.be/stations/NMBS/008812013,L,2019-03-22T14:14:00,2019-03-22T14:14:00,50,26
http://irail.be/vehicle/L3884,http://irail.be/stations/NMBS/008815016,L,2019-03-22T14:16:00,2019-03-22T14:16:00,82,50
http://irail.be/vehicle/L3884,http://irail.be/stations/NMBS/008812047,L,2019-03-22T14:21:00,2019-03-22T14:20:00,22,33
http://irail.be/vehicle/L3884,http://irail.be/stations/NMBS/008812062,L,2019-03-22T14:25:00,2019-03-22T14:25:00,23,7
http://irail.be/vehicle/L3884,http://irail.be/stations/NMBS/008812070,L,2019-03-22T14:30:00,2019-03-22T14:29:00,19,29
http://irail.be/vehicle/L3884,http://irail.be/stations/NMBS/008812112,L,2019-03-22T14:33:00,2019-03-22T14:33:00,28,1
http://irail.be/vehicle/L3884,http://irail.be/stations/NMBS/008812120,L,2019-03-22T14:37:00,2019-03-22T14:36:00,8,23
http://irail.be/vehicle/L3884,http://irail.be/stations/NMBS/008812146,L,2019-03-22T14:41:00,2019-03-22T14:40:00,-11,5
http://irail.be/vehicle/L3884,http://irail.be/stations/NMBS/008812153,L,2019-03-22T14:45:00,2019-03-22T14:45:00,-41,-80
http://irail.be/vehicle/L3884,http://irail.be/stations/NMBS/008812161,L,2019-03-22T14:48:00,2019-03-22T14:48:00,-52,-61
http://irail.be/vehicle/L3884,http://irail.be/stations/NMBS/008893443,L,2019-03-22T14:51:00,2019-03-22T14:51:00,-3,-52
http://irail.be/vehicle/L3884,http://irail.be/stations/NMBS/008893401,L,2019-03-22T14:53:00,2019-03-22T14:53:00,,14
http://irail.be/vehicle/L3884,http://irail.be/stations/NMBS/008814001,L,2019-01-27T14:06:00,2019-01-27T14:06:00,162,
http://irail.be/vehicle/L3884,http://irail.be/stations/NMBS/008815040,L,2019-01-27T14:12:00,2019-01-27T14:11:00,174,199
http://irail.be/vehicle/L3884,http://irail.be/stations/NMBS/008812013,L,2019-01-27T14:14:00,2019-01-27T14:14:00,170,156
http://irail.be/vehicle/L3884,http://irail.be/stations/NMBS/008815016,L,2019-01-27T14:16:00,2019-01-27T14:16:00,188,170
http://irail.be/vehicle/L3884,http://irail.be/stations/NMBS/008812047,L,2019-01-27T14:21:00,2019-01-27T14:20:00,118,127
http://irail.be/vehicle/L3884,http://irail.be/stations/NMBS/008812062,L,2019-01-27T14:25:00,2019-01-27T14:25:00,135,97
http://irail.be/vehicle/L3884,http://irail.be/stations/NMBS/008812070,L,2019-01-27T14:30:00,2019-01-27T14:29:00,133,143
http://irail.be/vehicle/L3884,http://irail.be/stations/NMBS/008812112,L,2019-01-27T14:33:00,2019-01-27T14:33:00,118,104
http://irail.be/vehicle/L3884,http://irail.be/stations/NMBS/008812120,L,2019-01-27T14:37:00,2019-01-27T14:36:00,69,104
http://irail.be/vehicle/L3884,http://irail.be/stations/NMBS/008812146,L,2019-01-27T14:41:00,2019-01-27T14:40:00,23,51
http://irail.be/vehicle/L3884,http://irail.be/stations/NMBS/008812153,L,2019-01-27T14:45:00,2019-01-27T14:45:00,-61,-61
http://irail.be/vehicle/L3884,http://irail.be/stations/NMBS/008812161,L,2019-01-27T14:48:00,2019-01-27T14:48:00,-47,-94
http://irail.be/vehicle/L3884,http://irail.be/stations/NMBS/008893443,L,2019-01-27T14:51:00,2019-01-27T14:51:00,3,-47
http://irail.be/vehicle/L3884,http://irail.be/stations/NMBS/008893401,L,2019-01-27T14:53:00,2019-01-27T14:53:00,,1
http://irail.be/vehicle/L3884,http://irail.be/stations/NMBS/008814001,L,2019-04-02T14:06:00,2019-04-02T14:06:00,21,
http://irail.be/vehicle/L3884,http://irail.be/stations/NMBS/008815040,L,2019-04-02T14:12:00,2019-04-02T14:11:00,20,29
http://irail.be/vehicle/L3884,http://irail.be/stations/NMBS/008812013,L,2019-04-02T14:14:00,2019-04-02T14:14:00,33,10
http://irail.be/vehicle/L3884,http://irail.be/stations/NMBS/008815016,L,2019-04-02T14:16:00,2019-04-02T14:16:00,57,33
http://irail.be/vehicle/L3884,http://irail.be/stations/NMBS/008812047,L,2019-04-02T14:21:00,2019-04-02T14:20:00,6,11
http://irail.be/vehicle/L3884,http://irail.be/stations/NMBS/008812062,L,2019-04-02T14:25:00,2019-04-02T14:25:00,21,-5
http://irail.be/vehicle/L3884,http://irail.be/stations/NMBS/008812070,L,2019-04-02T14:30:00,2019-04-02T14:29:00,29,44
http://irail.be/vehicle/L3884,http://irail.be/stations/NMBS/008812112,L,2019-04-02T14:33:00,2019-04-02T14:33:00,31,19
http://irail.be/vehicle/L3884,http://irail.be/stations/NMBS/008812120,L,2019-04-02T14:37:00,2019-04-02T14:36:00,-2,28
http://irail.be/vehicle/L3884,http://irail.be/stations/NMBS/008812146,L,2019-04-02T14:41:00,2019-04-02T14:40:00,5,10
http://irail.be/vehicle/L3884,http://irail.be/stations/NMBS/008812153,L,2019-04-02T14:45:00,2019-04-02T14:45:00,-26,-51
http://irail.be/vehicle/L3884,http://irail.be/stations/NMBS/008812161,L,2019-04-02T14:48:00,2019-04-02T14:48:00,-32,-44
http://irail.be/vehicle/L3884,http://irail.be/stations/NMBS/008893443,L,2019-04-02T14:51:00,2019-04-02T14:51:00,7,-32
http://irail.be/vehicle/L3884,http://irail.be/stations/NMBS/008893401,L,2019-04-02T14:53:00,2019-04-02T14:53:00,,16
http://irail.be/vehicle/L3884,http://irail.be/stations/NMBS/008814001,L,2019-02-01T14:06:00,2019-02-01T14:06:00,61,
http://irail.be/vehicle/L3884,http://irail.be/stations/NMBS/008815040,L,2019-02-01T14:12:00,2019-02-01T14:11:00,65,76
http://irail.be/vehicle/L3884,http://irail.be/stations/NMBS/008812013,L,2019-02-01T14:14:00,2019-02-01T14:14:00,85,55
http://irail.be/vehicle/L3884,http://irail.be/stations/NMBS/008815016,L,2019-02-01T14:16:00,2019-02-01T14:16:00,115,85
http://irail.be/vehicle/L3884,http://irail.be/stations/NMBS/008812047,L,2019-02-01T14:21:00,2019-02-01T14:20:00,64,65
http://irail.be/vehicle/L3884,http://irail.be/stations/NMBS/008812062,L,2019-02-01T14:25:00,2019-02-01T14:25:00,76,55
http://irail.be/vehicle/L3884,http://irail.be/stations/NMBS/008812070,L,2019-02-01T14:30:00,2019-02-01T14:29:00,93,102
http://irail.be/vehicle/L3884,http://irail.be/stations/NMBS/008812112,L,2019-02-01T14:33:00,2019-02-01T14:33:00,114,75
http://irail.be/vehicle/L3884,http://irail.be/stations/NMBS/008812120,L,2019-02-01T14:37:00,2019-02-01T14:36:00,84,106
http://irail.be/vehicle/L3884,http://irail.be/stations/NMBS/008812146,L,2019-02-01T14:41:00,2019-02-01T14:40:00,69,78
http://irail.be/vehicle/L3884,http://irail.be/stations/NMBS/008812153,L,2019-02-01T14:45:00,2019-02-01T14:45:00,-5,-5
http://irail.be/vehicle/L3884,http://irail.be/stations/NMBS/008812161,L,2019-02-01T14:48:00,2019-02-01T14:48:00,-9,-24
http://irail.be/vehicle/L3884,http://irail.be/stations/NMBS/008893443,L,2019-02-01T14:51:00,2019-02-01T14:51:00,17,-9
http://irail.be/vehicle/L3884,http://irail.be/stations/NMBS/008893401,L,2019-02-01T14:53:00,2019-02-01T14:53:00,,23
http://irail.be/vehicle/L3884,http://irail.be/stations/NMBS/008814001,L,2019-04-10T14:06:00,2019-04-10T14:06:00,48,
http://irail.be/vehicle/L3884,http://irail.be/stations/NMBS/008815040,L,2019-04-10T14:12:00,2019-04-10T14:11:00,68,77
http://irail.be/vehicle/L3884,http://irail.be/stations/NMBS/008812013,L,2019-04-10T14:14:00,2019-04-10T14:14:00,82,61
http://irail.be/vehicle/L3884,http://irail.be/stations/NMBS/008815016,L,2019-04-10T14:16:00,2019-04-10T14:16:00,94,82
http://irail.be/vehicle/L3884,http://irail.be/stations/NMBS/008812047,L,2019-04-10T14:21:00,2019-04-10T14:20:00,33,51
http://irail.be/vehicle/L3884,http://irail.be/stations/NMBS/008812062,L,2019-04-10T14:25:00,2019-04-10T14:25:00,43,22
http://irail.be/vehicle/L3884,http://irail.be/stations/NMBS/008812070,L,2019-04-10T14:30:00,2019-04-10T14:29:00,54,68
http://irail.be/vehicle/L3884,http://irail.be/stations/NMBS/008812112,L,2019-04-10T14:33:00,2019-04-10T14:33:00,63,46
http://irail.be/vehicle/L3884,http://irail.be/stations/NMBS/008812120,L,2019-04-10T14:37:00,2019-04-10T14:36:00,21,62
http://irail.be/vehicle/L3884,http://irail.be/stations/NMBS/008812146,L,2019-04-10T14:41:00,2019-04-10T14:40:00,-20,11
http://irail.be/vehicle/L3884,http://irail.be/stations/NMBS/008812153,L,2019-04-10T14:45:00,2019-04-10T14:45:00,-88,-88
http://irail.be/vehicle/L3884,http://irail.be/stations/NMBS/008812161,L,2019-04-10T14:48:00,2019-04-10T14:48:00,-82,-101
http://irail.be/vehicle/L3884,http://irail.be/stations/NMBS/008893443,L,2019-04-10T14:51:00,2019-04-10T14:51:00,-61,-82
http://irail.be/vehicle/L3884,http://irail.be/stations/NMBS/008893401,L,2019-04-10T14:53:00,2019-04-10T14:53:00,,-57
http://irail.be/vehicle/L3884,http://irail.be/stations/NMBS/008814001,L,2019-06-30T14:06:00,2019-06-30T14:06:00,132,
http://irail.be/vehicle/L3884,http://irail.be/stations/NMBS/008815040,L,2019-06-30T14:12:00,2019-06-30T14:11:00,108,145
http://irail.be/vehicle/L3884,http://irail.be/stations/NMBS/008812013,L,2019-06-30T14:14:00,2019-06-30T14:14:00,118,97
http://irail.be/vehicle/L3884,http://irail.be/stations/NMBS/008815016,L,2019-06-30T14:16:00,2019-06-30T14:16:00,136,118
http://irail.be/vehicle/L3884,http://irail.be/stations/NMBS/008812047,L,2019-06-30T14:21:00,2019-06-30T14:20:00,73,103
http://irail.be/vehicle/L3884,http://irail.be/stations/NMBS/008812062,L,2019-06-30T14:25:00,2019-06-30T14:25:00,63,63
http://irail.be/vehicle/L3884,http://irail.be/stations/NMBS/008812070,L,2019-06-30T14:30:00,2019-06-30T14:29:00,65,76
http://irail.be/vehicle/L3884,http://irail.be/stations/NMBS/008812112,L,2019-06-30T14:33:00,2019-06-30T14:33:00,73,55
http://irail.be/vehicle/L3884,http://irail.be/stations/NMBS/008812120,L,2019-06-30T14:37:00,2019-06-30T14:36:00,24,63
http://irail.be/vehicle/L3884,http://irail.be/stations/NMBS/008812146,L,2019-06-30T14:41:00,2019-06-30T14:40:00,0,14
http://irail.be/vehicle/L3884,http://irail.be/stations/NMBS/008812153,L,2019-06-30T14:44:00,2019-06-30T14:44:00,-38,-38
http://irail.be/vehicle/L3884,http://irail.be/stations/NMBS/008812161,L,2019-06-30T14:47:00,2019-06-30T14:47:00,-48,-66
http://irail.be/vehicle/L3884,http://irail.be/stations/NMBS/008893443,L,2019-06-30T14:50:00,2019-06-30T14:50:00,-48,-48
http://irail.be/vehicle/L3884,http://irail.be/stations/NMBS/008893401,L,2019-06-30T14:52:00,2019-06-30T14:52:00,,-48
http://irail.be/vehicle/L3884,http://irail.be/stations/NMBS/008814001,L,2019-05-29T14:06:00,2019-05-29T14:06:00,405,
http://irail.be/vehicle/L3884,http://irail.be/stations/NMBS/008815040,L,2019-05-29T14:12:00,2019-05-29T14:11:00,420,444
http://irail.be/vehicle/L3884,http://irail.be/stations/NMBS/008812013,L,2019-05-29T14:14:00,2019-05-29T14:14:00,428,404
http://irail.be/vehicle/L3884,http://irail.be/stations/NMBS/008815016,L,2019-05-29T14:16:00,2019-05-29T14:16:00,455,428
http://irail.be/vehicle/L3884,http://irail.be/stations/NMBS/008812047,L,2019-05-29T14:21:00,2019-05-29T14:20:00,405,406
http://irail.be/vehicle/L3884,http://irail.be/stations/NMBS/008812062,L,2019-05-29T14:25:00,2019-05-29T14:25:00,414,389
http://irail.be/vehicle/L3884,http://irail.be/stations/NMBS/008812070,L,2019-05-29T14:30:00,2019-05-29T14:29:00,419,425
http://irail.be/vehicle/L3884,http://irail.be/stations/NMBS/008812112,L,2019-05-29T14:33:00,2019-05-29T14:33:00,420,396
http://irail.be/vehicle/L3884,http://irail.be/stations/NMBS/008812120,L,2019-05-29T14:37:00,2019-05-29T14:36:00,399,411
http://irail.be/vehicle/L3884,http://irail.be/stations/NMBS/008812146,L,2019-05-29T14:41:00,2019-05-29T14:40:00,387,394
http://irail.be/vehicle/L3884,http://irail.be/stations/NMBS/008812153,L,2019-05-29T14:45:00,2019-05-29T14:45:00,323,306
http://irail.be/vehicle/L3884,http://irail.be/stations/NMBS/008812161,L,2019-05-29T14:48:00,2019-05-29T14:48:00,315,300
http://irail.be/vehicle/L3884,http://irail.be/stations/NMBS/008893443,L,2019-05-29T14:51:00,2019-05-29T14:51:00,340,315
http://irail.be/vehicle/L3884,http://irail.be/stations/NMBS/008893401,L,2019-05-29T14:53:00,2019-05-29T14:53:00,,348
http://irail.be/vehicle/L3884,http://irail.be/stations/NMBS/008814001,L,2019-04-11T14:06:00,2019-04-11T14:06:00,96,
http://irail.be/vehicle/L3884,http://irail.be/stations/NMBS/008815040,L,2019-04-11T14:12:00,2019-04-11T14:11:00,82,97
http://irail.be/vehicle/L3884,http://irail.be/stations/NMBS/008812013,L,2019-04-11T14:14:00,2019-04-11T14:14:00,100,68
http://irail.be/vehicle/L3884,http://irail.be/stations/NMBS/008815016,L,2019-04-11T14:16:00,2019-04-11T14:16:00,137,100
http://irail.be/vehicle/L3884,http://irail.be/stations/NMBS/008812047,L,2019-04-11T14:21:00,2019-04-11T14:20:00,105,89
http://irail.be/vehicle/L3884,http://irail.be/stations/NMBS/008812062,L,2019-04-11T14:25:00,2019-04-11T14:25:00,116,93
http://irail.be/vehicle/L3884,http://irail.be/stations/NMBS/008812070,L,2019-04-11T14:30:00,2019-04-11T14:29:00,120,128
http://irail.be/vehicle/L3884,http://irail.be/stations/NMBS/008812112,L,2019-04-11T14:33:00,2019-04-11T14:33:00,131,103
http://irail.be/vehicle/L3884,http://irail.be/stations/NMBS/008812120,L,2019-04-11T14:37:00,2019-04-11T14:36:00,103,124
http://irail.be/vehicle/L3884,http://irail.be/stations/NMBS/008812146,L,2019-04-11T14:41:00,2019-04-11T14:40:00,74,94
http://irail.be/vehicle/L3884,http://irail.be/stations/NMBS/008812153,L,2019-04-11T14:45:00,2019-04-11T14:45:00,2,0
http://irail.be/vehicle/L3884,http://irail.be/stations/NMBS/008812161,L,2019-04-11T14:48:00,2019-04-11T14:48:00,3,-14
http://irail.be/vehicle/L3884,http://irail.be/stations/NMBS/008893443,L,2019-04-11T14:51:00,2019-04-11T14:51:00,26,3
http://irail.be/vehicle/L3884,http://irail.be/stations/NMBS/008893401,L,2019-04-11T14:53:00,2019-04-11T14:53:00,,33
http://irail.be/vehicle/L3884,http://irail.be/stations/NMBS/008814001,L,2019-03-20T14:06:00,2019-03-20T14:06:00,63,
http://irail.be/vehicle/L3884,http://irail.be/stations/NMBS/008815040,L,2019-03-20T14:12:00,2019-03-20T14:11:00,58,64
http://irail.be/vehicle/L3884,http://irail.be/stations/NMBS/008812013,L,2019-03-20T14:14:00,2019-03-20T14:14:00,70,43
http://irail.be/vehicle/L3884,http://irail.be/stations/NMBS/008815016,L,2019-03-20T14:16:00,2019-03-20T14:16:00,106,70
http://irail.be/vehicle/L3884,http://irail.be/stations/NMBS/008812047,L,2019-03-20T14:21:00,2019-03-20T14:20:00,69,62
http://irail.be/vehicle/L3884,http://irail.be/stations/NMBS/008812062,L,2019-03-20T14:25:00,2019-03-20T14:25:00,95,54
http://irail.be/vehicle/L3884,http://irail.be/stations/NMBS/008812070,L,2019-03-20T14:30:00,2019-03-20T14:29:00,121,113
http://irail.be/vehicle/L3884,http://irail.be/stations/NMBS/008812112,L,2019-03-20T14:33:00,2019-03-20T14:33:00,137,107
http://irail.be/vehicle/L3884,http://irail.be/stations/NMBS/008812120,L,2019-03-20T14:37:00,2019-03-20T14:36:00,105,126
http://irail.be/vehicle/L3884,http://irail.be/stations/NMBS/008812146,L,2019-03-20T14:41:00,2019-03-20T14:40:00,87,98
http://irail.be/vehicle/L3884,http://irail.be/stations/NMBS/008812153,L,2019-03-20T14:45:00,2019-03-20T14:45:00,27,14
http://irail.be/vehicle/L3884,http://irail.be/stations/NMBS/008812161,L,2019-03-20T14:48:00,2019-03-20T14:48:00,11,5
http://irail.be/vehicle/L3884,http://irail.be/stations/NMBS/008893443,L,2019-03-20T14:51:00,2019-03-20T14:51:00,29,11
http://irail.be/vehicle/L3884,http://irail.be/stations/NMBS/008893401,L,2019-03-20T14:53:00,2019-03-20T14:53:00,,44
http://irail.be/vehicle/L3884,http://irail.be/stations/NMBS/008814001,L,2019-06-16T14:06:00,2019-06-16T14:06:00,36,
http://irail.be/vehicle/L3884,http://irail.be/stations/NMBS/008815040,L,2019-06-16T14:12:00,2019-06-16T14:11:00,62,81
http://irail.be/vehicle/L3884,http://irail.be/stations/NMBS/008812013,L,2019-06-16T14:14:00,2019-06-16T14:14:00,71,48
http://irail.be/vehicle/L3884,http://irail.be/stations/NMBS/008815016,L,2019-06-16T14:16:00,2019-06-16T14:16:00,103,71
http://irail.be/vehicle/L3884,http://irail.be/stations/NMBS/008812047,L,2019-06-16T14:21:00,2019-06-16T14:20:00,58,48
http://irail.be/vehicle/L3884,http://irail.be/stations/NMBS/008812062,L,2019-06-16T14:25:00,2019-06-16T14:25:00,100,47
http://irail.be/vehicle/L3884,http://irail.be/stations/NMBS/008812070,L,2019-06-16T14:30:00,2019-06-16T14:29:00,117,112
http://irail.be/vehicle/L3884,http://irail.be/stations/NMBS/008812112,L,2019-06-16T14:33:00,2019-06-16T14:33:00,131,94
http://irail.be/vehicle/L3884,http://irail.be/stations/NMBS/008812120,L,2019-06-16T14:37:00,2019-06-16T14:36:00,93,123
http://irail.be/vehicle/L3884,http://irail.be/stations/NMBS/008812146,L,2019-06-16T14:41:00,2019-06-16T14:40:00,91,90
http://irail.be/vehicle/L3884,http://irail.be/stations/NMBS/008812153,L,2019-06-16T14:44:00,2019-06-16T14:44:00,88,57
http://irail.be/vehicle/L3884,http://irail.be/stations/NMBS/008812161,L,2019-06-16T14:47:00,2019-06-16T14:47:00,68,65
http://irail.be/vehicle/L3884,http://irail.be/stations/NMBS/008893443,L,2019-06-16T14:50:00,2019-06-16T14:50:00,75,68
http://irail.be/vehicle/L3884,http://irail.be/stations/NMBS/008893401,L,2019-06-16T14:52:00,2019-06-16T14:52:00,,76
http://irail.be/vehicle/L3884,http://irail.be/stations/NMBS/008814001,L,2019-01-12T14:06:00,2019-01-12T14:06:00,86,
http://irail.be/vehicle/L3884,http://irail.be/stations/NMBS/008815040,L,2019-01-12T14:12:00,2019-01-12T14:11:00,84,105
http://irail.be/vehicle/L3884,http://irail.be/stations/NMBS/008812013,L,2019-01-12T14:14:00,2019-01-12T14:14:00,101,71
http://irail.be/vehicle/L3884,http://irail.be/stations/NMBS/008815016,L,2019-01-12T14:16:00,2019-01-12T14:16:00,138,101
http://irail.be/vehicle/L3884,http://irail.be/stations/NMBS/008812047,L,2019-01-12T14:21:00,2019-01-12T14:20:00,108,101
http://irail.be/vehicle/L3884,http://irail.be/stations/NMBS/008812062,L,2019-01-12T14:25:00,2019-01-12T14:25:00,125,93
http://irail.be/vehicle/L3884,http://irail.be/stations/NMBS/008812070,L,2019-01-12T14:30:00,2019-01-12T14:29:00,147,140
http://irail.be/vehicle/L3884,http://irail.be/stations/NMBS/008812112,L,2019-01-12T14:33:00,2019-01-12T14:33:00,158,135
http://irail.be/vehicle/L3884,http://irail.be/stations/NMBS/008812120,L,2019-01-12T14:37:00,2019-01-12T14:36:00,121,148
http://irail.be/vehicle/L3884,http://irail.be/stations/NMBS/008812146,L,2019-01-12T14:41:00,2019-01-12T14:40:00,92,106
http://irail.be/vehicle/L3884,http://irail.be/stations/NMBS/008812153,L,2019-01-12T14:45:00,2019-01-12T14:45:00,18,18
http://irail.be/vehicle/L3884,http://irail.be/stations/NMBS/008812161,L,2019-01-12T14:48:00,2019-01-12T14:48:00,17,-7
http://irail.be/vehicle/L3884,http://irail.be/stations/NMBS/008893443,L,2019-01-12T14:51:00,2019-01-12T14:51:00,29,17
http://irail.be/vehicle/L3884,http://irail.be/stations/NMBS/008893401,L,2019-01-12T14:53:00,2019-01-12T14:53:00,,36
http://irail.be/vehicle/L3884,http://irail.be/stations/NMBS/008814001,L,2019-04-04T14:06:00,2019-04-04T14:06:00,32,
http://irail.be/vehicle/L3884,http://irail.be/stations/NMBS/008815040,L,2019-04-04T14:12:00,2019-04-04T14:11:00,12,31
http://irail.be/vehicle/L3884,http://irail.be/stations/NMBS/008812013,L,2019-04-04T14:14:00,2019-04-04T14:14:00,27,-2
http://irail.be/vehicle/L3884,http://irail.be/stations/NMBS/008815016,L,2019-04-04T14:16:00,2019-04-04T14:16:00,62,27
http://irail.be/vehicle/L3884,http://irail.be/stations/NMBS/008812047,L,2019-04-04T14:21:00,2019-04-04T14:20:00,2,19
http://irail.be/vehicle/L3884,http://irail.be/stations/NMBS/008812062,L,2019-04-04T14:25:00,2019-04-04T14:25:00,12,-13
http://irail.be/vehicle/L3884,http://irail.be/stations/NMBS/008812070,L,2019-04-04T14:30:00,2019-04-04T14:29:00,10,25
http://irail.be/vehicle/L3884,http://irail.be/stations/NMBS/008812112,L,2019-04-04T14:33:00,2019-04-04T14:33:00,9,-11
http://irail.be/vehicle/L3884,http://irail.be/stations/NMBS/008812120,L,2019-04-04T14:37:00,2019-04-04T14:36:00,-9,3
http://irail.be/vehicle/L3884,http://irail.be/stations/NMBS/008812146,L,2019-04-04T14:41:00,2019-04-04T14:40:00,-8,-19
http://irail.be/vehicle/L3884,http://irail.be/stations/NMBS/008812153,L,2019-04-04T14:45:00,2019-04-04T14:45:00,-31,-82
http://irail.be/vehicle/L3884,http://irail.be/stations/NMBS/008812161,L,2019-04-04T14:48:00,2019-04-04T14:48:00,-31,-43
http://irail.be/vehicle/L3884,http://irail.be/stations/NMBS/008893443,L,2019-04-04T14:51:00,2019-04-04T14:51:00,-5,-31
http://irail.be/vehicle/L3884,http://irail.be/stations/NMBS/008893401,L,2019-04-04T14:53:00,2019-04-04T14:53:00,,4
http://irail.be/vehicle/L3884,http://irail.be/stations/NMBS/008814001,L,2019-01-17T14:06:00,2019-01-17T14:06:00,71,
http://irail.be/vehicle/L3884,http://irail.be/stations/NMBS/008815040,L,2019-01-17T14:12:00,2019-01-17T14:11:00,58,72
http://irail.be/vehicle/L3884,http://irail.be/stations/NMBS/008812013,L,2019-01-17T14:14:00,2019-01-17T14:14:00,75,49
http://irail.be/vehicle/L3884,http://irail.be/stations/NMBS/008815016,L,2019-01-17T14:16:00,2019-01-17T14:16:00,100,75
http://irail.be/vehicle/L3884,http://irail.be/stations/NMBS/008812047,L,2019-01-17T14:21:00,2019-01-17T14:20:00,69,65
http://irail.be/vehicle/L3884,http://irail.be/stations/NMBS/008812062,L,2019-01-17T14:25:00,2019-01-17T14:25:00,81,57
http://irail.be/vehicle/L3884,http://irail.be/stations/NMBS/008812070,L,2019-01-17T14:30:00,2019-01-17T14:29:00,105,105
http://irail.be/vehicle/L3884,http://irail.be/stations/NMBS/008812112,L,2019-01-17T14:33:00,2019-01-17T14:33:00,121,100
http://irail.be/vehicle/L3884,http://irail.be/stations/NMBS/008812120,L,2019-01-17T14:37:00,2019-01-17T14:36:00,116,118
http://irail.be/vehicle/L3884,http://irail.be/stations/NMBS/008812146,L,2019-01-17T14:41:00,2019-01-17T14:40:00,81,106
http://irail.be/vehicle/L3884,http://irail.be/stations/NMBS/008812153,L,2019-01-17T14:45:00,2019-01-17T14:45:00,32,20
http://irail.be/vehicle/L3884,http://irail.be/stations/NMBS/008812161,L,2019-01-17T14:48:00,2019-01-17T14:48:00,33,21
http://irail.be/vehicle/L3884,http://irail.be/stations/NMBS/008893443,L,2019-01-17T14:51:00,2019-01-17T14:51:00,57,33
http://irail.be/vehicle/L3884,http://irail.be/stations/NMBS/008893401,L,2019-01-17T14:53:00,2019-01-17T14:53:00,,65
http://irail.be/vehicle/L3884,http://irail.be/stations/NMBS/008814001,L,2019-05-12T14:06:00,2019-05-12T14:06:00,49,
http://irail.be/vehicle/L3884,http://irail.be/stations/NMBS/008815040,L,2019-05-12T14:12:00,2019-05-12T14:11:00,23,46
http://irail.be/vehicle/L3884,http://irail.be/stations/NMBS/008812013,L,2019-05-12T14:14:00,2019-05-12T14:14:00,31,8
http://irail.be/vehicle/L3884,http://irail.be/stations/NMBS/008815016,L,2019-05-12T14:16:00,2019-05-12T14:16:00,55,31
http://irail.be/vehicle/L3884,http://irail.be/stations/NMBS/008812047,L,2019-05-12T14:21:00,2019-05-12T14:20:00,4,1
http://irail.be/vehicle/L3884,http://irail.be/stations/NMBS/008812062,L,2019-05-12T14:25:00,2019-05-12T14:25:00,12,-13
http://irail.be/vehicle/L3884,http://irail.be/stations/NMBS/008812070,L,2019-05-12T14:30:00,2019-05-12T14:29:00,13,20
http://irail.be/vehicle/L3884,http://irail.be/stations/NMBS/008812112,L,2019-05-12T14:33:00,2019-05-12T14:33:00,14,-6
http://irail.be/vehicle/L3884,http://irail.be/stations/NMBS/008812120,L,2019-05-12T14:37:00,2019-05-12T14:36:00,9,8
http://irail.be/vehicle/L3884,http://irail.be/stations/NMBS/008812146,L,2019-05-12T14:41:00,2019-05-12T14:40:00,31,24
http://irail.be/vehicle/L3884,http://irail.be/stations/NMBS/008812153,L,2019-05-12T14:45:00,2019-05-12T14:45:00,-28,-43
http://irail.be/vehicle/L3884,http://irail.be/stations/NMBS/008812161,L,2019-05-12T14:48:00,2019-05-12T14:48:00,-39,-50
http://irail.be/vehicle/L3884,http://irail.be/stations/NMBS/008893443,L,2019-05-12T14:51:00,2019-05-12T14:51:00,2,-39
http://irail.be/vehicle/L3884,http://irail.be/stations/NMBS/008893401,L,2019-05-12T14:53:00,2019-05-12T14:53:00,,16
http://irail.be/vehicle/L3884,http://irail.be/stations/NMBS/008814001,L,2019-01-23T14:06:00,2019-01-23T14:06:00,685,
http://irail.be/vehicle/L3884,http://irail.be/stations/NMBS/008815040,L,2019-01-23T14:12:00,2019-01-23T14:11:00,667,687
http://irail.be/vehicle/L3884,http://irail.be/stations/NMBS/008812013,L,2019-01-23T14:14:00,2019-01-23T14:14:00,667,658
http://irail.be/vehicle/L3884,http://irail.be/stations/NMBS/008815016,L,2019-01-23T14:16:00,2019-01-23T14:16:00,714,667
http://irail.be/vehicle/L3884,http://irail.be/stations/NMBS/008812047,L,2019-01-23T14:21:00,2019-01-23T14:20:00,665,663
http://irail.be/vehicle/L3884,http://irail.be/stations/NMBS/008812062,L,2019-01-23T14:25:00,2019-01-23T14:25:00,662,649
http://irail.be/vehicle/L3884,http://irail.be/stations/NMBS/008812070,L,2019-01-23T14:30:00,2019-01-23T14:29:00,658,674
http://irail.be/vehicle/L3884,http://irail.be/stations/NMBS/008812112,L,2019-01-23T14:33:00,2019-01-23T14:33:00,655,635
http://irail.be/vehicle/L3884,http://irail.be/stations/NMBS/008812120,L,2019-01-23T14:37:00,2019-01-23T14:36:00,603,644
http://irail.be/vehicle/L3884,http://irail.be/stations/NMBS/008812146,L,2019-01-23T14:41:00,2019-01-23T14:40:00,681,589
http://irail.be/vehicle/L3884,http://irail.be/stations/NMBS/008812153,L,2019-01-23T14:45:00,2019-01-23T14:45:00,616,608
http://irail.be/vehicle/L3884,http://irail.be/stations/NMBS/008812161,L,2019-01-23T14:48:00,2019-01-23T14:48:00,600,596
http://irail.be/vehicle/L3884,http://irail.be/stations/NMBS/008893443,L,2019-01-23T14:51:00,2019-01-23T14:51:00,621,600
http://irail.be/vehicle/L3884,http://irail.be/stations/NMBS/008893401,L,2019-01-23T14:53:00,2019-01-23T14:53:00,,630
http://irail.be/vehicle/L3884,http://irail.be/stations/NMBS/008814001,L,2019-05-31T14:06:00,2019-05-31T14:06:00,31,
http://irail.be/vehicle/L3884,http://irail.be/stations/NMBS/008815040,L,2019-05-31T14:12:00,2019-05-31T14:11:00,81,95
http://irail.be/vehicle/L3884,http://irail.be/stations/NMBS/008812013,L,2019-05-31T14:14:00,2019-05-31T14:14:00,85,62
http://irail.be/vehicle/L3884,http://irail.be/stations/NMBS/008815016,L,2019-05-31T14:16:00,2019-05-31T14:16:00,104,85
http://irail.be/vehicle/L3884,http://irail.be/stations/NMBS/008812047,L,2019-05-31T14:21:00,2019-05-31T14:20:00,32,52
http://irail.be/vehicle/L3884,http://irail.be/stations/NMBS/008812062,L,2019-05-31T14:25:00,2019-05-31T14:25:00,48,20
http://irail.be/vehicle/L3884,http://irail.be/stations/NMBS/008812070,L,2019-05-31T14:30:00,2019-05-31T14:29:00,58,64
http://irail.be/vehicle/L3884,http://irail.be/stations/NMBS/008812112,L,2019-05-31T14:33:00,2019-05-31T14:33:00,53,42
http://irail.be/vehicle/L3884,http://irail.be/stations/NMBS/008812120,L,2019-05-31T14:37:00,2019-05-31T14:36:00,32,53
http://irail.be/vehicle/L3884,http://irail.be/stations/NMBS/008812146,L,2019-05-31T14:41:00,2019-05-31T14:40:00,32,43
http://irail.be/vehicle/L3884,http://irail.be/stations/NMBS/008812153,L,2019-05-31T14:45:00,2019-05-31T14:45:00,-26,-26
http://irail.be/vehicle/L3884,http://irail.be/stations/NMBS/008812161,L,2019-05-31T14:48:00,2019-05-31T14:48:00,-33,-46
http://irail.be/vehicle/L3884,http://irail.be/stations/NMBS/008893443,L,2019-05-31T14:51:00,2019-05-31T14:51:00,-13,-33
http://irail.be/vehicle/L3884,http://irail.be/stations/NMBS/008893401,L,2019-05-31T14:53:00,2019-05-31T14:53:00,,-3
