http://irail.be/vehicle/IC2837,http://irail.be/stations/NMBS/008819406,IC,2016-12-08T15:59:00,2016-12-08T15:59:00,-8,
http://irail.be/vehicle/IC2837,http://irail.be/stations/NMBS/008811007,IC,2016-12-08T16:07:00,2016-12-08T16:07:00,192,192
http://irail.be/vehicle/IC2837,http://irail.be/stations/NMBS/008812005,IC,2016-12-08T16:12:00,2016-12-08T16:10:00,247,268
http://irail.be/vehicle/IC2837,http://irail.be/stations/NMBS/008813045,IC,2016-12-08T16:14:00,2016-12-08T16:14:00,247,247
http://irail.be/vehicle/IC2837,http://irail.be/stations/NMBS/008813003,IC,2016-12-08T16:16:00,2016-12-08T16:15:00,296,277
http://irail.be/vehicle/IC2837,http://irail.be/stations/NMBS/008813037,IC,2016-12-08T16:18:00,2016-12-08T16:18:00,296,296
http://irail.be/vehicle/IC2837,http://irail.be/stations/NMBS/008814001,IC,2016-12-08T16:22:00,2016-12-08T16:20:00,447,302
http://irail.be/vehicle/IC2837,http://irail.be/stations/NMBS/008892007,IC,2016-12-08T17:00:00,2016-12-08T16:53:00,41,233
http://irail.be/vehicle/IC2837,http://irail.be/stations/NMBS/008892031,IC,2016-12-08T17:03:00,2016-12-08T17:03:00,43,43
http://irail.be/vehicle/IC2837,http://irail.be/stations/NMBS/008892056,IC,2016-12-08T17:07:00,2016-12-08T17:07:00,0,0
http://irail.be/vehicle/IC2837,http://irail.be/stations/NMBS/008891165,IC,2016-12-08T17:08:00,2016-12-08T17:08:00,-19,-19
http://irail.be/vehicle/IC2837,http://irail.be/stations/NMBS/008891157,IC,2016-12-08T17:10:00,2016-12-08T17:10:00,154,154
http://irail.be/vehicle/IC2837,http://irail.be/stations/NMBS/008891140,IC,2016-12-08T17:15:00,2016-12-08T17:13:00,156,181
http://irail.be/vehicle/IC2837,http://irail.be/stations/NMBS/008891132,IC,2016-12-08T17:18:00,2016-12-08T17:18:00,120,120
http://irail.be/vehicle/IC2837,http://irail.be/stations/NMBS/008891124,IC,2016-12-08T17:20:00,2016-12-08T17:20:00,133,133
http://irail.be/vehicle/IC2837,http://irail.be/stations/NMBS/008891116,IC,2016-12-08T17:23:00,2016-12-08T17:23:00,179,179
http://irail.be/vehicle/IC2837,http://irail.be/stations/NMBS/008891009,IC,2016-12-08T17:29:00,2016-12-08T17:29:00,,130
http://irail.be/vehicle/IC2837,http://irail.be/stations/NMBS/008819406,IC,2016-05-08T15:57:00,2016-05-08T15:57:00,116,0
http://irail.be/vehicle/IC2837,http://irail.be/stations/NMBS/008811007,IC,2016-05-08T16:04:00,2016-05-08T16:04:00,102,78
http://irail.be/vehicle/IC2837,http://irail.be/stations/NMBS/008812005,IC,2016-05-08T16:09:00,2016-05-08T16:07:00,90,109
http://irail.be/vehicle/IC2837,http://irail.be/stations/NMBS/008813045,IC,2016-05-08T16:11:00,2016-05-08T16:11:00,93,95
http://irail.be/vehicle/IC2837,http://irail.be/stations/NMBS/008813003,IC,2016-05-08T16:13:00,2016-05-08T16:12:00,158,122
http://irail.be/vehicle/IC2837,http://irail.be/stations/NMBS/008813037,IC,2016-05-08T16:15:00,2016-05-08T16:15:00,127,158
http://irail.be/vehicle/IC2837,http://irail.be/stations/NMBS/008814001,IC,2016-05-08T16:21:00,2016-05-08T16:17:00,136,169
http://irail.be/vehicle/IC2837,http://irail.be/stations/NMBS/008895836,IC,2016-05-08T16:34:00,2016-05-08T16:34:00,74,74
http://irail.be/vehicle/IC2837,http://irail.be/stations/NMBS/008895802,IC,2016-05-08T16:38:00,2016-05-08T16:38:00,-17,-92
http://irail.be/vehicle/IC2837,http://irail.be/stations/NMBS/008895091,IC,2016-05-08T16:43:00,2016-05-08T16:43:00,-77,-80
http://irail.be/vehicle/IC2837,http://irail.be/stations/NMBS/008895000,IC,2016-05-08T16:46:00,2016-05-08T16:46:00,-122,-129
http://irail.be/vehicle/IC2837,http://irail.be/stations/NMBS/008895067,IC,2016-05-08T16:51:00,2016-05-08T16:51:00,-122,-122
http://irail.be/vehicle/IC2837,http://irail.be/stations/NMBS/008893583,IC,2016-05-08T16:54:00,2016-05-08T16:54:00,-122,-122
http://irail.be/vehicle/IC2837,http://irail.be/stations/NMBS/008893542,IC,2016-05-08T16:58:00,2016-05-08T16:58:00,-416,-415
http://irail.be/vehicle/IC2837,http://irail.be/stations/NMBS/008893559,IC,2016-05-08T17:01:00,2016-05-08T17:01:00,-506,-506
http://irail.be/vehicle/IC2837,http://irail.be/stations/NMBS/008893567,IC,2016-05-08T17:04:00,2016-05-08T17:04:00,-461,-507
http://irail.be/vehicle/IC2837,http://irail.be/stations/NMBS/008893039,IC,2016-05-08T17:06:00,2016-05-08T17:06:00,-447,-447
http://irail.be/vehicle/IC2837,http://irail.be/stations/NMBS/008893013,IC,2016-05-08T17:07:00,2016-05-08T17:07:00,-435,-463
http://irail.be/vehicle/IC2837,http://irail.be/stations/NMBS/008892007,IC,2016-05-08T17:12:00,2016-05-08T17:12:00,0,1140
http://irail.be/vehicle/IC2837,http://irail.be/stations/NMBS/008819406,IC,2016-07-06T15:59:00,2016-07-06T15:59:00,19,
http://irail.be/vehicle/IC2837,http://irail.be/stations/NMBS/008811007,IC,2016-07-06T16:07:00,2016-07-06T16:07:00,87,87
http://irail.be/vehicle/IC2837,http://irail.be/stations/NMBS/008812005,IC,2016-07-06T16:12:00,2016-07-06T16:10:00,301,245
http://irail.be/vehicle/IC2837,http://irail.be/stations/NMBS/008813045,IC,2016-07-06T16:14:00,2016-07-06T16:14:00,310,310
http://irail.be/vehicle/IC2837,http://irail.be/stations/NMBS/008813003,IC,2016-07-06T16:16:00,2016-07-06T16:15:00,417,398
http://irail.be/vehicle/IC2837,http://irail.be/stations/NMBS/008813037,IC,2016-07-06T16:18:00,2016-07-06T16:18:00,376,376
http://irail.be/vehicle/IC2837,http://irail.be/stations/NMBS/008814001,IC,2016-07-06T16:22:00,2016-07-06T16:20:00,456,490
http://irail.be/vehicle/IC2837,http://irail.be/stations/NMBS/008892007,IC,2016-07-06T17:00:00,2016-07-06T16:53:00,513,837
http://irail.be/vehicle/IC2837,http://irail.be/stations/NMBS/008892031,IC,2016-07-06T17:03:00,2016-07-06T17:03:00,514,514
http://irail.be/vehicle/IC2837,http://irail.be/stations/NMBS/008892056,IC,2016-07-06T17:07:00,2016-07-06T17:07:00,413,413
http://irail.be/vehicle/IC2837,http://irail.be/stations/NMBS/008891165,IC,2016-07-06T17:08:00,2016-07-06T17:08:00,430,430
http://irail.be/vehicle/IC2837,http://irail.be/stations/NMBS/008891157,IC,2016-07-06T17:10:00,2016-07-06T17:10:00,384,384
http://irail.be/vehicle/IC2837,http://irail.be/stations/NMBS/008891140,IC,2016-07-06T17:15:00,2016-07-06T17:13:00,313,331
http://irail.be/vehicle/IC2837,http://irail.be/stations/NMBS/008891132,IC,2016-07-06T17:18:00,2016-07-06T17:18:00,278,278
http://irail.be/vehicle/IC2837,http://irail.be/stations/NMBS/008891124,IC,2016-07-06T17:20:00,2016-07-06T17:20:00,268,268
http://irail.be/vehicle/IC2837,http://irail.be/stations/NMBS/008891116,IC,2016-07-06T17:23:00,2016-07-06T17:23:00,237,237
http://irail.be/vehicle/IC2837,http://irail.be/stations/NMBS/008891009,IC,2016-07-06T17:29:00,2016-07-06T17:29:00,,231
http://irail.be/vehicle/IC2837,NO-URI,IC,2016-01-03T15:57:00,2016-01-03T15:57:00,13,0
http://irail.be/vehicle/IC2837,http://irail.be/stations/NMBS/008811007,IC,2016-01-03T16:04:00,2016-01-03T16:04:00,30,4
http://irail.be/vehicle/IC2837,http://irail.be/stations/NMBS/008812005,IC,2016-01-03T16:09:00,2016-01-03T16:07:00,-8,33
http://irail.be/vehicle/IC2837,http://irail.be/stations/NMBS/008813045,IC,2016-01-03T16:11:00,2016-01-03T16:11:00,-4,-3
http://irail.be/vehicle/IC2837,http://irail.be/stations/NMBS/008813003,IC,2016-01-03T16:13:00,2016-01-03T16:12:00,108,58
http://irail.be/vehicle/IC2837,http://irail.be/stations/NMBS/008813037,IC,2016-01-03T16:14:00,2016-01-03T16:14:00,135,108
http://irail.be/vehicle/IC2837,http://irail.be/stations/NMBS/008814001,IC,2016-01-03T16:21:00,2016-01-03T16:17:00,89,106
http://irail.be/vehicle/IC2837,http://irail.be/stations/NMBS/008892007,IC,2016-01-03T16:52:00,2016-01-03T16:52:00,0,-19
http://irail.be/vehicle/IC2837,NO-URI,IC,2016-03-04T15:59:00,2016-03-04T15:59:00,-5,0
http://irail.be/vehicle/IC2837,http://irail.be/stations/NMBS/008811007,IC,2016-03-04T16:07:00,2016-03-04T16:07:00,-60,-86
http://irail.be/vehicle/IC2837,http://irail.be/stations/NMBS/008812005,IC,2016-03-04T16:12:00,2016-03-04T16:10:00,21,65
http://irail.be/vehicle/IC2837,http://irail.be/stations/NMBS/008813045,IC,2016-03-04T16:14:00,2016-03-04T16:14:00,24,25
http://irail.be/vehicle/IC2837,http://irail.be/stations/NMBS/008813003,IC,2016-03-04T16:16:00,2016-03-04T16:15:00,79,50
http://irail.be/vehicle/IC2837,http://irail.be/stations/NMBS/008813037,IC,2016-03-04T16:18:00,2016-03-04T16:18:00,36,79
http://irail.be/vehicle/IC2837,http://irail.be/stations/NMBS/008814001,IC,2016-03-04T16:22:00,2016-03-04T16:20:00,89,73
http://irail.be/vehicle/IC2837,http://irail.be/stations/NMBS/008892007,IC,2016-03-04T17:00:00,2016-03-04T16:53:00,14,69
http://irail.be/vehicle/IC2837,http://irail.be/stations/NMBS/008892031,IC,2016-03-04T17:03:00,2016-03-04T17:03:00,29,-19
http://irail.be/vehicle/IC2837,http://irail.be/stations/NMBS/008892056,IC,2016-03-04T17:07:00,2016-03-04T17:07:00,-53,-66
http://irail.be/vehicle/IC2837,http://irail.be/stations/NMBS/008891165,IC,2016-03-04T17:08:00,2016-03-04T17:08:00,-9,-53
http://irail.be/vehicle/IC2837,http://irail.be/stations/NMBS/008891157,IC,2016-03-04T17:10:00,2016-03-04T17:10:00,109,50
http://irail.be/vehicle/IC2837,http://irail.be/stations/NMBS/008891140,IC,2016-03-04T17:15:00,2016-03-04T17:13:00,84,84
http://irail.be/vehicle/IC2837,http://irail.be/stations/NMBS/008891132,IC,2016-03-04T17:18:00,2016-03-04T17:18:00,75,67
http://irail.be/vehicle/IC2837,http://irail.be/stations/NMBS/008891124,IC,2016-03-04T17:20:00,2016-03-04T17:20:00,80,68
http://irail.be/vehicle/IC2837,http://irail.be/stations/NMBS/008891116,IC,2016-03-04T17:23:00,2016-03-04T17:23:00,95,95
http://irail.be/vehicle/IC2837,http://irail.be/stations/NMBS/008891009,IC,2016-03-04T17:29:00,2016-03-04T17:29:00,0,195
http://irail.be/vehicle/IC2837,http://irail.be/stations/NMBS/008819406,IC,2016-12-15T15:59:00,2016-12-15T15:59:00,13,
http://irail.be/vehicle/IC2837,http://irail.be/stations/NMBS/008811007,IC,2016-12-15T16:07:00,2016-12-15T16:07:00,119,119
http://irail.be/vehicle/IC2837,http://irail.be/stations/NMBS/008812005,IC,2016-12-15T16:12:00,2016-12-15T16:10:00,105,149
http://irail.be/vehicle/IC2837,http://irail.be/stations/NMBS/008813045,IC,2016-12-15T16:14:00,2016-12-15T16:14:00,99,99
http://irail.be/vehicle/IC2837,http://irail.be/stations/NMBS/008813003,IC,2016-12-15T16:16:00,2016-12-15T16:15:00,208,188
http://irail.be/vehicle/IC2837,http://irail.be/stations/NMBS/008813037,IC,2016-12-15T16:18:00,2016-12-15T16:18:00,208,208
http://irail.be/vehicle/IC2837,http://irail.be/stations/NMBS/008814001,IC,2016-12-15T16:22:00,2016-12-15T16:20:00,184,213
http://irail.be/vehicle/IC2837,http://irail.be/stations/NMBS/008892007,IC,2016-12-15T17:00:00,2016-12-15T16:53:00,30,-77
http://irail.be/vehicle/IC2837,http://irail.be/stations/NMBS/008892031,IC,2016-12-15T17:03:00,2016-12-15T17:03:00,28,28
http://irail.be/vehicle/IC2837,http://irail.be/stations/NMBS/008892056,IC,2016-12-15T17:07:00,2016-12-15T17:07:00,0,0
http://irail.be/vehicle/IC2837,http://irail.be/stations/NMBS/008891165,IC,2016-12-15T17:08:00,2016-12-15T17:08:00,-10,-10
http://irail.be/vehicle/IC2837,http://irail.be/stations/NMBS/008891157,IC,2016-12-15T17:10:00,2016-12-15T17:10:00,26,26
http://irail.be/vehicle/IC2837,http://irail.be/stations/NMBS/008891140,IC,2016-12-15T17:15:00,2016-12-15T17:13:00,70,12
http://irail.be/vehicle/IC2837,http://irail.be/stations/NMBS/008891132,IC,2016-12-15T17:18:00,2016-12-15T17:18:00,23,23
http://irail.be/vehicle/IC2837,http://irail.be/stations/NMBS/008891124,IC,2016-12-15T17:20:00,2016-12-15T17:20:00,30,30
http://irail.be/vehicle/IC2837,http://irail.be/stations/NMBS/008891116,IC,2016-12-15T17:23:00,2016-12-15T17:23:00,52,52
http://irail.be/vehicle/IC2837,http://irail.be/stations/NMBS/008891009,IC,2016-12-15T17:29:00,2016-12-15T17:29:00,,118
http://irail.be/vehicle/IC2837,http://irail.be/stations/NMBS/008819406,IC,2016-11-01T15:57:00,2016-11-01T15:57:00,20,
http://irail.be/vehicle/IC2837,http://irail.be/stations/NMBS/008811007,IC,2016-11-01T16:04:00,2016-11-01T16:04:00,33,33
http://irail.be/vehicle/IC2837,http://irail.be/stations/NMBS/008812005,IC,2016-11-01T16:09:00,2016-11-01T16:07:00,-1,58
http://irail.be/vehicle/IC2837,http://irail.be/stations/NMBS/008813045,IC,2016-11-01T16:11:00,2016-11-01T16:11:00,-5,-5
http://irail.be/vehicle/IC2837,http://irail.be/stations/NMBS/008813003,IC,2016-11-01T16:13:00,2016-11-01T16:12:00,72,19
http://irail.be/vehicle/IC2837,http://irail.be/stations/NMBS/008813037,IC,2016-11-01T16:14:00,2016-11-01T16:14:00,82,82
http://irail.be/vehicle/IC2837,http://irail.be/stations/NMBS/008814001,IC,2016-11-01T16:21:00,2016-11-01T16:17:00,79,60
http://irail.be/vehicle/IC2837,http://irail.be/stations/NMBS/008892007,IC,2016-11-01T16:50:00,2016-11-01T16:50:00,,10
http://irail.be/vehicle/IC2837,NO-URI,IC,2016-03-01T15:59:00,2016-03-01T15:59:00,21,0
http://irail.be/vehicle/IC2837,http://irail.be/stations/NMBS/008811007,IC,2016-03-01T16:07:00,2016-03-01T16:07:00,-41,-66
http://irail.be/vehicle/IC2837,http://irail.be/stations/NMBS/008812005,IC,2016-03-01T16:12:00,2016-03-01T16:10:00,-3,-44
http://irail.be/vehicle/IC2837,http://irail.be/stations/NMBS/008813045,IC,2016-03-01T16:14:00,2016-03-01T16:14:00,2,1
http://irail.be/vehicle/IC2837,http://irail.be/stations/NMBS/008813003,IC,2016-03-01T16:16:00,2016-03-01T16:15:00,69,32
http://irail.be/vehicle/IC2837,http://irail.be/stations/NMBS/008813037,IC,2016-03-01T16:18:00,2016-03-01T16:18:00,25,69
http://irail.be/vehicle/IC2837,http://irail.be/stations/NMBS/008814001,IC,2016-03-01T16:22:00,2016-03-01T16:20:00,82,50
http://irail.be/vehicle/IC2837,http://irail.be/stations/NMBS/008892007,IC,2016-03-01T17:00:00,2016-03-01T16:53:00,20,-212
http://irail.be/vehicle/IC2837,http://irail.be/stations/NMBS/008892031,IC,2016-03-01T17:03:00,2016-03-01T17:03:00,62,5
http://irail.be/vehicle/IC2837,http://irail.be/stations/NMBS/008892056,IC,2016-03-01T17:07:00,2016-03-01T17:07:00,-8,-25
http://irail.be/vehicle/IC2837,http://irail.be/stations/NMBS/008891165,IC,2016-03-01T17:08:00,2016-03-01T17:08:00,44,-8
http://irail.be/vehicle/IC2837,http://irail.be/stations/NMBS/008891157,IC,2016-03-01T17:10:00,2016-03-01T17:10:00,134,74
http://irail.be/vehicle/IC2837,http://irail.be/stations/NMBS/008891140,IC,2016-03-01T17:15:00,2016-03-01T17:13:00,191,185
http://irail.be/vehicle/IC2837,http://irail.be/stations/NMBS/008891132,IC,2016-03-01T17:18:00,2016-03-01T17:18:00,195,185
http://irail.be/vehicle/IC2837,http://irail.be/stations/NMBS/008891124,IC,2016-03-01T17:20:00,2016-03-01T17:20:00,208,195
http://irail.be/vehicle/IC2837,http://irail.be/stations/NMBS/008891116,IC,2016-03-01T17:23:00,2016-03-01T17:23:00,182,182
http://irail.be/vehicle/IC2837,http://irail.be/stations/NMBS/008891009,IC,2016-03-01T17:29:00,2016-03-01T17:29:00,0,255
http://irail.be/vehicle/IC2837,http://irail.be/stations/NMBS/008819406,IC,2016-05-05T15:57:00,2016-05-05T15:57:00,59,0
http://irail.be/vehicle/IC2837,http://irail.be/stations/NMBS/008819406,IC,2016-05-05T16:13:00,2016-05-05T16:11:00,3674,3790
http://irail.be/vehicle/IC2837,http://irail.be/stations/NMBS/008811221,IC,2016-05-05T16:17:00,2016-05-05T16:17:00,3664,3664
http://irail.be/vehicle/IC2837,http://irail.be/stations/NMBS/008811213,IC,2016-05-05T16:18:00,2016-05-05T16:18:00,3606,3606
http://irail.be/vehicle/IC2837,http://irail.be/stations/NMBS/008811130,IC,2016-05-05T16:19:00,2016-05-05T16:19:00,3676,3676
http://irail.be/vehicle/IC2837,http://irail.be/stations/NMBS/008811007,IC,2016-05-05T16:20:00,2016-05-05T16:20:00,3735,3720
http://irail.be/vehicle/IC2837,http://irail.be/stations/NMBS/008812005,IC,2016-05-05T16:26:00,2016-05-05T16:24:00,4888,4861
http://irail.be/vehicle/IC2837,http://irail.be/stations/NMBS/008813045,IC,2016-05-05T16:28:00,2016-05-05T16:28:00,4912,4911
http://irail.be/vehicle/IC2837,http://irail.be/stations/NMBS/008813003,IC,2016-05-05T16:30:00,2016-05-05T16:29:00,4966,4945
http://irail.be/vehicle/IC2837,http://irail.be/stations/NMBS/008813037,IC,2016-05-05T16:32:00,2016-05-05T16:32:00,4942,4966
http://irail.be/vehicle/IC2837,http://irail.be/stations/NMBS/008814001,IC,2016-05-05T16:34:00,2016-05-05T16:34:00,5049,4991
http://irail.be/vehicle/IC2837,NO-URI,IC,2016-01-23T15:57:00,2016-01-23T15:57:00,34,0
http://irail.be/vehicle/IC2837,http://irail.be/stations/NMBS/008811007,IC,2016-01-23T16:04:00,2016-01-23T16:04:00,20,-8
http://irail.be/vehicle/IC2837,http://irail.be/stations/NMBS/008812005,IC,2016-01-23T16:09:00,2016-01-23T16:07:00,2,11
http://irail.be/vehicle/IC2837,http://irail.be/stations/NMBS/008813045,IC,2016-01-23T16:11:00,2016-01-23T16:11:00,-9,-5
http://irail.be/vehicle/IC2837,http://irail.be/stations/NMBS/008813003,IC,2016-01-23T16:13:00,2016-01-23T16:12:00,9,16
http://irail.be/vehicle/IC2837,http://irail.be/stations/NMBS/008813037,IC,2016-01-23T16:14:00,2016-01-23T16:14:00,20,9
http://irail.be/vehicle/IC2837,http://irail.be/stations/NMBS/008814001,IC,2016-01-23T16:17:00,2016-01-23T16:17:00,0,27
http://irail.be/vehicle/IC2837,http://irail.be/stations/NMBS/008814001,IC,2016-04-03T16:21:00,2016-04-03T16:21:00,396,0
http://irail.be/vehicle/IC2837,http://irail.be/stations/NMBS/008892007,IC,2016-04-03T16:50:00,2016-04-03T16:50:00,0,291
http://irail.be/vehicle/IC2837,http://irail.be/stations/NMBS/008819406,IC,2016-11-30T15:59:00,2016-11-30T15:59:00,34,
http://irail.be/vehicle/IC2837,http://irail.be/stations/NMBS/008811007,IC,2016-11-30T16:07:00,2016-11-30T16:07:00,16,16
http://irail.be/vehicle/IC2837,http://irail.be/stations/NMBS/008812005,IC,2016-11-30T16:12:00,2016-11-30T16:10:00,50,11
http://irail.be/vehicle/IC2837,http://irail.be/stations/NMBS/008813045,IC,2016-11-30T16:14:00,2016-11-30T16:14:00,61,61
http://irail.be/vehicle/IC2837,http://irail.be/stations/NMBS/008813003,IC,2016-11-30T16:16:00,2016-11-30T16:15:00,128,100
http://irail.be/vehicle/IC2837,http://irail.be/stations/NMBS/008813037,IC,2016-11-30T16:18:00,2016-11-30T16:18:00,128,128
http://irail.be/vehicle/IC2837,http://irail.be/stations/NMBS/008814001,IC,2016-11-30T16:22:00,2016-11-30T16:20:00,129,148
http://irail.be/vehicle/IC2837,http://irail.be/stations/NMBS/008892007,IC,2016-11-30T17:00:00,2016-11-30T16:53:00,75,50
http://irail.be/vehicle/IC2837,http://irail.be/stations/NMBS/008892031,IC,2016-11-30T17:03:00,2016-11-30T17:03:00,106,106
http://irail.be/vehicle/IC2837,http://irail.be/stations/NMBS/008892056,IC,2016-11-30T17:07:00,2016-11-30T17:07:00,61,61
http://irail.be/vehicle/IC2837,http://irail.be/stations/NMBS/008891165,IC,2016-11-30T17:08:00,2016-11-30T17:08:00,39,39
http://irail.be/vehicle/IC2837,http://irail.be/stations/NMBS/008891157,IC,2016-11-30T17:10:00,2016-11-30T17:10:00,30,30
http://irail.be/vehicle/IC2837,http://irail.be/stations/NMBS/008891140,IC,2016-11-30T17:15:00,2016-11-30T17:13:00,122,-2
http://irail.be/vehicle/IC2837,http://irail.be/stations/NMBS/008891132,IC,2016-11-30T17:18:00,2016-11-30T17:18:00,125,125
http://irail.be/vehicle/IC2837,http://irail.be/stations/NMBS/008891124,IC,2016-11-30T17:20:00,2016-11-30T17:20:00,132,132
http://irail.be/vehicle/IC2837,http://irail.be/stations/NMBS/008891116,IC,2016-11-30T17:23:00,2016-11-30T17:23:00,165,165
http://irail.be/vehicle/IC2837,http://irail.be/stations/NMBS/008891009,IC,2016-11-30T17:29:00,2016-11-30T17:29:00,,217
http://irail.be/vehicle/IC2837,http://irail.be/stations/NMBS/008819406,IC,2016-11-06T15:57:00,2016-11-06T15:57:00,534,
http://irail.be/vehicle/IC2837,http://irail.be/stations/NMBS/008811007,IC,2016-11-06T16:04:00,2016-11-06T16:04:00,519,519
http://irail.be/vehicle/IC2837,http://irail.be/stations/NMBS/008812005,IC,2016-11-06T16:09:00,2016-11-06T16:07:00,490,544
http://irail.be/vehicle/IC2837,http://irail.be/stations/NMBS/008813045,IC,2016-11-06T16:11:00,2016-11-06T16:11:00,492,492
http://irail.be/vehicle/IC2837,http://irail.be/stations/NMBS/008813003,IC,2016-11-06T16:13:00,2016-11-06T16:12:00,527,520
http://irail.be/vehicle/IC2837,http://irail.be/stations/NMBS/008813037,IC,2016-11-06T16:14:00,2016-11-06T16:14:00,544,544
http://irail.be/vehicle/IC2837,http://irail.be/stations/NMBS/008814001,IC,2016-11-06T16:17:00,2016-11-06T16:17:00,,519
http://irail.be/vehicle/IC2837,http://irail.be/stations/NMBS/008819406,IC,2016-09-22T15:59:00,2016-09-22T15:59:00,1,
http://irail.be/vehicle/IC2837,http://irail.be/stations/NMBS/008811007,IC,2016-09-22T16:07:00,2016-09-22T16:07:00,-67,-67
http://irail.be/vehicle/IC2837,http://irail.be/stations/NMBS/008812005,IC,2016-09-22T16:12:00,2016-09-22T16:10:00,14,57
http://irail.be/vehicle/IC2837,http://irail.be/stations/NMBS/008813045,IC,2016-09-22T16:14:00,2016-09-22T16:14:00,9,9
http://irail.be/vehicle/IC2837,http://irail.be/stations/NMBS/008813003,IC,2016-09-22T16:16:00,2016-09-22T16:15:00,100,59
http://irail.be/vehicle/IC2837,http://irail.be/stations/NMBS/008813037,IC,2016-09-22T16:18:00,2016-09-22T16:18:00,54,54
http://irail.be/vehicle/IC2837,http://irail.be/stations/NMBS/008814001,IC,2016-09-22T16:22:00,2016-09-22T16:20:00,98,77
http://irail.be/vehicle/IC2837,http://irail.be/stations/NMBS/008892007,IC,2016-09-22T17:00:00,2016-09-22T16:53:00,27,250
http://irail.be/vehicle/IC2837,http://irail.be/stations/NMBS/008892031,IC,2016-09-22T17:03:00,2016-09-22T17:03:00,24,24
http://irail.be/vehicle/IC2837,http://irail.be/stations/NMBS/008892056,IC,2016-09-22T17:07:00,2016-09-22T17:07:00,-53,-53
http://irail.be/vehicle/IC2837,http://irail.be/stations/NMBS/008891165,IC,2016-09-22T17:08:00,2016-09-22T17:08:00,-8,-8
http://irail.be/vehicle/IC2837,http://irail.be/stations/NMBS/008891157,IC,2016-09-22T17:10:00,2016-09-22T17:10:00,-17,-17
http://irail.be/vehicle/IC2837,http://irail.be/stations/NMBS/008891140,IC,2016-09-22T17:15:00,2016-09-22T17:13:00,57,-50
http://irail.be/vehicle/IC2837,http://irail.be/stations/NMBS/008891132,IC,2016-09-22T17:18:00,2016-09-22T17:18:00,16,16
http://irail.be/vehicle/IC2837,http://irail.be/stations/NMBS/008891124,IC,2016-09-22T17:20:00,2016-09-22T17:20:00,6,6
http://irail.be/vehicle/IC2837,http://irail.be/stations/NMBS/008891116,IC,2016-09-22T17:23:00,2016-09-22T17:23:00,-29,-29
http://irail.be/vehicle/IC2837,http://irail.be/stations/NMBS/008891009,IC,2016-09-22T17:29:00,2016-09-22T17:29:00,,-70
http://irail.be/vehicle/IC2837,http://irail.be/stations/NMBS/008819406,IC,2016-08-29T15:59:00,2016-08-29T15:59:00,5,
http://irail.be/vehicle/IC2837,http://irail.be/stations/NMBS/008811007,IC,2016-08-29T16:07:00,2016-08-29T16:07:00,-43,-43
http://irail.be/vehicle/IC2837,http://irail.be/stations/NMBS/008812005,IC,2016-08-29T16:12:00,2016-08-29T16:10:00,54,109
http://irail.be/vehicle/IC2837,http://irail.be/stations/NMBS/008813045,IC,2016-08-29T16:14:00,2016-08-29T16:14:00,59,59
http://irail.be/vehicle/IC2837,http://irail.be/stations/NMBS/008813003,IC,2016-08-29T16:16:00,2016-08-29T16:15:00,145,125
http://irail.be/vehicle/IC2837,http://irail.be/stations/NMBS/008813037,IC,2016-08-29T16:18:00,2016-08-29T16:18:00,115,115
http://irail.be/vehicle/IC2837,http://irail.be/stations/NMBS/008814001,IC,2016-08-29T16:22:00,2016-08-29T16:20:00,163,168
http://irail.be/vehicle/IC2837,http://irail.be/stations/NMBS/008892007,IC,2016-08-29T17:00:00,2016-08-29T16:53:00,10,59
http://irail.be/vehicle/IC2837,http://irail.be/stations/NMBS/008892031,IC,2016-08-29T17:03:00,2016-08-29T17:03:00,17,17
http://irail.be/vehicle/IC2837,http://irail.be/stations/NMBS/008892056,IC,2016-08-29T17:07:00,2016-08-29T17:07:00,-73,-73
http://irail.be/vehicle/IC2837,http://irail.be/stations/NMBS/008891165,IC,2016-08-29T17:08:00,2016-08-29T17:08:00,-52,-52
http://irail.be/vehicle/IC2837,http://irail.be/stations/NMBS/008891157,IC,2016-08-29T17:10:00,2016-08-29T17:10:00,-90,-90
http://irail.be/vehicle/IC2837,http://irail.be/stations/NMBS/008891140,IC,2016-08-29T17:15:00,2016-08-29T17:13:00,55,-10
http://irail.be/vehicle/IC2837,http://irail.be/stations/NMBS/008891132,IC,2016-08-29T17:18:00,2016-08-29T17:18:00,15,15
http://irail.be/vehicle/IC2837,http://irail.be/stations/NMBS/008891124,IC,2016-08-29T17:20:00,2016-08-29T17:20:00,10,10
http://irail.be/vehicle/IC2837,http://irail.be/stations/NMBS/008891116,IC,2016-08-29T17:23:00,2016-08-29T17:23:00,24,24
http://irail.be/vehicle/IC2837,http://irail.be/stations/NMBS/008891009,IC,2016-08-29T17:29:00,2016-08-29T17:29:00,,89
http://irail.be/vehicle/IC2837,http://irail.be/stations/NMBS/008814001,IC,2016-03-25T16:22:00,2016-03-25T16:22:00,439,0
http://irail.be/vehicle/IC2837,http://irail.be/stations/NMBS/008892007,IC,2016-03-25T17:00:00,2016-03-25T16:53:00,15,170
http://irail.be/vehicle/IC2837,http://irail.be/stations/NMBS/008892031,IC,2016-03-25T17:03:00,2016-03-25T17:03:00,18,-23
http://irail.be/vehicle/IC2837,http://irail.be/stations/NMBS/008892056,IC,2016-03-25T17:07:00,2016-03-25T17:07:00,-46,-67
http://irail.be/vehicle/IC2837,http://irail.be/stations/NMBS/008891165,IC,2016-03-25T17:09:00,2016-03-25T17:09:00,168,14
http://irail.be/vehicle/IC2837,http://irail.be/stations/NMBS/008891157,IC,2016-03-25T17:10:00,2016-03-25T17:10:00,142,131
http://irail.be/vehicle/IC2837,http://irail.be/stations/NMBS/008891140,IC,2016-03-25T17:15:00,2016-03-25T17:13:00,222,203
http://irail.be/vehicle/IC2837,http://irail.be/stations/NMBS/008891132,IC,2016-03-25T17:18:00,2016-03-25T17:18:00,290,247
http://irail.be/vehicle/IC2837,http://irail.be/stations/NMBS/008891124,IC,2016-03-25T17:20:00,2016-03-25T17:20:00,355,344
http://irail.be/vehicle/IC2837,http://irail.be/stations/NMBS/008891116,IC,2016-03-25T17:23:00,2016-03-25T17:23:00,461,461
http://irail.be/vehicle/IC2837,http://irail.be/stations/NMBS/008891009,IC,2016-03-25T17:29:00,2016-03-25T17:29:00,0,475
http://irail.be/vehicle/IC2837,http://irail.be/stations/NMBS/008819406,IC,2016-11-20T15:57:00,2016-11-20T15:57:00,9,
http://irail.be/vehicle/IC2837,http://irail.be/stations/NMBS/008811007,IC,2016-11-20T16:04:00,2016-11-20T16:04:00,424,424
http://irail.be/vehicle/IC2837,http://irail.be/stations/NMBS/008812005,IC,2016-11-20T16:09:00,2016-11-20T16:07:00,401,420
http://irail.be/vehicle/IC2837,http://irail.be/stations/NMBS/008813045,IC,2016-11-20T16:11:00,2016-11-20T16:11:00,405,405
http://irail.be/vehicle/IC2837,http://irail.be/stations/NMBS/008813003,IC,2016-11-20T16:13:00,2016-11-20T16:12:00,466,434
http://irail.be/vehicle/IC2837,http://irail.be/stations/NMBS/008813037,IC,2016-11-20T16:14:00,2016-11-20T16:14:00,466,466
http://irail.be/vehicle/IC2837,http://irail.be/stations/NMBS/008814001,IC,2016-11-20T16:21:00,2016-11-20T16:17:00,403,472
http://irail.be/vehicle/IC2837,http://irail.be/stations/NMBS/008892007,IC,2016-11-20T16:50:00,2016-11-20T16:50:00,,259
http://irail.be/vehicle/IC2837,http://irail.be/stations/NMBS/008819406,IC,2016-07-29T15:59:00,2016-07-29T15:59:00,25,
http://irail.be/vehicle/IC2837,http://irail.be/stations/NMBS/008811007,IC,2016-07-29T16:07:00,2016-07-29T16:07:00,-14,-14
http://irail.be/vehicle/IC2837,http://irail.be/stations/NMBS/008812005,IC,2016-07-29T16:12:00,2016-07-29T16:10:00,68,113
http://irail.be/vehicle/IC2837,http://irail.be/stations/NMBS/008813045,IC,2016-07-29T16:14:00,2016-07-29T16:14:00,66,66
http://irail.be/vehicle/IC2837,http://irail.be/stations/NMBS/008813003,IC,2016-07-29T16:16:00,2016-07-29T16:15:00,105,94
http://irail.be/vehicle/IC2837,http://irail.be/stations/NMBS/008813037,IC,2016-07-29T16:18:00,2016-07-29T16:18:00,58,58
http://irail.be/vehicle/IC2837,http://irail.be/stations/NMBS/008814001,IC,2016-07-29T16:22:00,2016-07-29T16:20:00,184,143
http://irail.be/vehicle/IC2837,http://irail.be/stations/NMBS/008892007,IC,2016-07-29T17:00:00,2016-07-29T16:53:00,25,-67
http://irail.be/vehicle/IC2837,http://irail.be/stations/NMBS/008892031,IC,2016-07-29T17:03:00,2016-07-29T17:03:00,20,20
http://irail.be/vehicle/IC2837,http://irail.be/stations/NMBS/008892056,IC,2016-07-29T17:07:00,2016-07-29T17:07:00,-79,-79
http://irail.be/vehicle/IC2837,http://irail.be/stations/NMBS/008891165,IC,2016-07-29T17:08:00,2016-07-29T17:08:00,-64,-64
http://irail.be/vehicle/IC2837,http://irail.be/stations/NMBS/008891157,IC,2016-07-29T17:10:00,2016-07-29T17:10:00,-106,-106
http://irail.be/vehicle/IC2837,http://irail.be/stations/NMBS/008891140,IC,2016-07-29T17:15:00,2016-07-29T17:13:00,67,-15
http://irail.be/vehicle/IC2837,http://irail.be/stations/NMBS/008891132,IC,2016-07-29T17:18:00,2016-07-29T17:18:00,33,33
http://irail.be/vehicle/IC2837,http://irail.be/stations/NMBS/008891124,IC,2016-07-29T17:20:00,2016-07-29T17:20:00,28,28
http://irail.be/vehicle/IC2837,http://irail.be/stations/NMBS/008891116,IC,2016-07-29T17:23:00,2016-07-29T17:23:00,33,33
http://irail.be/vehicle/IC2837,http://irail.be/stations/NMBS/008891009,IC,2016-07-29T17:29:00,2016-07-29T17:29:00,,153
http://irail.be/vehicle/IC2837,NO-URI,IC,2016-03-02T15:59:00,2016-03-02T15:59:00,17,0
http://irail.be/vehicle/IC2837,http://irail.be/stations/NMBS/008811007,IC,2016-03-02T16:07:00,2016-03-02T16:07:00,382,291
http://irail.be/vehicle/IC2837,http://irail.be/stations/NMBS/008812005,IC,2016-03-02T16:12:00,2016-03-02T16:10:00,422,398
http://irail.be/vehicle/IC2837,http://irail.be/stations/NMBS/008813045,IC,2016-03-02T16:14:00,2016-03-02T16:14:00,424,425
http://irail.be/vehicle/IC2837,http://irail.be/stations/NMBS/008813003,IC,2016-03-02T16:16:00,2016-03-02T16:15:00,549,504
http://irail.be/vehicle/IC2837,http://irail.be/stations/NMBS/008813037,IC,2016-03-02T16:18:00,2016-03-02T16:18:00,500,501
http://irail.be/vehicle/IC2837,http://irail.be/stations/NMBS/008814001,IC,2016-03-02T16:22:00,2016-03-02T16:20:00,511,512
http://irail.be/vehicle/IC2837,http://irail.be/stations/NMBS/008892007,IC,2016-03-02T17:00:00,2016-03-02T16:53:00,17,323
http://irail.be/vehicle/IC2837,http://irail.be/stations/NMBS/008892031,IC,2016-03-02T17:03:00,2016-03-02T17:03:00,18,-21
http://irail.be/vehicle/IC2837,http://irail.be/stations/NMBS/008892056,IC,2016-03-02T17:07:00,2016-03-02T17:07:00,-85,-89
http://irail.be/vehicle/IC2837,http://irail.be/stations/NMBS/008891165,IC,2016-03-02T17:08:00,2016-03-02T17:08:00,-67,-85
http://irail.be/vehicle/IC2837,http://irail.be/stations/NMBS/008891157,IC,2016-03-02T17:10:00,2016-03-02T17:10:00,-111,-114
http://irail.be/vehicle/IC2837,http://irail.be/stations/NMBS/008891140,IC,2016-03-02T17:15:00,2016-03-02T17:13:00,60,-41
http://irail.be/vehicle/IC2837,http://irail.be/stations/NMBS/008891132,IC,2016-03-02T17:18:00,2016-03-02T17:18:00,67,59
http://irail.be/vehicle/IC2837,http://irail.be/stations/NMBS/008891124,IC,2016-03-02T17:20:00,2016-03-02T17:20:00,62,53
http://irail.be/vehicle/IC2837,http://irail.be/stations/NMBS/008891116,IC,2016-03-02T17:23:00,2016-03-02T17:23:00,197,197
http://irail.be/vehicle/IC2837,http://irail.be/stations/NMBS/008891009,IC,2016-03-02T17:29:00,2016-03-02T17:29:00,0,177
http://irail.be/vehicle/IC2837,http://irail.be/stations/NMBS/008819406,IC,2016-11-05T15:57:00,2016-11-05T15:57:00,40,
http://irail.be/vehicle/IC2837,http://irail.be/stations/NMBS/008811007,IC,2016-11-05T16:04:00,2016-11-05T16:04:00,91,91
http://irail.be/vehicle/IC2837,http://irail.be/stations/NMBS/008812005,IC,2016-11-05T16:09:00,2016-11-05T16:07:00,52,126
http://irail.be/vehicle/IC2837,http://irail.be/stations/NMBS/008813045,IC,2016-11-05T16:11:00,2016-11-05T16:11:00,53,53
http://irail.be/vehicle/IC2837,http://irail.be/stations/NMBS/008813003,IC,2016-11-05T16:13:00,2016-11-05T16:12:00,79,91
http://irail.be/vehicle/IC2837,http://irail.be/stations/NMBS/008813037,IC,2016-11-05T16:14:00,2016-11-05T16:14:00,89,89
http://irail.be/vehicle/IC2837,http://irail.be/stations/NMBS/008814001,IC,2016-11-05T16:17:00,2016-11-05T16:17:00,,97
http://irail.be/vehicle/IC2837,http://irail.be/stations/NMBS/008819406,IC,2016-10-27T15:59:00,2016-10-27T15:59:00,7,
http://irail.be/vehicle/IC2837,http://irail.be/stations/NMBS/008811007,IC,2016-10-27T16:07:00,2016-10-27T16:07:00,-27,-27
http://irail.be/vehicle/IC2837,http://irail.be/stations/NMBS/008812005,IC,2016-10-27T16:12:00,2016-10-27T16:10:00,13,-10
http://irail.be/vehicle/IC2837,http://irail.be/stations/NMBS/008813045,IC,2016-10-27T16:14:00,2016-10-27T16:14:00,13,13
http://irail.be/vehicle/IC2837,http://irail.be/stations/NMBS/008813003,IC,2016-10-27T16:16:00,2016-10-27T16:15:00,115,43
http://irail.be/vehicle/IC2837,http://irail.be/stations/NMBS/008813037,IC,2016-10-27T16:18:00,2016-10-27T16:18:00,80,80
http://irail.be/vehicle/IC2837,http://irail.be/stations/NMBS/008814001,IC,2016-10-27T16:22:00,2016-10-27T16:20:00,96,118
http://irail.be/vehicle/IC2837,http://irail.be/stations/NMBS/008892007,IC,2016-10-27T17:00:00,2016-10-27T16:53:00,21,-39
http://irail.be/vehicle/IC2837,http://irail.be/stations/NMBS/008892031,IC,2016-10-27T17:03:00,2016-10-27T17:03:00,31,31
http://irail.be/vehicle/IC2837,http://irail.be/stations/NMBS/008892056,IC,2016-10-27T17:07:00,2016-10-27T17:07:00,-47,-47
http://irail.be/vehicle/IC2837,http://irail.be/stations/NMBS/008891165,IC,2016-10-27T17:08:00,2016-10-27T17:08:00,-14,-14
http://irail.be/vehicle/IC2837,http://irail.be/stations/NMBS/008891157,IC,2016-10-27T17:10:00,2016-10-27T17:10:00,-40,-40
http://irail.be/vehicle/IC2837,http://irail.be/stations/NMBS/008891140,IC,2016-10-27T17:15:00,2016-10-27T17:13:00,65,-51
http://irail.be/vehicle/IC2837,http://irail.be/stations/NMBS/008891132,IC,2016-10-27T17:18:00,2016-10-27T17:18:00,70,70
http://irail.be/vehicle/IC2837,http://irail.be/stations/NMBS/008891124,IC,2016-10-27T17:20:00,2016-10-27T17:20:00,71,71
http://irail.be/vehicle/IC2837,http://irail.be/stations/NMBS/008891116,IC,2016-10-27T17:23:00,2016-10-27T17:23:00,46,46
http://irail.be/vehicle/IC2837,http://irail.be/stations/NMBS/008891009,IC,2016-10-27T17:29:00,2016-10-27T17:29:00,,88
http://irail.be/vehicle/IC2837,http://irail.be/stations/NMBS/008811007,IC,2016-04-21T16:07:00,2016-04-21T16:07:00,159,0
http://irail.be/vehicle/IC2837,http://irail.be/stations/NMBS/008812005,IC,2016-04-21T16:12:00,2016-04-21T16:10:00,300,301
http://irail.be/vehicle/IC2837,http://irail.be/stations/NMBS/008813045,IC,2016-04-21T16:14:00,2016-04-21T16:14:00,301,302
http://irail.be/vehicle/IC2837,http://irail.be/stations/NMBS/008813003,IC,2016-04-21T16:16:00,2016-04-21T16:15:00,444,406
http://irail.be/vehicle/IC2837,http://irail.be/stations/NMBS/008813037,IC,2016-04-21T16:17:00,2016-04-21T16:17:00,462,444
http://irail.be/vehicle/IC2837,http://irail.be/stations/NMBS/008814001,IC,2016-04-21T16:22:00,2016-04-21T16:20:00,521,477
http://irail.be/vehicle/IC2837,http://irail.be/stations/NMBS/008892007,IC,2016-04-21T17:00:00,2016-04-21T16:53:00,133,413
http://irail.be/vehicle/IC2837,http://irail.be/stations/NMBS/008892031,IC,2016-04-21T17:03:00,2016-04-21T17:03:00,125,87
http://irail.be/vehicle/IC2837,http://irail.be/stations/NMBS/008892056,IC,2016-04-21T17:07:00,2016-04-21T17:07:00,19,19
http://irail.be/vehicle/IC2837,http://irail.be/stations/NMBS/008891165,IC,2016-04-21T17:09:00,2016-04-21T17:09:00,-22,19
http://irail.be/vehicle/IC2837,http://irail.be/stations/NMBS/008891157,IC,2016-04-21T17:10:00,2016-04-21T17:10:00,-7,-9
http://irail.be/vehicle/IC2837,http://irail.be/stations/NMBS/008891140,IC,2016-04-21T17:15:00,2016-04-21T17:13:00,56,34
http://irail.be/vehicle/IC2837,http://irail.be/stations/NMBS/008891132,IC,2016-04-21T17:18:00,2016-04-21T17:18:00,25,23
http://irail.be/vehicle/IC2837,http://irail.be/stations/NMBS/008891124,IC,2016-04-21T17:20:00,2016-04-21T17:20:00,19,7
http://irail.be/vehicle/IC2837,http://irail.be/stations/NMBS/008891116,IC,2016-04-21T17:23:00,2016-04-21T17:23:00,151,151
http://irail.be/vehicle/IC2837,http://irail.be/stations/NMBS/008891009,IC,2016-04-21T17:29:00,2016-04-21T17:29:00,0,259
http://irail.be/vehicle/IC2837,NO-URI,IC,2016-03-13T15:57:00,2016-03-13T15:57:00,33,0
http://irail.be/vehicle/IC2837,http://irail.be/stations/NMBS/008811007,IC,2016-03-13T16:04:00,2016-03-13T16:04:00,66,39
http://irail.be/vehicle/IC2837,http://irail.be/stations/NMBS/008812005,IC,2016-03-13T16:09:00,2016-03-13T16:07:00,39,70
http://irail.be/vehicle/IC2837,http://irail.be/stations/NMBS/008813045,IC,2016-03-13T16:11:00,2016-03-13T16:11:00,43,43
http://irail.be/vehicle/IC2837,http://irail.be/stations/NMBS/008813003,IC,2016-03-13T16:13:00,2016-03-13T16:12:00,91,71
http://irail.be/vehicle/IC2837,http://irail.be/stations/NMBS/008813037,IC,2016-03-13T16:14:00,2016-03-13T16:14:00,122,91
http://irail.be/vehicle/IC2837,http://irail.be/stations/NMBS/008814001,IC,2016-03-13T16:21:00,2016-03-13T16:17:00,110,100
http://irail.be/vehicle/IC2837,http://irail.be/stations/NMBS/008892007,IC,2016-03-13T16:50:00,2016-03-13T16:50:00,0,71
http://irail.be/vehicle/IC2837,http://irail.be/stations/NMBS/008819406,IC,2016-10-28T15:59:00,2016-10-28T15:59:00,64,
http://irail.be/vehicle/IC2837,http://irail.be/stations/NMBS/008811007,IC,2016-10-28T16:07:00,2016-10-28T16:07:00,30,30
http://irail.be/vehicle/IC2837,http://irail.be/stations/NMBS/008812005,IC,2016-10-28T16:12:00,2016-10-28T16:10:00,112,157
http://irail.be/vehicle/IC2837,http://irail.be/stations/NMBS/008813045,IC,2016-10-28T16:14:00,2016-10-28T16:14:00,112,112
http://irail.be/vehicle/IC2837,http://irail.be/stations/NMBS/008813003,IC,2016-10-28T16:16:00,2016-10-28T16:15:00,204,174
http://irail.be/vehicle/IC2837,http://irail.be/stations/NMBS/008813037,IC,2016-10-28T16:18:00,2016-10-28T16:18:00,162,162
http://irail.be/vehicle/IC2837,http://irail.be/stations/NMBS/008814001,IC,2016-10-28T16:22:00,2016-10-28T16:20:00,301,201
http://irail.be/vehicle/IC2837,http://irail.be/stations/NMBS/008892007,IC,2016-10-28T17:00:00,2016-10-28T16:53:00,32,150
http://irail.be/vehicle/IC2837,http://irail.be/stations/NMBS/008892031,IC,2016-10-28T17:03:00,2016-10-28T17:03:00,75,75
http://irail.be/vehicle/IC2837,http://irail.be/stations/NMBS/008892056,IC,2016-10-28T17:07:00,2016-10-28T17:07:00,770,182
http://irail.be/vehicle/IC2837,http://irail.be/stations/NMBS/008891165,IC,2016-10-28T17:08:00,2016-10-28T17:08:00,878,878
http://irail.be/vehicle/IC2837,http://irail.be/stations/NMBS/008891157,IC,2016-10-28T17:10:00,2016-10-28T17:10:00,845,845
http://irail.be/vehicle/IC2837,http://irail.be/stations/NMBS/008891140,IC,2016-10-28T17:15:00,2016-10-28T17:13:00,1615,1179
http://irail.be/vehicle/IC2837,http://irail.be/stations/NMBS/008891132,IC,2016-10-28T17:18:00,2016-10-28T17:18:00,1773,1773
http://irail.be/vehicle/IC2837,http://irail.be/stations/NMBS/008891124,IC,2016-10-28T17:20:00,2016-10-28T17:20:00,2206,2206
http://irail.be/vehicle/IC2837,http://irail.be/stations/NMBS/008891116,IC,2016-10-28T17:23:00,2016-10-28T17:23:00,2372,2372
http://irail.be/vehicle/IC2837,http://irail.be/stations/NMBS/008891009,IC,2016-10-28T17:29:00,2016-10-28T17:29:00,,2375
http://irail.be/vehicle/IC2837,NO-URI,IC,2016-03-20T15:57:00,2016-03-20T15:57:00,1,0
http://irail.be/vehicle/IC2837,http://irail.be/stations/NMBS/008811007,IC,2016-03-20T16:04:00,2016-03-20T16:04:00,18,-7
http://irail.be/vehicle/IC2837,http://irail.be/stations/NMBS/008812005,IC,2016-03-20T16:09:00,2016-03-20T16:07:00,191,64
http://irail.be/vehicle/IC2837,http://irail.be/stations/NMBS/008813045,IC,2016-03-20T16:11:00,2016-03-20T16:11:00,182,186
http://irail.be/vehicle/IC2837,http://irail.be/stations/NMBS/008813003,IC,2016-03-20T16:13:00,2016-03-20T16:12:00,262,205
http://irail.be/vehicle/IC2837,http://irail.be/stations/NMBS/008813037,IC,2016-03-20T16:14:00,2016-03-20T16:14:00,282,281
http://irail.be/vehicle/IC2837,http://irail.be/stations/NMBS/008814001,IC,2016-03-20T16:21:00,2016-03-20T16:17:00,161,245
http://irail.be/vehicle/IC2837,http://irail.be/stations/NMBS/008892007,IC,2016-03-20T16:50:00,2016-03-20T16:50:00,0,-1
http://irail.be/vehicle/IC2837,http://irail.be/stations/NMBS/008819406,IC,2016-08-23T15:59:00,2016-08-23T15:59:00,18,
http://irail.be/vehicle/IC2837,http://irail.be/stations/NMBS/008811007,IC,2016-08-23T16:07:00,2016-08-23T16:07:00,216,216
http://irail.be/vehicle/IC2837,http://irail.be/stations/NMBS/008812005,IC,2016-08-23T16:12:00,2016-08-23T16:10:00,244,280
http://irail.be/vehicle/IC2837,http://irail.be/stations/NMBS/008813045,IC,2016-08-23T16:14:00,2016-08-23T16:14:00,247,247
http://irail.be/vehicle/IC2837,http://irail.be/stations/NMBS/008813003,IC,2016-08-23T16:16:00,2016-08-23T16:15:00,356,309
http://irail.be/vehicle/IC2837,http://irail.be/stations/NMBS/008813037,IC,2016-08-23T16:18:00,2016-08-23T16:18:00,335,335
http://irail.be/vehicle/IC2837,http://irail.be/stations/NMBS/008814001,IC,2016-08-23T16:22:00,2016-08-23T16:20:00,360,389
http://irail.be/vehicle/IC2837,http://irail.be/stations/NMBS/008892007,IC,2016-08-23T17:00:00,2016-08-23T16:53:00,25,224
http://irail.be/vehicle/IC2837,http://irail.be/stations/NMBS/008892031,IC,2016-08-23T17:03:00,2016-08-23T17:03:00,40,40
http://irail.be/vehicle/IC2837,http://irail.be/stations/NMBS/008892056,IC,2016-08-23T17:07:00,2016-08-23T17:07:00,-47,-47
http://irail.be/vehicle/IC2837,http://irail.be/stations/NMBS/008891165,IC,2016-08-23T17:08:00,2016-08-23T17:08:00,-21,-21
http://irail.be/vehicle/IC2837,http://irail.be/stations/NMBS/008891157,IC,2016-08-23T17:10:00,2016-08-23T17:10:00,-57,-57
http://irail.be/vehicle/IC2837,http://irail.be/stations/NMBS/008891140,IC,2016-08-23T17:15:00,2016-08-23T17:13:00,71,-75
http://irail.be/vehicle/IC2837,http://irail.be/stations/NMBS/008891132,IC,2016-08-23T17:18:00,2016-08-23T17:18:00,41,41
http://irail.be/vehicle/IC2837,http://irail.be/stations/NMBS/008891124,IC,2016-08-23T17:20:00,2016-08-23T17:20:00,31,31
http://irail.be/vehicle/IC2837,http://irail.be/stations/NMBS/008891116,IC,2016-08-23T17:23:00,2016-08-23T17:23:00,103,103
http://irail.be/vehicle/IC2837,http://irail.be/stations/NMBS/008891009,IC,2016-08-23T17:29:00,2016-08-23T17:29:00,,161
http://irail.be/vehicle/IC2837,http://irail.be/stations/NMBS/008819406,IC,2016-11-10T15:59:00,2016-11-10T15:59:00,-3,
http://irail.be/vehicle/IC2837,http://irail.be/stations/NMBS/008811007,IC,2016-11-10T16:07:00,2016-11-10T16:07:00,86,86
http://irail.be/vehicle/IC2837,http://irail.be/stations/NMBS/008812005,IC,2016-11-10T16:12:00,2016-11-10T16:10:00,144,169
http://irail.be/vehicle/IC2837,http://irail.be/stations/NMBS/008813045,IC,2016-11-10T16:14:00,2016-11-10T16:14:00,299,299
http://irail.be/vehicle/IC2837,http://irail.be/stations/NMBS/008813003,IC,2016-11-10T16:16:00,2016-11-10T16:15:00,503,463
http://irail.be/vehicle/IC2837,http://irail.be/stations/NMBS/008813037,IC,2016-11-10T16:18:00,2016-11-10T16:18:00,457,457
http://irail.be/vehicle/IC2837,http://irail.be/stations/NMBS/008814001,IC,2016-11-10T16:22:00,2016-11-10T16:20:00,501,503
http://irail.be/vehicle/IC2837,http://irail.be/stations/NMBS/008892007,IC,2016-11-10T17:00:00,2016-11-10T16:53:00,88,373
http://irail.be/vehicle/IC2837,http://irail.be/stations/NMBS/008892031,IC,2016-11-10T17:03:00,2016-11-10T17:03:00,119,119
http://irail.be/vehicle/IC2837,http://irail.be/stations/NMBS/008892056,IC,2016-11-10T17:07:00,2016-11-10T17:07:00,22,22
http://irail.be/vehicle/IC2837,http://irail.be/stations/NMBS/008891165,IC,2016-11-10T17:08:00,2016-11-10T17:08:00,40,40
http://irail.be/vehicle/IC2837,http://irail.be/stations/NMBS/008891157,IC,2016-11-10T17:10:00,2016-11-10T17:10:00,1,1
http://irail.be/vehicle/IC2837,http://irail.be/stations/NMBS/008891140,IC,2016-11-10T17:15:00,2016-11-10T17:13:00,61,-15
http://irail.be/vehicle/IC2837,http://irail.be/stations/NMBS/008891132,IC,2016-11-10T17:18:00,2016-11-10T17:18:00,58,58
http://irail.be/vehicle/IC2837,http://irail.be/stations/NMBS/008891124,IC,2016-11-10T17:20:00,2016-11-10T17:20:00,72,72
http://irail.be/vehicle/IC2837,http://irail.be/stations/NMBS/008891116,IC,2016-11-10T17:23:00,2016-11-10T17:23:00,181,181
http://irail.be/vehicle/IC2837,http://irail.be/stations/NMBS/008891009,IC,2016-11-10T17:29:00,2016-11-10T17:29:00,,180
http://irail.be/vehicle/IC2837,http://irail.be/stations/NMBS/008819406,IC,2016-10-05T15:59:00,2016-10-05T15:59:00,2207,
http://irail.be/vehicle/IC2837,http://irail.be/stations/NMBS/008811007,IC,2016-10-05T16:07:00,2016-10-05T16:07:00,2129,2129
http://irail.be/vehicle/IC2837,http://irail.be/stations/NMBS/008812005,IC,2016-10-05T16:12:00,2016-10-05T16:10:00,2795,2131
http://irail.be/vehicle/IC2837,http://irail.be/stations/NMBS/008813045,IC,2016-10-05T16:14:00,2016-10-05T16:14:00,2791,2791
http://irail.be/vehicle/IC2837,http://irail.be/stations/NMBS/008813003,IC,2016-10-05T16:16:00,2016-10-05T16:15:00,2866,2820
http://irail.be/vehicle/IC2837,http://irail.be/stations/NMBS/008813037,IC,2016-10-05T16:18:00,2016-10-05T16:18:00,2822,2822
http://irail.be/vehicle/IC2837,http://irail.be/stations/NMBS/008814001,IC,2016-10-05T16:22:00,2016-10-05T16:20:00,2871,2918
http://irail.be/vehicle/IC2837,http://irail.be/stations/NMBS/008892007,IC,2016-10-05T17:00:00,2016-10-05T16:53:00,2287,2529
http://irail.be/vehicle/IC2837,http://irail.be/stations/NMBS/008892031,IC,2016-10-05T17:03:00,2016-10-05T17:03:00,2272,2272
http://irail.be/vehicle/IC2837,http://irail.be/stations/NMBS/008892056,IC,2016-10-05T17:07:00,2016-10-05T17:07:00,2168,2168
http://irail.be/vehicle/IC2837,http://irail.be/stations/NMBS/008891165,IC,2016-10-05T17:08:00,2016-10-05T17:08:00,2181,2181
http://irail.be/vehicle/IC2837,http://irail.be/stations/NMBS/008891157,IC,2016-10-05T17:10:00,2016-10-05T17:10:00,2136,2136
http://irail.be/vehicle/IC2837,http://irail.be/stations/NMBS/008891140,IC,2016-10-05T17:15:00,2016-10-05T17:13:00,2045,2078
http://irail.be/vehicle/IC2837,http://irail.be/stations/NMBS/008891132,IC,2016-10-05T17:18:00,2016-10-05T17:18:00,2006,2006
http://irail.be/vehicle/IC2837,http://irail.be/stations/NMBS/008891124,IC,2016-10-05T17:20:00,2016-10-05T17:20:00,1996,1996
http://irail.be/vehicle/IC2837,http://irail.be/stations/NMBS/008891116,IC,2016-10-05T17:23:00,2016-10-05T17:23:00,1965,1965
http://irail.be/vehicle/IC2837,http://irail.be/stations/NMBS/008891009,IC,2016-10-05T17:29:00,2016-10-05T17:29:00,,1944
http://irail.be/vehicle/IC2837,http://irail.be/stations/NMBS/008811007,IC,2016-04-22T16:07:00,2016-04-22T16:07:00,99,0
http://irail.be/vehicle/IC2837,http://irail.be/stations/NMBS/008812005,IC,2016-04-22T16:12:00,2016-04-22T16:10:00,192,223
http://irail.be/vehicle/IC2837,http://irail.be/stations/NMBS/008813045,IC,2016-04-22T16:14:00,2016-04-22T16:14:00,194,193
http://irail.be/vehicle/IC2837,http://irail.be/stations/NMBS/008813003,IC,2016-04-22T16:16:00,2016-04-22T16:15:00,240,220
http://irail.be/vehicle/IC2837,http://irail.be/stations/NMBS/008813037,IC,2016-04-22T16:17:00,2016-04-22T16:17:00,256,240
http://irail.be/vehicle/IC2837,http://irail.be/stations/NMBS/008814001,IC,2016-04-22T16:22:00,2016-04-22T16:20:00,228,243
http://irail.be/vehicle/IC2837,http://irail.be/stations/NMBS/008892007,IC,2016-04-22T17:00:00,2016-04-22T16:53:00,49,243
http://irail.be/vehicle/IC2837,http://irail.be/stations/NMBS/008892031,IC,2016-04-22T17:03:00,2016-04-22T17:03:00,49,5
http://irail.be/vehicle/IC2837,http://irail.be/stations/NMBS/008892056,IC,2016-04-22T17:07:00,2016-04-22T17:07:00,-53,-56
http://irail.be/vehicle/IC2837,http://irail.be/stations/NMBS/008891165,IC,2016-04-22T17:09:00,2016-04-22T17:09:00,-98,-53
http://irail.be/vehicle/IC2837,http://irail.be/stations/NMBS/008891157,IC,2016-04-22T17:10:00,2016-04-22T17:10:00,-84,-85
http://irail.be/vehicle/IC2837,http://irail.be/stations/NMBS/008891140,IC,2016-04-22T17:15:00,2016-04-22T17:13:00,78,-61
http://irail.be/vehicle/IC2837,http://irail.be/stations/NMBS/008891132,IC,2016-04-22T17:18:00,2016-04-22T17:18:00,47,44
http://irail.be/vehicle/IC2837,http://irail.be/stations/NMBS/008891124,IC,2016-04-22T17:20:00,2016-04-22T17:20:00,38,28
http://irail.be/vehicle/IC2837,http://irail.be/stations/NMBS/008891116,IC,2016-04-22T17:23:00,2016-04-22T17:23:00,8,8
http://irail.be/vehicle/IC2837,http://irail.be/stations/NMBS/008891009,IC,2016-04-22T17:29:00,2016-04-22T17:29:00,0,150
http://irail.be/vehicle/IC2837,http://irail.be/stations/NMBS/008819406,IC,2016-10-07T15:59:00,2016-10-07T15:59:00,9,
http://irail.be/vehicle/IC2837,http://irail.be/stations/NMBS/008811007,IC,2016-10-07T16:07:00,2016-10-07T16:07:00,-46,-46
http://irail.be/vehicle/IC2837,http://irail.be/stations/NMBS/008812005,IC,2016-10-07T16:12:00,2016-10-07T16:10:00,3,14
http://irail.be/vehicle/IC2837,http://irail.be/stations/NMBS/008813045,IC,2016-10-07T16:14:00,2016-10-07T16:14:00,7,7
http://irail.be/vehicle/IC2837,http://irail.be/stations/NMBS/008813003,IC,2016-10-07T16:16:00,2016-10-07T16:15:00,60,34
http://irail.be/vehicle/IC2837,http://irail.be/stations/NMBS/008813037,IC,2016-10-07T16:18:00,2016-10-07T16:18:00,18,18
http://irail.be/vehicle/IC2837,http://irail.be/stations/NMBS/008814001,IC,2016-10-07T16:22:00,2016-10-07T16:20:00,175,54
http://irail.be/vehicle/IC2837,http://irail.be/stations/NMBS/008892007,IC,2016-10-07T17:00:00,2016-10-07T16:53:00,47,30
http://irail.be/vehicle/IC2837,http://irail.be/stations/NMBS/008892031,IC,2016-10-07T17:03:00,2016-10-07T17:03:00,96,96
http://irail.be/vehicle/IC2837,http://irail.be/stations/NMBS/008892056,IC,2016-10-07T17:07:00,2016-10-07T17:07:00,33,33
http://irail.be/vehicle/IC2837,http://irail.be/stations/NMBS/008891165,IC,2016-10-07T17:08:00,2016-10-07T17:08:00,73,73
http://irail.be/vehicle/IC2837,http://irail.be/stations/NMBS/008891157,IC,2016-10-07T17:10:00,2016-10-07T17:10:00,51,51
http://irail.be/vehicle/IC2837,http://irail.be/stations/NMBS/008891140,IC,2016-10-07T17:15:00,2016-10-07T17:13:00,63,10
http://irail.be/vehicle/IC2837,http://irail.be/stations/NMBS/008891132,IC,2016-10-07T17:18:00,2016-10-07T17:18:00,67,67
http://irail.be/vehicle/IC2837,http://irail.be/stations/NMBS/008891124,IC,2016-10-07T17:20:00,2016-10-07T17:20:00,90,90
http://irail.be/vehicle/IC2837,http://irail.be/stations/NMBS/008891116,IC,2016-10-07T17:23:00,2016-10-07T17:23:00,68,68
http://irail.be/vehicle/IC2837,http://irail.be/stations/NMBS/008891009,IC,2016-10-07T17:29:00,2016-10-07T17:29:00,,68
http://irail.be/vehicle/IC2837,http://irail.be/stations/NMBS/008819406,IC,2016-08-11T15:59:00,2016-08-11T15:59:00,20,
http://irail.be/vehicle/IC2837,http://irail.be/stations/NMBS/008811007,IC,2016-08-11T16:07:00,2016-08-11T16:07:00,-36,-36
http://irail.be/vehicle/IC2837,http://irail.be/stations/NMBS/008812005,IC,2016-08-11T16:12:00,2016-08-11T16:10:00,11,69
http://irail.be/vehicle/IC2837,http://irail.be/stations/NMBS/008813045,IC,2016-08-11T16:14:00,2016-08-11T16:14:00,16,16
http://irail.be/vehicle/IC2837,http://irail.be/stations/NMBS/008813003,IC,2016-08-11T16:16:00,2016-08-11T16:15:00,93,78
http://irail.be/vehicle/IC2837,http://irail.be/stations/NMBS/008813037,IC,2016-08-11T16:18:00,2016-08-11T16:18:00,45,45
http://irail.be/vehicle/IC2837,http://irail.be/stations/NMBS/008814001,IC,2016-08-11T16:22:00,2016-08-11T16:20:00,34,75
http://irail.be/vehicle/IC2837,http://irail.be/stations/NMBS/008892007,IC,2016-08-11T17:00:00,2016-08-11T16:53:00,23,-86
http://irail.be/vehicle/IC2837,http://irail.be/stations/NMBS/008892031,IC,2016-08-11T17:03:00,2016-08-11T17:03:00,64,64
http://irail.be/vehicle/IC2837,http://irail.be/stations/NMBS/008892056,IC,2016-08-11T17:07:00,2016-08-11T17:07:00,-8,-8
http://irail.be/vehicle/IC2837,http://irail.be/stations/NMBS/008891165,IC,2016-08-11T17:08:00,2016-08-11T17:08:00,41,41
http://irail.be/vehicle/IC2837,http://irail.be/stations/NMBS/008891157,IC,2016-08-11T17:10:00,2016-08-11T17:10:00,37,37
http://irail.be/vehicle/IC2837,http://irail.be/stations/NMBS/008891140,IC,2016-08-11T17:15:00,2016-08-11T17:13:00,65,4
http://irail.be/vehicle/IC2837,http://irail.be/stations/NMBS/008891132,IC,2016-08-11T17:18:00,2016-08-11T17:18:00,69,69
http://irail.be/vehicle/IC2837,http://irail.be/stations/NMBS/008891124,IC,2016-08-11T17:20:00,2016-08-11T17:20:00,86,86
http://irail.be/vehicle/IC2837,http://irail.be/stations/NMBS/008891116,IC,2016-08-11T17:23:00,2016-08-11T17:23:00,57,57
http://irail.be/vehicle/IC2837,http://irail.be/stations/NMBS/008891009,IC,2016-08-11T17:29:00,2016-08-11T17:29:00,,121
http://irail.be/vehicle/IC2837,NO-URI,IC,2016-01-29T15:59:00,2016-01-29T15:59:00,47,0
http://irail.be/vehicle/IC2837,http://irail.be/stations/NMBS/008811007,IC,2016-01-29T16:07:00,2016-01-29T16:07:00,-3,-33
http://irail.be/vehicle/IC2837,http://irail.be/stations/NMBS/008812005,IC,2016-01-29T16:12:00,2016-01-29T16:10:00,127,164
http://irail.be/vehicle/IC2837,http://irail.be/stations/NMBS/008813045,IC,2016-01-29T16:14:00,2016-01-29T16:14:00,130,130
http://irail.be/vehicle/IC2837,http://irail.be/stations/NMBS/008813003,IC,2016-01-29T16:16:00,2016-01-29T16:15:00,200,160
http://irail.be/vehicle/IC2837,http://irail.be/stations/NMBS/008813037,IC,2016-01-29T16:17:00,2016-01-29T16:17:00,234,200
http://irail.be/vehicle/IC2837,http://irail.be/stations/NMBS/008814001,IC,2016-01-29T16:22:00,2016-01-29T16:20:00,265,260
http://irail.be/vehicle/IC2837,http://irail.be/stations/NMBS/008892007,IC,2016-01-29T17:00:00,2016-01-29T16:55:00,37,179
http://irail.be/vehicle/IC2837,http://irail.be/stations/NMBS/008892031,IC,2016-01-29T17:04:00,2016-01-29T17:04:00,8,23
http://irail.be/vehicle/IC2837,http://irail.be/stations/NMBS/008892056,IC,2016-01-29T17:07:00,2016-01-29T17:07:00,-19,-31
http://irail.be/vehicle/IC2837,http://irail.be/stations/NMBS/008891165,IC,2016-01-29T17:08:00,2016-01-29T17:08:00,14,-19
http://irail.be/vehicle/IC2837,http://irail.be/stations/NMBS/008891157,IC,2016-01-29T17:11:00,2016-01-29T17:11:00,-69,-82
http://irail.be/vehicle/IC2837,http://irail.be/stations/NMBS/008891140,IC,2016-01-29T17:15:00,2016-01-29T17:13:00,71,-35
http://irail.be/vehicle/IC2837,http://irail.be/stations/NMBS/008891132,IC,2016-01-29T17:18:00,2016-01-29T17:18:00,60,53
http://irail.be/vehicle/IC2837,http://irail.be/stations/NMBS/008891124,IC,2016-01-29T17:20:00,2016-01-29T17:20:00,69,45
http://irail.be/vehicle/IC2837,http://irail.be/stations/NMBS/008891116,IC,2016-01-29T17:24:00,2016-01-29T17:24:00,71,71
http://irail.be/vehicle/IC2837,http://irail.be/stations/NMBS/008891009,IC,2016-01-29T17:29:00,2016-01-29T17:29:00,0,157
http://irail.be/vehicle/IC2837,http://irail.be/stations/NMBS/008819406,IC,2016-05-28T15:57:00,2016-05-28T15:57:00,12,0
http://irail.be/vehicle/IC2837,http://irail.be/stations/NMBS/008811007,IC,2016-05-28T16:04:00,2016-05-28T16:04:00,-19,-48
http://irail.be/vehicle/IC2837,http://irail.be/stations/NMBS/008812005,IC,2016-05-28T16:09:00,2016-05-28T16:07:00,18,66
http://irail.be/vehicle/IC2837,http://irail.be/stations/NMBS/008813045,IC,2016-05-28T16:11:00,2016-05-28T16:11:00,7,10
http://irail.be/vehicle/IC2837,http://irail.be/stations/NMBS/008813003,IC,2016-05-28T16:13:00,2016-05-28T16:12:00,108,105
http://irail.be/vehicle/IC2837,http://irail.be/stations/NMBS/008813037,IC,2016-05-28T16:15:00,2016-05-28T16:15:00,61,108
http://irail.be/vehicle/IC2837,http://irail.be/stations/NMBS/008814001,IC,2016-05-28T16:21:00,2016-05-28T16:17:00,69,75
http://irail.be/vehicle/IC2837,http://irail.be/stations/NMBS/008892007,IC,2016-05-28T16:50:00,2016-05-28T16:50:00,0,-48
http://irail.be/vehicle/IC2837,NO-URI,IC,2016-03-08T15:59:00,2016-03-08T15:59:00,23,0
http://irail.be/vehicle/IC2837,http://irail.be/stations/NMBS/008811007,IC,2016-03-08T16:07:00,2016-03-08T16:07:00,-12,-52
http://irail.be/vehicle/IC2837,http://irail.be/stations/NMBS/008812005,IC,2016-03-08T16:12:00,2016-03-08T16:10:00,25,71
http://irail.be/vehicle/IC2837,http://irail.be/stations/NMBS/008813045,IC,2016-03-08T16:14:00,2016-03-08T16:14:00,26,27
http://irail.be/vehicle/IC2837,http://irail.be/stations/NMBS/008813003,IC,2016-03-08T16:16:00,2016-03-08T16:15:00,70,52
http://irail.be/vehicle/IC2837,http://irail.be/stations/NMBS/008813037,IC,2016-03-08T16:18:00,2016-03-08T16:18:00,24,70
http://irail.be/vehicle/IC2837,http://irail.be/stations/NMBS/008814001,IC,2016-03-08T16:22:00,2016-03-08T16:20:00,101,51
http://irail.be/vehicle/IC2837,http://irail.be/stations/NMBS/008892007,IC,2016-03-08T17:00:00,2016-03-08T16:53:00,36,-151
http://irail.be/vehicle/IC2837,http://irail.be/stations/NMBS/008892031,IC,2016-03-08T17:03:00,2016-03-08T17:03:00,90,27
http://irail.be/vehicle/IC2837,http://irail.be/stations/NMBS/008892056,IC,2016-03-08T17:07:00,2016-03-08T17:07:00,18,4
http://irail.be/vehicle/IC2837,http://irail.be/stations/NMBS/008891165,IC,2016-03-08T17:08:00,2016-03-08T17:08:00,55,18
http://irail.be/vehicle/IC2837,http://irail.be/stations/NMBS/008891157,IC,2016-03-08T17:10:00,2016-03-08T17:10:00,26,17
http://irail.be/vehicle/IC2837,http://irail.be/stations/NMBS/008891140,IC,2016-03-08T17:15:00,2016-03-08T17:13:00,59,-35
http://irail.be/vehicle/IC2837,http://irail.be/stations/NMBS/008891132,IC,2016-03-08T17:18:00,2016-03-08T17:18:00,36,29
http://irail.be/vehicle/IC2837,http://irail.be/stations/NMBS/008891124,IC,2016-03-08T17:20:00,2016-03-08T17:20:00,38,27
http://irail.be/vehicle/IC2837,http://irail.be/stations/NMBS/008891116,IC,2016-03-08T17:23:00,2016-03-08T17:23:00,12,12
http://irail.be/vehicle/IC2837,http://irail.be/stations/NMBS/008891009,IC,2016-03-08T17:29:00,2016-03-08T17:29:00,0,5
http://irail.be/vehicle/IC2837,NO-URI,IC,2016-02-25T15:59:00,2016-02-25T15:59:00,7,0
http://irail.be/vehicle/IC2837,http://irail.be/stations/NMBS/008811007,IC,2016-02-25T16:07:00,2016-02-25T16:07:00,-31,-61
http://irail.be/vehicle/IC2837,http://irail.be/stations/NMBS/008812005,IC,2016-02-25T16:12:00,2016-02-25T16:10:00,25,17
http://irail.be/vehicle/IC2837,http://irail.be/stations/NMBS/008813045,IC,2016-02-25T16:14:00,2016-02-25T16:14:00,24,27
http://irail.be/vehicle/IC2837,http://irail.be/stations/NMBS/008813003,IC,2016-02-25T16:16:00,2016-02-25T16:15:00,79,50
http://irail.be/vehicle/IC2837,http://irail.be/stations/NMBS/008813037,IC,2016-02-25T16:18:00,2016-02-25T16:18:00,35,79
http://irail.be/vehicle/IC2837,http://irail.be/stations/NMBS/008814001,IC,2016-02-25T16:22:00,2016-02-25T16:20:00,256,83
http://irail.be/vehicle/IC2837,http://irail.be/stations/NMBS/008892007,IC,2016-02-25T17:00:00,2016-02-25T16:53:00,38,306
http://irail.be/vehicle/IC2837,http://irail.be/stations/NMBS/008892031,IC,2016-02-25T17:03:00,2016-02-25T17:03:00,70,19
http://irail.be/vehicle/IC2837,http://irail.be/stations/NMBS/008892056,IC,2016-02-25T17:07:00,2016-02-25T17:07:00,139,55
http://irail.be/vehicle/IC2837,http://irail.be/stations/NMBS/008891165,IC,2016-02-25T17:08:00,2016-02-25T17:08:00,209,139
http://irail.be/vehicle/IC2837,http://irail.be/stations/NMBS/008891157,IC,2016-02-25T17:10:00,2016-02-25T17:10:00,193,177
http://irail.be/vehicle/IC2837,http://irail.be/stations/NMBS/008891140,IC,2016-02-25T17:15:00,2016-02-25T17:13:00,224,156
http://irail.be/vehicle/IC2837,http://irail.be/stations/NMBS/008891132,IC,2016-02-25T17:18:00,2016-02-25T17:18:00,246,233
http://irail.be/vehicle/IC2837,http://irail.be/stations/NMBS/008891124,IC,2016-02-25T17:20:00,2016-02-25T17:20:00,280,262
http://irail.be/vehicle/IC2837,http://irail.be/stations/NMBS/008891116,IC,2016-02-25T17:23:00,2016-02-25T17:23:00,272,272
http://irail.be/vehicle/IC2837,http://irail.be/stations/NMBS/008891009,IC,2016-02-25T17:29:00,2016-02-25T17:29:00,0,334
http://irail.be/vehicle/IC2837,http://irail.be/stations/NMBS/008814001,IC,2016-03-24T16:22:00,2016-03-24T16:22:00,770,0
http://irail.be/vehicle/IC2837,http://irail.be/stations/NMBS/008892007,IC,2016-03-24T17:00:00,2016-03-24T16:53:00,684,1025
http://irail.be/vehicle/IC2837,http://irail.be/stations/NMBS/008892031,IC,2016-03-24T17:03:00,2016-03-24T17:03:00,895,799
http://irail.be/vehicle/IC2837,http://irail.be/stations/NMBS/008892056,IC,2016-03-24T17:07:00,2016-03-24T17:07:00,807,800
http://irail.be/vehicle/IC2837,http://irail.be/stations/NMBS/008891165,IC,2016-03-24T17:08:00,2016-03-24T17:08:00,825,807
http://irail.be/vehicle/IC2837,http://irail.be/stations/NMBS/008891157,IC,2016-03-24T17:10:00,2016-03-24T17:10:00,783,779
http://irail.be/vehicle/IC2837,http://irail.be/stations/NMBS/008891140,IC,2016-03-24T17:15:00,2016-03-24T17:13:00,737,763
http://irail.be/vehicle/IC2837,http://irail.be/stations/NMBS/008891132,IC,2016-03-24T17:18:00,2016-03-24T17:18:00,827,782
http://irail.be/vehicle/IC2837,http://irail.be/stations/NMBS/008891124,IC,2016-03-24T17:20:00,2016-03-24T17:20:00,908,893
http://irail.be/vehicle/IC2837,http://irail.be/stations/NMBS/008891116,IC,2016-03-24T17:23:00,2016-03-24T17:23:00,885,885
http://irail.be/vehicle/IC2837,http://irail.be/stations/NMBS/008891009,IC,2016-03-24T17:29:00,2016-03-24T17:29:00,0,943
http://irail.be/vehicle/IC2837,http://irail.be/stations/NMBS/008819406,IC,2016-12-20T15:59:00,2016-12-20T15:59:00,8,
http://irail.be/vehicle/IC2837,http://irail.be/stations/NMBS/008811007,IC,2016-12-20T16:07:00,2016-12-20T16:07:00,199,199
http://irail.be/vehicle/IC2837,http://irail.be/stations/NMBS/008812005,IC,2016-12-20T16:12:00,2016-12-20T16:10:00,514,371
http://irail.be/vehicle/IC2837,http://irail.be/stations/NMBS/008813045,IC,2016-12-20T16:14:00,2016-12-20T16:14:00,522,522
http://irail.be/vehicle/IC2837,http://irail.be/stations/NMBS/008813003,IC,2016-12-20T16:16:00,2016-12-20T16:15:00,623,590
http://irail.be/vehicle/IC2837,http://irail.be/stations/NMBS/008813037,IC,2016-12-20T16:18:00,2016-12-20T16:18:00,623,623
http://irail.be/vehicle/IC2837,http://irail.be/stations/NMBS/008814001,IC,2016-12-20T16:22:00,2016-12-20T16:20:00,608,636
http://irail.be/vehicle/IC2837,http://irail.be/stations/NMBS/008892007,IC,2016-12-20T17:00:00,2016-12-20T16:53:00,93,353
http://irail.be/vehicle/IC2837,http://irail.be/stations/NMBS/008892031,IC,2016-12-20T17:03:00,2016-12-20T17:03:00,74,74
http://irail.be/vehicle/IC2837,http://irail.be/stations/NMBS/008892056,IC,2016-12-20T17:07:00,2016-12-20T17:07:00,25,25
http://irail.be/vehicle/IC2837,http://irail.be/stations/NMBS/008891165,IC,2016-12-20T17:08:00,2016-12-20T17:08:00,-4,-4
http://irail.be/vehicle/IC2837,http://irail.be/stations/NMBS/008891157,IC,2016-12-20T17:10:00,2016-12-20T17:10:00,-24,-24
http://irail.be/vehicle/IC2837,http://irail.be/stations/NMBS/008891140,IC,2016-12-20T17:15:00,2016-12-20T17:13:00,71,-45
http://irail.be/vehicle/IC2837,http://irail.be/stations/NMBS/008891132,IC,2016-12-20T17:18:00,2016-12-20T17:18:00,36,36
http://irail.be/vehicle/IC2837,http://irail.be/stations/NMBS/008891124,IC,2016-12-20T17:20:00,2016-12-20T17:20:00,33,33
http://irail.be/vehicle/IC2837,http://irail.be/stations/NMBS/008891116,IC,2016-12-20T17:23:00,2016-12-20T17:23:00,13,13
http://irail.be/vehicle/IC2837,http://irail.be/stations/NMBS/008891009,IC,2016-12-20T17:29:00,2016-12-20T17:29:00,,73
http://irail.be/vehicle/IC2837,http://irail.be/stations/NMBS/008819406,IC,2016-07-13T15:59:00,2016-07-13T15:59:00,37,
http://irail.be/vehicle/IC2837,http://irail.be/stations/NMBS/008811007,IC,2016-07-13T16:07:00,2016-07-13T16:07:00,33,33
http://irail.be/vehicle/IC2837,http://irail.be/stations/NMBS/008812005,IC,2016-07-13T16:12:00,2016-07-13T16:10:00,138,165
http://irail.be/vehicle/IC2837,http://irail.be/stations/NMBS/008813045,IC,2016-07-13T16:14:00,2016-07-13T16:14:00,135,135
http://irail.be/vehicle/IC2837,http://irail.be/stations/NMBS/008813003,IC,2016-07-13T16:16:00,2016-07-13T16:15:00,239,192
http://irail.be/vehicle/IC2837,http://irail.be/stations/NMBS/008813037,IC,2016-07-13T16:18:00,2016-07-13T16:18:00,197,197
http://irail.be/vehicle/IC2837,http://irail.be/stations/NMBS/008814001,IC,2016-07-13T16:22:00,2016-07-13T16:20:00,221,234
http://irail.be/vehicle/IC2837,http://irail.be/stations/NMBS/008892007,IC,2016-07-13T17:00:00,2016-07-13T16:53:00,27,67
http://irail.be/vehicle/IC2837,http://irail.be/stations/NMBS/008892031,IC,2016-07-13T17:03:00,2016-07-13T17:03:00,21,21
http://irail.be/vehicle/IC2837,http://irail.be/stations/NMBS/008892056,IC,2016-07-13T17:07:00,2016-07-13T17:07:00,-55,-55
http://irail.be/vehicle/IC2837,http://irail.be/stations/NMBS/008891165,IC,2016-07-13T17:08:00,2016-07-13T17:08:00,-6,-6
http://irail.be/vehicle/IC2837,http://irail.be/stations/NMBS/008891157,IC,2016-07-13T17:10:00,2016-07-13T17:10:00,-11,-11
http://irail.be/vehicle/IC2837,http://irail.be/stations/NMBS/008891140,IC,2016-07-13T17:15:00,2016-07-13T17:13:00,63,-39
http://irail.be/vehicle/IC2837,http://irail.be/stations/NMBS/008891132,IC,2016-07-13T17:18:00,2016-07-13T17:18:00,64,64
http://irail.be/vehicle/IC2837,http://irail.be/stations/NMBS/008891124,IC,2016-07-13T17:20:00,2016-07-13T17:20:00,97,97
http://irail.be/vehicle/IC2837,http://irail.be/stations/NMBS/008891116,IC,2016-07-13T17:23:00,2016-07-13T17:23:00,64,64
http://irail.be/vehicle/IC2837,http://irail.be/stations/NMBS/008891009,IC,2016-07-13T17:29:00,2016-07-13T17:29:00,,34
http://irail.be/vehicle/IC2837,http://irail.be/stations/NMBS/008819406,IC,2016-10-06T15:59:00,2016-10-06T15:59:00,43,
http://irail.be/vehicle/IC2837,http://irail.be/stations/NMBS/008811007,IC,2016-10-06T16:07:00,2016-10-06T16:07:00,310,310
http://irail.be/vehicle/IC2837,http://irail.be/stations/NMBS/008812005,IC,2016-10-06T16:12:00,2016-10-06T16:10:00,256,317
http://irail.be/vehicle/IC2837,http://irail.be/stations/NMBS/008813045,IC,2016-10-06T16:14:00,2016-10-06T16:14:00,258,258
http://irail.be/vehicle/IC2837,http://irail.be/stations/NMBS/008813003,IC,2016-10-06T16:16:00,2016-10-06T16:15:00,319,285
http://irail.be/vehicle/IC2837,http://irail.be/stations/NMBS/008813037,IC,2016-10-06T16:18:00,2016-10-06T16:18:00,278,278
http://irail.be/vehicle/IC2837,http://irail.be/stations/NMBS/008814001,IC,2016-10-06T16:22:00,2016-10-06T16:20:00,287,311
http://irail.be/vehicle/IC2837,http://irail.be/stations/NMBS/008892007,IC,2016-10-06T17:00:00,2016-10-06T16:53:00,13,152
http://irail.be/vehicle/IC2837,http://irail.be/stations/NMBS/008892031,IC,2016-10-06T17:03:00,2016-10-06T17:03:00,37,37
http://irail.be/vehicle/IC2837,http://irail.be/stations/NMBS/008892056,IC,2016-10-06T17:07:00,2016-10-06T17:07:00,-38,-38
http://irail.be/vehicle/IC2837,http://irail.be/stations/NMBS/008891165,IC,2016-10-06T17:08:00,2016-10-06T17:08:00,-6,-6
http://irail.be/vehicle/IC2837,http://irail.be/stations/NMBS/008891157,IC,2016-10-06T17:10:00,2016-10-06T17:10:00,-30,-30
http://irail.be/vehicle/IC2837,http://irail.be/stations/NMBS/008891140,IC,2016-10-06T17:15:00,2016-10-06T17:13:00,65,-52
http://irail.be/vehicle/IC2837,http://irail.be/stations/NMBS/008891132,IC,2016-10-06T17:18:00,2016-10-06T17:18:00,53,53
http://irail.be/vehicle/IC2837,http://irail.be/stations/NMBS/008891124,IC,2016-10-06T17:20:00,2016-10-06T17:20:00,69,69
http://irail.be/vehicle/IC2837,http://irail.be/stations/NMBS/008891116,IC,2016-10-06T17:23:00,2016-10-06T17:23:00,59,59
http://irail.be/vehicle/IC2837,http://irail.be/stations/NMBS/008891009,IC,2016-10-06T17:29:00,2016-10-06T17:29:00,,40
http://irail.be/vehicle/IC2837,http://irail.be/stations/NMBS/008819406,IC,2016-10-12T15:59:00,2016-10-12T15:59:00,30,
http://irail.be/vehicle/IC2837,http://irail.be/stations/NMBS/008811007,IC,2016-10-12T16:07:00,2016-10-12T16:07:00,1,1
http://irail.be/vehicle/IC2837,http://irail.be/stations/NMBS/008812005,IC,2016-10-12T16:12:00,2016-10-12T16:10:00,15,53
http://irail.be/vehicle/IC2837,http://irail.be/stations/NMBS/008813045,IC,2016-10-12T16:14:00,2016-10-12T16:14:00,25,25
http://irail.be/vehicle/IC2837,http://irail.be/stations/NMBS/008813003,IC,2016-10-12T16:16:00,2016-10-12T16:15:00,68,54
http://irail.be/vehicle/IC2837,http://irail.be/stations/NMBS/008813037,IC,2016-10-12T16:18:00,2016-10-12T16:18:00,27,27
http://irail.be/vehicle/IC2837,http://irail.be/stations/NMBS/008814001,IC,2016-10-12T16:22:00,2016-10-12T16:20:00,51,70
http://irail.be/vehicle/IC2837,http://irail.be/stations/NMBS/008892007,IC,2016-10-12T17:00:00,2016-10-12T16:53:00,32,-59
http://irail.be/vehicle/IC2837,http://irail.be/stations/NMBS/008892031,IC,2016-10-12T17:03:00,2016-10-12T17:03:00,38,38
http://irail.be/vehicle/IC2837,http://irail.be/stations/NMBS/008892056,IC,2016-10-12T17:07:00,2016-10-12T17:07:00,-53,-53
http://irail.be/vehicle/IC2837,http://irail.be/stations/NMBS/008891165,IC,2016-10-12T17:08:00,2016-10-12T17:08:00,-35,-35
http://irail.be/vehicle/IC2837,http://irail.be/stations/NMBS/008891157,IC,2016-10-12T17:10:00,2016-10-12T17:10:00,-78,-78
http://irail.be/vehicle/IC2837,http://irail.be/stations/NMBS/008891140,IC,2016-10-12T17:15:00,2016-10-12T17:13:00,65,-83
http://irail.be/vehicle/IC2837,http://irail.be/stations/NMBS/008891132,IC,2016-10-12T17:18:00,2016-10-12T17:18:00,35,35
http://irail.be/vehicle/IC2837,http://irail.be/stations/NMBS/008891124,IC,2016-10-12T17:20:00,2016-10-12T17:20:00,32,32
http://irail.be/vehicle/IC2837,http://irail.be/stations/NMBS/008891116,IC,2016-10-12T17:23:00,2016-10-12T17:23:00,4,4
http://irail.be/vehicle/IC2837,http://irail.be/stations/NMBS/008891009,IC,2016-10-12T17:29:00,2016-10-12T17:29:00,,146
http://irail.be/vehicle/IC2837,http://irail.be/stations/NMBS/008819406,IC,2016-10-10T15:59:00,2016-10-10T15:59:00,156,
http://irail.be/vehicle/IC2837,http://irail.be/stations/NMBS/008811007,IC,2016-10-10T16:07:00,2016-10-10T16:07:00,103,103
http://irail.be/vehicle/IC2837,http://irail.be/stations/NMBS/008812005,IC,2016-10-10T16:12:00,2016-10-10T16:10:00,125,131
http://irail.be/vehicle/IC2837,http://irail.be/stations/NMBS/008813045,IC,2016-10-10T16:14:00,2016-10-10T16:14:00,123,123
http://irail.be/vehicle/IC2837,http://irail.be/stations/NMBS/008813003,IC,2016-10-10T16:16:00,2016-10-10T16:15:00,173,148
http://irail.be/vehicle/IC2837,http://irail.be/stations/NMBS/008813037,IC,2016-10-10T16:18:00,2016-10-10T16:18:00,129,129
http://irail.be/vehicle/IC2837,http://irail.be/stations/NMBS/008814001,IC,2016-10-10T16:22:00,2016-10-10T16:20:00,162,166
http://irail.be/vehicle/IC2837,http://irail.be/stations/NMBS/008892007,IC,2016-10-10T17:00:00,2016-10-10T16:53:00,13,178
http://irail.be/vehicle/IC2837,http://irail.be/stations/NMBS/008892031,IC,2016-10-10T17:03:00,2016-10-10T17:03:00,15,15
http://irail.be/vehicle/IC2837,http://irail.be/stations/NMBS/008892056,IC,2016-10-10T17:07:00,2016-10-10T17:07:00,-80,-80
http://irail.be/vehicle/IC2837,http://irail.be/stations/NMBS/008891165,IC,2016-10-10T17:08:00,2016-10-10T17:08:00,-51,-51
http://irail.be/vehicle/IC2837,http://irail.be/stations/NMBS/008891157,IC,2016-10-10T17:10:00,2016-10-10T17:10:00,-78,-78
http://irail.be/vehicle/IC2837,http://irail.be/stations/NMBS/008891140,IC,2016-10-10T17:15:00,2016-10-10T17:13:00,47,-16
http://irail.be/vehicle/IC2837,http://irail.be/stations/NMBS/008891132,IC,2016-10-10T17:18:00,2016-10-10T17:18:00,22,22
http://irail.be/vehicle/IC2837,http://irail.be/stations/NMBS/008891124,IC,2016-10-10T17:20:00,2016-10-10T17:20:00,19,19
http://irail.be/vehicle/IC2837,http://irail.be/stations/NMBS/008891116,IC,2016-10-10T17:23:00,2016-10-10T17:23:00,80,80
http://irail.be/vehicle/IC2837,http://irail.be/stations/NMBS/008891009,IC,2016-10-10T17:29:00,2016-10-10T17:29:00,,115
http://irail.be/vehicle/IC2837,http://irail.be/stations/NMBS/008819406,IC,2016-11-23T15:59:00,2016-11-23T15:59:00,-4,
http://irail.be/vehicle/IC2837,http://irail.be/stations/NMBS/008811007,IC,2016-11-23T16:07:00,2016-11-23T16:07:00,31,31
http://irail.be/vehicle/IC2837,http://irail.be/stations/NMBS/008812005,IC,2016-11-23T16:12:00,2016-11-23T16:10:00,5,17
http://irail.be/vehicle/IC2837,http://irail.be/stations/NMBS/008813045,IC,2016-11-23T16:14:00,2016-11-23T16:14:00,9,9
http://irail.be/vehicle/IC2837,http://irail.be/stations/NMBS/008813003,IC,2016-11-23T16:16:00,2016-11-23T16:15:00,48,43
http://irail.be/vehicle/IC2837,http://irail.be/stations/NMBS/008813037,IC,2016-11-23T16:18:00,2016-11-23T16:18:00,48,48
http://irail.be/vehicle/IC2837,http://irail.be/stations/NMBS/008814001,IC,2016-11-23T16:22:00,2016-11-23T16:20:00,80,57
http://irail.be/vehicle/IC2837,http://irail.be/stations/NMBS/008892007,IC,2016-11-23T17:00:00,2016-11-23T16:53:00,53,-83
http://irail.be/vehicle/IC2837,http://irail.be/stations/NMBS/008892031,IC,2016-11-23T17:03:00,2016-11-23T17:03:00,61,61
http://irail.be/vehicle/IC2837,http://irail.be/stations/NMBS/008892056,IC,2016-11-23T17:07:00,2016-11-23T17:07:00,11,11
http://irail.be/vehicle/IC2837,http://irail.be/stations/NMBS/008891165,IC,2016-11-23T17:08:00,2016-11-23T17:08:00,-15,-15
http://irail.be/vehicle/IC2837,http://irail.be/stations/NMBS/008891157,IC,2016-11-23T17:10:00,2016-11-23T17:10:00,-15,-15
http://irail.be/vehicle/IC2837,http://irail.be/stations/NMBS/008891140,IC,2016-11-23T17:15:00,2016-11-23T17:13:00,98,-22
http://irail.be/vehicle/IC2837,http://irail.be/stations/NMBS/008891132,IC,2016-11-23T17:18:00,2016-11-23T17:18:00,48,48
http://irail.be/vehicle/IC2837,http://irail.be/stations/NMBS/008891124,IC,2016-11-23T17:20:00,2016-11-23T17:20:00,42,42
http://irail.be/vehicle/IC2837,http://irail.be/stations/NMBS/008891116,IC,2016-11-23T17:23:00,2016-11-23T17:23:00,147,147
http://irail.be/vehicle/IC2837,http://irail.be/stations/NMBS/008891009,IC,2016-11-23T17:29:00,2016-11-23T17:29:00,,244
http://irail.be/vehicle/IC2837,http://irail.be/stations/NMBS/008819406,IC,2016-07-09T15:57:00,2016-07-09T15:57:00,3,
http://irail.be/vehicle/IC2837,http://irail.be/stations/NMBS/008811007,IC,2016-07-09T16:04:00,2016-07-09T16:04:00,5,5
http://irail.be/vehicle/IC2837,http://irail.be/stations/NMBS/008812005,IC,2016-07-09T16:09:00,2016-07-09T16:07:00,94,56
http://irail.be/vehicle/IC2837,http://irail.be/stations/NMBS/008813045,IC,2016-07-09T16:11:00,2016-07-09T16:11:00,87,87
http://irail.be/vehicle/IC2837,http://irail.be/stations/NMBS/008813003,IC,2016-07-09T16:13:00,2016-07-09T16:12:00,190,176
http://irail.be/vehicle/IC2837,http://irail.be/stations/NMBS/008813037,IC,2016-07-09T16:14:00,2016-07-09T16:14:00,207,207
http://irail.be/vehicle/IC2837,http://irail.be/stations/NMBS/008814001,IC,2016-07-09T16:21:00,2016-07-09T16:17:00,93,179
http://irail.be/vehicle/IC2837,http://irail.be/stations/NMBS/008892007,IC,2016-07-09T16:50:00,2016-07-09T16:50:00,,15
http://irail.be/vehicle/IC2837,http://irail.be/stations/NMBS/008819406,IC,2016-07-11T15:59:00,2016-07-11T15:59:00,22,
http://irail.be/vehicle/IC2837,http://irail.be/stations/NMBS/008811007,IC,2016-07-11T16:07:00,2016-07-11T16:07:00,46,46
http://irail.be/vehicle/IC2837,http://irail.be/stations/NMBS/008812005,IC,2016-07-11T16:12:00,2016-07-11T16:10:00,179,208
http://irail.be/vehicle/IC2837,http://irail.be/stations/NMBS/008813045,IC,2016-07-11T16:14:00,2016-07-11T16:14:00,199,199
http://irail.be/vehicle/IC2837,http://irail.be/stations/NMBS/008813003,IC,2016-07-11T16:16:00,2016-07-11T16:15:00,259,237
http://irail.be/vehicle/IC2837,http://irail.be/stations/NMBS/008813037,IC,2016-07-11T16:18:00,2016-07-11T16:18:00,221,221
http://irail.be/vehicle/IC2837,http://irail.be/stations/NMBS/008814001,IC,2016-07-11T16:22:00,2016-07-11T16:20:00,343,251
http://irail.be/vehicle/IC2837,http://irail.be/stations/NMBS/008892007,IC,2016-07-11T17:00:00,2016-07-11T16:53:00,162,450
http://irail.be/vehicle/IC2837,http://irail.be/stations/NMBS/008892031,IC,2016-07-11T17:03:00,2016-07-11T17:03:00,180,180
http://irail.be/vehicle/IC2837,http://irail.be/stations/NMBS/008892056,IC,2016-07-11T17:07:00,2016-07-11T17:07:00,86,86
http://irail.be/vehicle/IC2837,http://irail.be/stations/NMBS/008891165,IC,2016-07-11T17:08:00,2016-07-11T17:08:00,103,103
http://irail.be/vehicle/IC2837,http://irail.be/stations/NMBS/008891157,IC,2016-07-11T17:10:00,2016-07-11T17:10:00,62,62
http://irail.be/vehicle/IC2837,http://irail.be/stations/NMBS/008891140,IC,2016-07-11T17:15:00,2016-07-11T17:13:00,85,15
http://irail.be/vehicle/IC2837,http://irail.be/stations/NMBS/008891132,IC,2016-07-11T17:18:00,2016-07-11T17:18:00,75,75
http://irail.be/vehicle/IC2837,http://irail.be/stations/NMBS/008891124,IC,2016-07-11T17:20:00,2016-07-11T17:20:00,69,69
http://irail.be/vehicle/IC2837,http://irail.be/stations/NMBS/008891116,IC,2016-07-11T17:23:00,2016-07-11T17:23:00,43,43
http://irail.be/vehicle/IC2837,http://irail.be/stations/NMBS/008891009,IC,2016-07-11T17:29:00,2016-07-11T17:29:00,,57
http://irail.be/vehicle/IC2837,NO-URI,IC,2016-01-30T15:57:00,2016-01-30T15:57:00,7,0
http://irail.be/vehicle/IC2837,http://irail.be/stations/NMBS/008811007,IC,2016-01-30T16:04:00,2016-01-30T16:04:00,39,-11
http://irail.be/vehicle/IC2837,http://irail.be/stations/NMBS/008812005,IC,2016-01-30T16:09:00,2016-01-30T16:07:00,80,125
http://irail.be/vehicle/IC2837,http://irail.be/stations/NMBS/008813045,IC,2016-01-30T16:11:00,2016-01-30T16:11:00,78,78
http://irail.be/vehicle/IC2837,http://irail.be/stations/NMBS/008813003,IC,2016-01-30T16:13:00,2016-01-30T16:12:00,110,103
http://irail.be/vehicle/IC2837,http://irail.be/stations/NMBS/008813037,IC,2016-01-30T16:14:00,2016-01-30T16:14:00,121,121
http://irail.be/vehicle/IC2837,http://irail.be/stations/NMBS/008814001,IC,2016-01-30T16:21:00,2016-01-30T16:17:00,45,85
http://irail.be/vehicle/IC2837,http://irail.be/stations/NMBS/008892007,IC,2016-01-30T16:52:00,2016-01-30T16:52:00,0,-110
http://irail.be/vehicle/IC2837,NO-URI,IC,2016-02-11T15:59:00,2016-02-11T15:59:00,24,0
http://irail.be/vehicle/IC2837,http://irail.be/stations/NMBS/008811007,IC,2016-02-11T16:07:00,2016-02-11T16:07:00,-31,-55
http://irail.be/vehicle/IC2837,http://irail.be/stations/NMBS/008812005,IC,2016-02-11T16:12:00,2016-02-11T16:10:00,13,-2
http://irail.be/vehicle/IC2837,http://irail.be/stations/NMBS/008813045,IC,2016-02-11T16:14:00,2016-02-11T16:14:00,26,29
http://irail.be/vehicle/IC2837,http://irail.be/stations/NMBS/008813003,IC,2016-02-11T16:16:00,2016-02-11T16:15:00,53,55
http://irail.be/vehicle/IC2837,http://irail.be/stations/NMBS/008813037,IC,2016-02-11T16:18:00,2016-02-11T16:18:00,21,53
http://irail.be/vehicle/IC2837,http://irail.be/stations/NMBS/008814001,IC,2016-02-11T16:22:00,2016-02-11T16:20:00,215,55
http://irail.be/vehicle/IC2837,http://irail.be/stations/NMBS/008892007,IC,2016-02-11T17:00:00,2016-02-11T16:53:00,42,72
http://irail.be/vehicle/IC2837,http://irail.be/stations/NMBS/008892031,IC,2016-02-11T17:03:00,2016-02-11T17:03:00,106,41
http://irail.be/vehicle/IC2837,http://irail.be/stations/NMBS/008892056,IC,2016-02-11T17:07:00,2016-02-11T17:07:00,25,15
http://irail.be/vehicle/IC2837,http://irail.be/stations/NMBS/008891165,IC,2016-02-11T17:08:00,2016-02-11T17:08:00,48,25
http://irail.be/vehicle/IC2837,http://irail.be/stations/NMBS/008891157,IC,2016-02-11T17:10:00,2016-02-11T17:10:00,11,4
http://irail.be/vehicle/IC2837,http://irail.be/stations/NMBS/008891140,IC,2016-02-11T17:15:00,2016-02-11T17:13:00,68,-45
http://irail.be/vehicle/IC2837,http://irail.be/stations/NMBS/008891132,IC,2016-02-11T17:18:00,2016-02-11T17:18:00,61,54
http://irail.be/vehicle/IC2837,http://irail.be/stations/NMBS/008891124,IC,2016-02-11T17:20:00,2016-02-11T17:20:00,56,46
http://irail.be/vehicle/IC2837,http://irail.be/stations/NMBS/008891116,IC,2016-02-11T17:23:00,2016-02-11T17:23:00,28,28
http://irail.be/vehicle/IC2837,http://irail.be/stations/NMBS/008891009,IC,2016-02-11T17:29:00,2016-02-11T17:29:00,0,67
http://irail.be/vehicle/IC2837,NO-URI,IC,2016-02-12T15:59:00,2016-02-12T15:59:00,20,0
http://irail.be/vehicle/IC2837,http://irail.be/stations/NMBS/008811007,IC,2016-02-12T16:07:00,2016-02-12T16:07:00,40,-16
http://irail.be/vehicle/IC2837,http://irail.be/stations/NMBS/008812005,IC,2016-02-12T16:12:00,2016-02-12T16:10:00,72,108
http://irail.be/vehicle/IC2837,http://irail.be/stations/NMBS/008813045,IC,2016-02-12T16:14:00,2016-02-12T16:14:00,72,75
http://irail.be/vehicle/IC2837,http://irail.be/stations/NMBS/008813003,IC,2016-02-12T16:16:00,2016-02-12T16:15:00,134,102
http://irail.be/vehicle/IC2837,http://irail.be/stations/NMBS/008813037,IC,2016-02-12T16:18:00,2016-02-12T16:18:00,92,134
http://irail.be/vehicle/IC2837,http://irail.be/stations/NMBS/008814001,IC,2016-02-12T16:22:00,2016-02-12T16:20:00,107,129
http://irail.be/vehicle/IC2837,http://irail.be/stations/NMBS/008892007,IC,2016-02-12T17:00:00,2016-02-12T16:53:00,31,-50
http://irail.be/vehicle/IC2837,http://irail.be/stations/NMBS/008892031,IC,2016-02-12T17:03:00,2016-02-12T17:03:00,43,-1
http://irail.be/vehicle/IC2837,http://irail.be/stations/NMBS/008892056,IC,2016-02-12T17:07:00,2016-02-12T17:07:00,-43,-53
http://irail.be/vehicle/IC2837,http://irail.be/stations/NMBS/008891165,IC,2016-02-12T17:08:00,2016-02-12T17:08:00,-18,-43
http://irail.be/vehicle/IC2837,http://irail.be/stations/NMBS/008891157,IC,2016-02-12T17:10:00,2016-02-12T17:10:00,-59,-63
http://irail.be/vehicle/IC2837,http://irail.be/stations/NMBS/008891140,IC,2016-02-12T17:15:00,2016-02-12T17:13:00,72,-50
http://irail.be/vehicle/IC2837,http://irail.be/stations/NMBS/008891132,IC,2016-02-12T17:18:00,2016-02-12T17:18:00,51,46
http://irail.be/vehicle/IC2837,http://irail.be/stations/NMBS/008891124,IC,2016-02-12T17:20:00,2016-02-12T17:20:00,275,212
http://irail.be/vehicle/IC2837,http://irail.be/stations/NMBS/008891116,IC,2016-02-12T17:23:00,2016-02-12T17:23:00,356,356
http://irail.be/vehicle/IC2837,http://irail.be/stations/NMBS/008891009,IC,2016-02-12T17:29:00,2016-02-12T17:29:00,0,511
http://irail.be/vehicle/IC2837,http://irail.be/stations/NMBS/008819406,IC,2016-12-04T15:57:00,2016-12-04T15:57:00,159,
http://irail.be/vehicle/IC2837,http://irail.be/stations/NMBS/008811007,IC,2016-12-04T16:04:00,2016-12-04T16:04:00,216,216
http://irail.be/vehicle/IC2837,http://irail.be/stations/NMBS/008812005,IC,2016-12-04T16:09:00,2016-12-04T16:07:00,289,284
http://irail.be/vehicle/IC2837,http://irail.be/stations/NMBS/008813045,IC,2016-12-04T16:11:00,2016-12-04T16:11:00,317,317
http://irail.be/vehicle/IC2837,http://irail.be/stations/NMBS/008813003,IC,2016-12-04T16:13:00,2016-12-04T16:12:00,400,366
http://irail.be/vehicle/IC2837,http://irail.be/stations/NMBS/008813037,IC,2016-12-04T16:14:00,2016-12-04T16:14:00,402,402
http://irail.be/vehicle/IC2837,http://irail.be/stations/NMBS/008814001,IC,2016-12-04T16:21:00,2016-12-04T16:17:00,338,411
http://irail.be/vehicle/IC2837,http://irail.be/stations/NMBS/008892007,IC,2016-12-04T16:50:00,2016-12-04T16:50:00,,219
http://irail.be/vehicle/IC2837,NO-URI,IC,2016-02-19T15:59:00,2016-02-19T15:59:00,11,0
http://irail.be/vehicle/IC2837,http://irail.be/stations/NMBS/008811007,IC,2016-02-19T16:07:00,2016-02-19T16:07:00,-11,-58
http://irail.be/vehicle/IC2837,http://irail.be/stations/NMBS/008812005,IC,2016-02-19T16:12:00,2016-02-19T16:10:00,238,159
http://irail.be/vehicle/IC2837,http://irail.be/stations/NMBS/008813045,IC,2016-02-19T16:14:00,2016-02-19T16:14:00,244,244
http://irail.be/vehicle/IC2837,http://irail.be/stations/NMBS/008813003,IC,2016-02-19T16:16:00,2016-02-19T16:15:00,347,317
http://irail.be/vehicle/IC2837,http://irail.be/stations/NMBS/008813037,IC,2016-02-19T16:18:00,2016-02-19T16:18:00,307,347
http://irail.be/vehicle/IC2837,http://irail.be/stations/NMBS/008814001,IC,2016-02-19T16:22:00,2016-02-19T16:20:00,401,348
http://irail.be/vehicle/IC2837,http://irail.be/stations/NMBS/008892007,IC,2016-02-19T17:00:00,2016-02-19T16:53:00,35,85
http://irail.be/vehicle/IC2837,http://irail.be/stations/NMBS/008892031,IC,2016-02-19T17:03:00,2016-02-19T17:03:00,35,-9
http://irail.be/vehicle/IC2837,http://irail.be/stations/NMBS/008892056,IC,2016-02-19T17:07:00,2016-02-19T17:07:00,-38,-56
http://irail.be/vehicle/IC2837,http://irail.be/stations/NMBS/008891165,IC,2016-02-19T17:08:00,2016-02-19T17:08:00,12,-38
http://irail.be/vehicle/IC2837,http://irail.be/stations/NMBS/008891157,IC,2016-02-19T17:10:00,2016-02-19T17:10:00,11,-14
http://irail.be/vehicle/IC2837,http://irail.be/stations/NMBS/008891140,IC,2016-02-19T17:15:00,2016-02-19T17:13:00,75,-14
http://irail.be/vehicle/IC2837,http://irail.be/stations/NMBS/008891132,IC,2016-02-19T17:18:00,2016-02-19T17:18:00,100,80
http://irail.be/vehicle/IC2837,http://irail.be/stations/NMBS/008891124,IC,2016-02-19T17:20:00,2016-02-19T17:20:00,172,144
http://irail.be/vehicle/IC2837,http://irail.be/stations/NMBS/008891116,IC,2016-02-19T17:23:00,2016-02-19T17:23:00,145,145
http://irail.be/vehicle/IC2837,http://irail.be/stations/NMBS/008891009,IC,2016-02-19T17:29:00,2016-02-19T17:29:00,0,155
http://irail.be/vehicle/IC2837,http://irail.be/stations/NMBS/008819406,IC,2016-06-30T15:59:00,2016-06-30T15:59:00,1467,
http://irail.be/vehicle/IC2837,http://irail.be/stations/NMBS/008811007,IC,2016-06-30T16:07:00,2016-06-30T16:07:00,1379,1379
http://irail.be/vehicle/IC2837,http://irail.be/stations/NMBS/008812005,IC,2016-06-30T16:12:00,2016-06-30T16:10:00,1344,1378
http://irail.be/vehicle/IC2837,http://irail.be/stations/NMBS/008813045,IC,2016-06-30T16:14:00,2016-06-30T16:14:00,1341,1341
http://irail.be/vehicle/IC2837,http://irail.be/stations/NMBS/008813003,IC,2016-06-30T16:16:00,2016-06-30T16:15:00,1461,1402
http://irail.be/vehicle/IC2837,http://irail.be/stations/NMBS/008813037,IC,2016-06-30T16:18:00,2016-06-30T16:18:00,1408,1408
http://irail.be/vehicle/IC2837,http://irail.be/stations/NMBS/008814001,IC,2016-06-30T16:22:00,2016-06-30T16:20:00,1454,1458
http://irail.be/vehicle/IC2837,http://irail.be/stations/NMBS/008892007,IC,2016-06-30T17:00:00,2016-06-30T16:53:00,966,1299
http://irail.be/vehicle/IC2837,http://irail.be/stations/NMBS/008892031,IC,2016-06-30T17:03:00,2016-06-30T17:03:00,1301,1301
http://irail.be/vehicle/IC2837,http://irail.be/stations/NMBS/008892056,IC,2016-06-30T17:07:00,2016-06-30T17:07:00,1196,1196
http://irail.be/vehicle/IC2837,http://irail.be/stations/NMBS/008891165,IC,2016-06-30T17:08:00,2016-06-30T17:08:00,1210,1210
http://irail.be/vehicle/IC2837,http://irail.be/stations/NMBS/008891157,IC,2016-06-30T17:10:00,2016-06-30T17:10:00,1164,1164
http://irail.be/vehicle/IC2837,http://irail.be/stations/NMBS/008891140,IC,2016-06-30T17:15:00,2016-06-30T17:13:00,1083,1100
http://irail.be/vehicle/IC2837,http://irail.be/stations/NMBS/008891132,IC,2016-06-30T17:18:00,2016-06-30T17:18:00,1053,1053
http://irail.be/vehicle/IC2837,http://irail.be/stations/NMBS/008891124,IC,2016-06-30T17:20:00,2016-06-30T17:20:00,1042,1042
http://irail.be/vehicle/IC2837,http://irail.be/stations/NMBS/008891116,IC,2016-06-30T17:23:00,2016-06-30T17:23:00,1007,1007
http://irail.be/vehicle/IC2837,http://irail.be/stations/NMBS/008891009,IC,2016-06-30T17:29:00,2016-06-30T17:29:00,,957
http://irail.be/vehicle/IC2837,NO-URI,IC,2016-01-06T15:59:00,2016-01-06T15:59:00,9,0
http://irail.be/vehicle/IC2837,http://irail.be/stations/NMBS/008811007,IC,2016-01-06T16:07:00,2016-01-06T16:07:00,-19,-44
http://irail.be/vehicle/IC2837,http://irail.be/stations/NMBS/008812005,IC,2016-01-06T16:12:00,2016-01-06T16:10:00,-1,-5
http://irail.be/vehicle/IC2837,http://irail.be/stations/NMBS/008813045,IC,2016-01-06T16:14:00,2016-01-06T16:14:00,2,1
http://irail.be/vehicle/IC2837,http://irail.be/stations/NMBS/008813003,IC,2016-01-06T16:16:00,2016-01-06T16:15:00,42,31
http://irail.be/vehicle/IC2837,http://irail.be/stations/NMBS/008813037,IC,2016-01-06T16:18:00,2016-01-06T16:18:00,1,42
http://irail.be/vehicle/IC2837,http://irail.be/stations/NMBS/008814001,IC,2016-01-06T16:22:00,2016-01-06T16:20:00,69,47
http://irail.be/vehicle/IC2837,http://irail.be/stations/NMBS/008892007,IC,2016-01-06T17:00:00,2016-01-06T16:55:00,82,288
http://irail.be/vehicle/IC2837,http://irail.be/stations/NMBS/008892031,IC,2016-01-06T17:03:00,2016-01-06T17:03:00,79,40
http://irail.be/vehicle/IC2837,http://irail.be/stations/NMBS/008892056,IC,2016-01-06T17:07:00,2016-01-06T17:07:00,-21,-25
http://irail.be/vehicle/IC2837,http://irail.be/stations/NMBS/008891165,IC,2016-01-06T17:08:00,2016-01-06T17:08:00,-3,-21
http://irail.be/vehicle/IC2837,http://irail.be/stations/NMBS/008891157,IC,2016-01-06T17:10:00,2016-01-06T17:10:00,-46,-50
http://irail.be/vehicle/IC2837,http://irail.be/stations/NMBS/008891140,IC,2016-01-06T17:15:00,2016-01-06T17:13:00,66,-70
http://irail.be/vehicle/IC2837,http://irail.be/stations/NMBS/008891132,IC,2016-01-06T17:18:00,2016-01-06T17:18:00,36,32
http://irail.be/vehicle/IC2837,http://irail.be/stations/NMBS/008891124,IC,2016-01-06T17:20:00,2016-01-06T17:20:00,29,18
http://irail.be/vehicle/IC2837,http://irail.be/stations/NMBS/008891116,IC,2016-01-06T17:23:00,2016-01-06T17:23:00,3,3
http://irail.be/vehicle/IC2837,http://irail.be/stations/NMBS/008891009,IC,2016-01-06T17:29:00,2016-01-06T17:29:00,0,45
http://irail.be/vehicle/IC2837,http://irail.be/stations/NMBS/008819406,IC,2016-09-20T15:59:00,2016-09-20T15:59:00,31,
http://irail.be/vehicle/IC2837,http://irail.be/stations/NMBS/008811007,IC,2016-09-20T16:07:00,2016-09-20T16:07:00,12,12
http://irail.be/vehicle/IC2837,http://irail.be/stations/NMBS/008812005,IC,2016-09-20T16:12:00,2016-09-20T16:10:00,95,151
http://irail.be/vehicle/IC2837,http://irail.be/stations/NMBS/008813045,IC,2016-09-20T16:14:00,2016-09-20T16:14:00,85,85
http://irail.be/vehicle/IC2837,http://irail.be/stations/NMBS/008813003,IC,2016-09-20T16:16:00,2016-09-20T16:15:00,184,142
http://irail.be/vehicle/IC2837,http://irail.be/stations/NMBS/008813037,IC,2016-09-20T16:18:00,2016-09-20T16:18:00,138,138
http://irail.be/vehicle/IC2837,http://irail.be/stations/NMBS/008814001,IC,2016-09-20T16:22:00,2016-09-20T16:20:00,146,176
http://irail.be/vehicle/IC2837,http://irail.be/stations/NMBS/008892007,IC,2016-09-20T17:00:00,2016-09-20T16:53:00,15,108
http://irail.be/vehicle/IC2837,http://irail.be/stations/NMBS/008892031,IC,2016-09-20T17:03:00,2016-09-20T17:03:00,39,39
http://irail.be/vehicle/IC2837,http://irail.be/stations/NMBS/008892056,IC,2016-09-20T17:07:00,2016-09-20T17:07:00,-30,-30
http://irail.be/vehicle/IC2837,http://irail.be/stations/NMBS/008891165,IC,2016-09-20T17:08:00,2016-09-20T17:08:00,14,14
http://irail.be/vehicle/IC2837,http://irail.be/stations/NMBS/008891157,IC,2016-09-20T17:10:00,2016-09-20T17:10:00,0,0
http://irail.be/vehicle/IC2837,http://irail.be/stations/NMBS/008891140,IC,2016-09-20T17:15:00,2016-09-20T17:13:00,48,-23
http://irail.be/vehicle/IC2837,http://irail.be/stations/NMBS/008891132,IC,2016-09-20T17:18:00,2016-09-20T17:18:00,5,5
http://irail.be/vehicle/IC2837,http://irail.be/stations/NMBS/008891124,IC,2016-09-20T17:20:00,2016-09-20T17:20:00,-3,-3
http://irail.be/vehicle/IC2837,http://irail.be/stations/NMBS/008891116,IC,2016-09-20T17:23:00,2016-09-20T17:23:00,85,85
http://irail.be/vehicle/IC2837,http://irail.be/stations/NMBS/008891009,IC,2016-09-20T17:29:00,2016-09-20T17:29:00,,160
http://irail.be/vehicle/IC2837,http://irail.be/stations/NMBS/008819406,IC,2016-12-19T15:59:00,2016-12-19T15:59:00,18,
http://irail.be/vehicle/IC2837,http://irail.be/stations/NMBS/008811007,IC,2016-12-19T16:07:00,2016-12-19T16:07:00,3,3
http://irail.be/vehicle/IC2837,http://irail.be/stations/NMBS/008812005,IC,2016-12-19T16:12:00,2016-12-19T16:10:00,350,328
http://irail.be/vehicle/IC2837,http://irail.be/stations/NMBS/008813045,IC,2016-12-19T16:14:00,2016-12-19T16:14:00,355,355
http://irail.be/vehicle/IC2837,http://irail.be/stations/NMBS/008813003,IC,2016-12-19T16:16:00,2016-12-19T16:15:00,551,492
http://irail.be/vehicle/IC2837,http://irail.be/stations/NMBS/008813037,IC,2016-12-19T16:18:00,2016-12-19T16:18:00,551,551
http://irail.be/vehicle/IC2837,http://irail.be/stations/NMBS/008814001,IC,2016-12-19T16:22:00,2016-12-19T16:20:00,529,565
http://irail.be/vehicle/IC2837,http://irail.be/stations/NMBS/008892007,IC,2016-12-19T17:00:00,2016-12-19T16:53:00,105,357
http://irail.be/vehicle/IC2837,http://irail.be/stations/NMBS/008892031,IC,2016-12-19T17:03:00,2016-12-19T17:03:00,90,90
http://irail.be/vehicle/IC2837,http://irail.be/stations/NMBS/008892056,IC,2016-12-19T17:07:00,2016-12-19T17:07:00,40,40
http://irail.be/vehicle/IC2837,http://irail.be/stations/NMBS/008891165,IC,2016-12-19T17:08:00,2016-12-19T17:08:00,10,10
http://irail.be/vehicle/IC2837,http://irail.be/stations/NMBS/008891157,IC,2016-12-19T17:10:00,2016-12-19T17:10:00,-11,-11
http://irail.be/vehicle/IC2837,http://irail.be/stations/NMBS/008891140,IC,2016-12-19T17:15:00,2016-12-19T17:13:00,70,-33
http://irail.be/vehicle/IC2837,http://irail.be/stations/NMBS/008891132,IC,2016-12-19T17:18:00,2016-12-19T17:18:00,32,32
http://irail.be/vehicle/IC2837,http://irail.be/stations/NMBS/008891124,IC,2016-12-19T17:20:00,2016-12-19T17:20:00,35,35
http://irail.be/vehicle/IC2837,http://irail.be/stations/NMBS/008891116,IC,2016-12-19T17:23:00,2016-12-19T17:23:00,119,119
http://irail.be/vehicle/IC2837,http://irail.be/stations/NMBS/008891009,IC,2016-12-19T17:29:00,2016-12-19T17:29:00,,107
http://irail.be/vehicle/IC2837,http://irail.be/stations/NMBS/008819406,IC,2016-11-26T15:57:00,2016-11-26T15:57:00,-9,
http://irail.be/vehicle/IC2837,http://irail.be/stations/NMBS/008811007,IC,2016-11-26T16:04:00,2016-11-26T16:04:00,-12,-12
http://irail.be/vehicle/IC2837,http://irail.be/stations/NMBS/008812005,IC,2016-11-26T16:09:00,2016-11-26T16:07:00,57,98
http://irail.be/vehicle/IC2837,http://irail.be/stations/NMBS/008813045,IC,2016-11-26T16:11:00,2016-11-26T16:11:00,64,64
http://irail.be/vehicle/IC2837,http://irail.be/stations/NMBS/008813003,IC,2016-11-26T16:13:00,2016-11-26T16:12:00,252,243
http://irail.be/vehicle/IC2837,http://irail.be/stations/NMBS/008813037,IC,2016-11-26T16:14:00,2016-11-26T16:14:00,252,252
http://irail.be/vehicle/IC2837,http://irail.be/stations/NMBS/008814001,IC,2016-11-26T16:21:00,2016-11-26T16:17:00,131,259
http://irail.be/vehicle/IC2837,http://irail.be/stations/NMBS/008892007,IC,2016-11-26T16:50:00,2016-11-26T16:50:00,,28
http://irail.be/vehicle/IC2837,http://irail.be/stations/NMBS/008819406,IC,2016-10-18T15:59:00,2016-10-18T15:59:00,14,
http://irail.be/vehicle/IC2837,http://irail.be/stations/NMBS/008811007,IC,2016-10-18T16:07:00,2016-10-18T16:07:00,28,28
http://irail.be/vehicle/IC2837,http://irail.be/stations/NMBS/008812005,IC,2016-10-18T16:12:00,2016-10-18T16:10:00,119,163
http://irail.be/vehicle/IC2837,http://irail.be/stations/NMBS/008813045,IC,2016-10-18T16:14:00,2016-10-18T16:14:00,107,107
http://irail.be/vehicle/IC2837,http://irail.be/stations/NMBS/008813003,IC,2016-10-18T16:16:00,2016-10-18T16:15:00,164,181
http://irail.be/vehicle/IC2837,http://irail.be/stations/NMBS/008813037,IC,2016-10-18T16:18:00,2016-10-18T16:18:00,118,118
http://irail.be/vehicle/IC2837,http://irail.be/stations/NMBS/008814001,IC,2016-10-18T16:22:00,2016-10-18T16:20:00,149,150
http://irail.be/vehicle/IC2837,http://irail.be/stations/NMBS/008892007,IC,2016-10-18T17:00:00,2016-10-18T16:53:00,40,110
http://irail.be/vehicle/IC2837,http://irail.be/stations/NMBS/008892031,IC,2016-10-18T17:03:00,2016-10-18T17:03:00,63,63
http://irail.be/vehicle/IC2837,http://irail.be/stations/NMBS/008892056,IC,2016-10-18T17:07:00,2016-10-18T17:07:00,-28,-28
http://irail.be/vehicle/IC2837,http://irail.be/stations/NMBS/008891165,IC,2016-10-18T17:08:00,2016-10-18T17:08:00,26,26
http://irail.be/vehicle/IC2837,http://irail.be/stations/NMBS/008891157,IC,2016-10-18T17:10:00,2016-10-18T17:10:00,3,3
http://irail.be/vehicle/IC2837,http://irail.be/stations/NMBS/008891140,IC,2016-10-18T17:15:00,2016-10-18T17:13:00,56,-53
http://irail.be/vehicle/IC2837,http://irail.be/stations/NMBS/008891132,IC,2016-10-18T17:18:00,2016-10-18T17:18:00,39,39
http://irail.be/vehicle/IC2837,http://irail.be/stations/NMBS/008891124,IC,2016-10-18T17:20:00,2016-10-18T17:20:00,51,51
http://irail.be/vehicle/IC2837,http://irail.be/stations/NMBS/008891116,IC,2016-10-18T17:23:00,2016-10-18T17:23:00,32,32
http://irail.be/vehicle/IC2837,http://irail.be/stations/NMBS/008891009,IC,2016-10-18T17:29:00,2016-10-18T17:29:00,,23
http://irail.be/vehicle/IC2837,NO-URI,IC,2016-02-04T15:59:00,2016-02-04T15:59:00,11,0
http://irail.be/vehicle/IC2837,http://irail.be/stations/NMBS/008811007,IC,2016-02-04T16:07:00,2016-02-04T16:07:00,-65,-92
http://irail.be/vehicle/IC2837,http://irail.be/stations/NMBS/008812005,IC,2016-02-04T16:12:00,2016-02-04T16:10:00,25,-39
http://irail.be/vehicle/IC2837,http://irail.be/stations/NMBS/008813045,IC,2016-02-04T16:14:00,2016-02-04T16:14:00,26,23
http://irail.be/vehicle/IC2837,http://irail.be/stations/NMBS/008813003,IC,2016-02-04T16:16:00,2016-02-04T16:15:00,169,125
http://irail.be/vehicle/IC2837,http://irail.be/stations/NMBS/008813037,IC,2016-02-04T16:18:00,2016-02-04T16:18:00,118,169
http://irail.be/vehicle/IC2837,http://irail.be/stations/NMBS/008814001,IC,2016-02-04T16:22:00,2016-02-04T16:20:00,192,210
http://irail.be/vehicle/IC2837,http://irail.be/stations/NMBS/008892007,IC,2016-02-04T17:00:00,2016-02-04T16:53:00,9,-157
http://irail.be/vehicle/IC2837,http://irail.be/stations/NMBS/008892031,IC,2016-02-04T17:03:00,2016-02-04T17:03:00,20,-30
http://irail.be/vehicle/IC2837,http://irail.be/stations/NMBS/008892056,IC,2016-02-04T17:07:00,2016-02-04T17:07:00,-66,-78
http://irail.be/vehicle/IC2837,http://irail.be/stations/NMBS/008891165,IC,2016-02-04T17:08:00,2016-02-04T17:08:00,-26,-66
http://irail.be/vehicle/IC2837,http://irail.be/stations/NMBS/008891157,IC,2016-02-04T17:10:00,2016-02-04T17:10:00,-41,-59
http://irail.be/vehicle/IC2837,http://irail.be/stations/NMBS/008891140,IC,2016-02-04T17:15:00,2016-02-04T17:13:00,55,-75
http://irail.be/vehicle/IC2837,http://irail.be/stations/NMBS/008891132,IC,2016-02-04T17:18:00,2016-02-04T17:18:00,47,42
http://irail.be/vehicle/IC2837,http://irail.be/stations/NMBS/008891124,IC,2016-02-04T17:20:00,2016-02-04T17:20:00,62,43
http://irail.be/vehicle/IC2837,http://irail.be/stations/NMBS/008891116,IC,2016-02-04T17:23:00,2016-02-04T17:23:00,100,100
http://irail.be/vehicle/IC2837,http://irail.be/stations/NMBS/008891009,IC,2016-02-04T17:29:00,2016-02-04T17:29:00,0,67
http://irail.be/vehicle/IC2837,http://irail.be/stations/NMBS/008819406,IC,2016-08-03T15:59:00,2016-08-03T15:59:00,-4,
http://irail.be/vehicle/IC2837,http://irail.be/stations/NMBS/008811007,IC,2016-08-03T16:07:00,2016-08-03T16:07:00,-80,-80
http://irail.be/vehicle/IC2837,http://irail.be/stations/NMBS/008812005,IC,2016-08-03T16:12:00,2016-08-03T16:10:00,102,-12
http://irail.be/vehicle/IC2837,http://irail.be/stations/NMBS/008813045,IC,2016-08-03T16:14:00,2016-08-03T16:14:00,116,116
http://irail.be/vehicle/IC2837,http://irail.be/stations/NMBS/008813003,IC,2016-08-03T16:16:00,2016-08-03T16:15:00,153,146
http://irail.be/vehicle/IC2837,http://irail.be/stations/NMBS/008813037,IC,2016-08-03T16:18:00,2016-08-03T16:18:00,112,112
http://irail.be/vehicle/IC2837,http://irail.be/stations/NMBS/008814001,IC,2016-08-03T16:22:00,2016-08-03T16:20:00,267,179
http://irail.be/vehicle/IC2837,http://irail.be/stations/NMBS/008892007,IC,2016-08-03T17:00:00,2016-08-03T16:53:00,14,87
http://irail.be/vehicle/IC2837,http://irail.be/stations/NMBS/008892031,IC,2016-08-03T17:03:00,2016-08-03T17:03:00,44,44
http://irail.be/vehicle/IC2837,http://irail.be/stations/NMBS/008892056,IC,2016-08-03T17:07:00,2016-08-03T17:07:00,-55,-55
http://irail.be/vehicle/IC2837,http://irail.be/stations/NMBS/008891165,IC,2016-08-03T17:08:00,2016-08-03T17:08:00,-23,-23
http://irail.be/vehicle/IC2837,http://irail.be/stations/NMBS/008891157,IC,2016-08-03T17:10:00,2016-08-03T17:10:00,-50,-50
http://irail.be/vehicle/IC2837,http://irail.be/stations/NMBS/008891140,IC,2016-08-03T17:15:00,2016-08-03T17:13:00,69,-57
http://irail.be/vehicle/IC2837,http://irail.be/stations/NMBS/008891132,IC,2016-08-03T17:18:00,2016-08-03T17:18:00,73,73
http://irail.be/vehicle/IC2837,http://irail.be/stations/NMBS/008891124,IC,2016-08-03T17:20:00,2016-08-03T17:20:00,72,72
http://irail.be/vehicle/IC2837,http://irail.be/stations/NMBS/008891116,IC,2016-08-03T17:23:00,2016-08-03T17:23:00,43,43
http://irail.be/vehicle/IC2837,http://irail.be/stations/NMBS/008891009,IC,2016-08-03T17:29:00,2016-08-03T17:29:00,,48
http://irail.be/vehicle/IC2837,http://irail.be/stations/NMBS/008819406,IC,2016-10-22T15:57:00,2016-10-22T15:57:00,166,
http://irail.be/vehicle/IC2837,http://irail.be/stations/NMBS/008811007,IC,2016-10-22T16:04:00,2016-10-22T16:04:00,169,169
http://irail.be/vehicle/IC2837,http://irail.be/stations/NMBS/008812005,IC,2016-10-22T16:09:00,2016-10-22T16:07:00,116,181
http://irail.be/vehicle/IC2837,http://irail.be/stations/NMBS/008813045,IC,2016-10-22T16:11:00,2016-10-22T16:11:00,116,116
http://irail.be/vehicle/IC2837,http://irail.be/stations/NMBS/008813003,IC,2016-10-22T16:13:00,2016-10-22T16:12:00,121,147
http://irail.be/vehicle/IC2837,http://irail.be/stations/NMBS/008813037,IC,2016-10-22T16:14:00,2016-10-22T16:14:00,133,133
http://irail.be/vehicle/IC2837,http://irail.be/stations/NMBS/008814001,IC,2016-10-22T16:17:00,2016-10-22T16:17:00,,102
http://irail.be/vehicle/IC2837,http://irail.be/stations/NMBS/008819406,IC,2016-11-28T15:59:00,2016-11-28T15:59:00,-3,
http://irail.be/vehicle/IC2837,http://irail.be/stations/NMBS/008811007,IC,2016-11-28T16:07:00,2016-11-28T16:07:00,278,278
http://irail.be/vehicle/IC2837,http://irail.be/stations/NMBS/008812005,IC,2016-11-28T16:12:00,2016-11-28T16:10:00,370,350
http://irail.be/vehicle/IC2837,http://irail.be/stations/NMBS/008813045,IC,2016-11-28T16:14:00,2016-11-28T16:14:00,372,372
http://irail.be/vehicle/IC2837,http://irail.be/stations/NMBS/008813003,IC,2016-11-28T16:16:00,2016-11-28T16:15:00,492,440
http://irail.be/vehicle/IC2837,http://irail.be/stations/NMBS/008813037,IC,2016-11-28T16:18:00,2016-11-28T16:18:00,492,492
http://irail.be/vehicle/IC2837,http://irail.be/stations/NMBS/008814001,IC,2016-11-28T16:22:00,2016-11-28T16:20:00,449,503
http://irail.be/vehicle/IC2837,http://irail.be/stations/NMBS/008892007,IC,2016-11-28T17:00:00,2016-11-28T16:53:00,88,88
http://irail.be/vehicle/IC2837,http://irail.be/stations/NMBS/008892031,IC,2016-11-28T17:03:00,2016-11-28T17:03:00,42,42
http://irail.be/vehicle/IC2837,http://irail.be/stations/NMBS/008892056,IC,2016-11-28T17:07:00,2016-11-28T17:07:00,52,52
http://irail.be/vehicle/IC2837,http://irail.be/stations/NMBS/008891165,IC,2016-11-28T17:08:00,2016-11-28T17:08:00,76,33
http://irail.be/vehicle/IC2837,http://irail.be/stations/NMBS/008891157,IC,2016-11-28T17:10:00,2016-11-28T17:10:00,69,69
http://irail.be/vehicle/IC2837,http://irail.be/stations/NMBS/008891140,IC,2016-11-28T17:15:00,2016-11-28T17:13:00,91,91
http://irail.be/vehicle/IC2837,http://irail.be/stations/NMBS/008891132,IC,2016-11-28T17:18:00,2016-11-28T17:18:00,129,129
http://irail.be/vehicle/IC2837,http://irail.be/stations/NMBS/008891124,IC,2016-11-28T17:20:00,2016-11-28T17:20:00,137,137
http://irail.be/vehicle/IC2837,http://irail.be/stations/NMBS/008891116,IC,2016-11-28T17:23:00,2016-11-28T17:23:00,97,97
http://irail.be/vehicle/IC2837,http://irail.be/stations/NMBS/008891009,IC,2016-11-28T17:29:00,2016-11-28T17:29:00,,99
http://irail.be/vehicle/IC2837,http://irail.be/stations/NMBS/008819406,IC,2016-12-02T15:59:00,2016-12-02T15:59:00,-10,
http://irail.be/vehicle/IC2837,http://irail.be/stations/NMBS/008811007,IC,2016-12-02T16:07:00,2016-12-02T16:07:00,-49,-49
http://irail.be/vehicle/IC2837,http://irail.be/stations/NMBS/008812005,IC,2016-12-02T16:12:00,2016-12-02T16:10:00,14,20
http://irail.be/vehicle/IC2837,http://irail.be/stations/NMBS/008813045,IC,2016-12-02T16:14:00,2016-12-02T16:14:00,21,21
http://irail.be/vehicle/IC2837,http://irail.be/stations/NMBS/008813003,IC,2016-12-02T16:16:00,2016-12-02T16:15:00,146,90
http://irail.be/vehicle/IC2837,http://irail.be/stations/NMBS/008813037,IC,2016-12-02T16:18:00,2016-12-02T16:18:00,146,146
http://irail.be/vehicle/IC2837,http://irail.be/stations/NMBS/008814001,IC,2016-12-02T16:22:00,2016-12-02T16:20:00,165,176
http://irail.be/vehicle/IC2837,http://irail.be/stations/NMBS/008892007,IC,2016-12-02T17:00:00,2016-12-02T16:53:00,19,11
http://irail.be/vehicle/IC2837,http://irail.be/stations/NMBS/008892031,IC,2016-12-02T17:03:00,2016-12-02T17:03:00,28,28
http://irail.be/vehicle/IC2837,http://irail.be/stations/NMBS/008892056,IC,2016-12-02T17:07:00,2016-12-02T17:07:00,-18,-18
http://irail.be/vehicle/IC2837,http://irail.be/stations/NMBS/008891165,IC,2016-12-02T17:08:00,2016-12-02T17:08:00,38,38
http://irail.be/vehicle/IC2837,http://irail.be/stations/NMBS/008891157,IC,2016-12-02T17:10:00,2016-12-02T17:10:00,247,247
http://irail.be/vehicle/IC2837,http://irail.be/stations/NMBS/008891140,IC,2016-12-02T17:15:00,2016-12-02T17:13:00,364,323
http://irail.be/vehicle/IC2837,http://irail.be/stations/NMBS/008891132,IC,2016-12-02T17:18:00,2016-12-02T17:18:00,322,322
http://irail.be/vehicle/IC2837,http://irail.be/stations/NMBS/008891124,IC,2016-12-02T17:20:00,2016-12-02T17:20:00,325,325
http://irail.be/vehicle/IC2837,http://irail.be/stations/NMBS/008891116,IC,2016-12-02T17:23:00,2016-12-02T17:23:00,479,479
http://irail.be/vehicle/IC2837,http://irail.be/stations/NMBS/008891009,IC,2016-12-02T17:29:00,2016-12-02T17:29:00,,590
http://irail.be/vehicle/IC2837,NO-URI,IC,2016-03-11T15:59:00,2016-03-11T15:59:00,11,0
http://irail.be/vehicle/IC2837,http://irail.be/stations/NMBS/008811007,IC,2016-03-11T16:07:00,2016-03-11T16:07:00,87,4
http://irail.be/vehicle/IC2837,http://irail.be/stations/NMBS/008812005,IC,2016-03-11T16:12:00,2016-03-11T16:10:00,162,200
http://irail.be/vehicle/IC2837,http://irail.be/stations/NMBS/008813045,IC,2016-03-11T16:14:00,2016-03-11T16:14:00,170,172
http://irail.be/vehicle/IC2837,http://irail.be/stations/NMBS/008813003,IC,2016-03-11T16:16:00,2016-03-11T16:15:00,230,200
http://irail.be/vehicle/IC2837,http://irail.be/stations/NMBS/008813037,IC,2016-03-11T16:18:00,2016-03-11T16:18:00,189,230
http://irail.be/vehicle/IC2837,http://irail.be/stations/NMBS/008814001,IC,2016-03-11T16:22:00,2016-03-11T16:20:00,272,249
http://irail.be/vehicle/IC2837,http://irail.be/stations/NMBS/008892007,IC,2016-03-11T17:00:00,2016-03-11T16:53:00,168,153
http://irail.be/vehicle/IC2837,http://irail.be/stations/NMBS/008892031,IC,2016-03-11T17:03:00,2016-03-11T17:03:00,181,139
http://irail.be/vehicle/IC2837,http://irail.be/stations/NMBS/008892056,IC,2016-03-11T17:07:00,2016-03-11T17:07:00,101,87
http://irail.be/vehicle/IC2837,http://irail.be/stations/NMBS/008891165,IC,2016-03-11T17:08:00,2016-03-11T17:08:00,130,101
http://irail.be/vehicle/IC2837,http://irail.be/stations/NMBS/008891157,IC,2016-03-11T17:10:00,2016-03-11T17:10:00,98,88
http://irail.be/vehicle/IC2837,http://irail.be/stations/NMBS/008891140,IC,2016-03-11T17:15:00,2016-03-11T17:13:00,199,196
http://irail.be/vehicle/IC2837,http://irail.be/stations/NMBS/008891132,IC,2016-03-11T17:18:00,2016-03-11T17:18:00,158,156
http://irail.be/vehicle/IC2837,http://irail.be/stations/NMBS/008891124,IC,2016-03-11T17:20:00,2016-03-11T17:20:00,154,143
http://irail.be/vehicle/IC2837,http://irail.be/stations/NMBS/008891116,IC,2016-03-11T17:23:00,2016-03-11T17:23:00,283,283
http://irail.be/vehicle/IC2837,http://irail.be/stations/NMBS/008891009,IC,2016-03-11T17:29:00,2016-03-11T17:29:00,0,315
http://irail.be/vehicle/IC2837,http://irail.be/stations/NMBS/008811007,IC,2016-04-13T16:07:00,2016-04-13T16:07:00,28,0
http://irail.be/vehicle/IC2837,http://irail.be/stations/NMBS/008812005,IC,2016-04-13T16:12:00,2016-04-13T16:10:00,119,187
http://irail.be/vehicle/IC2837,http://irail.be/stations/NMBS/008813045,IC,2016-04-13T16:14:00,2016-04-13T16:14:00,120,120
http://irail.be/vehicle/IC2837,http://irail.be/stations/NMBS/008813003,IC,2016-04-13T16:16:00,2016-04-13T16:15:00,145,147
http://irail.be/vehicle/IC2837,http://irail.be/stations/NMBS/008813037,IC,2016-04-13T16:17:00,2016-04-13T16:17:00,161,145
http://irail.be/vehicle/IC2837,http://irail.be/stations/NMBS/008814001,IC,2016-04-13T16:22:00,2016-04-13T16:20:00,96,136
http://irail.be/vehicle/IC2837,http://irail.be/stations/NMBS/008892007,IC,2016-04-13T17:00:00,2016-04-13T16:53:00,23,77
http://irail.be/vehicle/IC2837,http://irail.be/stations/NMBS/008892031,IC,2016-04-13T17:03:00,2016-04-13T17:03:00,11,-25
http://irail.be/vehicle/IC2837,http://irail.be/stations/NMBS/008892056,IC,2016-04-13T17:07:00,2016-04-13T17:07:00,-85,-93
http://irail.be/vehicle/IC2837,http://irail.be/stations/NMBS/008891165,IC,2016-04-13T17:09:00,2016-04-13T17:09:00,-113,-85
http://irail.be/vehicle/IC2837,http://irail.be/stations/NMBS/008891157,IC,2016-04-13T17:10:00,2016-04-13T17:10:00,-77,-91
http://irail.be/vehicle/IC2837,http://irail.be/stations/NMBS/008891140,IC,2016-04-13T17:15:00,2016-04-13T17:13:00,63,-78
http://irail.be/vehicle/IC2837,http://irail.be/stations/NMBS/008891132,IC,2016-04-13T17:18:00,2016-04-13T17:18:00,28,25
http://irail.be/vehicle/IC2837,http://irail.be/stations/NMBS/008891124,IC,2016-04-13T17:20:00,2016-04-13T17:20:00,24,13
http://irail.be/vehicle/IC2837,http://irail.be/stations/NMBS/008891116,IC,2016-04-13T17:23:00,2016-04-13T17:23:00,99,99
http://irail.be/vehicle/IC2837,http://irail.be/stations/NMBS/008891009,IC,2016-04-13T17:29:00,2016-04-13T17:29:00,0,217
http://irail.be/vehicle/IC2837,http://irail.be/stations/NMBS/008819406,IC,2016-11-16T15:58:00,2016-11-16T15:58:00,8,
http://irail.be/vehicle/IC2837,http://irail.be/stations/NMBS/008811007,IC,2016-11-16T16:07:52,2016-11-16T16:07:52,98,98
http://irail.be/vehicle/IC2837,http://irail.be/stations/NMBS/008812005,IC,2016-11-16T16:13:03,2016-11-16T16:11:03,152,176
http://irail.be/vehicle/IC2837,http://irail.be/stations/NMBS/008813045,IC,2016-11-16T16:14:43,2016-11-16T16:14:43,151,151
http://irail.be/vehicle/IC2837,http://irail.be/stations/NMBS/008813003,IC,2016-11-16T16:17:09,2016-11-16T16:16:09,380,349
http://irail.be/vehicle/IC2837,http://irail.be/stations/NMBS/008813037,IC,2016-11-16T16:18:07,2016-11-16T16:18:07,380,380
http://irail.be/vehicle/IC2837,http://irail.be/stations/NMBS/008814001,IC,2016-11-16T16:22:05,2016-11-16T16:20:05,336,389
http://irail.be/vehicle/IC2837,http://irail.be/stations/NMBS/008892007,IC,2016-11-16T17:00:00,2016-11-16T16:53:00,25,151
http://irail.be/vehicle/IC2837,http://irail.be/stations/NMBS/008892031,IC,2016-11-16T17:03:39,2016-11-16T17:03:39,52,52
http://irail.be/vehicle/IC2837,http://irail.be/stations/NMBS/008892056,IC,2016-11-16T17:07:00,2016-11-16T17:07:00,12,12
http://irail.be/vehicle/IC2837,http://irail.be/stations/NMBS/008891165,IC,2016-11-16T17:08:00,2016-11-16T17:08:00,-12,-12
http://irail.be/vehicle/IC2837,http://irail.be/stations/NMBS/008891157,IC,2016-11-16T17:10:00,2016-11-16T17:10:00,-29,-29
http://irail.be/vehicle/IC2837,http://irail.be/stations/NMBS/008891140,IC,2016-11-16T17:15:00,2016-11-16T17:13:00,85,-49
http://irail.be/vehicle/IC2837,http://irail.be/stations/NMBS/008891132,IC,2016-11-16T17:18:00,2016-11-16T17:18:00,57,57
http://irail.be/vehicle/IC2837,http://irail.be/stations/NMBS/008891124,IC,2016-11-16T17:20:00,2016-11-16T17:20:00,62,62
http://irail.be/vehicle/IC2837,http://irail.be/stations/NMBS/008891116,IC,2016-11-16T17:23:00,2016-11-16T17:23:00,81,81
http://irail.be/vehicle/IC2837,http://irail.be/stations/NMBS/008891009,IC,2016-11-16T17:29:04,2016-11-16T17:29:04,,86
http://irail.be/vehicle/IC2837,NO-URI,IC,2016-01-07T15:59:00,2016-01-07T15:59:00,341,0
http://irail.be/vehicle/IC2837,http://irail.be/stations/NMBS/008811007,IC,2016-01-07T16:07:00,2016-01-07T16:07:00,342,294
http://irail.be/vehicle/IC2837,http://irail.be/stations/NMBS/008812005,IC,2016-01-07T16:12:00,2016-01-07T16:10:00,357,386
http://irail.be/vehicle/IC2837,http://irail.be/stations/NMBS/008813045,IC,2016-01-07T16:14:00,2016-01-07T16:14:00,368,365
http://irail.be/vehicle/IC2837,http://irail.be/stations/NMBS/008813003,IC,2016-01-07T16:16:00,2016-01-07T16:15:00,451,418
http://irail.be/vehicle/IC2837,http://irail.be/stations/NMBS/008813037,IC,2016-01-07T16:18:00,2016-01-07T16:18:00,411,451
http://irail.be/vehicle/IC2837,http://irail.be/stations/NMBS/008814001,IC,2016-01-07T16:22:00,2016-01-07T16:20:00,452,472
http://irail.be/vehicle/IC2837,http://irail.be/stations/NMBS/008892007,IC,2016-01-07T17:00:00,2016-01-07T16:55:00,293,412
http://irail.be/vehicle/IC2837,http://irail.be/stations/NMBS/008892031,IC,2016-01-07T17:03:00,2016-01-07T17:03:00,318,263
http://irail.be/vehicle/IC2837,http://irail.be/stations/NMBS/008892056,IC,2016-01-07T17:07:00,2016-01-07T17:07:00,233,224
http://irail.be/vehicle/IC2837,http://irail.be/stations/NMBS/008891165,IC,2016-01-07T17:08:00,2016-01-07T17:08:00,250,233
http://irail.be/vehicle/IC2837,http://irail.be/stations/NMBS/008891157,IC,2016-01-07T17:10:00,2016-01-07T17:10:00,204,203
http://irail.be/vehicle/IC2837,http://irail.be/stations/NMBS/008891140,IC,2016-01-07T17:15:00,2016-01-07T17:13:00,180,174
http://irail.be/vehicle/IC2837,http://irail.be/stations/NMBS/008891132,IC,2016-01-07T17:18:00,2016-01-07T17:18:00,164,162
http://irail.be/vehicle/IC2837,http://irail.be/stations/NMBS/008891124,IC,2016-01-07T17:20:00,2016-01-07T17:20:00,156,146
http://irail.be/vehicle/IC2837,http://irail.be/stations/NMBS/008891116,IC,2016-01-07T17:23:00,2016-01-07T17:23:00,129,129
http://irail.be/vehicle/IC2837,http://irail.be/stations/NMBS/008891009,IC,2016-01-07T17:29:00,2016-01-07T17:29:00,0,116
http://irail.be/vehicle/IC2837,http://irail.be/stations/NMBS/008819406,IC,2016-09-21T15:59:00,2016-09-21T15:59:00,13,
http://irail.be/vehicle/IC2837,http://irail.be/stations/NMBS/008811007,IC,2016-09-21T16:07:00,2016-09-21T16:07:00,-61,-61
http://irail.be/vehicle/IC2837,http://irail.be/stations/NMBS/008812005,IC,2016-09-21T16:12:00,2016-09-21T16:10:00,22,62
http://irail.be/vehicle/IC2837,http://irail.be/stations/NMBS/008813045,IC,2016-09-21T16:14:00,2016-09-21T16:14:00,43,43
http://irail.be/vehicle/IC2837,http://irail.be/stations/NMBS/008813003,IC,2016-09-21T16:16:00,2016-09-21T16:15:00,105,102
http://irail.be/vehicle/IC2837,http://irail.be/stations/NMBS/008813037,IC,2016-09-21T16:18:00,2016-09-21T16:18:00,59,59
http://irail.be/vehicle/IC2837,http://irail.be/stations/NMBS/008814001,IC,2016-09-21T16:22:00,2016-09-21T16:20:00,122,127
http://irail.be/vehicle/IC2837,http://irail.be/stations/NMBS/008892007,IC,2016-09-21T17:00:00,2016-09-21T16:53:00,2108,2374
http://irail.be/vehicle/IC2837,http://irail.be/stations/NMBS/008892031,IC,2016-09-21T17:03:00,2016-09-21T17:03:00,2143,2143
http://irail.be/vehicle/IC2837,http://irail.be/stations/NMBS/008892056,IC,2016-09-21T17:07:00,2016-09-21T17:07:00,2041,2041
http://irail.be/vehicle/IC2837,http://irail.be/stations/NMBS/008891165,IC,2016-09-21T17:08:00,2016-09-21T17:08:00,2057,2057
http://irail.be/vehicle/IC2837,http://irail.be/stations/NMBS/008891157,IC,2016-09-21T17:10:00,2016-09-21T17:10:00,2012,2012
http://irail.be/vehicle/IC2837,http://irail.be/stations/NMBS/008891140,IC,2016-09-21T17:15:00,2016-09-21T17:13:00,1922,1943
http://irail.be/vehicle/IC2837,http://irail.be/stations/NMBS/008891132,IC,2016-09-21T17:18:00,2016-09-21T17:18:00,1880,1880
http://irail.be/vehicle/IC2837,http://irail.be/stations/NMBS/008891124,IC,2016-09-21T17:20:00,2016-09-21T17:20:00,2087,2087
http://irail.be/vehicle/IC2837,http://irail.be/stations/NMBS/008891116,IC,2016-09-21T17:23:00,2016-09-21T17:23:00,2096,2096
http://irail.be/vehicle/IC2837,http://irail.be/stations/NMBS/008891009,IC,2016-09-21T17:29:00,2016-09-21T17:29:00,,2111
http://irail.be/vehicle/IC2837,NO-URI,IC,2016-03-18T15:59:00,2016-03-18T15:59:00,26,0
http://irail.be/vehicle/IC2837,http://irail.be/stations/NMBS/008811007,IC,2016-03-18T16:07:00,2016-03-18T16:07:00,67,-29
http://irail.be/vehicle/IC2837,http://irail.be/stations/NMBS/008812005,IC,2016-03-18T16:12:00,2016-03-18T16:10:00,323,261
http://irail.be/vehicle/IC2837,http://irail.be/stations/NMBS/008813045,IC,2016-03-18T16:14:00,2016-03-18T16:14:00,326,325
http://irail.be/vehicle/IC2837,http://irail.be/stations/NMBS/008813003,IC,2016-03-18T16:16:00,2016-03-18T16:15:00,455,415
http://irail.be/vehicle/IC2837,http://irail.be/stations/NMBS/008813037,IC,2016-03-18T16:18:00,2016-03-18T16:18:00,413,455
http://irail.be/vehicle/IC2837,http://irail.be/stations/NMBS/008814001,IC,2016-03-18T16:22:00,2016-03-18T16:20:00,499,470
http://irail.be/vehicle/IC2837,http://irail.be/stations/NMBS/008892007,IC,2016-03-18T17:00:00,2016-03-18T16:53:00,487,788
http://irail.be/vehicle/IC2837,http://irail.be/stations/NMBS/008892031,IC,2016-03-18T17:03:00,2016-03-18T17:03:00,510,470
http://irail.be/vehicle/IC2837,http://irail.be/stations/NMBS/008892056,IC,2016-03-18T17:07:00,2016-03-18T17:07:00,421,410
http://irail.be/vehicle/IC2837,http://irail.be/stations/NMBS/008891165,IC,2016-03-18T17:08:00,2016-03-18T17:08:00,441,421
http://irail.be/vehicle/IC2837,http://irail.be/stations/NMBS/008891157,IC,2016-03-18T17:10:00,2016-03-18T17:10:00,400,395
http://irail.be/vehicle/IC2837,http://irail.be/stations/NMBS/008891140,IC,2016-03-18T17:15:00,2016-03-18T17:13:00,400,390
http://irail.be/vehicle/IC2837,http://irail.be/stations/NMBS/008891132,IC,2016-03-18T17:18:00,2016-03-18T17:18:00,358,356
http://irail.be/vehicle/IC2837,http://irail.be/stations/NMBS/008891124,IC,2016-03-18T17:20:00,2016-03-18T17:20:00,357,345
http://irail.be/vehicle/IC2837,http://irail.be/stations/NMBS/008891116,IC,2016-03-18T17:23:00,2016-03-18T17:23:00,329,329
http://irail.be/vehicle/IC2837,http://irail.be/stations/NMBS/008891009,IC,2016-03-18T17:29:00,2016-03-18T17:29:00,0,381
http://irail.be/vehicle/IC2837,http://irail.be/stations/NMBS/008819406,IC,2016-09-10T15:57:00,2016-09-10T15:57:00,19,
http://irail.be/vehicle/IC2837,http://irail.be/stations/NMBS/008811007,IC,2016-09-10T16:04:00,2016-09-10T16:04:00,231,231
http://irail.be/vehicle/IC2837,http://irail.be/stations/NMBS/008812005,IC,2016-09-10T16:09:00,2016-09-10T16:07:00,331,277
http://irail.be/vehicle/IC2837,http://irail.be/stations/NMBS/008813045,IC,2016-09-10T16:11:00,2016-09-10T16:11:00,332,332
http://irail.be/vehicle/IC2837,http://irail.be/stations/NMBS/008813003,IC,2016-09-10T16:13:00,2016-09-10T16:12:00,571,495
http://irail.be/vehicle/IC2837,http://irail.be/stations/NMBS/008813037,IC,2016-09-10T16:14:00,2016-09-10T16:14:00,589,589
http://irail.be/vehicle/IC2837,http://irail.be/stations/NMBS/008814001,IC,2016-09-10T16:17:00,2016-09-10T16:17:00,,586
http://irail.be/vehicle/IC2837,http://irail.be/stations/NMBS/008819406,IC,2016-06-22T15:59:00,2016-06-22T15:59:00,320,
http://irail.be/vehicle/IC2837,http://irail.be/stations/NMBS/008811007,IC,2016-06-22T16:07:00,2016-06-22T16:07:00,268,268
http://irail.be/vehicle/IC2837,http://irail.be/stations/NMBS/008812005,IC,2016-06-22T16:12:00,2016-06-22T16:10:00,395,278
http://irail.be/vehicle/IC2837,http://irail.be/stations/NMBS/008813045,IC,2016-06-22T16:14:00,2016-06-22T16:14:00,461,461
http://irail.be/vehicle/IC2837,http://irail.be/stations/NMBS/008813003,IC,2016-06-22T16:16:00,2016-06-22T16:15:00,620,558
http://irail.be/vehicle/IC2837,http://irail.be/stations/NMBS/008813037,IC,2016-06-22T16:18:00,2016-06-22T16:18:00,603,603
http://irail.be/vehicle/IC2837,http://irail.be/stations/NMBS/008814001,IC,2016-06-22T16:22:00,2016-06-22T16:20:00,792,775
http://irail.be/vehicle/IC2837,http://irail.be/stations/NMBS/008892007,IC,2016-06-22T17:00:00,2016-06-22T16:53:00,318,606
http://irail.be/vehicle/IC2837,http://irail.be/stations/NMBS/008892031,IC,2016-06-22T17:03:00,2016-06-22T17:03:00,321,321
http://irail.be/vehicle/IC2837,http://irail.be/stations/NMBS/008892056,IC,2016-06-22T17:07:00,2016-06-22T17:07:00,225,225
http://irail.be/vehicle/IC2837,http://irail.be/stations/NMBS/008891165,IC,2016-06-22T17:08:00,2016-06-22T17:08:00,243,243
http://irail.be/vehicle/IC2837,http://irail.be/stations/NMBS/008891157,IC,2016-06-22T17:10:00,2016-06-22T17:10:00,325,325
http://irail.be/vehicle/IC2837,http://irail.be/stations/NMBS/008891140,IC,2016-06-22T17:15:00,2016-06-22T17:13:00,317,301
http://irail.be/vehicle/IC2837,http://irail.be/stations/NMBS/008891132,IC,2016-06-22T17:18:00,2016-06-22T17:18:00,289,289
http://irail.be/vehicle/IC2837,http://irail.be/stations/NMBS/008891124,IC,2016-06-22T17:20:00,2016-06-22T17:20:00,285,285
http://irail.be/vehicle/IC2837,http://irail.be/stations/NMBS/008891116,IC,2016-06-22T17:23:00,2016-06-22T17:23:00,258,258
http://irail.be/vehicle/IC2837,http://irail.be/stations/NMBS/008891009,IC,2016-06-22T17:29:00,2016-06-22T17:29:00,,307
http://irail.be/vehicle/IC2837,http://irail.be/stations/NMBS/008819406,IC,2016-10-19T15:59:00,2016-10-19T15:59:00,10,
http://irail.be/vehicle/IC2837,http://irail.be/stations/NMBS/008811007,IC,2016-10-19T16:07:00,2016-10-19T16:07:00,21,21
http://irail.be/vehicle/IC2837,http://irail.be/stations/NMBS/008812005,IC,2016-10-19T16:12:00,2016-10-19T16:10:00,55,99
http://irail.be/vehicle/IC2837,http://irail.be/stations/NMBS/008813045,IC,2016-10-19T16:14:00,2016-10-19T16:14:00,63,63
http://irail.be/vehicle/IC2837,http://irail.be/stations/NMBS/008813003,IC,2016-10-19T16:16:00,2016-10-19T16:15:00,122,114
http://irail.be/vehicle/IC2837,http://irail.be/stations/NMBS/008813037,IC,2016-10-19T16:18:00,2016-10-19T16:18:00,82,82
http://irail.be/vehicle/IC2837,http://irail.be/stations/NMBS/008814001,IC,2016-10-19T16:22:00,2016-10-19T16:20:00,150,117
http://irail.be/vehicle/IC2837,http://irail.be/stations/NMBS/008892007,IC,2016-10-19T17:00:00,2016-10-19T16:53:00,20,-8
http://irail.be/vehicle/IC2837,http://irail.be/stations/NMBS/008892031,IC,2016-10-19T17:03:00,2016-10-19T17:03:00,53,53
http://irail.be/vehicle/IC2837,http://irail.be/stations/NMBS/008892056,IC,2016-10-19T17:07:00,2016-10-19T17:07:00,-38,-38
http://irail.be/vehicle/IC2837,http://irail.be/stations/NMBS/008891165,IC,2016-10-19T17:08:00,2016-10-19T17:08:00,-16,-16
http://irail.be/vehicle/IC2837,http://irail.be/stations/NMBS/008891157,IC,2016-10-19T17:10:00,2016-10-19T17:10:00,-54,-54
http://irail.be/vehicle/IC2837,http://irail.be/stations/NMBS/008891140,IC,2016-10-19T17:15:00,2016-10-19T17:13:00,67,-61
http://irail.be/vehicle/IC2837,http://irail.be/stations/NMBS/008891132,IC,2016-10-19T17:18:00,2016-10-19T17:18:00,69,69
http://irail.be/vehicle/IC2837,http://irail.be/stations/NMBS/008891124,IC,2016-10-19T17:20:00,2016-10-19T17:20:00,71,71
http://irail.be/vehicle/IC2837,http://irail.be/stations/NMBS/008891116,IC,2016-10-19T17:23:00,2016-10-19T17:23:00,49,49
http://irail.be/vehicle/IC2837,http://irail.be/stations/NMBS/008891009,IC,2016-10-19T17:29:00,2016-10-19T17:29:00,,148
http://irail.be/vehicle/IC2837,NO-URI,IC,2016-03-16T15:59:00,2016-03-16T15:59:00,2,0
http://irail.be/vehicle/IC2837,http://irail.be/stations/NMBS/008811007,IC,2016-03-16T16:07:00,2016-03-16T16:07:00,-64,-93
http://irail.be/vehicle/IC2837,http://irail.be/stations/NMBS/008812005,IC,2016-03-16T16:12:00,2016-03-16T16:10:00,57,72
http://irail.be/vehicle/IC2837,http://irail.be/stations/NMBS/008813045,IC,2016-03-16T16:14:00,2016-03-16T16:14:00,65,64
http://irail.be/vehicle/IC2837,http://irail.be/stations/NMBS/008813003,IC,2016-03-16T16:16:00,2016-03-16T16:15:00,117,91
http://irail.be/vehicle/IC2837,http://irail.be/stations/NMBS/008813037,IC,2016-03-16T16:18:00,2016-03-16T16:18:00,73,117
http://irail.be/vehicle/IC2837,http://irail.be/stations/NMBS/008814001,IC,2016-03-16T16:22:00,2016-03-16T16:20:00,87,127
http://irail.be/vehicle/IC2837,http://irail.be/stations/NMBS/008892007,IC,2016-03-16T17:00:00,2016-03-16T16:53:00,24,-9
http://irail.be/vehicle/IC2837,http://irail.be/stations/NMBS/008892031,IC,2016-03-16T17:03:00,2016-03-16T17:03:00,71,14
http://irail.be/vehicle/IC2837,http://irail.be/stations/NMBS/008892056,IC,2016-03-16T17:07:00,2016-03-16T17:07:00,-9,-22
http://irail.be/vehicle/IC2837,http://irail.be/stations/NMBS/008891165,IC,2016-03-16T17:08:00,2016-03-16T17:08:00,24,-9
http://irail.be/vehicle/IC2837,http://irail.be/stations/NMBS/008891157,IC,2016-03-16T17:10:00,2016-03-16T17:10:00,2,-11
http://irail.be/vehicle/IC2837,http://irail.be/stations/NMBS/008891140,IC,2016-03-16T17:15:00,2016-03-16T17:13:00,56,-49
http://irail.be/vehicle/IC2837,http://irail.be/stations/NMBS/008891132,IC,2016-03-16T17:18:00,2016-03-16T17:18:00,43,34
http://irail.be/vehicle/IC2837,http://irail.be/stations/NMBS/008891124,IC,2016-03-16T17:20:00,2016-03-16T17:20:00,55,46
http://irail.be/vehicle/IC2837,http://irail.be/stations/NMBS/008891116,IC,2016-03-16T17:23:00,2016-03-16T17:23:00,23,23
http://irail.be/vehicle/IC2837,http://irail.be/stations/NMBS/008891009,IC,2016-03-16T17:29:00,2016-03-16T17:29:00,0,4
http://irail.be/vehicle/IC2837,NO-URI,IC,2016-02-01T15:59:00,2016-02-01T15:59:00,34,0
http://irail.be/vehicle/IC2837,http://irail.be/stations/NMBS/008811007,IC,2016-02-01T16:07:00,2016-02-01T16:07:00,-20,-46
http://irail.be/vehicle/IC2837,http://irail.be/stations/NMBS/008812005,IC,2016-02-01T16:12:00,2016-02-01T16:10:00,17,34
http://irail.be/vehicle/IC2837,http://irail.be/stations/NMBS/008813045,IC,2016-02-01T16:14:00,2016-02-01T16:14:00,16,20
http://irail.be/vehicle/IC2837,http://irail.be/stations/NMBS/008813003,IC,2016-02-01T16:16:00,2016-02-01T16:15:00,56,39
http://irail.be/vehicle/IC2837,http://irail.be/stations/NMBS/008813037,IC,2016-02-01T16:18:00,2016-02-01T16:18:00,16,56
http://irail.be/vehicle/IC2837,http://irail.be/stations/NMBS/008814001,IC,2016-02-01T16:22:00,2016-02-01T16:20:00,42,46
http://irail.be/vehicle/IC2837,http://irail.be/stations/NMBS/008892007,IC,2016-02-01T17:00:00,2016-02-01T16:53:00,45,-137
http://irail.be/vehicle/IC2837,http://irail.be/stations/NMBS/008892031,IC,2016-02-01T17:03:00,2016-02-01T17:03:00,61,20
http://irail.be/vehicle/IC2837,http://irail.be/stations/NMBS/008892056,IC,2016-02-01T17:07:00,2016-02-01T17:07:00,-43,-45
http://irail.be/vehicle/IC2837,http://irail.be/stations/NMBS/008891165,IC,2016-02-01T17:08:00,2016-02-01T17:08:00,-28,-43
http://irail.be/vehicle/IC2837,http://irail.be/stations/NMBS/008891157,IC,2016-02-01T17:10:00,2016-02-01T17:10:00,-66,-72
http://irail.be/vehicle/IC2837,http://irail.be/stations/NMBS/008891140,IC,2016-02-01T17:15:00,2016-02-01T17:13:00,79,16
http://irail.be/vehicle/IC2837,http://irail.be/stations/NMBS/008891132,IC,2016-02-01T17:18:00,2016-02-01T17:18:00,63,59
http://irail.be/vehicle/IC2837,http://irail.be/stations/NMBS/008891124,IC,2016-02-01T17:20:00,2016-02-01T17:20:00,96,61
http://irail.be/vehicle/IC2837,http://irail.be/stations/NMBS/008891116,IC,2016-02-01T17:23:00,2016-02-01T17:23:00,286,286
http://irail.be/vehicle/IC2837,http://irail.be/stations/NMBS/008891009,IC,2016-02-01T17:29:00,2016-02-01T17:29:00,0,280
http://irail.be/vehicle/IC2837,http://irail.be/stations/NMBS/008819406,IC,2016-11-25T15:59:00,2016-11-25T15:59:00,-10,
http://irail.be/vehicle/IC2837,http://irail.be/stations/NMBS/008811007,IC,2016-11-25T16:07:00,2016-11-25T16:07:00,76,76
http://irail.be/vehicle/IC2837,http://irail.be/stations/NMBS/008812005,IC,2016-11-25T16:12:00,2016-11-25T16:10:00,262,136
http://irail.be/vehicle/IC2837,http://irail.be/stations/NMBS/008813045,IC,2016-11-25T16:14:00,2016-11-25T16:14:00,264,264
http://irail.be/vehicle/IC2837,http://irail.be/stations/NMBS/008813003,IC,2016-11-25T16:16:00,2016-11-25T16:15:00,314,294
http://irail.be/vehicle/IC2837,http://irail.be/stations/NMBS/008813037,IC,2016-11-25T16:18:00,2016-11-25T16:18:00,314,314
http://irail.be/vehicle/IC2837,http://irail.be/stations/NMBS/008814001,IC,2016-11-25T16:22:00,2016-11-25T16:20:00,328,322
http://irail.be/vehicle/IC2837,http://irail.be/stations/NMBS/008892007,IC,2016-11-25T17:00:00,2016-11-25T16:53:00,34,122
http://irail.be/vehicle/IC2837,http://irail.be/stations/NMBS/008892031,IC,2016-11-25T17:03:00,2016-11-25T17:03:00,41,41
http://irail.be/vehicle/IC2837,http://irail.be/stations/NMBS/008892056,IC,2016-11-25T17:07:00,2016-11-25T17:07:00,11,11
http://irail.be/vehicle/IC2837,http://irail.be/stations/NMBS/008891165,IC,2016-11-25T17:08:00,2016-11-25T17:08:00,-4,-4
http://irail.be/vehicle/IC2837,http://irail.be/stations/NMBS/008891157,IC,2016-11-25T17:10:00,2016-11-25T17:10:00,10,10
http://irail.be/vehicle/IC2837,http://irail.be/stations/NMBS/008891140,IC,2016-11-25T17:15:00,2016-11-25T17:13:00,79,-9
http://irail.be/vehicle/IC2837,http://irail.be/stations/NMBS/008891132,IC,2016-11-25T17:18:00,2016-11-25T17:18:00,34,34
http://irail.be/vehicle/IC2837,http://irail.be/stations/NMBS/008891124,IC,2016-11-25T17:20:00,2016-11-25T17:20:00,49,49
http://irail.be/vehicle/IC2837,http://irail.be/stations/NMBS/008891116,IC,2016-11-25T17:23:00,2016-11-25T17:23:00,94,94
http://irail.be/vehicle/IC2837,http://irail.be/stations/NMBS/008891009,IC,2016-11-25T17:29:00,2016-11-25T17:29:00,,141
http://irail.be/vehicle/IC2837,NO-URI,IC,2016-02-20T15:57:00,2016-02-20T15:57:00,21,0
http://irail.be/vehicle/IC2837,http://irail.be/stations/NMBS/008811007,IC,2016-02-20T16:04:00,2016-02-20T16:04:00,-2,-29
http://irail.be/vehicle/IC2837,http://irail.be/stations/NMBS/008812005,IC,2016-02-20T16:09:00,2016-02-20T16:07:00,228,75
http://irail.be/vehicle/IC2837,http://irail.be/stations/NMBS/008813045,IC,2016-02-20T16:11:00,2016-02-20T16:11:00,224,226
http://irail.be/vehicle/IC2837,http://irail.be/stations/NMBS/008813003,IC,2016-02-20T16:13:00,2016-02-20T16:12:00,290,252
http://irail.be/vehicle/IC2837,http://irail.be/stations/NMBS/008813037,IC,2016-02-20T16:14:00,2016-02-20T16:14:00,298,298
http://irail.be/vehicle/IC2837,http://irail.be/stations/NMBS/008814001,IC,2016-02-20T16:21:00,2016-02-20T16:17:00,118,260
http://irail.be/vehicle/IC2837,http://irail.be/stations/NMBS/008892007,IC,2016-02-20T16:50:00,2016-02-20T16:50:00,0,-21
http://irail.be/vehicle/IC2837,NO-URI,IC,2016-03-17T15:59:00,2016-03-17T15:59:00,8,0
http://irail.be/vehicle/IC2837,http://irail.be/stations/NMBS/008811007,IC,2016-03-17T16:07:00,2016-03-17T16:07:00,-10,-76
http://irail.be/vehicle/IC2837,http://irail.be/stations/NMBS/008812005,IC,2016-03-17T16:12:00,2016-03-17T16:10:00,24,87
http://irail.be/vehicle/IC2837,http://irail.be/stations/NMBS/008813045,IC,2016-03-17T16:14:00,2016-03-17T16:14:00,26,25
http://irail.be/vehicle/IC2837,http://irail.be/stations/NMBS/008813003,IC,2016-03-17T16:16:00,2016-03-17T16:15:00,58,54
http://irail.be/vehicle/IC2837,http://irail.be/stations/NMBS/008813037,IC,2016-03-17T16:18:00,2016-03-17T16:18:00,10,58
http://irail.be/vehicle/IC2837,http://irail.be/stations/NMBS/008814001,IC,2016-03-17T16:22:00,2016-03-17T16:20:00,192,204
http://irail.be/vehicle/IC2837,http://irail.be/stations/NMBS/008892007,IC,2016-03-17T17:00:00,2016-03-17T16:53:00,12,239
http://irail.be/vehicle/IC2837,http://irail.be/stations/NMBS/008892031,IC,2016-03-17T17:03:00,2016-03-17T17:03:00,23,-26
http://irail.be/vehicle/IC2837,http://irail.be/stations/NMBS/008892056,IC,2016-03-17T17:07:00,2016-03-17T17:07:00,-79,-83
http://irail.be/vehicle/IC2837,http://irail.be/stations/NMBS/008891165,IC,2016-03-17T17:08:00,2016-03-17T17:08:00,-54,-79
http://irail.be/vehicle/IC2837,http://irail.be/stations/NMBS/008891157,IC,2016-03-17T17:10:00,2016-03-17T17:10:00,-71,-94
http://irail.be/vehicle/IC2837,http://irail.be/stations/NMBS/008891140,IC,2016-03-17T17:15:00,2016-03-17T17:13:00,59,-85
http://irail.be/vehicle/IC2837,http://irail.be/stations/NMBS/008891132,IC,2016-03-17T17:18:00,2016-03-17T17:18:00,52,47
http://irail.be/vehicle/IC2837,http://irail.be/stations/NMBS/008891124,IC,2016-03-17T17:20:00,2016-03-17T17:20:00,57,43
http://irail.be/vehicle/IC2837,http://irail.be/stations/NMBS/008891116,IC,2016-03-17T17:23:00,2016-03-17T17:23:00,42,42
http://irail.be/vehicle/IC2837,http://irail.be/stations/NMBS/008891009,IC,2016-03-17T17:29:00,2016-03-17T17:29:00,0,12
http://irail.be/vehicle/IC2837,http://irail.be/stations/NMBS/008819406,IC,2016-04-05T15:51:00,2016-04-05T15:51:00,203,0
http://irail.be/vehicle/IC2837,http://irail.be/stations/NMBS/008811007,IC,2016-04-05T16:07:00,2016-04-05T16:07:00,-145,-192
http://irail.be/vehicle/IC2837,http://irail.be/stations/NMBS/008812005,IC,2016-04-05T16:12:00,2016-04-05T16:10:00,12,-53
http://irail.be/vehicle/IC2837,http://irail.be/stations/NMBS/008813045,IC,2016-04-05T16:14:00,2016-04-05T16:14:00,34,34
http://irail.be/vehicle/IC2837,http://irail.be/stations/NMBS/008813003,IC,2016-04-05T16:16:00,2016-04-05T16:15:00,254,209
http://irail.be/vehicle/IC2837,http://irail.be/stations/NMBS/008813037,IC,2016-04-05T16:17:00,2016-04-05T16:17:00,287,254
http://irail.be/vehicle/IC2837,http://irail.be/stations/NMBS/008814001,IC,2016-04-05T16:22:00,2016-04-05T16:20:00,326,271
http://irail.be/vehicle/IC2837,http://irail.be/stations/NMBS/008892007,IC,2016-04-05T17:00:00,2016-04-05T16:53:00,177,460
http://irail.be/vehicle/IC2837,http://irail.be/stations/NMBS/008892031,IC,2016-04-05T17:03:00,2016-04-05T17:03:00,179,141
http://irail.be/vehicle/IC2837,http://irail.be/stations/NMBS/008892056,IC,2016-04-05T17:07:00,2016-04-05T17:07:00,78,74
http://irail.be/vehicle/IC2837,http://irail.be/stations/NMBS/008891165,IC,2016-04-05T17:09:00,2016-04-05T17:09:00,35,78
http://irail.be/vehicle/IC2837,http://irail.be/stations/NMBS/008891157,IC,2016-04-05T17:10:00,2016-04-05T17:10:00,52,47
http://irail.be/vehicle/IC2837,http://irail.be/stations/NMBS/008891140,IC,2016-04-05T17:15:00,2016-04-05T17:13:00,202,68
http://irail.be/vehicle/IC2837,http://irail.be/stations/NMBS/008891132,IC,2016-04-05T17:18:00,2016-04-05T17:18:00,269,262
http://irail.be/vehicle/IC2837,http://irail.be/stations/NMBS/008891124,IC,2016-04-05T17:20:00,2016-04-05T17:20:00,259,249
http://irail.be/vehicle/IC2837,http://irail.be/stations/NMBS/008891116,IC,2016-04-05T17:23:00,2016-04-05T17:23:00,228,228
http://irail.be/vehicle/IC2837,http://irail.be/stations/NMBS/008891009,IC,2016-04-05T17:29:00,2016-04-05T17:29:00,0,218
http://irail.be/vehicle/IC2837,http://irail.be/stations/NMBS/008819406,IC,2016-11-03T15:59:00,2016-11-03T15:59:00,-13,
http://irail.be/vehicle/IC2837,http://irail.be/stations/NMBS/008811007,IC,2016-11-03T16:07:00,2016-11-03T16:07:00,-1,-1
http://irail.be/vehicle/IC2837,http://irail.be/stations/NMBS/008812005,IC,2016-11-03T16:12:00,2016-11-03T16:10:00,183,70
http://irail.be/vehicle/IC2837,http://irail.be/stations/NMBS/008813045,IC,2016-11-03T16:14:00,2016-11-03T16:14:00,180,180
http://irail.be/vehicle/IC2837,http://irail.be/stations/NMBS/008813003,IC,2016-11-03T16:16:00,2016-11-03T16:15:00,222,203
http://irail.be/vehicle/IC2837,http://irail.be/stations/NMBS/008813037,IC,2016-11-03T16:18:00,2016-11-03T16:18:00,174,174
http://irail.be/vehicle/IC2837,http://irail.be/stations/NMBS/008814001,IC,2016-11-03T16:22:00,2016-11-03T16:20:00,227,208
http://irail.be/vehicle/IC2837,http://irail.be/stations/NMBS/008892007,IC,2016-11-03T17:00:00,2016-11-03T16:53:00,11,74
http://irail.be/vehicle/IC2837,http://irail.be/stations/NMBS/008892031,IC,2016-11-03T17:03:00,2016-11-03T17:03:00,36,36
http://irail.be/vehicle/IC2837,http://irail.be/stations/NMBS/008892056,IC,2016-11-03T17:07:00,2016-11-03T17:07:00,-32,-32
http://irail.be/vehicle/IC2837,http://irail.be/stations/NMBS/008891165,IC,2016-11-03T17:08:00,2016-11-03T17:08:00,8,8
http://irail.be/vehicle/IC2837,http://irail.be/stations/NMBS/008891157,IC,2016-11-03T17:10:00,2016-11-03T17:10:00,-15,-15
http://irail.be/vehicle/IC2837,http://irail.be/stations/NMBS/008891140,IC,2016-11-03T17:15:00,2016-11-03T17:13:00,38,-52
http://irail.be/vehicle/IC2837,http://irail.be/stations/NMBS/008891132,IC,2016-11-03T17:18:00,2016-11-03T17:18:00,28,28
http://irail.be/vehicle/IC2837,http://irail.be/stations/NMBS/008891124,IC,2016-11-03T17:20:00,2016-11-03T17:20:00,41,41
http://irail.be/vehicle/IC2837,http://irail.be/stations/NMBS/008891116,IC,2016-11-03T17:23:00,2016-11-03T17:23:00,124,124
http://irail.be/vehicle/IC2837,http://irail.be/stations/NMBS/008891009,IC,2016-11-03T17:29:00,2016-11-03T17:29:00,,123
http://irail.be/vehicle/IC2837,http://irail.be/stations/NMBS/008819406,IC,2016-12-25T15:56:00,2016-12-25T15:56:00,-12,
http://irail.be/vehicle/IC2837,http://irail.be/stations/NMBS/008811007,IC,2016-12-25T16:03:00,2016-12-25T16:03:00,-7,-7
http://irail.be/vehicle/IC2837,http://irail.be/stations/NMBS/008812005,IC,2016-12-25T16:09:00,2016-12-25T16:06:00,-5,-11
http://irail.be/vehicle/IC2837,http://irail.be/stations/NMBS/008813045,IC,2016-12-25T16:11:00,2016-12-25T16:11:00,-10,-10
http://irail.be/vehicle/IC2837,http://irail.be/stations/NMBS/008813003,IC,2016-12-25T16:13:00,2016-12-25T16:12:00,107,55
http://irail.be/vehicle/IC2837,http://irail.be/stations/NMBS/008813037,IC,2016-12-25T16:14:00,2016-12-25T16:14:00,107,107
http://irail.be/vehicle/IC2837,http://irail.be/stations/NMBS/008814001,IC,2016-12-25T16:21:00,2016-12-25T16:17:00,39,111
http://irail.be/vehicle/IC2837,http://irail.be/stations/NMBS/008892007,IC,2016-12-25T16:50:00,2016-12-25T16:50:00,,-132
http://irail.be/vehicle/IC2837,http://irail.be/stations/NMBS/008819406,IC,2016-09-02T15:59:00,2016-09-02T15:59:00,20,
http://irail.be/vehicle/IC2837,http://irail.be/stations/NMBS/008811007,IC,2016-09-02T16:07:00,2016-09-02T16:07:00,-35,-35
http://irail.be/vehicle/IC2837,http://irail.be/stations/NMBS/008812005,IC,2016-09-02T16:12:00,2016-09-02T16:10:00,45,79
http://irail.be/vehicle/IC2837,http://irail.be/stations/NMBS/008813045,IC,2016-09-02T16:14:00,2016-09-02T16:14:00,69,69
http://irail.be/vehicle/IC2837,http://irail.be/stations/NMBS/008813003,IC,2016-09-02T16:16:00,2016-09-02T16:15:00,106,94
http://irail.be/vehicle/IC2837,http://irail.be/stations/NMBS/008813037,IC,2016-09-02T16:18:00,2016-09-02T16:18:00,58,58
http://irail.be/vehicle/IC2837,http://irail.be/stations/NMBS/008814001,IC,2016-09-02T16:22:00,2016-09-02T16:20:00,139,87
http://irail.be/vehicle/IC2837,http://irail.be/stations/NMBS/008892007,IC,2016-09-02T17:00:00,2016-09-02T16:53:00,20,-22
http://irail.be/vehicle/IC2837,http://irail.be/stations/NMBS/008892031,IC,2016-09-02T17:03:00,2016-09-02T17:03:00,3,3
http://irail.be/vehicle/IC2837,http://irail.be/stations/NMBS/008892056,IC,2016-09-02T17:07:00,2016-09-02T17:07:00,-100,-100
http://irail.be/vehicle/IC2837,http://irail.be/stations/NMBS/008891165,IC,2016-09-02T17:08:00,2016-09-02T17:08:00,-86,-86
http://irail.be/vehicle/IC2837,http://irail.be/stations/NMBS/008891157,IC,2016-09-02T17:10:00,2016-09-02T17:10:00,49,49
http://irail.be/vehicle/IC2837,http://irail.be/stations/NMBS/008891140,IC,2016-09-02T17:15:00,2016-09-02T17:13:00,51,26
http://irail.be/vehicle/IC2837,http://irail.be/stations/NMBS/008891132,IC,2016-09-02T17:18:00,2016-09-02T17:18:00,14,14
http://irail.be/vehicle/IC2837,http://irail.be/stations/NMBS/008891124,IC,2016-09-02T17:20:00,2016-09-02T17:20:00,8,8
http://irail.be/vehicle/IC2837,http://irail.be/stations/NMBS/008891116,IC,2016-09-02T17:23:00,2016-09-02T17:23:00,120,120
http://irail.be/vehicle/IC2837,http://irail.be/stations/NMBS/008891009,IC,2016-09-02T17:29:00,2016-09-02T17:29:00,,108
http://irail.be/vehicle/IC2837,http://irail.be/stations/NMBS/008819406,IC,2016-10-15T15:57:00,2016-10-15T15:57:00,1,
http://irail.be/vehicle/IC2837,http://irail.be/stations/NMBS/008811007,IC,2016-10-15T16:04:00,2016-10-15T16:04:00,-48,-48
http://irail.be/vehicle/IC2837,http://irail.be/stations/NMBS/008812005,IC,2016-10-15T16:09:00,2016-10-15T16:07:00,53,87
http://irail.be/vehicle/IC2837,http://irail.be/stations/NMBS/008813045,IC,2016-10-15T16:11:00,2016-10-15T16:11:00,40,40
http://irail.be/vehicle/IC2837,http://irail.be/stations/NMBS/008813003,IC,2016-10-15T16:13:00,2016-10-15T16:12:00,104,111
http://irail.be/vehicle/IC2837,http://irail.be/stations/NMBS/008813037,IC,2016-10-15T16:14:00,2016-10-15T16:14:00,107,107
http://irail.be/vehicle/IC2837,http://irail.be/stations/NMBS/008814001,IC,2016-10-15T16:17:00,2016-10-15T16:17:00,,65
http://irail.be/vehicle/IC2837,http://irail.be/stations/NMBS/008819406,IC,2016-04-30T15:57:00,2016-04-30T15:57:00,60,0
http://irail.be/vehicle/IC2837,http://irail.be/stations/NMBS/008811007,IC,2016-04-30T16:04:00,2016-04-30T16:04:00,52,25
http://irail.be/vehicle/IC2837,http://irail.be/stations/NMBS/008812005,IC,2016-04-30T16:09:00,2016-04-30T16:07:00,110,103
http://irail.be/vehicle/IC2837,http://irail.be/stations/NMBS/008813045,IC,2016-04-30T16:11:00,2016-04-30T16:11:00,102,104
http://irail.be/vehicle/IC2837,http://irail.be/stations/NMBS/008813003,IC,2016-04-30T16:13:00,2016-04-30T16:12:00,122,130
http://irail.be/vehicle/IC2837,http://irail.be/stations/NMBS/008813037,IC,2016-04-30T16:15:00,2016-04-30T16:15:00,75,122
http://irail.be/vehicle/IC2837,http://irail.be/stations/NMBS/008814001,IC,2016-04-30T16:21:00,2016-04-30T16:17:00,62,137
http://irail.be/vehicle/IC2837,http://irail.be/stations/NMBS/008892007,IC,2016-04-30T16:50:00,2016-04-30T16:50:00,0,-1
http://irail.be/vehicle/IC2837,http://irail.be/stations/NMBS/008819406,IC,2016-05-20T15:59:00,2016-05-20T15:59:00,54,0
http://irail.be/vehicle/IC2837,http://irail.be/stations/NMBS/008811007,IC,2016-05-20T16:07:00,2016-05-20T16:07:00,338,314
http://irail.be/vehicle/IC2837,http://irail.be/stations/NMBS/008812005,IC,2016-05-20T16:12:00,2016-05-20T16:10:00,392,362
http://irail.be/vehicle/IC2837,http://irail.be/stations/NMBS/008813045,IC,2016-05-20T16:14:00,2016-05-20T16:14:00,404,401
http://irail.be/vehicle/IC2837,http://irail.be/stations/NMBS/008813003,IC,2016-05-20T16:16:00,2016-05-20T16:15:00,492,463
http://irail.be/vehicle/IC2837,http://irail.be/stations/NMBS/008813037,IC,2016-05-20T16:18:00,2016-05-20T16:18:00,461,492
http://irail.be/vehicle/IC2837,http://irail.be/stations/NMBS/008814001,IC,2016-05-20T16:22:00,2016-05-20T16:20:00,509,498
http://irail.be/vehicle/IC2837,http://irail.be/stations/NMBS/008892007,IC,2016-05-20T17:00:00,2016-05-20T16:53:00,61,328
http://irail.be/vehicle/IC2837,http://irail.be/stations/NMBS/008892031,IC,2016-05-20T17:03:00,2016-05-20T17:03:00,85,38
http://irail.be/vehicle/IC2837,http://irail.be/stations/NMBS/008892056,IC,2016-05-20T17:07:00,2016-05-20T17:07:00,-16,-21
http://irail.be/vehicle/IC2837,http://irail.be/stations/NMBS/008891165,IC,2016-05-20T17:08:00,2016-05-20T17:08:00,9,-16
http://irail.be/vehicle/IC2837,http://irail.be/stations/NMBS/008891157,IC,2016-05-20T17:10:00,2016-05-20T17:10:00,-20,-31
http://irail.be/vehicle/IC2837,http://irail.be/stations/NMBS/008891140,IC,2016-05-20T17:15:00,2016-05-20T17:13:00,85,-50
http://irail.be/vehicle/IC2837,http://irail.be/stations/NMBS/008891132,IC,2016-05-20T17:18:00,2016-05-20T17:18:00,45,44
http://irail.be/vehicle/IC2837,http://irail.be/stations/NMBS/008891124,IC,2016-05-20T17:20:00,2016-05-20T17:20:00,36,25
http://irail.be/vehicle/IC2837,http://irail.be/stations/NMBS/008891116,IC,2016-05-20T17:23:00,2016-05-20T17:23:00,8,8
http://irail.be/vehicle/IC2837,http://irail.be/stations/NMBS/008891009,IC,2016-05-20T17:29:00,2016-05-20T17:29:00,0,91
http://irail.be/vehicle/IC2837,http://irail.be/stations/NMBS/008819406,IC,2016-10-23T15:57:00,2016-10-23T15:57:00,84,
http://irail.be/vehicle/IC2837,http://irail.be/stations/NMBS/008811007,IC,2016-10-23T16:04:00,2016-10-23T16:04:00,124,124
http://irail.be/vehicle/IC2837,http://irail.be/stations/NMBS/008812005,IC,2016-10-23T16:09:00,2016-10-23T16:07:00,88,146
http://irail.be/vehicle/IC2837,http://irail.be/stations/NMBS/008813045,IC,2016-10-23T16:11:00,2016-10-23T16:11:00,83,83
http://irail.be/vehicle/IC2837,http://irail.be/stations/NMBS/008813003,IC,2016-10-23T16:13:00,2016-10-23T16:12:00,274,112
http://irail.be/vehicle/IC2837,http://irail.be/stations/NMBS/008813037,IC,2016-10-23T16:14:00,2016-10-23T16:14:00,291,291
http://irail.be/vehicle/IC2837,http://irail.be/stations/NMBS/008814001,IC,2016-10-23T16:17:00,2016-10-23T16:17:00,,277
http://irail.be/vehicle/IC2837,http://irail.be/stations/NMBS/008819406,IC,2016-06-19T15:57:00,2016-06-19T15:57:00,-4,
http://irail.be/vehicle/IC2837,http://irail.be/stations/NMBS/008811007,IC,2016-06-19T16:04:00,2016-06-19T16:04:00,18,18
http://irail.be/vehicle/IC2837,http://irail.be/stations/NMBS/008812005,IC,2016-06-19T16:09:00,2016-06-19T16:07:00,9,55
http://irail.be/vehicle/IC2837,http://irail.be/stations/NMBS/008813045,IC,2016-06-19T16:11:00,2016-06-19T16:11:00,15,15
http://irail.be/vehicle/IC2837,http://irail.be/stations/NMBS/008813003,IC,2016-06-19T16:13:00,2016-06-19T16:12:00,47,41
http://irail.be/vehicle/IC2837,http://irail.be/stations/NMBS/008813037,IC,2016-06-19T16:14:00,2016-06-19T16:14:00,67,67
http://irail.be/vehicle/IC2837,http://irail.be/stations/NMBS/008814001,IC,2016-06-19T16:21:00,2016-06-19T16:17:00,42,33
http://irail.be/vehicle/IC2837,http://irail.be/stations/NMBS/008892007,IC,2016-06-19T16:50:00,2016-06-19T16:50:00,,52
http://irail.be/vehicle/IC2837,http://irail.be/stations/NMBS/008819406,IC,2016-05-29T15:57:00,2016-05-29T15:57:00,137,0
http://irail.be/vehicle/IC2837,http://irail.be/stations/NMBS/008811007,IC,2016-05-29T16:04:00,2016-05-29T16:04:00,124,97
http://irail.be/vehicle/IC2837,http://irail.be/stations/NMBS/008812005,IC,2016-05-29T16:09:00,2016-05-29T16:07:00,266,200
http://irail.be/vehicle/IC2837,http://irail.be/stations/NMBS/008813045,IC,2016-05-29T16:11:00,2016-05-29T16:11:00,273,268
http://irail.be/vehicle/IC2837,http://irail.be/stations/NMBS/008813003,IC,2016-05-29T16:13:00,2016-05-29T16:12:00,306,309
http://irail.be/vehicle/IC2837,http://irail.be/stations/NMBS/008813037,IC,2016-05-29T16:15:00,2016-05-29T16:15:00,268,306
http://irail.be/vehicle/IC2837,http://irail.be/stations/NMBS/008814001,IC,2016-05-29T16:21:00,2016-05-29T16:17:00,213,306
http://irail.be/vehicle/IC2837,http://irail.be/stations/NMBS/008892007,IC,2016-05-29T16:50:00,2016-05-29T16:50:00,0,125
http://irail.be/vehicle/IC2837,http://irail.be/stations/NMBS/008819406,IC,2016-07-28T15:59:00,2016-07-28T15:59:00,67,
http://irail.be/vehicle/IC2837,http://irail.be/stations/NMBS/008811007,IC,2016-07-28T16:07:00,2016-07-28T16:07:00,35,35
http://irail.be/vehicle/IC2837,http://irail.be/stations/NMBS/008812005,IC,2016-07-28T16:12:00,2016-07-28T16:10:00,153,155
http://irail.be/vehicle/IC2837,http://irail.be/stations/NMBS/008813045,IC,2016-07-28T16:14:00,2016-07-28T16:14:00,167,167
http://irail.be/vehicle/IC2837,http://irail.be/stations/NMBS/008813003,IC,2016-07-28T16:16:00,2016-07-28T16:15:00,219,196
http://irail.be/vehicle/IC2837,http://irail.be/stations/NMBS/008813037,IC,2016-07-28T16:18:00,2016-07-28T16:18:00,184,184
http://irail.be/vehicle/IC2837,http://irail.be/stations/NMBS/008814001,IC,2016-07-28T16:22:00,2016-07-28T16:20:00,204,223
http://irail.be/vehicle/IC2837,http://irail.be/stations/NMBS/008892007,IC,2016-07-28T17:00:00,2016-07-28T16:53:00,36,75
http://irail.be/vehicle/IC2837,http://irail.be/stations/NMBS/008892031,IC,2016-07-28T17:03:00,2016-07-28T17:03:00,44,44
http://irail.be/vehicle/IC2837,http://irail.be/stations/NMBS/008892056,IC,2016-07-28T17:07:00,2016-07-28T17:07:00,-43,-43
http://irail.be/vehicle/IC2837,http://irail.be/stations/NMBS/008891165,IC,2016-07-28T17:08:00,2016-07-28T17:08:00,-25,-25
http://irail.be/vehicle/IC2837,http://irail.be/stations/NMBS/008891157,IC,2016-07-28T17:10:00,2016-07-28T17:10:00,-66,-66
http://irail.be/vehicle/IC2837,http://irail.be/stations/NMBS/008891140,IC,2016-07-28T17:15:00,2016-07-28T17:13:00,99,-75
http://irail.be/vehicle/IC2837,http://irail.be/stations/NMBS/008891132,IC,2016-07-28T17:18:00,2016-07-28T17:18:00,67,67
http://irail.be/vehicle/IC2837,http://irail.be/stations/NMBS/008891124,IC,2016-07-28T17:20:00,2016-07-28T17:20:00,60,60
http://irail.be/vehicle/IC2837,http://irail.be/stations/NMBS/008891116,IC,2016-07-28T17:23:00,2016-07-28T17:23:00,34,34
http://irail.be/vehicle/IC2837,http://irail.be/stations/NMBS/008891009,IC,2016-07-28T17:29:00,2016-07-28T17:29:00,,23
http://irail.be/vehicle/IC2837,http://irail.be/stations/NMBS/008819406,IC,2016-07-10T15:57:00,2016-07-10T15:57:00,8,
http://irail.be/vehicle/IC2837,http://irail.be/stations/NMBS/008811007,IC,2016-07-10T16:04:00,2016-07-10T16:04:00,31,31
http://irail.be/vehicle/IC2837,http://irail.be/stations/NMBS/008812005,IC,2016-07-10T16:09:00,2016-07-10T16:07:00,10,34
http://irail.be/vehicle/IC2837,http://irail.be/stations/NMBS/008813045,IC,2016-07-10T16:11:00,2016-07-10T16:11:00,12,12
http://irail.be/vehicle/IC2837,http://irail.be/stations/NMBS/008813003,IC,2016-07-10T16:13:00,2016-07-10T16:12:00,73,48
http://irail.be/vehicle/IC2837,http://irail.be/stations/NMBS/008813037,IC,2016-07-10T16:14:00,2016-07-10T16:14:00,95,95
http://irail.be/vehicle/IC2837,http://irail.be/stations/NMBS/008814001,IC,2016-07-10T16:21:00,2016-07-10T16:17:00,111,78
http://irail.be/vehicle/IC2837,http://irail.be/stations/NMBS/008892007,IC,2016-07-10T16:50:00,2016-07-10T16:50:00,,44
http://irail.be/vehicle/IC2837,http://irail.be/stations/NMBS/008819406,IC,2016-10-20T15:59:00,2016-10-20T15:59:00,-1,
http://irail.be/vehicle/IC2837,http://irail.be/stations/NMBS/008811007,IC,2016-10-20T16:07:00,2016-10-20T16:07:00,374,374
http://irail.be/vehicle/IC2837,http://irail.be/stations/NMBS/008812005,IC,2016-10-20T16:12:00,2016-10-20T16:10:00,355,385
http://irail.be/vehicle/IC2837,http://irail.be/stations/NMBS/008813045,IC,2016-10-20T16:14:00,2016-10-20T16:14:00,355,355
http://irail.be/vehicle/IC2837,http://irail.be/stations/NMBS/008813003,IC,2016-10-20T16:16:00,2016-10-20T16:15:00,425,380
http://irail.be/vehicle/IC2837,http://irail.be/stations/NMBS/008813037,IC,2016-10-20T16:18:00,2016-10-20T16:18:00,386,386
http://irail.be/vehicle/IC2837,http://irail.be/stations/NMBS/008814001,IC,2016-10-20T16:22:00,2016-10-20T16:20:00,439,429
http://irail.be/vehicle/IC2837,http://irail.be/stations/NMBS/008892007,IC,2016-10-20T17:00:00,2016-10-20T16:53:00,574,883
http://irail.be/vehicle/IC2837,http://irail.be/stations/NMBS/008892031,IC,2016-10-20T17:03:00,2016-10-20T17:03:00,611,611
http://irail.be/vehicle/IC2837,http://irail.be/stations/NMBS/008892056,IC,2016-10-20T17:07:00,2016-10-20T17:07:00,513,513
http://irail.be/vehicle/IC2837,http://irail.be/stations/NMBS/008891165,IC,2016-10-20T17:08:00,2016-10-20T17:08:00,539,539
http://irail.be/vehicle/IC2837,http://irail.be/stations/NMBS/008891157,IC,2016-10-20T17:10:00,2016-10-20T17:10:00,502,502
http://irail.be/vehicle/IC2837,http://irail.be/stations/NMBS/008891140,IC,2016-10-20T17:15:00,2016-10-20T17:13:00,486,477
http://irail.be/vehicle/IC2837,http://irail.be/stations/NMBS/008891132,IC,2016-10-20T17:18:00,2016-10-20T17:18:00,449,449
http://irail.be/vehicle/IC2837,http://irail.be/stations/NMBS/008891124,IC,2016-10-20T17:20:00,2016-10-20T17:20:00,444,444
http://irail.be/vehicle/IC2837,http://irail.be/stations/NMBS/008891116,IC,2016-10-20T17:23:00,2016-10-20T17:23:00,414,414
http://irail.be/vehicle/IC2837,http://irail.be/stations/NMBS/008891009,IC,2016-10-20T17:29:00,2016-10-20T17:29:00,,435
http://irail.be/vehicle/IC2837,http://irail.be/stations/NMBS/008819406,IC,2016-12-23T15:59:00,2016-12-23T15:59:00,21,
http://irail.be/vehicle/IC2837,http://irail.be/stations/NMBS/008811007,IC,2016-12-23T16:07:00,2016-12-23T16:07:00,44,44
http://irail.be/vehicle/IC2837,http://irail.be/stations/NMBS/008812005,IC,2016-12-23T16:12:00,2016-12-23T16:10:00,137,124
http://irail.be/vehicle/IC2837,http://irail.be/stations/NMBS/008813045,IC,2016-12-23T16:14:00,2016-12-23T16:14:00,130,130
http://irail.be/vehicle/IC2837,http://irail.be/stations/NMBS/008813003,IC,2016-12-23T16:16:00,2016-12-23T16:15:00,459,97
http://irail.be/vehicle/IC2837,http://irail.be/stations/NMBS/008813037,IC,2016-12-23T16:18:00,2016-12-23T16:18:00,459,459
http://irail.be/vehicle/IC2837,http://irail.be/stations/NMBS/008814001,IC,2016-12-23T16:22:00,2016-12-23T16:20:00,436,467
http://irail.be/vehicle/IC2837,http://irail.be/stations/NMBS/008892007,IC,2016-12-23T17:00:00,2016-12-23T16:53:00,25,239
http://irail.be/vehicle/IC2837,http://irail.be/stations/NMBS/008892031,IC,2016-12-23T17:03:00,2016-12-23T17:03:00,55,55
http://irail.be/vehicle/IC2837,http://irail.be/stations/NMBS/008892056,IC,2016-12-23T17:07:00,2016-12-23T17:07:00,22,22
http://irail.be/vehicle/IC2837,http://irail.be/stations/NMBS/008891165,IC,2016-12-23T17:08:00,2016-12-23T17:08:00,76,76
http://irail.be/vehicle/IC2837,http://irail.be/stations/NMBS/008891157,IC,2016-12-23T17:10:00,2016-12-23T17:10:00,145,145
http://irail.be/vehicle/IC2837,http://irail.be/stations/NMBS/008891140,IC,2016-12-23T17:15:00,2016-12-23T17:13:00,236,242
http://irail.be/vehicle/IC2837,http://irail.be/stations/NMBS/008891132,IC,2016-12-23T17:18:00,2016-12-23T17:18:00,175,175
http://irail.be/vehicle/IC2837,http://irail.be/stations/NMBS/008891124,IC,2016-12-23T17:20:00,2016-12-23T17:20:00,172,172
http://irail.be/vehicle/IC2837,http://irail.be/stations/NMBS/008891116,IC,2016-12-23T17:23:00,2016-12-23T17:23:00,300,300
http://irail.be/vehicle/IC2837,http://irail.be/stations/NMBS/008891009,IC,2016-12-23T17:29:00,2016-12-23T17:29:00,,270
http://irail.be/vehicle/IC2837,http://irail.be/stations/NMBS/008819406,IC,2016-06-10T15:59:00,2016-06-10T15:59:00,11,0
http://irail.be/vehicle/IC2837,http://irail.be/stations/NMBS/008811007,IC,2016-06-10T16:07:00,2016-06-10T16:07:00,-8,-33
http://irail.be/vehicle/IC2837,http://irail.be/stations/NMBS/008812005,IC,2016-06-10T16:12:00,2016-06-10T16:10:00,30,61
http://irail.be/vehicle/IC2837,http://irail.be/stations/NMBS/008813045,IC,2016-06-10T16:14:00,2016-06-10T16:14:00,42,40
http://irail.be/vehicle/IC2837,http://irail.be/stations/NMBS/008813003,IC,2016-06-10T16:16:00,2016-06-10T16:15:00,127,68
http://irail.be/vehicle/IC2837,http://irail.be/stations/NMBS/008813037,IC,2016-06-10T16:18:00,2016-06-10T16:18:00,87,127
http://irail.be/vehicle/IC2837,http://irail.be/stations/NMBS/008814001,IC,2016-06-10T16:22:00,2016-06-10T16:20:00,259,146
http://irail.be/vehicle/IC2837,http://irail.be/stations/NMBS/008892007,IC,2016-06-10T17:00:00,2016-06-10T16:53:00,151,402
http://irail.be/vehicle/IC2837,http://irail.be/stations/NMBS/008892031,IC,2016-06-10T17:03:00,2016-06-10T17:03:00,167,128
http://irail.be/vehicle/IC2837,http://irail.be/stations/NMBS/008892056,IC,2016-06-10T17:07:00,2016-06-10T17:07:00,72,64
http://irail.be/vehicle/IC2837,http://irail.be/stations/NMBS/008891165,IC,2016-06-10T17:08:00,2016-06-10T17:08:00,104,72
http://irail.be/vehicle/IC2837,http://irail.be/stations/NMBS/008891157,IC,2016-06-10T17:10:00,2016-06-10T17:10:00,64,62
http://irail.be/vehicle/IC2837,http://irail.be/stations/NMBS/008891140,IC,2016-06-10T17:15:00,2016-06-10T17:13:00,91,40
http://irail.be/vehicle/IC2837,http://irail.be/stations/NMBS/008891132,IC,2016-06-10T17:18:00,2016-06-10T17:18:00,52,49
http://irail.be/vehicle/IC2837,http://irail.be/stations/NMBS/008891124,IC,2016-06-10T17:20:00,2016-06-10T17:20:00,49,37
http://irail.be/vehicle/IC2837,http://irail.be/stations/NMBS/008891116,IC,2016-06-10T17:23:00,2016-06-10T17:23:00,78,78
http://irail.be/vehicle/IC2837,http://irail.be/stations/NMBS/008891009,IC,2016-06-10T17:29:00,2016-06-10T17:29:00,0,98
http://irail.be/vehicle/IC2837,http://irail.be/stations/NMBS/008819406,IC,2016-10-25T15:59:00,2016-10-25T15:59:00,13,
http://irail.be/vehicle/IC2837,http://irail.be/stations/NMBS/008811007,IC,2016-10-25T16:07:00,2016-10-25T16:07:00,-51,-51
http://irail.be/vehicle/IC2837,http://irail.be/stations/NMBS/008812005,IC,2016-10-25T16:12:00,2016-10-25T16:10:00,30,57
http://irail.be/vehicle/IC2837,http://irail.be/stations/NMBS/008813045,IC,2016-10-25T16:14:00,2016-10-25T16:14:00,26,26
http://irail.be/vehicle/IC2837,http://irail.be/stations/NMBS/008813003,IC,2016-10-25T16:16:00,2016-10-25T16:15:00,85,51
http://irail.be/vehicle/IC2837,http://irail.be/stations/NMBS/008813037,IC,2016-10-25T16:18:00,2016-10-25T16:18:00,40,40
http://irail.be/vehicle/IC2837,http://irail.be/stations/NMBS/008814001,IC,2016-10-25T16:22:00,2016-10-25T16:20:00,227,72
http://irail.be/vehicle/IC2837,http://irail.be/stations/NMBS/008892007,IC,2016-10-25T17:00:00,2016-10-25T16:53:00,29,60
http://irail.be/vehicle/IC2837,http://irail.be/stations/NMBS/008892031,IC,2016-10-25T17:03:00,2016-10-25T17:03:00,42,42
http://irail.be/vehicle/IC2837,http://irail.be/stations/NMBS/008892056,IC,2016-10-25T17:07:00,2016-10-25T17:07:00,-34,-34
http://irail.be/vehicle/IC2837,http://irail.be/stations/NMBS/008891165,IC,2016-10-25T17:08:00,2016-10-25T17:08:00,13,13
http://irail.be/vehicle/IC2837,http://irail.be/stations/NMBS/008891157,IC,2016-10-25T17:10:00,2016-10-25T17:10:00,5,5
http://irail.be/vehicle/IC2837,http://irail.be/stations/NMBS/008891140,IC,2016-10-25T17:15:00,2016-10-25T17:13:00,72,-28
http://irail.be/vehicle/IC2837,http://irail.be/stations/NMBS/008891132,IC,2016-10-25T17:18:00,2016-10-25T17:18:00,64,64
http://irail.be/vehicle/IC2837,http://irail.be/stations/NMBS/008891124,IC,2016-10-25T17:20:00,2016-10-25T17:20:00,93,93
http://irail.be/vehicle/IC2837,http://irail.be/stations/NMBS/008891116,IC,2016-10-25T17:23:00,2016-10-25T17:23:00,83,83
http://irail.be/vehicle/IC2837,http://irail.be/stations/NMBS/008891009,IC,2016-10-25T17:29:00,2016-10-25T17:29:00,,61
http://irail.be/vehicle/IC2837,http://irail.be/stations/NMBS/008819406,IC,2016-09-04T15:57:00,2016-09-04T15:57:00,87,
http://irail.be/vehicle/IC2837,http://irail.be/stations/NMBS/008811007,IC,2016-09-04T16:04:00,2016-09-04T16:04:00,127,127
http://irail.be/vehicle/IC2837,http://irail.be/stations/NMBS/008812005,IC,2016-09-04T16:09:00,2016-09-04T16:07:00,343,148
http://irail.be/vehicle/IC2837,http://irail.be/stations/NMBS/008813045,IC,2016-09-04T16:11:00,2016-09-04T16:11:00,347,347
http://irail.be/vehicle/IC2837,http://irail.be/stations/NMBS/008813003,IC,2016-09-04T16:13:00,2016-09-04T16:12:00,412,374
http://irail.be/vehicle/IC2837,http://irail.be/stations/NMBS/008813037,IC,2016-09-04T16:14:00,2016-09-04T16:14:00,428,428
http://irail.be/vehicle/IC2837,http://irail.be/stations/NMBS/008814001,IC,2016-09-04T16:21:00,2016-09-04T16:17:00,262,408
http://irail.be/vehicle/IC2837,http://irail.be/stations/NMBS/008892007,IC,2016-09-04T16:50:00,2016-09-04T16:50:00,,210
http://irail.be/vehicle/IC2837,http://irail.be/stations/NMBS/008814001,IC,2016-03-23T16:22:00,2016-03-23T16:22:00,158,0
http://irail.be/vehicle/IC2837,http://irail.be/stations/NMBS/008892007,IC,2016-03-23T17:00:00,2016-03-23T16:53:00,20,129
http://irail.be/vehicle/IC2837,http://irail.be/stations/NMBS/008892031,IC,2016-03-23T17:03:00,2016-03-23T17:03:00,48,0
http://irail.be/vehicle/IC2837,http://irail.be/stations/NMBS/008892056,IC,2016-03-23T17:07:00,2016-03-23T17:07:00,-24,-41
http://irail.be/vehicle/IC2837,http://irail.be/stations/NMBS/008891165,IC,2016-03-23T17:08:00,2016-03-23T17:08:00,8,-24
http://irail.be/vehicle/IC2837,http://irail.be/stations/NMBS/008891157,IC,2016-03-23T17:10:00,2016-03-23T17:10:00,-14,-27
http://irail.be/vehicle/IC2837,http://irail.be/stations/NMBS/008891140,IC,2016-03-23T17:15:00,2016-03-23T17:13:00,101,85
http://irail.be/vehicle/IC2837,http://irail.be/stations/NMBS/008891132,IC,2016-03-23T17:18:00,2016-03-23T17:18:00,196,147
http://irail.be/vehicle/IC2837,http://irail.be/stations/NMBS/008891124,IC,2016-03-23T17:20:00,2016-03-23T17:20:00,297,275
http://irail.be/vehicle/IC2837,http://irail.be/stations/NMBS/008891116,IC,2016-03-23T17:23:00,2016-03-23T17:23:00,286,286
http://irail.be/vehicle/IC2837,http://irail.be/stations/NMBS/008891009,IC,2016-03-23T17:29:00,2016-03-23T17:29:00,0,336
http://irail.be/vehicle/IC2837,http://irail.be/stations/NMBS/008819406,IC,2016-12-12T15:59:00,2016-12-12T15:59:00,10,
http://irail.be/vehicle/IC2837,http://irail.be/stations/NMBS/008811007,IC,2016-12-12T16:07:00,2016-12-12T16:07:00,77,77
http://irail.be/vehicle/IC2837,http://irail.be/stations/NMBS/008812005,IC,2016-12-12T16:12:00,2016-12-12T16:10:00,168,116
http://irail.be/vehicle/IC2837,http://irail.be/stations/NMBS/008813045,IC,2016-12-12T16:14:00,2016-12-12T16:14:00,178,178
http://irail.be/vehicle/IC2837,http://irail.be/stations/NMBS/008813003,IC,2016-12-12T16:16:00,2016-12-12T16:15:00,226,207
http://irail.be/vehicle/IC2837,http://irail.be/stations/NMBS/008813037,IC,2016-12-12T16:18:00,2016-12-12T16:18:00,226,226
http://irail.be/vehicle/IC2837,http://irail.be/stations/NMBS/008814001,IC,2016-12-12T16:22:00,2016-12-12T16:20:00,228,245
http://irail.be/vehicle/IC2837,http://irail.be/stations/NMBS/008892007,IC,2016-12-12T17:00:00,2016-12-12T16:53:00,28,90
http://irail.be/vehicle/IC2837,http://irail.be/stations/NMBS/008892031,IC,2016-12-12T17:03:00,2016-12-12T17:03:00,49,49
http://irail.be/vehicle/IC2837,http://irail.be/stations/NMBS/008892056,IC,2016-12-12T17:07:00,2016-12-12T17:07:00,-2,-2
http://irail.be/vehicle/IC2837,http://irail.be/stations/NMBS/008891165,IC,2016-12-12T17:08:00,2016-12-12T17:08:00,-32,-32
http://irail.be/vehicle/IC2837,http://irail.be/stations/NMBS/008891157,IC,2016-12-12T17:10:00,2016-12-12T17:10:00,-53,-53
http://irail.be/vehicle/IC2837,http://irail.be/stations/NMBS/008891140,IC,2016-12-12T17:15:00,2016-12-12T17:13:00,101,-70
http://irail.be/vehicle/IC2837,http://irail.be/stations/NMBS/008891132,IC,2016-12-12T17:18:00,2016-12-12T17:18:00,82,82
http://irail.be/vehicle/IC2837,http://irail.be/stations/NMBS/008891124,IC,2016-12-12T17:20:00,2016-12-12T17:20:00,85,85
http://irail.be/vehicle/IC2837,http://irail.be/stations/NMBS/008891116,IC,2016-12-12T17:23:00,2016-12-12T17:23:00,63,63
http://irail.be/vehicle/IC2837,http://irail.be/stations/NMBS/008891009,IC,2016-12-12T17:29:00,2016-12-12T17:29:00,,24
http://irail.be/vehicle/IC2837,http://irail.be/stations/NMBS/008819406,IC,2016-09-15T15:59:00,2016-09-15T15:59:00,13,
http://irail.be/vehicle/IC2837,http://irail.be/stations/NMBS/008811007,IC,2016-09-15T16:07:00,2016-09-15T16:07:00,-22,-22
http://irail.be/vehicle/IC2837,http://irail.be/stations/NMBS/008812005,IC,2016-09-15T16:12:00,2016-09-15T16:10:00,38,68
http://irail.be/vehicle/IC2837,http://irail.be/stations/NMBS/008813045,IC,2016-09-15T16:14:00,2016-09-15T16:14:00,42,42
http://irail.be/vehicle/IC2837,http://irail.be/stations/NMBS/008813003,IC,2016-09-15T16:16:00,2016-09-15T16:15:00,88,68
http://irail.be/vehicle/IC2837,http://irail.be/stations/NMBS/008813037,IC,2016-09-15T16:18:00,2016-09-15T16:18:00,50,50
http://irail.be/vehicle/IC2837,http://irail.be/stations/NMBS/008814001,IC,2016-09-15T16:22:00,2016-09-15T16:20:00,131,89
http://irail.be/vehicle/IC2837,http://irail.be/stations/NMBS/008892007,IC,2016-09-15T17:00:00,2016-09-15T16:53:00,26,11
http://irail.be/vehicle/IC2837,http://irail.be/stations/NMBS/008892031,IC,2016-09-15T17:03:00,2016-09-15T17:03:00,24,24
http://irail.be/vehicle/IC2837,http://irail.be/stations/NMBS/008892056,IC,2016-09-15T17:07:00,2016-09-15T17:07:00,-80,-80
http://irail.be/vehicle/IC2837,http://irail.be/stations/NMBS/008891165,IC,2016-09-15T17:08:00,2016-09-15T17:08:00,-58,-58
http://irail.be/vehicle/IC2837,http://irail.be/stations/NMBS/008891157,IC,2016-09-15T17:10:00,2016-09-15T17:10:00,-101,-101
http://irail.be/vehicle/IC2837,http://irail.be/stations/NMBS/008891140,IC,2016-09-15T17:15:00,2016-09-15T17:13:00,70,-37
http://irail.be/vehicle/IC2837,http://irail.be/stations/NMBS/008891132,IC,2016-09-15T17:18:00,2016-09-15T17:18:00,57,57
http://irail.be/vehicle/IC2837,http://irail.be/stations/NMBS/008891124,IC,2016-09-15T17:20:00,2016-09-15T17:20:00,53,53
http://irail.be/vehicle/IC2837,http://irail.be/stations/NMBS/008891116,IC,2016-09-15T17:23:00,2016-09-15T17:23:00,38,38
http://irail.be/vehicle/IC2837,http://irail.be/stations/NMBS/008891009,IC,2016-09-15T17:29:00,2016-09-15T17:29:00,,75
http://irail.be/vehicle/IC2837,http://irail.be/stations/NMBS/008819406,IC,2016-05-13T15:59:00,2016-05-13T15:59:00,73,0
http://irail.be/vehicle/IC2837,http://irail.be/stations/NMBS/008811007,IC,2016-05-13T16:07:00,2016-05-13T16:07:00,109,57
http://irail.be/vehicle/IC2837,http://irail.be/stations/NMBS/008812005,IC,2016-05-13T16:12:00,2016-05-13T16:10:00,260,104
http://irail.be/vehicle/IC2837,http://irail.be/stations/NMBS/008813045,IC,2016-05-13T16:14:00,2016-05-13T16:14:00,258,259
http://irail.be/vehicle/IC2837,http://irail.be/stations/NMBS/008813003,IC,2016-05-13T16:16:00,2016-05-13T16:15:00,360,323
http://irail.be/vehicle/IC2837,http://irail.be/stations/NMBS/008813037,IC,2016-05-13T16:18:00,2016-05-13T16:18:00,317,360
http://irail.be/vehicle/IC2837,http://irail.be/stations/NMBS/008814001,IC,2016-05-13T16:22:00,2016-05-13T16:20:00,467,352
http://irail.be/vehicle/IC2837,http://irail.be/stations/NMBS/008892007,IC,2016-05-13T17:00:00,2016-05-13T16:53:00,32,171
http://irail.be/vehicle/IC2837,http://irail.be/stations/NMBS/008892031,IC,2016-05-13T17:03:00,2016-05-13T17:03:00,35,-4
http://irail.be/vehicle/IC2837,http://irail.be/stations/NMBS/008892056,IC,2016-05-13T17:07:00,2016-05-13T17:07:00,-63,-70
http://irail.be/vehicle/IC2837,http://irail.be/stations/NMBS/008891165,IC,2016-05-13T17:08:00,2016-05-13T17:08:00,44,-63
http://irail.be/vehicle/IC2837,http://irail.be/stations/NMBS/008891157,IC,2016-05-13T17:10:00,2016-05-13T17:10:00,126,75
http://irail.be/vehicle/IC2837,http://irail.be/stations/NMBS/008891140,IC,2016-05-13T17:15:00,2016-05-13T17:13:00,198,197
http://irail.be/vehicle/IC2837,http://irail.be/stations/NMBS/008891132,IC,2016-05-13T17:18:00,2016-05-13T17:18:00,171,164
http://irail.be/vehicle/IC2837,http://irail.be/stations/NMBS/008891124,IC,2016-05-13T17:20:00,2016-05-13T17:20:00,180,166
http://irail.be/vehicle/IC2837,http://irail.be/stations/NMBS/008891116,IC,2016-05-13T17:23:00,2016-05-13T17:23:00,175,175
http://irail.be/vehicle/IC2837,http://irail.be/stations/NMBS/008891009,IC,2016-05-13T17:29:00,2016-05-13T17:29:00,0,161
http://irail.be/vehicle/IC2837,http://irail.be/stations/NMBS/008819406,IC,2016-05-09T15:59:00,2016-05-09T15:59:00,41,0
http://irail.be/vehicle/IC2837,http://irail.be/stations/NMBS/008811007,IC,2016-05-09T16:07:00,2016-05-09T16:07:00,175,175
http://irail.be/vehicle/IC2837,http://irail.be/stations/NMBS/008812005,IC,2016-05-09T16:12:00,2016-05-09T16:10:00,125,179
http://irail.be/vehicle/IC2837,http://irail.be/stations/NMBS/008813045,IC,2016-05-09T16:14:00,2016-05-09T16:14:00,123,123
http://irail.be/vehicle/IC2837,http://irail.be/stations/NMBS/008813003,IC,2016-05-09T16:16:00,2016-05-09T16:15:00,229,213
http://irail.be/vehicle/IC2837,http://irail.be/stations/NMBS/008813037,IC,2016-05-09T16:18:00,2016-05-09T16:18:00,187,187
http://irail.be/vehicle/IC2837,http://irail.be/stations/NMBS/008814001,IC,2016-05-09T16:22:00,2016-05-09T16:20:00,188,227
http://irail.be/vehicle/IC2837,http://irail.be/stations/NMBS/008892007,IC,2016-05-09T17:00:00,2016-05-09T16:53:00,7,120
http://irail.be/vehicle/IC2837,http://irail.be/stations/NMBS/008892031,IC,2016-05-09T17:03:00,2016-05-09T17:03:00,-7,-7
http://irail.be/vehicle/IC2837,http://irail.be/stations/NMBS/008892056,IC,2016-05-09T17:07:00,2016-05-09T17:07:00,-98,-98
http://irail.be/vehicle/IC2837,http://irail.be/stations/NMBS/008891165,IC,2016-05-09T17:08:00,2016-05-09T17:08:00,-75,-75
http://irail.be/vehicle/IC2837,http://irail.be/stations/NMBS/008891157,IC,2016-05-09T17:10:00,2016-05-09T17:10:00,-109,-109
http://irail.be/vehicle/IC2837,http://irail.be/stations/NMBS/008891140,IC,2016-05-09T17:15:00,2016-05-09T17:13:00,733,195
http://irail.be/vehicle/IC2837,http://irail.be/stations/NMBS/008891132,IC,2016-05-09T17:18:00,2016-05-09T17:18:00,910,754
http://irail.be/vehicle/IC2837,http://irail.be/stations/NMBS/008891124,IC,2016-05-09T17:20:00,2016-05-09T17:20:00,1134,1122
http://irail.be/vehicle/IC2837,http://irail.be/stations/NMBS/008891116,IC,2016-05-09T17:23:00,2016-05-09T17:23:00,1102,1102
http://irail.be/vehicle/IC2837,http://irail.be/stations/NMBS/008891009,IC,2016-05-09T17:29:00,2016-05-09T17:29:00,0,1098
http://irail.be/vehicle/IC2837,http://irail.be/stations/NMBS/008819406,IC,2016-04-27T15:59:00,2016-04-27T15:59:00,56,0
http://irail.be/vehicle/IC2837,http://irail.be/stations/NMBS/008811007,IC,2016-04-27T16:07:00,2016-04-27T16:07:00,-4,-31
http://irail.be/vehicle/IC2837,http://irail.be/stations/NMBS/008812005,IC,2016-04-27T16:12:00,2016-04-27T16:10:00,55,80
http://irail.be/vehicle/IC2837,http://irail.be/stations/NMBS/008813045,IC,2016-04-27T16:14:00,2016-04-27T16:14:00,60,60
http://irail.be/vehicle/IC2837,http://irail.be/stations/NMBS/008813003,IC,2016-04-27T16:16:00,2016-04-27T16:15:00,130,96
http://irail.be/vehicle/IC2837,http://irail.be/stations/NMBS/008813037,IC,2016-04-27T16:18:00,2016-04-27T16:18:00,94,130
http://irail.be/vehicle/IC2837,http://irail.be/stations/NMBS/008814001,IC,2016-04-27T16:22:00,2016-04-27T16:20:00,159,137
http://irail.be/vehicle/IC2837,http://irail.be/stations/NMBS/008892007,IC,2016-04-27T17:00:00,2016-04-27T16:53:00,37,157
http://irail.be/vehicle/IC2837,http://irail.be/stations/NMBS/008892031,IC,2016-04-27T17:03:00,2016-04-27T17:03:00,60,10
http://irail.be/vehicle/IC2837,http://irail.be/stations/NMBS/008892056,IC,2016-04-27T17:07:00,2016-04-27T17:07:00,-38,-38
http://irail.be/vehicle/IC2837,http://irail.be/stations/NMBS/008891165,IC,2016-04-27T17:08:00,2016-04-27T17:08:00,-12,-38
http://irail.be/vehicle/IC2837,http://irail.be/stations/NMBS/008891157,IC,2016-04-27T17:10:00,2016-04-27T17:10:00,-46,-54
http://irail.be/vehicle/IC2837,http://irail.be/stations/NMBS/008891140,IC,2016-04-27T17:15:00,2016-04-27T17:13:00,85,30
http://irail.be/vehicle/IC2837,http://irail.be/stations/NMBS/008891132,IC,2016-04-27T17:18:00,2016-04-27T17:18:00,66,62
http://irail.be/vehicle/IC2837,http://irail.be/stations/NMBS/008891124,IC,2016-04-27T17:20:00,2016-04-27T17:20:00,60,49
http://irail.be/vehicle/IC2837,http://irail.be/stations/NMBS/008891116,IC,2016-04-27T17:23:00,2016-04-27T17:23:00,110,110
http://irail.be/vehicle/IC2837,http://irail.be/stations/NMBS/008891009,IC,2016-04-27T17:29:00,2016-04-27T17:29:00,0,103
http://irail.be/vehicle/IC2837,http://irail.be/stations/NMBS/008819406,IC,2016-10-09T15:57:00,2016-10-09T15:57:00,14,
http://irail.be/vehicle/IC2837,http://irail.be/stations/NMBS/008811007,IC,2016-10-09T16:04:00,2016-10-09T16:04:00,18,18
http://irail.be/vehicle/IC2837,http://irail.be/stations/NMBS/008812005,IC,2016-10-09T16:09:00,2016-10-09T16:07:00,30,33
http://irail.be/vehicle/IC2837,http://irail.be/stations/NMBS/008813045,IC,2016-10-09T16:11:00,2016-10-09T16:11:00,22,22
http://irail.be/vehicle/IC2837,http://irail.be/stations/NMBS/008813003,IC,2016-10-09T16:13:00,2016-10-09T16:12:00,55,51
http://irail.be/vehicle/IC2837,http://irail.be/stations/NMBS/008813037,IC,2016-10-09T16:14:00,2016-10-09T16:14:00,79,79
http://irail.be/vehicle/IC2837,http://irail.be/stations/NMBS/008814001,IC,2016-10-09T16:17:00,2016-10-09T16:17:00,,56
http://irail.be/vehicle/IC2837,http://irail.be/stations/NMBS/008819406,IC,2016-09-14T15:59:00,2016-09-14T15:59:00,0,
http://irail.be/vehicle/IC2837,http://irail.be/stations/NMBS/008811007,IC,2016-09-14T16:07:00,2016-09-14T16:07:00,-54,-54
http://irail.be/vehicle/IC2837,http://irail.be/stations/NMBS/008812005,IC,2016-09-14T16:12:00,2016-09-14T16:10:00,-7,-49
http://irail.be/vehicle/IC2837,http://irail.be/stations/NMBS/008813045,IC,2016-09-14T16:14:00,2016-09-14T16:14:00,-2,-2
http://irail.be/vehicle/IC2837,http://irail.be/stations/NMBS/008813003,IC,2016-09-14T16:16:00,2016-09-14T16:15:00,34,25
http://irail.be/vehicle/IC2837,http://irail.be/stations/NMBS/008813037,IC,2016-09-14T16:18:00,2016-09-14T16:18:00,-3,-3
http://irail.be/vehicle/IC2837,http://irail.be/stations/NMBS/008814001,IC,2016-09-14T16:22:00,2016-09-14T16:20:00,238,54
http://irail.be/vehicle/IC2837,http://irail.be/stations/NMBS/008892007,IC,2016-09-14T17:00:00,2016-09-14T16:53:00,41,147
http://irail.be/vehicle/IC2837,http://irail.be/stations/NMBS/008892031,IC,2016-09-14T17:03:00,2016-09-14T17:03:00,33,33
http://irail.be/vehicle/IC2837,http://irail.be/stations/NMBS/008892056,IC,2016-09-14T17:07:00,2016-09-14T17:07:00,-69,-69
http://irail.be/vehicle/IC2837,http://irail.be/stations/NMBS/008891165,IC,2016-09-14T17:08:00,2016-09-14T17:08:00,-54,-54
http://irail.be/vehicle/IC2837,http://irail.be/stations/NMBS/008891157,IC,2016-09-14T17:10:00,2016-09-14T17:10:00,-41,-41
http://irail.be/vehicle/IC2837,http://irail.be/stations/NMBS/008891140,IC,2016-09-14T17:15:00,2016-09-14T17:13:00,108,-36
http://irail.be/vehicle/IC2837,http://irail.be/stations/NMBS/008891132,IC,2016-09-14T17:18:00,2016-09-14T17:18:00,71,71
http://irail.be/vehicle/IC2837,http://irail.be/stations/NMBS/008891124,IC,2016-09-14T17:20:00,2016-09-14T17:20:00,63,63
http://irail.be/vehicle/IC2837,http://irail.be/stations/NMBS/008891116,IC,2016-09-14T17:23:00,2016-09-14T17:23:00,34,34
http://irail.be/vehicle/IC2837,http://irail.be/stations/NMBS/008891009,IC,2016-09-14T17:29:00,2016-09-14T17:29:00,,61
http://irail.be/vehicle/IC2837,http://irail.be/stations/NMBS/008819406,IC,2016-04-26T15:59:00,2016-04-26T15:59:00,76,0
http://irail.be/vehicle/IC2837,http://irail.be/stations/NMBS/008811007,IC,2016-04-26T16:07:00,2016-04-26T16:07:00,54,24
http://irail.be/vehicle/IC2837,http://irail.be/stations/NMBS/008812005,IC,2016-04-26T16:12:00,2016-04-26T16:10:00,176,219
http://irail.be/vehicle/IC2837,http://irail.be/stations/NMBS/008813045,IC,2016-04-26T16:14:00,2016-04-26T16:14:00,183,183
http://irail.be/vehicle/IC2837,http://irail.be/stations/NMBS/008813003,IC,2016-04-26T16:16:00,2016-04-26T16:15:00,249,211
http://irail.be/vehicle/IC2837,http://irail.be/stations/NMBS/008813037,IC,2016-04-26T16:18:00,2016-04-26T16:18:00,208,249
http://irail.be/vehicle/IC2837,http://irail.be/stations/NMBS/008814001,IC,2016-04-26T16:22:00,2016-04-26T16:20:00,285,252
http://irail.be/vehicle/IC2837,http://irail.be/stations/NMBS/008892007,IC,2016-04-26T17:00:00,2016-04-26T16:53:00,31,154
http://irail.be/vehicle/IC2837,http://irail.be/stations/NMBS/008892031,IC,2016-04-26T17:03:00,2016-04-26T17:03:00,33,-11
http://irail.be/vehicle/IC2837,http://irail.be/stations/NMBS/008892056,IC,2016-04-26T17:07:00,2016-04-26T17:07:00,-62,-70
http://irail.be/vehicle/IC2837,http://irail.be/stations/NMBS/008891165,IC,2016-04-26T17:08:00,2016-04-26T17:08:00,-39,-62
http://irail.be/vehicle/IC2837,http://irail.be/stations/NMBS/008891157,IC,2016-04-26T17:10:00,2016-04-26T17:10:00,-73,-83
http://irail.be/vehicle/IC2837,http://irail.be/stations/NMBS/008891140,IC,2016-04-26T17:15:00,2016-04-26T17:13:00,58,-84
http://irail.be/vehicle/IC2837,http://irail.be/stations/NMBS/008891132,IC,2016-04-26T17:18:00,2016-04-26T17:18:00,56,49
http://irail.be/vehicle/IC2837,http://irail.be/stations/NMBS/008891124,IC,2016-04-26T17:20:00,2016-04-26T17:20:00,56,45
http://irail.be/vehicle/IC2837,http://irail.be/stations/NMBS/008891116,IC,2016-04-26T17:23:00,2016-04-26T17:23:00,33,33
http://irail.be/vehicle/IC2837,http://irail.be/stations/NMBS/008891009,IC,2016-04-26T17:29:00,2016-04-26T17:29:00,0,59
http://irail.be/vehicle/IC2837,http://irail.be/stations/NMBS/008819406,IC,2016-11-18T15:59:00,2016-11-18T15:59:00,58,
http://irail.be/vehicle/IC2837,http://irail.be/stations/NMBS/008811007,IC,2016-11-18T16:07:00,2016-11-18T16:07:00,34,34
http://irail.be/vehicle/IC2837,http://irail.be/stations/NMBS/008812005,IC,2016-11-18T16:12:00,2016-11-18T16:10:00,111,106
http://irail.be/vehicle/IC2837,http://irail.be/stations/NMBS/008813045,IC,2016-11-18T16:14:00,2016-11-18T16:14:00,120,120
http://irail.be/vehicle/IC2837,http://irail.be/stations/NMBS/008813003,IC,2016-11-18T16:16:00,2016-11-18T16:15:00,188,152
http://irail.be/vehicle/IC2837,http://irail.be/stations/NMBS/008813037,IC,2016-11-18T16:18:00,2016-11-18T16:18:00,188,188
http://irail.be/vehicle/IC2837,http://irail.be/stations/NMBS/008814001,IC,2016-11-18T16:22:00,2016-11-18T16:20:00,240,197
http://irail.be/vehicle/IC2837,http://irail.be/stations/NMBS/008892007,IC,2016-11-18T17:00:00,2016-11-18T16:53:00,19,97
http://irail.be/vehicle/IC2837,http://irail.be/stations/NMBS/008892031,IC,2016-11-18T17:03:00,2016-11-18T17:03:00,28,28
http://irail.be/vehicle/IC2837,http://irail.be/stations/NMBS/008892056,IC,2016-11-18T17:07:00,2016-11-18T17:07:00,-4,-4
http://irail.be/vehicle/IC2837,http://irail.be/stations/NMBS/008891165,IC,2016-11-18T17:08:00,2016-11-18T17:08:00,-19,-19
http://irail.be/vehicle/IC2837,http://irail.be/stations/NMBS/008891157,IC,2016-11-18T17:10:00,2016-11-18T17:10:00,5,5
http://irail.be/vehicle/IC2837,http://irail.be/stations/NMBS/008891140,IC,2016-11-18T17:15:00,2016-11-18T17:13:00,134,103
http://irail.be/vehicle/IC2837,http://irail.be/stations/NMBS/008891132,IC,2016-11-18T17:18:00,2016-11-18T17:18:00,111,111
http://irail.be/vehicle/IC2837,http://irail.be/stations/NMBS/008891124,IC,2016-11-18T17:20:00,2016-11-18T17:20:00,155,155
http://irail.be/vehicle/IC2837,http://irail.be/stations/NMBS/008891116,IC,2016-11-18T17:23:00,2016-11-18T17:23:00,417,417
http://irail.be/vehicle/IC2837,http://irail.be/stations/NMBS/008891009,IC,2016-11-18T17:29:00,2016-11-18T17:29:00,,452
http://irail.be/vehicle/IC2837,http://irail.be/stations/NMBS/008819406,IC,2016-09-08T15:59:00,2016-09-08T15:59:00,33,
http://irail.be/vehicle/IC2837,http://irail.be/stations/NMBS/008811007,IC,2016-09-08T16:07:00,2016-09-08T16:07:00,221,221
http://irail.be/vehicle/IC2837,http://irail.be/stations/NMBS/008812005,IC,2016-09-08T16:12:00,2016-09-08T16:10:00,271,288
http://irail.be/vehicle/IC2837,http://irail.be/stations/NMBS/008813045,IC,2016-09-08T16:14:00,2016-09-08T16:14:00,277,277
http://irail.be/vehicle/IC2837,http://irail.be/stations/NMBS/008813003,IC,2016-09-08T16:16:00,2016-09-08T16:15:00,442,370
http://irail.be/vehicle/IC2837,http://irail.be/stations/NMBS/008813037,IC,2016-09-08T16:18:00,2016-09-08T16:18:00,418,418
http://irail.be/vehicle/IC2837,http://irail.be/stations/NMBS/008814001,IC,2016-09-08T16:22:00,2016-09-08T16:20:00,440,475
http://irail.be/vehicle/IC2837,http://irail.be/stations/NMBS/008892007,IC,2016-09-08T17:00:00,2016-09-08T16:53:00,58,308
http://irail.be/vehicle/IC2837,http://irail.be/stations/NMBS/008892031,IC,2016-09-08T17:03:00,2016-09-08T17:03:00,61,61
http://irail.be/vehicle/IC2837,http://irail.be/stations/NMBS/008892056,IC,2016-09-08T17:07:00,2016-09-08T17:07:00,-37,-37
http://irail.be/vehicle/IC2837,http://irail.be/stations/NMBS/008891165,IC,2016-09-08T17:08:00,2016-09-08T17:08:00,-21,-21
http://irail.be/vehicle/IC2837,http://irail.be/stations/NMBS/008891157,IC,2016-09-08T17:10:00,2016-09-08T17:10:00,-61,-61
http://irail.be/vehicle/IC2837,http://irail.be/stations/NMBS/008891140,IC,2016-09-08T17:15:00,2016-09-08T17:13:00,83,53
http://irail.be/vehicle/IC2837,http://irail.be/stations/NMBS/008891132,IC,2016-09-08T17:18:00,2016-09-08T17:18:00,45,45
http://irail.be/vehicle/IC2837,http://irail.be/stations/NMBS/008891124,IC,2016-09-08T17:20:00,2016-09-08T17:20:00,75,75
http://irail.be/vehicle/IC2837,http://irail.be/stations/NMBS/008891116,IC,2016-09-08T17:23:00,2016-09-08T17:23:00,178,178
http://irail.be/vehicle/IC2837,http://irail.be/stations/NMBS/008891009,IC,2016-09-08T17:29:00,2016-09-08T17:29:00,,289
http://irail.be/vehicle/IC2837,http://irail.be/stations/NMBS/008819406,IC,2016-08-18T15:59:00,2016-08-18T15:59:00,16,
http://irail.be/vehicle/IC2837,http://irail.be/stations/NMBS/008811007,IC,2016-08-18T16:07:00,2016-08-18T16:07:00,-41,-41
http://irail.be/vehicle/IC2837,http://irail.be/stations/NMBS/008812005,IC,2016-08-18T16:12:00,2016-08-18T16:10:00,-7,60
http://irail.be/vehicle/IC2837,http://irail.be/stations/NMBS/008813045,IC,2016-08-18T16:14:00,2016-08-18T16:14:00,-3,-3
http://irail.be/vehicle/IC2837,http://irail.be/stations/NMBS/008813003,IC,2016-08-18T16:16:00,2016-08-18T16:15:00,81,67
http://irail.be/vehicle/IC2837,http://irail.be/stations/NMBS/008813037,IC,2016-08-18T16:18:00,2016-08-18T16:18:00,43,43
http://irail.be/vehicle/IC2837,http://irail.be/stations/NMBS/008814001,IC,2016-08-18T16:22:00,2016-08-18T16:20:00,198,79
http://irail.be/vehicle/IC2837,http://irail.be/stations/NMBS/008892007,IC,2016-08-18T17:00:00,2016-08-18T16:53:00,21,11
http://irail.be/vehicle/IC2837,http://irail.be/stations/NMBS/008892031,IC,2016-08-18T17:03:00,2016-08-18T17:03:00,82,82
http://irail.be/vehicle/IC2837,http://irail.be/stations/NMBS/008892056,IC,2016-08-18T17:07:00,2016-08-18T17:07:00,175,175
http://irail.be/vehicle/IC2837,http://irail.be/stations/NMBS/008891165,IC,2016-08-18T17:08:00,2016-08-18T17:08:00,194,194
http://irail.be/vehicle/IC2837,http://irail.be/stations/NMBS/008891157,IC,2016-08-18T17:10:00,2016-08-18T17:10:00,148,148
http://irail.be/vehicle/IC2837,http://irail.be/stations/NMBS/008891140,IC,2016-08-18T17:15:00,2016-08-18T17:13:00,74,96
http://irail.be/vehicle/IC2837,http://irail.be/stations/NMBS/008891132,IC,2016-08-18T17:18:00,2016-08-18T17:18:00,31,31
http://irail.be/vehicle/IC2837,http://irail.be/stations/NMBS/008891124,IC,2016-08-18T17:20:00,2016-08-18T17:20:00,22,22
http://irail.be/vehicle/IC2837,http://irail.be/stations/NMBS/008891116,IC,2016-08-18T17:23:00,2016-08-18T17:23:00,86,86
http://irail.be/vehicle/IC2837,http://irail.be/stations/NMBS/008891009,IC,2016-08-18T17:29:00,2016-08-18T17:29:00,,64
http://irail.be/vehicle/IC2837,NO-URI,IC,2016-02-21T15:57:00,2016-02-21T15:57:00,-4,0
http://irail.be/vehicle/IC2837,http://irail.be/stations/NMBS/008811007,IC,2016-02-21T16:04:00,2016-02-21T16:04:00,0,-28
http://irail.be/vehicle/IC2837,http://irail.be/stations/NMBS/008812005,IC,2016-02-21T16:09:00,2016-02-21T16:07:00,68,61
http://irail.be/vehicle/IC2837,http://irail.be/stations/NMBS/008813045,IC,2016-02-21T16:11:00,2016-02-21T16:11:00,77,73
http://irail.be/vehicle/IC2837,http://irail.be/stations/NMBS/008813003,IC,2016-02-21T16:13:00,2016-02-21T16:12:00,201,179
http://irail.be/vehicle/IC2837,http://irail.be/stations/NMBS/008813037,IC,2016-02-21T16:14:00,2016-02-21T16:14:00,212,212
http://irail.be/vehicle/IC2837,http://irail.be/stations/NMBS/008814001,IC,2016-02-21T16:21:00,2016-02-21T16:17:00,68,171
http://irail.be/vehicle/IC2837,http://irail.be/stations/NMBS/008892007,IC,2016-02-21T16:50:00,2016-02-21T16:50:00,0,13
http://irail.be/vehicle/IC2837,http://irail.be/stations/NMBS/008819406,IC,2016-12-24T15:56:00,2016-12-24T15:56:00,-13,
http://irail.be/vehicle/IC2837,http://irail.be/stations/NMBS/008811007,IC,2016-12-24T16:03:00,2016-12-24T16:03:00,17,17
http://irail.be/vehicle/IC2837,http://irail.be/stations/NMBS/008812005,IC,2016-12-24T16:09:00,2016-12-24T16:06:00,3,8
http://irail.be/vehicle/IC2837,http://irail.be/stations/NMBS/008813045,IC,2016-12-24T16:11:00,2016-12-24T16:11:00,-1,-1
http://irail.be/vehicle/IC2837,http://irail.be/stations/NMBS/008813003,IC,2016-12-24T16:13:00,2016-12-24T16:12:00,59,25
http://irail.be/vehicle/IC2837,http://irail.be/stations/NMBS/008813037,IC,2016-12-24T16:14:00,2016-12-24T16:14:00,59,59
http://irail.be/vehicle/IC2837,http://irail.be/stations/NMBS/008814001,IC,2016-12-24T16:21:00,2016-12-24T16:17:00,86,91
http://irail.be/vehicle/IC2837,http://irail.be/stations/NMBS/008892007,IC,2016-12-24T16:50:00,2016-12-24T16:50:00,,-39
http://irail.be/vehicle/IC2837,NO-URI,IC,2016-02-13T15:57:00,2016-02-13T15:57:00,21,0
http://irail.be/vehicle/IC2837,http://irail.be/stations/NMBS/008811007,IC,2016-02-13T16:04:00,2016-02-13T16:04:00,66,66
http://irail.be/vehicle/IC2837,http://irail.be/stations/NMBS/008812005,IC,2016-02-13T16:09:00,2016-02-13T16:07:00,159,223
http://irail.be/vehicle/IC2837,http://irail.be/stations/NMBS/008813045,IC,2016-02-13T16:11:00,2016-02-13T16:11:00,181,181
http://irail.be/vehicle/IC2837,http://irail.be/stations/NMBS/008813003,IC,2016-02-13T16:13:00,2016-02-13T16:12:00,324,307
http://irail.be/vehicle/IC2837,http://irail.be/stations/NMBS/008813037,IC,2016-02-13T16:14:00,2016-02-13T16:14:00,355,355
http://irail.be/vehicle/IC2837,http://irail.be/stations/NMBS/008814001,IC,2016-02-13T16:21:00,2016-02-13T16:17:00,264,338
http://irail.be/vehicle/IC2837,http://irail.be/stations/NMBS/008895836,IC,2016-02-13T16:34:00,2016-02-13T16:34:00,249,249
http://irail.be/vehicle/IC2837,http://irail.be/stations/NMBS/008895802,IC,2016-02-13T16:38:00,2016-02-13T16:38:00,359,135
http://irail.be/vehicle/IC2837,http://irail.be/stations/NMBS/008895091,IC,2016-02-13T16:43:00,2016-02-13T16:43:00,445,443
http://irail.be/vehicle/IC2837,http://irail.be/stations/NMBS/008895000,IC,2016-02-13T16:46:00,2016-02-13T16:46:00,427,407
http://irail.be/vehicle/IC2837,http://irail.be/stations/NMBS/008895067,IC,2016-02-13T16:51:00,2016-02-13T16:51:00,427,427
http://irail.be/vehicle/IC2837,http://irail.be/stations/NMBS/008893583,IC,2016-02-13T16:54:00,2016-02-13T16:54:00,427,427
http://irail.be/vehicle/IC2837,http://irail.be/stations/NMBS/008893542,IC,2016-02-13T16:58:00,2016-02-13T16:58:00,134,130
http://irail.be/vehicle/IC2837,http://irail.be/stations/NMBS/008893559,IC,2016-02-13T17:01:00,2016-02-13T17:01:00,40,41
http://irail.be/vehicle/IC2837,http://irail.be/stations/NMBS/008893567,IC,2016-02-13T17:04:00,2016-02-13T17:04:00,-13,-17
http://irail.be/vehicle/IC2837,http://irail.be/stations/NMBS/008893039,IC,2016-02-13T17:06:00,2016-02-13T17:06:00,-5,-5
http://irail.be/vehicle/IC2837,http://irail.be/stations/NMBS/008893013,IC,2016-02-13T17:07:00,2016-02-13T17:07:00,-23,-18
http://irail.be/vehicle/IC2837,http://irail.be/stations/NMBS/008892007,IC,2016-02-13T17:12:00,2016-02-13T17:12:00,0,1370
http://irail.be/vehicle/IC2837,http://irail.be/stations/NMBS/008819406,IC,2016-05-25T15:59:00,2016-05-25T15:59:00,61,0
http://irail.be/vehicle/IC2837,http://irail.be/stations/NMBS/008811007,IC,2016-05-25T16:07:00,2016-05-25T16:07:00,-1,-25
http://irail.be/vehicle/IC2837,http://irail.be/stations/NMBS/008812005,IC,2016-05-25T16:12:00,2016-05-25T16:10:00,59,89
http://irail.be/vehicle/IC2837,http://irail.be/stations/NMBS/008813045,IC,2016-05-25T16:14:00,2016-05-25T16:14:00,62,66
http://irail.be/vehicle/IC2837,http://irail.be/stations/NMBS/008813003,IC,2016-05-25T16:16:00,2016-05-25T16:15:00,100,86
http://irail.be/vehicle/IC2837,http://irail.be/stations/NMBS/008813037,IC,2016-05-25T16:18:00,2016-05-25T16:18:00,60,100
http://irail.be/vehicle/IC2837,http://irail.be/stations/NMBS/008814001,IC,2016-05-25T16:22:00,2016-05-25T16:20:00,148,82
http://irail.be/vehicle/IC2837,http://irail.be/stations/NMBS/008892007,IC,2016-05-25T17:00:00,2016-05-25T16:53:00,28,5
http://irail.be/vehicle/IC2837,http://irail.be/stations/NMBS/008892031,IC,2016-05-25T17:03:00,2016-05-25T17:03:00,65,9
http://irail.be/vehicle/IC2837,http://irail.be/stations/NMBS/008892056,IC,2016-05-25T17:07:00,2016-05-25T17:07:00,-28,-33
http://irail.be/vehicle/IC2837,http://irail.be/stations/NMBS/008891165,IC,2016-05-25T17:08:00,2016-05-25T17:08:00,-12,-28
http://irail.be/vehicle/IC2837,http://irail.be/stations/NMBS/008891157,IC,2016-05-25T17:10:00,2016-05-25T17:10:00,-52,-56
http://irail.be/vehicle/IC2837,http://irail.be/stations/NMBS/008891140,IC,2016-05-25T17:15:00,2016-05-25T17:13:00,81,-46
http://irail.be/vehicle/IC2837,http://irail.be/stations/NMBS/008891132,IC,2016-05-25T17:18:00,2016-05-25T17:18:00,81,72
http://irail.be/vehicle/IC2837,http://irail.be/stations/NMBS/008891124,IC,2016-05-25T17:20:00,2016-05-25T17:20:00,79,70
http://irail.be/vehicle/IC2837,http://irail.be/stations/NMBS/008891116,IC,2016-05-25T17:23:00,2016-05-25T17:23:00,143,143
http://irail.be/vehicle/IC2837,http://irail.be/stations/NMBS/008891009,IC,2016-05-25T17:29:00,2016-05-25T17:29:00,0,120
http://irail.be/vehicle/IC2837,http://irail.be/stations/NMBS/008819406,IC,2016-10-21T15:59:00,2016-10-21T15:59:00,11,
http://irail.be/vehicle/IC2837,http://irail.be/stations/NMBS/008811007,IC,2016-10-21T16:07:00,2016-10-21T16:07:00,243,243
http://irail.be/vehicle/IC2837,http://irail.be/stations/NMBS/008812005,IC,2016-10-21T16:12:00,2016-10-21T16:10:00,201,247
http://irail.be/vehicle/IC2837,http://irail.be/stations/NMBS/008813045,IC,2016-10-21T16:14:00,2016-10-21T16:14:00,201,201
http://irail.be/vehicle/IC2837,http://irail.be/stations/NMBS/008813003,IC,2016-10-21T16:16:00,2016-10-21T16:15:00,247,227
http://irail.be/vehicle/IC2837,http://irail.be/stations/NMBS/008813037,IC,2016-10-21T16:18:00,2016-10-21T16:18:00,198,198
http://irail.be/vehicle/IC2837,http://irail.be/stations/NMBS/008814001,IC,2016-10-21T16:22:00,2016-10-21T16:20:00,217,230
http://irail.be/vehicle/IC2837,http://irail.be/stations/NMBS/008892007,IC,2016-10-21T17:00:00,2016-10-21T16:53:00,36,65
http://irail.be/vehicle/IC2837,http://irail.be/stations/NMBS/008892031,IC,2016-10-21T17:03:00,2016-10-21T17:03:00,87,87
http://irail.be/vehicle/IC2837,http://irail.be/stations/NMBS/008892056,IC,2016-10-21T17:07:00,2016-10-21T17:07:00,18,18
http://irail.be/vehicle/IC2837,http://irail.be/stations/NMBS/008891165,IC,2016-10-21T17:08:00,2016-10-21T17:08:00,58,58
http://irail.be/vehicle/IC2837,http://irail.be/stations/NMBS/008891157,IC,2016-10-21T17:10:00,2016-10-21T17:10:00,42,42
http://irail.be/vehicle/IC2837,http://irail.be/stations/NMBS/008891140,IC,2016-10-21T17:15:00,2016-10-21T17:13:00,49,6
http://irail.be/vehicle/IC2837,http://irail.be/stations/NMBS/008891132,IC,2016-10-21T17:18:00,2016-10-21T17:18:00,43,43
http://irail.be/vehicle/IC2837,http://irail.be/stations/NMBS/008891124,IC,2016-10-21T17:20:00,2016-10-21T17:20:00,71,71
http://irail.be/vehicle/IC2837,http://irail.be/stations/NMBS/008891116,IC,2016-10-21T17:23:00,2016-10-21T17:23:00,61,61
http://irail.be/vehicle/IC2837,http://irail.be/stations/NMBS/008891009,IC,2016-10-21T17:29:00,2016-10-21T17:29:00,,45
http://irail.be/vehicle/IC2837,NO-URI,IC,2016-02-06T15:57:00,2016-02-06T15:57:00,3,0
http://irail.be/vehicle/IC2837,http://irail.be/stations/NMBS/008811007,IC,2016-02-06T16:04:00,2016-02-06T16:04:00,-15,-45
http://irail.be/vehicle/IC2837,http://irail.be/stations/NMBS/008812005,IC,2016-02-06T16:09:00,2016-02-06T16:07:00,109,92
http://irail.be/vehicle/IC2837,http://irail.be/stations/NMBS/008813045,IC,2016-02-06T16:11:00,2016-02-06T16:11:00,109,110
http://irail.be/vehicle/IC2837,http://irail.be/stations/NMBS/008813003,IC,2016-02-06T16:13:00,2016-02-06T16:12:00,272,240
http://irail.be/vehicle/IC2837,http://irail.be/stations/NMBS/008813037,IC,2016-02-06T16:14:00,2016-02-06T16:14:00,285,284
http://irail.be/vehicle/IC2837,http://irail.be/stations/NMBS/008814001,IC,2016-02-06T16:21:00,2016-02-06T16:17:00,93,244
http://irail.be/vehicle/IC2837,http://irail.be/stations/NMBS/008892007,IC,2016-02-06T16:50:00,2016-02-06T16:50:00,0,-7
http://irail.be/vehicle/IC2837,http://irail.be/stations/NMBS/008819406,IC,2016-05-01T15:57:00,2016-05-01T15:57:00,59,0
http://irail.be/vehicle/IC2837,http://irail.be/stations/NMBS/008811007,IC,2016-05-01T16:04:00,2016-05-01T16:04:00,212,27
http://irail.be/vehicle/IC2837,http://irail.be/stations/NMBS/008812005,IC,2016-05-01T16:09:00,2016-05-01T16:07:00,170,238
http://irail.be/vehicle/IC2837,http://irail.be/stations/NMBS/008813045,IC,2016-05-01T16:11:00,2016-05-01T16:11:00,177,174
http://irail.be/vehicle/IC2837,http://irail.be/stations/NMBS/008813003,IC,2016-05-01T16:13:00,2016-05-01T16:12:00,236,205
http://irail.be/vehicle/IC2837,http://irail.be/stations/NMBS/008813037,IC,2016-05-01T16:15:00,2016-05-01T16:15:00,199,236
http://irail.be/vehicle/IC2837,http://irail.be/stations/NMBS/008814001,IC,2016-05-01T16:21:00,2016-05-01T16:17:00,204,239
http://irail.be/vehicle/IC2837,http://irail.be/stations/NMBS/008892007,IC,2016-05-01T16:50:00,2016-05-01T16:50:00,0,196
http://irail.be/vehicle/IC2837,http://irail.be/stations/NMBS/008819406,IC,2016-06-14T15:59:00,2016-06-14T15:59:00,3,0
http://irail.be/vehicle/IC2837,http://irail.be/stations/NMBS/008811007,IC,2016-06-14T16:07:00,2016-06-14T16:07:00,111,-3
http://irail.be/vehicle/IC2837,http://irail.be/stations/NMBS/008812005,IC,2016-06-14T16:12:00,2016-06-14T16:10:00,185,228
http://irail.be/vehicle/IC2837,http://irail.be/stations/NMBS/008813045,IC,2016-06-14T16:14:00,2016-06-14T16:14:00,193,195
http://irail.be/vehicle/IC2837,http://irail.be/stations/NMBS/008813003,IC,2016-06-14T16:16:00,2016-06-14T16:15:00,247,223
http://irail.be/vehicle/IC2837,http://irail.be/stations/NMBS/008813037,IC,2016-06-14T16:18:00,2016-06-14T16:18:00,202,247
http://irail.be/vehicle/IC2837,http://irail.be/stations/NMBS/008814001,IC,2016-06-14T16:22:00,2016-06-14T16:20:00,216,260
http://irail.be/vehicle/IC2837,http://irail.be/stations/NMBS/008892007,IC,2016-06-14T17:00:00,2016-06-14T16:53:00,23,54
http://irail.be/vehicle/IC2837,http://irail.be/stations/NMBS/008892031,IC,2016-06-14T17:03:00,2016-06-14T17:03:00,20,-20
http://irail.be/vehicle/IC2837,http://irail.be/stations/NMBS/008892056,IC,2016-06-14T17:07:00,2016-06-14T17:07:00,-77,-83
http://irail.be/vehicle/IC2837,http://irail.be/stations/NMBS/008891165,IC,2016-06-14T17:08:00,2016-06-14T17:08:00,-57,-77
http://irail.be/vehicle/IC2837,http://irail.be/stations/NMBS/008891157,IC,2016-06-14T17:10:00,2016-06-14T17:10:00,-98,-104
http://irail.be/vehicle/IC2837,http://irail.be/stations/NMBS/008891140,IC,2016-06-14T17:15:00,2016-06-14T17:13:00,57,-1
http://irail.be/vehicle/IC2837,http://irail.be/stations/NMBS/008891132,IC,2016-06-14T17:18:00,2016-06-14T17:18:00,46,37
http://irail.be/vehicle/IC2837,http://irail.be/stations/NMBS/008891124,IC,2016-06-14T17:20:00,2016-06-14T17:20:00,63,47
http://irail.be/vehicle/IC2837,http://irail.be/stations/NMBS/008891116,IC,2016-06-14T17:23:00,2016-06-14T17:23:00,37,37
http://irail.be/vehicle/IC2837,http://irail.be/stations/NMBS/008891009,IC,2016-06-14T17:29:00,2016-06-14T17:29:00,0,76
http://irail.be/vehicle/IC2837,http://irail.be/stations/NMBS/008819406,IC,2016-11-02T15:59:00,2016-11-02T15:59:00,79,
http://irail.be/vehicle/IC2837,http://irail.be/stations/NMBS/008811007,IC,2016-11-02T16:07:00,2016-11-02T16:07:00,61,61
http://irail.be/vehicle/IC2837,http://irail.be/stations/NMBS/008812005,IC,2016-11-02T16:12:00,2016-11-02T16:10:00,110,62
http://irail.be/vehicle/IC2837,http://irail.be/stations/NMBS/008813045,IC,2016-11-02T16:14:00,2016-11-02T16:14:00,110,110
http://irail.be/vehicle/IC2837,http://irail.be/stations/NMBS/008813003,IC,2016-11-02T16:16:00,2016-11-02T16:15:00,181,132
http://irail.be/vehicle/IC2837,http://irail.be/stations/NMBS/008813037,IC,2016-11-02T16:18:00,2016-11-02T16:18:00,143,143
http://irail.be/vehicle/IC2837,http://irail.be/stations/NMBS/008814001,IC,2016-11-02T16:22:00,2016-11-02T16:20:00,181,175
http://irail.be/vehicle/IC2837,http://irail.be/stations/NMBS/008892007,IC,2016-11-02T17:00:00,2016-11-02T16:53:00,605,893
http://irail.be/vehicle/IC2837,http://irail.be/stations/NMBS/008892031,IC,2016-11-02T17:03:00,2016-11-02T17:03:00,669,669
http://irail.be/vehicle/IC2837,http://irail.be/stations/NMBS/008892056,IC,2016-11-02T17:07:00,2016-11-02T17:07:00,569,569
http://irail.be/vehicle/IC2837,http://irail.be/stations/NMBS/008891165,IC,2016-11-02T17:08:00,2016-11-02T17:08:00,584,584
http://irail.be/vehicle/IC2837,http://irail.be/stations/NMBS/008891157,IC,2016-11-02T17:10:00,2016-11-02T17:10:00,539,539
http://irail.be/vehicle/IC2837,http://irail.be/stations/NMBS/008891140,IC,2016-11-02T17:15:00,2016-11-02T17:13:00,531,498
http://irail.be/vehicle/IC2837,http://irail.be/stations/NMBS/008891132,IC,2016-11-02T17:18:00,2016-11-02T17:18:00,516,516
http://irail.be/vehicle/IC2837,http://irail.be/stations/NMBS/008891124,IC,2016-11-02T17:20:00,2016-11-02T17:20:00,509,509
http://irail.be/vehicle/IC2837,http://irail.be/stations/NMBS/008891116,IC,2016-11-02T17:23:00,2016-11-02T17:23:00,480,480
http://irail.be/vehicle/IC2837,http://irail.be/stations/NMBS/008891009,IC,2016-11-02T17:29:00,2016-11-02T17:29:00,,468
http://irail.be/vehicle/IC2837,http://irail.be/stations/NMBS/008819406,IC,2016-11-15T15:59:00,2016-11-15T15:59:00,168,
http://irail.be/vehicle/IC2837,http://irail.be/stations/NMBS/008811007,IC,2016-11-15T16:07:52,2016-11-15T16:07:52,172,172
http://irail.be/vehicle/IC2837,http://irail.be/stations/NMBS/008812005,IC,2016-11-15T16:12:29,2016-11-15T16:10:29,142,161
http://irail.be/vehicle/IC2837,http://irail.be/stations/NMBS/008813045,IC,2016-11-15T16:14:07,2016-11-15T16:14:07,143,143
http://irail.be/vehicle/IC2837,http://irail.be/stations/NMBS/008813003,IC,2016-11-15T16:16:33,2016-11-15T16:15:33,399,351
http://irail.be/vehicle/IC2837,http://irail.be/stations/NMBS/008813037,IC,2016-11-15T16:18:00,2016-11-15T16:18:00,399,399
http://irail.be/vehicle/IC2837,http://irail.be/stations/NMBS/008814001,IC,2016-11-15T16:22:03,2016-11-15T16:20:03,530,483
http://irail.be/vehicle/IC2837,http://irail.be/stations/NMBS/008892007,IC,2016-11-15T17:00:00,2016-11-15T16:53:00,145,441
http://irail.be/vehicle/IC2837,http://irail.be/stations/NMBS/008892031,IC,2016-11-15T17:03:39,2016-11-15T17:03:39,169,169
http://irail.be/vehicle/IC2837,http://irail.be/stations/NMBS/008892056,IC,2016-11-15T17:07:00,2016-11-15T17:07:00,127,127
http://irail.be/vehicle/IC2837,http://irail.be/stations/NMBS/008891165,IC,2016-11-15T17:08:00,2016-11-15T17:08:00,101,101
http://irail.be/vehicle/IC2837,http://irail.be/stations/NMBS/008891157,IC,2016-11-15T17:10:00,2016-11-15T17:10:00,85,85
http://irail.be/vehicle/IC2837,http://irail.be/stations/NMBS/008891140,IC,2016-11-15T17:15:00,2016-11-15T17:13:00,104,64
http://irail.be/vehicle/IC2837,http://irail.be/stations/NMBS/008891132,IC,2016-11-15T17:18:00,2016-11-15T17:18:00,96,96
http://irail.be/vehicle/IC2837,http://irail.be/stations/NMBS/008891124,IC,2016-11-15T17:20:00,2016-11-15T17:20:00,139,139
http://irail.be/vehicle/IC2837,http://irail.be/stations/NMBS/008891116,IC,2016-11-15T17:23:00,2016-11-15T17:23:00,386,386
http://irail.be/vehicle/IC2837,http://irail.be/stations/NMBS/008891009,IC,2016-11-15T17:29:04,2016-11-15T17:29:04,,458
http://irail.be/vehicle/IC2837,http://irail.be/stations/NMBS/008819406,IC,2016-12-28T15:59:00,2016-12-28T15:59:00,-12,
http://irail.be/vehicle/IC2837,http://irail.be/stations/NMBS/008811007,IC,2016-12-28T16:07:00,2016-12-28T16:07:00,-29,-29
http://irail.be/vehicle/IC2837,http://irail.be/stations/NMBS/008812005,IC,2016-12-28T16:12:00,2016-12-28T16:10:00,9,-6
http://irail.be/vehicle/IC2837,http://irail.be/stations/NMBS/008813045,IC,2016-12-28T16:14:00,2016-12-28T16:14:00,8,8
http://irail.be/vehicle/IC2837,http://irail.be/stations/NMBS/008813003,IC,2016-12-28T16:16:00,2016-12-28T16:15:00,51,39
http://irail.be/vehicle/IC2837,http://irail.be/stations/NMBS/008813037,IC,2016-12-28T16:18:00,2016-12-28T16:18:00,51,51
http://irail.be/vehicle/IC2837,http://irail.be/stations/NMBS/008814001,IC,2016-12-28T16:22:00,2016-12-28T16:20:00,172,107
http://irail.be/vehicle/IC2837,http://irail.be/stations/NMBS/008892007,IC,2016-12-28T17:00:00,2016-12-28T16:53:00,35,42
http://irail.be/vehicle/IC2837,http://irail.be/stations/NMBS/008892031,IC,2016-12-28T17:03:00,2016-12-28T17:03:00,75,75
http://irail.be/vehicle/IC2837,http://irail.be/stations/NMBS/008892056,IC,2016-12-28T17:07:00,2016-12-28T17:07:00,53,53
http://irail.be/vehicle/IC2837,http://irail.be/stations/NMBS/008891165,IC,2016-12-28T17:08:00,2016-12-28T17:08:00,38,38
http://irail.be/vehicle/IC2837,http://irail.be/stations/NMBS/008891157,IC,2016-12-28T17:10:00,2016-12-28T17:10:00,46,46
http://irail.be/vehicle/IC2837,http://irail.be/stations/NMBS/008891140,IC,2016-12-28T17:15:00,2016-12-28T17:13:00,95,26
http://irail.be/vehicle/IC2837,http://irail.be/stations/NMBS/008891132,IC,2016-12-28T17:18:00,2016-12-28T17:18:00,81,81
http://irail.be/vehicle/IC2837,http://irail.be/stations/NMBS/008891124,IC,2016-12-28T17:20:00,2016-12-28T17:20:00,97,97
http://irail.be/vehicle/IC2837,http://irail.be/stations/NMBS/008891116,IC,2016-12-28T17:23:00,2016-12-28T17:23:00,80,80
http://irail.be/vehicle/IC2837,http://irail.be/stations/NMBS/008891009,IC,2016-12-28T17:29:00,2016-12-28T17:29:00,,31
http://irail.be/vehicle/IC2837,NO-URI,IC,2016-01-01T15:57:00,2016-01-01T15:57:00,401,0
http://irail.be/vehicle/IC2837,http://irail.be/stations/NMBS/008811007,IC,2016-01-01T16:04:00,2016-01-01T16:04:00,436,411
http://irail.be/vehicle/IC2837,http://irail.be/stations/NMBS/008812005,IC,2016-01-01T16:09:00,2016-01-01T16:07:00,425,490
http://irail.be/vehicle/IC2837,http://irail.be/stations/NMBS/008813045,IC,2016-01-01T16:11:00,2016-01-01T16:11:00,420,421
http://irail.be/vehicle/IC2837,http://irail.be/stations/NMBS/008813003,IC,2016-01-01T16:13:00,2016-01-01T16:12:00,473,445
http://irail.be/vehicle/IC2837,http://irail.be/stations/NMBS/008813037,IC,2016-01-01T16:14:00,2016-01-01T16:14:00,486,473
http://irail.be/vehicle/IC2837,http://irail.be/stations/NMBS/008814001,IC,2016-01-01T16:21:00,2016-01-01T16:17:00,355,452
http://irail.be/vehicle/IC2837,http://irail.be/stations/NMBS/008892007,IC,2016-01-01T16:52:00,2016-01-01T16:52:00,0,182
http://irail.be/vehicle/IC2837,NO-URI,IC,2016-01-15T15:59:00,2016-01-15T15:59:00,64,0
http://irail.be/vehicle/IC2837,http://irail.be/stations/NMBS/008811007,IC,2016-01-15T16:07:00,2016-01-15T16:07:00,122,22
http://irail.be/vehicle/IC2837,http://irail.be/stations/NMBS/008812005,IC,2016-01-15T16:12:00,2016-01-15T16:10:00,93,128
http://irail.be/vehicle/IC2837,http://irail.be/stations/NMBS/008813045,IC,2016-01-15T16:14:00,2016-01-15T16:14:00,111,111
http://irail.be/vehicle/IC2837,http://irail.be/stations/NMBS/008813003,IC,2016-01-15T16:16:00,2016-01-15T16:15:00,225,189
http://irail.be/vehicle/IC2837,http://irail.be/stations/NMBS/008813037,IC,2016-01-15T16:18:00,2016-01-15T16:18:00,184,225
http://irail.be/vehicle/IC2837,http://irail.be/stations/NMBS/008814001,IC,2016-01-15T16:22:00,2016-01-15T16:20:00,160,202
http://irail.be/vehicle/IC2837,http://irail.be/stations/NMBS/008892007,IC,2016-01-15T17:00:00,2016-01-15T16:55:00,37,79
http://irail.be/vehicle/IC2837,http://irail.be/stations/NMBS/008892031,IC,2016-01-15T17:03:00,2016-01-15T17:03:00,69,13
http://irail.be/vehicle/IC2837,http://irail.be/stations/NMBS/008892056,IC,2016-01-15T17:07:00,2016-01-15T17:07:00,-21,-21
http://irail.be/vehicle/IC2837,http://irail.be/stations/NMBS/008891165,IC,2016-01-15T17:08:00,2016-01-15T17:08:00,55,0
http://irail.be/vehicle/IC2837,http://irail.be/stations/NMBS/008891157,IC,2016-01-15T17:10:00,2016-01-15T17:10:00,32,32
http://irail.be/vehicle/IC2837,http://irail.be/stations/NMBS/008891140,IC,2016-01-15T17:15:00,2016-01-15T17:13:00,105,104
http://irail.be/vehicle/IC2837,http://irail.be/stations/NMBS/008891132,IC,2016-01-15T17:18:00,2016-01-15T17:18:00,120,120
http://irail.be/vehicle/IC2837,http://irail.be/stations/NMBS/008891124,IC,2016-01-15T17:20:00,2016-01-15T17:20:00,164,164
http://irail.be/vehicle/IC2837,http://irail.be/stations/NMBS/008891116,IC,2016-01-15T17:23:00,2016-01-15T17:23:00,258,258
http://irail.be/vehicle/IC2837,http://irail.be/stations/NMBS/008891009,IC,2016-01-15T17:29:00,2016-01-15T17:29:00,0,256
http://irail.be/vehicle/IC2837,http://irail.be/stations/NMBS/008811007,IC,2016-04-17T16:04:00,2016-04-17T16:04:00,54,0
http://irail.be/vehicle/IC2837,http://irail.be/stations/NMBS/008812005,IC,2016-04-17T16:11:00,2016-04-17T16:07:00,124,186
http://irail.be/vehicle/IC2837,http://irail.be/stations/NMBS/008813045,IC,2016-04-17T16:13:00,2016-04-17T16:13:00,122,124
http://irail.be/vehicle/IC2837,http://irail.be/stations/NMBS/008813003,IC,2016-04-17T16:15:00,2016-04-17T16:14:00,150,149
http://irail.be/vehicle/IC2837,http://irail.be/stations/NMBS/008813037,IC,2016-04-17T16:16:00,2016-04-17T16:16:00,159,150
http://irail.be/vehicle/IC2837,http://irail.be/stations/NMBS/008814001,IC,2016-04-17T16:21:00,2016-04-17T16:19:00,176,121
http://irail.be/vehicle/IC2837,http://irail.be/stations/NMBS/008892007,IC,2016-04-17T16:50:00,2016-04-17T16:50:00,0,86
http://irail.be/vehicle/IC2837,NO-URI,IC,2016-01-16T15:57:00,2016-01-16T15:57:00,347,0
http://irail.be/vehicle/IC2837,http://irail.be/stations/NMBS/008811007,IC,2016-01-16T16:04:00,2016-01-16T16:04:00,336,304
http://irail.be/vehicle/IC2837,http://irail.be/stations/NMBS/008812005,IC,2016-01-16T16:09:00,2016-01-16T16:07:00,360,409
http://irail.be/vehicle/IC2837,http://irail.be/stations/NMBS/008813045,IC,2016-01-16T16:11:00,2016-01-16T16:11:00,351,356
http://irail.be/vehicle/IC2837,http://irail.be/stations/NMBS/008813003,IC,2016-01-16T16:13:00,2016-01-16T16:12:00,351,373
http://irail.be/vehicle/IC2837,http://irail.be/stations/NMBS/008813037,IC,2016-01-16T16:14:00,2016-01-16T16:14:00,354,358
http://irail.be/vehicle/IC2837,http://irail.be/stations/NMBS/008814001,IC,2016-01-16T16:17:00,2016-01-16T16:17:00,0,311
http://irail.be/vehicle/IC2837,http://irail.be/stations/NMBS/008819406,IC,2016-11-07T15:59:00,2016-11-07T15:59:00,3,
http://irail.be/vehicle/IC2837,http://irail.be/stations/NMBS/008811007,IC,2016-11-07T16:07:00,2016-11-07T16:07:00,22,22
http://irail.be/vehicle/IC2837,http://irail.be/stations/NMBS/008812005,IC,2016-11-07T16:12:00,2016-11-07T16:10:00,56,107
http://irail.be/vehicle/IC2837,http://irail.be/stations/NMBS/008813045,IC,2016-11-07T16:14:00,2016-11-07T16:14:00,54,54
http://irail.be/vehicle/IC2837,http://irail.be/stations/NMBS/008813003,IC,2016-11-07T16:16:00,2016-11-07T16:15:00,90,76
http://irail.be/vehicle/IC2837,http://irail.be/stations/NMBS/008813037,IC,2016-11-07T16:18:00,2016-11-07T16:18:00,44,44
http://irail.be/vehicle/IC2837,http://irail.be/stations/NMBS/008814001,IC,2016-11-07T16:22:00,2016-11-07T16:20:00,237,72
http://irail.be/vehicle/IC2837,http://irail.be/stations/NMBS/008892007,IC,2016-11-07T17:00:00,2016-11-07T16:53:00,16,146
http://irail.be/vehicle/IC2837,http://irail.be/stations/NMBS/008892031,IC,2016-11-07T17:03:00,2016-11-07T17:03:00,39,39
http://irail.be/vehicle/IC2837,http://irail.be/stations/NMBS/008892056,IC,2016-11-07T17:07:00,2016-11-07T17:07:00,-44,-44
http://irail.be/vehicle/IC2837,http://irail.be/stations/NMBS/008891165,IC,2016-11-07T17:08:00,2016-11-07T17:08:00,-10,-10
http://irail.be/vehicle/IC2837,http://irail.be/stations/NMBS/008891157,IC,2016-11-07T17:10:00,2016-11-07T17:10:00,-31,-31
http://irail.be/vehicle/IC2837,http://irail.be/stations/NMBS/008891140,IC,2016-11-07T17:15:00,2016-11-07T17:13:00,67,-33
http://irail.be/vehicle/IC2837,http://irail.be/stations/NMBS/008891132,IC,2016-11-07T17:18:00,2016-11-07T17:18:00,55,55
http://irail.be/vehicle/IC2837,http://irail.be/stations/NMBS/008891124,IC,2016-11-07T17:20:00,2016-11-07T17:20:00,59,59
http://irail.be/vehicle/IC2837,http://irail.be/stations/NMBS/008891116,IC,2016-11-07T17:23:00,2016-11-07T17:23:00,128,128
http://irail.be/vehicle/IC2837,http://irail.be/stations/NMBS/008891009,IC,2016-11-07T17:29:00,2016-11-07T17:29:00,,227
http://irail.be/vehicle/IC2837,http://irail.be/stations/NMBS/008819406,IC,2016-12-31T15:56:00,2016-12-31T15:56:00,-23,
http://irail.be/vehicle/IC2837,http://irail.be/stations/NMBS/008811007,IC,2016-12-31T16:03:00,2016-12-31T16:03:00,3,3
http://irail.be/vehicle/IC2837,http://irail.be/stations/NMBS/008812005,IC,2016-12-31T16:09:00,2016-12-31T16:06:00,16,-14
http://irail.be/vehicle/IC2837,http://irail.be/stations/NMBS/008813045,IC,2016-12-31T16:11:00,2016-12-31T16:11:00,22,22
http://irail.be/vehicle/IC2837,http://irail.be/stations/NMBS/008813003,IC,2016-12-31T16:13:00,2016-12-31T16:12:00,142,100
http://irail.be/vehicle/IC2837,http://irail.be/stations/NMBS/008813037,IC,2016-12-31T16:14:00,2016-12-31T16:14:00,142,142
http://irail.be/vehicle/IC2837,http://irail.be/stations/NMBS/008814001,IC,2016-12-31T16:21:00,2016-12-31T16:17:00,41,151
http://irail.be/vehicle/IC2837,http://irail.be/stations/NMBS/008892007,IC,2016-12-31T16:50:00,2016-12-31T16:50:00,,59
http://irail.be/vehicle/IC2837,http://irail.be/stations/NMBS/008811007,IC,2016-04-12T16:07:00,2016-04-12T16:07:00,-21,0
http://irail.be/vehicle/IC2837,http://irail.be/stations/NMBS/008812005,IC,2016-04-12T16:12:00,2016-04-12T16:10:00,206,114
http://irail.be/vehicle/IC2837,http://irail.be/stations/NMBS/008813045,IC,2016-04-12T16:14:00,2016-04-12T16:14:00,292,220
http://irail.be/vehicle/IC2837,http://irail.be/stations/NMBS/008813003,IC,2016-04-12T16:16:00,2016-04-12T16:15:00,522,479
http://irail.be/vehicle/IC2837,http://irail.be/stations/NMBS/008813037,IC,2016-04-12T16:17:00,2016-04-12T16:17:00,550,522
http://irail.be/vehicle/IC2837,http://irail.be/stations/NMBS/008814001,IC,2016-04-12T16:22:00,2016-04-12T16:20:00,530,534
http://irail.be/vehicle/IC2837,http://irail.be/stations/NMBS/008892007,IC,2016-04-12T17:00:00,2016-04-12T16:53:00,427,764
http://irail.be/vehicle/IC2837,http://irail.be/stations/NMBS/008892031,IC,2016-04-12T17:03:00,2016-04-12T17:03:00,419,382
http://irail.be/vehicle/IC2837,http://irail.be/stations/NMBS/008892056,IC,2016-04-12T17:07:00,2016-04-12T17:07:00,315,313
http://irail.be/vehicle/IC2837,http://irail.be/stations/NMBS/008891165,IC,2016-04-12T17:09:00,2016-04-12T17:09:00,270,315
http://irail.be/vehicle/IC2837,http://irail.be/stations/NMBS/008891157,IC,2016-04-12T17:10:00,2016-04-12T17:10:00,286,283
http://irail.be/vehicle/IC2837,http://irail.be/stations/NMBS/008891140,IC,2016-04-12T17:15:00,2016-04-12T17:13:00,247,244
http://irail.be/vehicle/IC2837,http://irail.be/stations/NMBS/008891132,IC,2016-04-12T17:18:00,2016-04-12T17:18:00,213,212
http://irail.be/vehicle/IC2837,http://irail.be/stations/NMBS/008891124,IC,2016-04-12T17:20:00,2016-04-12T17:20:00,203,194
http://irail.be/vehicle/IC2837,http://irail.be/stations/NMBS/008891116,IC,2016-04-12T17:23:00,2016-04-12T17:23:00,261,261
http://irail.be/vehicle/IC2837,http://irail.be/stations/NMBS/008891009,IC,2016-04-12T17:29:00,2016-04-12T17:29:00,0,368
http://irail.be/vehicle/IC2837,http://irail.be/stations/NMBS/008819406,IC,2016-08-21T15:57:00,2016-08-21T15:57:00,23,
http://irail.be/vehicle/IC2837,http://irail.be/stations/NMBS/008811007,IC,2016-08-21T16:04:00,2016-08-21T16:04:00,50,50
http://irail.be/vehicle/IC2837,http://irail.be/stations/NMBS/008812005,IC,2016-08-21T16:09:00,2016-08-21T16:07:00,17,57
http://irail.be/vehicle/IC2837,http://irail.be/stations/NMBS/008813045,IC,2016-08-21T16:11:00,2016-08-21T16:11:00,20,20
http://irail.be/vehicle/IC2837,http://irail.be/stations/NMBS/008813003,IC,2016-08-21T16:13:00,2016-08-21T16:12:00,135,92
http://irail.be/vehicle/IC2837,http://irail.be/stations/NMBS/008813037,IC,2016-08-21T16:14:00,2016-08-21T16:14:00,156,156
http://irail.be/vehicle/IC2837,http://irail.be/stations/NMBS/008814001,IC,2016-08-21T16:21:00,2016-08-21T16:17:00,70,130
http://irail.be/vehicle/IC2837,http://irail.be/stations/NMBS/008892007,IC,2016-08-21T16:50:00,2016-08-21T16:50:00,,24
http://irail.be/vehicle/IC2837,http://irail.be/stations/NMBS/008819406,IC,2016-06-13T15:59:00,2016-06-13T15:59:00,9,0
http://irail.be/vehicle/IC2837,http://irail.be/stations/NMBS/008811007,IC,2016-06-13T16:07:00,2016-06-13T16:07:00,137,15
http://irail.be/vehicle/IC2837,http://irail.be/stations/NMBS/008812005,IC,2016-06-13T16:12:00,2016-06-13T16:10:00,155,209
http://irail.be/vehicle/IC2837,http://irail.be/stations/NMBS/008813045,IC,2016-06-13T16:14:00,2016-06-13T16:14:00,155,158
http://irail.be/vehicle/IC2837,http://irail.be/stations/NMBS/008813003,IC,2016-06-13T16:16:00,2016-06-13T16:15:00,211,191
http://irail.be/vehicle/IC2837,http://irail.be/stations/NMBS/008813037,IC,2016-06-13T16:18:00,2016-06-13T16:18:00,170,211
http://irail.be/vehicle/IC2837,http://irail.be/stations/NMBS/008814001,IC,2016-06-13T16:22:00,2016-06-13T16:20:00,205,200
http://irail.be/vehicle/IC2837,http://irail.be/stations/NMBS/008892007,IC,2016-06-13T17:00:00,2016-06-13T16:53:00,18,206
http://irail.be/vehicle/IC2837,http://irail.be/stations/NMBS/008892031,IC,2016-06-13T17:03:00,2016-06-13T17:03:00,12,-24
http://irail.be/vehicle/IC2837,http://irail.be/stations/NMBS/008892056,IC,2016-06-13T17:07:00,2016-06-13T17:07:00,-92,-92
http://irail.be/vehicle/IC2837,http://irail.be/stations/NMBS/008891165,IC,2016-06-13T17:08:00,2016-06-13T17:08:00,-75,-92
http://irail.be/vehicle/IC2837,http://irail.be/stations/NMBS/008891157,IC,2016-06-13T17:10:00,2016-06-13T17:10:00,-119,-122
http://irail.be/vehicle/IC2837,http://irail.be/stations/NMBS/008891140,IC,2016-06-13T17:15:00,2016-06-13T17:13:00,103,-57
http://irail.be/vehicle/IC2837,http://irail.be/stations/NMBS/008891132,IC,2016-06-13T17:18:00,2016-06-13T17:18:00,59,57
http://irail.be/vehicle/IC2837,http://irail.be/stations/NMBS/008891124,IC,2016-06-13T17:20:00,2016-06-13T17:20:00,55,44
http://irail.be/vehicle/IC2837,http://irail.be/stations/NMBS/008891116,IC,2016-06-13T17:23:00,2016-06-13T17:23:00,28,28
http://irail.be/vehicle/IC2837,http://irail.be/stations/NMBS/008891009,IC,2016-06-13T17:29:00,2016-06-13T17:29:00,0,35
http://irail.be/vehicle/IC2837,http://irail.be/stations/NMBS/008819406,IC,2016-12-29T15:59:00,2016-12-29T15:59:00,-12,
http://irail.be/vehicle/IC2837,http://irail.be/stations/NMBS/008811007,IC,2016-12-29T16:07:00,2016-12-29T16:07:00,141,141
http://irail.be/vehicle/IC2837,http://irail.be/stations/NMBS/008812005,IC,2016-12-29T16:12:00,2016-12-29T16:10:00,305,278
http://irail.be/vehicle/IC2837,http://irail.be/stations/NMBS/008813045,IC,2016-12-29T16:14:00,2016-12-29T16:14:00,307,307
http://irail.be/vehicle/IC2837,http://irail.be/stations/NMBS/008813003,IC,2016-12-29T16:16:00,2016-12-29T16:15:00,466,442
http://irail.be/vehicle/IC2837,http://irail.be/stations/NMBS/008813037,IC,2016-12-29T16:18:00,2016-12-29T16:18:00,466,466
http://irail.be/vehicle/IC2837,http://irail.be/stations/NMBS/008814001,IC,2016-12-29T16:22:00,2016-12-29T16:20:00,469,472
http://irail.be/vehicle/IC2837,http://irail.be/stations/NMBS/008892007,IC,2016-12-29T17:00:00,2016-12-29T16:53:00,289,600
http://irail.be/vehicle/IC2837,http://irail.be/stations/NMBS/008892031,IC,2016-12-29T17:03:00,2016-12-29T17:03:00,271,271
http://irail.be/vehicle/IC2837,http://irail.be/stations/NMBS/008892056,IC,2016-12-29T17:07:00,2016-12-29T17:07:00,223,223
http://irail.be/vehicle/IC2837,http://irail.be/stations/NMBS/008891165,IC,2016-12-29T17:08:00,2016-12-29T17:08:00,192,192
http://irail.be/vehicle/IC2837,http://irail.be/stations/NMBS/008891157,IC,2016-12-29T17:10:00,2016-12-29T17:10:00,173,173
http://irail.be/vehicle/IC2837,http://irail.be/stations/NMBS/008891140,IC,2016-12-29T17:15:00,2016-12-29T17:13:00,107,139
http://irail.be/vehicle/IC2837,http://irail.be/stations/NMBS/008891132,IC,2016-12-29T17:18:00,2016-12-29T17:18:00,61,61
http://irail.be/vehicle/IC2837,http://irail.be/stations/NMBS/008891124,IC,2016-12-29T17:20:00,2016-12-29T17:20:00,54,54
http://irail.be/vehicle/IC2837,http://irail.be/stations/NMBS/008891116,IC,2016-12-29T17:23:00,2016-12-29T17:23:00,31,31
http://irail.be/vehicle/IC2837,http://irail.be/stations/NMBS/008891009,IC,2016-12-29T17:29:00,2016-12-29T17:29:00,,143
http://irail.be/vehicle/IC2837,http://irail.be/stations/NMBS/008819406,IC,2016-10-08T15:57:00,2016-10-08T15:57:00,48,
http://irail.be/vehicle/IC2837,http://irail.be/stations/NMBS/008811007,IC,2016-10-08T16:04:00,2016-10-08T16:04:00,12,12
http://irail.be/vehicle/IC2837,http://irail.be/stations/NMBS/008812005,IC,2016-10-08T16:09:00,2016-10-08T16:07:00,1,53
http://irail.be/vehicle/IC2837,http://irail.be/stations/NMBS/008813045,IC,2016-10-08T16:11:00,2016-10-08T16:11:00,-10,-10
http://irail.be/vehicle/IC2837,http://irail.be/stations/NMBS/008813003,IC,2016-10-08T16:13:00,2016-10-08T16:12:00,11,20
http://irail.be/vehicle/IC2837,http://irail.be/stations/NMBS/008813037,IC,2016-10-08T16:14:00,2016-10-08T16:14:00,19,19
http://irail.be/vehicle/IC2837,http://irail.be/stations/NMBS/008814001,IC,2016-10-08T16:17:00,2016-10-08T16:17:00,,-21
http://irail.be/vehicle/IC2837,http://irail.be/stations/NMBS/008819406,IC,2016-12-09T15:59:00,2016-12-09T15:59:00,15,
http://irail.be/vehicle/IC2837,http://irail.be/stations/NMBS/008811007,IC,2016-12-09T16:07:00,2016-12-09T16:07:00,-15,-15
http://irail.be/vehicle/IC2837,http://irail.be/stations/NMBS/008812005,IC,2016-12-09T16:12:00,2016-12-09T16:10:00,139,61
http://irail.be/vehicle/IC2837,http://irail.be/stations/NMBS/008813045,IC,2016-12-09T16:14:00,2016-12-09T16:14:00,143,143
http://irail.be/vehicle/IC2837,http://irail.be/stations/NMBS/008813003,IC,2016-12-09T16:16:00,2016-12-09T16:15:00,322,307
http://irail.be/vehicle/IC2837,http://irail.be/stations/NMBS/008813037,IC,2016-12-09T16:18:00,2016-12-09T16:18:00,322,322
http://irail.be/vehicle/IC2837,http://irail.be/stations/NMBS/008814001,IC,2016-12-09T16:22:00,2016-12-09T16:20:00,422,360
http://irail.be/vehicle/IC2837,http://irail.be/stations/NMBS/008892007,IC,2016-12-09T17:00:00,2016-12-09T16:53:00,12,235
http://irail.be/vehicle/IC2837,http://irail.be/stations/NMBS/008892031,IC,2016-12-09T17:03:00,2016-12-09T17:03:00,22,22
http://irail.be/vehicle/IC2837,http://irail.be/stations/NMBS/008892056,IC,2016-12-09T17:07:00,2016-12-09T17:07:00,-15,-15
http://irail.be/vehicle/IC2837,http://irail.be/stations/NMBS/008891165,IC,2016-12-09T17:08:00,2016-12-09T17:08:00,-35,-35
http://irail.be/vehicle/IC2837,http://irail.be/stations/NMBS/008891157,IC,2016-12-09T17:10:00,2016-12-09T17:10:00,-20,-20
http://irail.be/vehicle/IC2837,http://irail.be/stations/NMBS/008891140,IC,2016-12-09T17:15:00,2016-12-09T17:13:00,62,-3
http://irail.be/vehicle/IC2837,http://irail.be/stations/NMBS/008891132,IC,2016-12-09T17:18:00,2016-12-09T17:18:00,50,50
http://irail.be/vehicle/IC2837,http://irail.be/stations/NMBS/008891124,IC,2016-12-09T17:20:00,2016-12-09T17:20:00,52,52
http://irail.be/vehicle/IC2837,http://irail.be/stations/NMBS/008891116,IC,2016-12-09T17:23:00,2016-12-09T17:23:00,149,149
http://irail.be/vehicle/IC2837,http://irail.be/stations/NMBS/008891009,IC,2016-12-09T17:29:00,2016-12-09T17:29:00,,112
http://irail.be/vehicle/IC2837,NO-URI,IC,2016-03-10T15:59:00,2016-03-10T15:59:00,16,0
http://irail.be/vehicle/IC2837,http://irail.be/stations/NMBS/008811007,IC,2016-03-10T16:07:00,2016-03-10T16:07:00,-13,-45
http://irail.be/vehicle/IC2837,http://irail.be/stations/NMBS/008812005,IC,2016-03-10T16:12:00,2016-03-10T16:10:00,65,83
http://irail.be/vehicle/IC2837,http://irail.be/stations/NMBS/008813045,IC,2016-03-10T16:14:00,2016-03-10T16:14:00,71,70
http://irail.be/vehicle/IC2837,http://irail.be/stations/NMBS/008813003,IC,2016-03-10T16:16:00,2016-03-10T16:15:00,115,100
http://irail.be/vehicle/IC2837,http://irail.be/stations/NMBS/008813037,IC,2016-03-10T16:18:00,2016-03-10T16:18:00,69,115
http://irail.be/vehicle/IC2837,http://irail.be/stations/NMBS/008814001,IC,2016-03-10T16:22:00,2016-03-10T16:20:00,211,108
http://irail.be/vehicle/IC2837,http://irail.be/stations/NMBS/008892007,IC,2016-03-10T17:00:00,2016-03-10T16:53:00,130,446
http://irail.be/vehicle/IC2837,http://irail.be/stations/NMBS/008892031,IC,2016-03-10T17:03:00,2016-03-10T17:03:00,152,112
http://irail.be/vehicle/IC2837,http://irail.be/stations/NMBS/008892056,IC,2016-03-10T17:07:00,2016-03-10T17:07:00,63,53
http://irail.be/vehicle/IC2837,http://irail.be/stations/NMBS/008891165,IC,2016-03-10T17:08:00,2016-03-10T17:08:00,99,63
http://irail.be/vehicle/IC2837,http://irail.be/stations/NMBS/008891157,IC,2016-03-10T17:10:00,2016-03-10T17:10:00,71,62
http://irail.be/vehicle/IC2837,http://irail.be/stations/NMBS/008891140,IC,2016-03-10T17:15:00,2016-03-10T17:13:00,53,31
http://irail.be/vehicle/IC2837,http://irail.be/stations/NMBS/008891132,IC,2016-03-10T17:18:00,2016-03-10T17:18:00,20,17
http://irail.be/vehicle/IC2837,http://irail.be/stations/NMBS/008891124,IC,2016-03-10T17:20:00,2016-03-10T17:20:00,13,3
http://irail.be/vehicle/IC2837,http://irail.be/stations/NMBS/008891116,IC,2016-03-10T17:23:00,2016-03-10T17:23:00,153,153
http://irail.be/vehicle/IC2837,http://irail.be/stations/NMBS/008891009,IC,2016-03-10T17:29:00,2016-03-10T17:29:00,0,172
http://irail.be/vehicle/IC2837,http://irail.be/stations/NMBS/008819406,IC,2016-05-27T15:59:00,2016-05-27T15:59:00,1061,0
http://irail.be/vehicle/IC2837,http://irail.be/stations/NMBS/008811007,IC,2016-05-27T16:07:00,2016-05-27T16:07:00,1054,1054
http://irail.be/vehicle/IC2837,http://irail.be/stations/NMBS/008812005,IC,2016-05-27T16:12:00,2016-05-27T16:10:00,1071,1063
http://irail.be/vehicle/IC2837,http://irail.be/stations/NMBS/008813045,IC,2016-05-27T16:14:00,2016-05-27T16:14:00,1093,1093
http://irail.be/vehicle/IC2837,http://irail.be/stations/NMBS/008813003,IC,2016-05-27T16:16:00,2016-05-27T16:15:00,1214,1165
http://irail.be/vehicle/IC2837,http://irail.be/stations/NMBS/008813037,IC,2016-05-27T16:18:00,2016-05-27T16:18:00,1186,1186
http://irail.be/vehicle/IC2837,http://irail.be/stations/NMBS/008814001,IC,2016-05-27T16:22:00,2016-05-27T16:20:00,1445,1256
http://irail.be/vehicle/IC2837,http://irail.be/stations/NMBS/008892007,IC,2016-05-27T17:00:00,2016-05-27T16:53:00,1251,1499
http://irail.be/vehicle/IC2837,http://irail.be/stations/NMBS/008892031,IC,2016-05-27T17:03:00,2016-05-27T17:03:00,1457,1457
http://irail.be/vehicle/IC2837,http://irail.be/stations/NMBS/008892056,IC,2016-05-27T17:07:00,2016-05-27T17:07:00,1777,1440
http://irail.be/vehicle/IC2837,http://irail.be/stations/NMBS/008891165,IC,2016-05-27T17:08:00,2016-05-27T17:08:00,2018,1777
http://irail.be/vehicle/IC2837,http://irail.be/stations/NMBS/008891157,IC,2016-05-27T17:10:00,2016-05-27T17:10:00,2110,1997
http://irail.be/vehicle/IC2837,http://irail.be/stations/NMBS/008891140,IC,2016-05-27T17:15:00,2016-05-27T17:13:00,2091,2093
http://irail.be/vehicle/IC2837,http://irail.be/stations/NMBS/008891132,IC,2016-05-27T17:18:00,2016-05-27T17:18:00,2202,2073
http://irail.be/vehicle/IC2837,http://irail.be/stations/NMBS/008891124,IC,2016-05-27T17:20:00,2016-05-27T17:20:00,2372,2216
http://irail.be/vehicle/IC2837,http://irail.be/stations/NMBS/008891116,IC,2016-05-27T17:23:00,2016-05-27T17:23:00,2353,2353
http://irail.be/vehicle/IC2837,http://irail.be/stations/NMBS/008891009,IC,2016-05-27T17:29:00,2016-05-27T17:29:00,0,2525
http://irail.be/vehicle/IC2837,http://irail.be/stations/NMBS/008811007,IC,2016-04-20T16:07:00,2016-04-20T16:07:00,12,0
http://irail.be/vehicle/IC2837,http://irail.be/stations/NMBS/008812005,IC,2016-04-20T16:12:00,2016-04-20T16:10:00,125,150
http://irail.be/vehicle/IC2837,http://irail.be/stations/NMBS/008813045,IC,2016-04-20T16:14:00,2016-04-20T16:14:00,120,122
http://irail.be/vehicle/IC2837,http://irail.be/stations/NMBS/008813003,IC,2016-04-20T16:16:00,2016-04-20T16:15:00,176,147
http://irail.be/vehicle/IC2837,http://irail.be/stations/NMBS/008813037,IC,2016-04-20T16:17:00,2016-04-20T16:17:00,192,176
http://irail.be/vehicle/IC2837,http://irail.be/stations/NMBS/008814001,IC,2016-04-20T16:22:00,2016-04-20T16:20:00,185,167
http://irail.be/vehicle/IC2837,http://irail.be/stations/NMBS/008892007,IC,2016-04-20T17:00:00,2016-04-20T16:53:00,20,137
http://irail.be/vehicle/IC2837,http://irail.be/stations/NMBS/008892031,IC,2016-04-20T17:03:00,2016-04-20T17:03:00,42,-10
http://irail.be/vehicle/IC2837,http://irail.be/stations/NMBS/008892056,IC,2016-04-20T17:07:00,2016-04-20T17:07:00,-48,-58
http://irail.be/vehicle/IC2837,http://irail.be/stations/NMBS/008891165,IC,2016-04-20T17:09:00,2016-04-20T17:09:00,-72,-48
http://irail.be/vehicle/IC2837,http://irail.be/stations/NMBS/008891157,IC,2016-04-20T17:10:00,2016-04-20T17:10:00,-31,-48
http://irail.be/vehicle/IC2837,http://irail.be/stations/NMBS/008891140,IC,2016-04-20T17:15:00,2016-04-20T17:13:00,62,-58
http://irail.be/vehicle/IC2837,http://irail.be/stations/NMBS/008891132,IC,2016-04-20T17:18:00,2016-04-20T17:18:00,29,25
http://irail.be/vehicle/IC2837,http://irail.be/stations/NMBS/008891124,IC,2016-04-20T17:20:00,2016-04-20T17:20:00,23,12
http://irail.be/vehicle/IC2837,http://irail.be/stations/NMBS/008891116,IC,2016-04-20T17:23:00,2016-04-20T17:23:00,0,0
http://irail.be/vehicle/IC2837,http://irail.be/stations/NMBS/008891009,IC,2016-04-20T17:29:00,2016-04-20T17:29:00,0,67
http://irail.be/vehicle/IC2837,http://irail.be/stations/NMBS/008819406,IC,2016-09-29T15:59:00,2016-09-29T15:59:00,45,
http://irail.be/vehicle/IC2837,http://irail.be/stations/NMBS/008811007,IC,2016-09-29T16:07:00,2016-09-29T16:07:00,28,28
http://irail.be/vehicle/IC2837,http://irail.be/stations/NMBS/008812005,IC,2016-09-29T16:12:00,2016-09-29T16:10:00,-3,47
http://irail.be/vehicle/IC2837,http://irail.be/stations/NMBS/008813045,IC,2016-09-29T16:14:00,2016-09-29T16:14:00,4,4
http://irail.be/vehicle/IC2837,http://irail.be/stations/NMBS/008813003,IC,2016-09-29T16:16:00,2016-09-29T16:15:00,59,37
http://irail.be/vehicle/IC2837,http://irail.be/stations/NMBS/008813037,IC,2016-09-29T16:17:00,2016-09-29T16:17:00,18,18
http://irail.be/vehicle/IC2837,http://irail.be/stations/NMBS/008814001,IC,2016-09-29T16:22:00,2016-09-29T16:20:00,217,162
http://irail.be/vehicle/IC2837,http://irail.be/stations/NMBS/008892007,IC,2016-09-29T17:00:00,2016-09-29T16:53:00,40,16
http://irail.be/vehicle/IC2837,http://irail.be/stations/NMBS/008892031,IC,2016-09-29T17:03:00,2016-09-29T17:03:00,107,107
http://irail.be/vehicle/IC2837,http://irail.be/stations/NMBS/008892056,IC,2016-09-29T17:07:00,2016-09-29T17:07:00,43,43
http://irail.be/vehicle/IC2837,http://irail.be/stations/NMBS/008891165,IC,2016-09-29T17:09:00,2016-09-29T17:09:00,80,80
http://irail.be/vehicle/IC2837,http://irail.be/stations/NMBS/008891157,IC,2016-09-29T17:10:00,2016-09-29T17:10:00,57,57
http://irail.be/vehicle/IC2837,http://irail.be/stations/NMBS/008891140,IC,2016-09-29T17:15:00,2016-09-29T17:13:00,81,19
http://irail.be/vehicle/IC2837,http://irail.be/stations/NMBS/008891132,IC,2016-09-29T17:18:00,2016-09-29T17:18:00,98,98
http://irail.be/vehicle/IC2837,http://irail.be/stations/NMBS/008891124,IC,2016-09-29T17:20:00,2016-09-29T17:20:00,107,107
http://irail.be/vehicle/IC2837,http://irail.be/stations/NMBS/008891116,IC,2016-09-29T17:23:00,2016-09-29T17:23:00,90,90
http://irail.be/vehicle/IC2837,http://irail.be/stations/NMBS/008891009,IC,2016-09-29T17:29:00,2016-09-29T17:29:00,,103
http://irail.be/vehicle/IC2837,http://irail.be/stations/NMBS/008819406,IC,2016-11-19T15:57:00,2016-11-19T15:57:00,43,
http://irail.be/vehicle/IC2837,http://irail.be/stations/NMBS/008811007,IC,2016-11-19T16:04:00,2016-11-19T16:04:00,50,50
http://irail.be/vehicle/IC2837,http://irail.be/stations/NMBS/008812005,IC,2016-11-19T16:09:00,2016-11-19T16:07:00,103,42
http://irail.be/vehicle/IC2837,http://irail.be/stations/NMBS/008813045,IC,2016-11-19T16:11:00,2016-11-19T16:11:00,103,103
http://irail.be/vehicle/IC2837,http://irail.be/stations/NMBS/008813003,IC,2016-11-19T16:13:00,2016-11-19T16:12:00,147,125
http://irail.be/vehicle/IC2837,http://irail.be/stations/NMBS/008813037,IC,2016-11-19T16:14:00,2016-11-19T16:14:00,147,147
http://irail.be/vehicle/IC2837,http://irail.be/stations/NMBS/008814001,IC,2016-11-19T16:21:00,2016-11-19T16:17:00,49,147
http://irail.be/vehicle/IC2837,http://irail.be/stations/NMBS/008892007,IC,2016-11-19T16:50:00,2016-11-19T16:50:00,,-63
http://irail.be/vehicle/IC2837,http://irail.be/stations/NMBS/008819406,IC,2016-12-14T15:59:00,2016-12-14T15:59:00,-1,
http://irail.be/vehicle/IC2837,http://irail.be/stations/NMBS/008811007,IC,2016-12-14T16:07:00,2016-12-14T16:07:00,81,81
http://irail.be/vehicle/IC2837,http://irail.be/stations/NMBS/008812005,IC,2016-12-14T16:12:00,2016-12-14T16:10:00,96,125
http://irail.be/vehicle/IC2837,http://irail.be/stations/NMBS/008813045,IC,2016-12-14T16:14:00,2016-12-14T16:14:00,99,99
http://irail.be/vehicle/IC2837,http://irail.be/stations/NMBS/008813003,IC,2016-12-14T16:16:00,2016-12-14T16:15:00,441,409
http://irail.be/vehicle/IC2837,http://irail.be/stations/NMBS/008813037,IC,2016-12-14T16:18:00,2016-12-14T16:18:00,441,441
http://irail.be/vehicle/IC2837,http://irail.be/stations/NMBS/008814001,IC,2016-12-14T16:22:00,2016-12-14T16:20:00,383,454
http://irail.be/vehicle/IC2837,http://irail.be/stations/NMBS/008892007,IC,2016-12-14T17:00:00,2016-12-14T16:53:00,15,215
http://irail.be/vehicle/IC2837,http://irail.be/stations/NMBS/008892031,IC,2016-12-14T17:03:00,2016-12-14T17:03:00,14,14
http://irail.be/vehicle/IC2837,http://irail.be/stations/NMBS/008892056,IC,2016-12-14T17:07:00,2016-12-14T17:07:00,-16,-16
http://irail.be/vehicle/IC2837,http://irail.be/stations/NMBS/008891165,IC,2016-12-14T17:08:00,2016-12-14T17:08:00,-31,-31
http://irail.be/vehicle/IC2837,http://irail.be/stations/NMBS/008891157,IC,2016-12-14T17:10:00,2016-12-14T17:10:00,-9,-9
http://irail.be/vehicle/IC2837,http://irail.be/stations/NMBS/008891140,IC,2016-12-14T17:15:00,2016-12-14T17:13:00,85,-25
http://irail.be/vehicle/IC2837,http://irail.be/stations/NMBS/008891132,IC,2016-12-14T17:18:00,2016-12-14T17:18:00,48,48
http://irail.be/vehicle/IC2837,http://irail.be/stations/NMBS/008891124,IC,2016-12-14T17:20:00,2016-12-14T17:20:00,64,64
http://irail.be/vehicle/IC2837,http://irail.be/stations/NMBS/008891116,IC,2016-12-14T17:23:00,2016-12-14T17:23:00,67,67
http://irail.be/vehicle/IC2837,http://irail.be/stations/NMBS/008891009,IC,2016-12-14T17:29:00,2016-12-14T17:29:00,,15
http://irail.be/vehicle/IC2837,http://irail.be/stations/NMBS/008819406,IC,2016-05-23T15:59:00,2016-05-23T15:59:00,296,0
http://irail.be/vehicle/IC2837,http://irail.be/stations/NMBS/008811007,IC,2016-05-23T16:07:00,2016-05-23T16:07:00,236,210
http://irail.be/vehicle/IC2837,http://irail.be/stations/NMBS/008812005,IC,2016-05-23T16:12:00,2016-05-23T16:10:00,263,247
http://irail.be/vehicle/IC2837,http://irail.be/stations/NMBS/008813045,IC,2016-05-23T16:14:00,2016-05-23T16:14:00,266,264
http://irail.be/vehicle/IC2837,http://irail.be/stations/NMBS/008813003,IC,2016-05-23T16:16:00,2016-05-23T16:15:00,324,289
http://irail.be/vehicle/IC2837,http://irail.be/stations/NMBS/008813037,IC,2016-05-23T16:18:00,2016-05-23T16:18:00,275,324
http://irail.be/vehicle/IC2837,http://irail.be/stations/NMBS/008814001,IC,2016-05-23T16:22:00,2016-05-23T16:20:00,300,295
http://irail.be/vehicle/IC2837,http://irail.be/stations/NMBS/008892007,IC,2016-05-23T17:00:00,2016-05-23T16:53:00,29,15
http://irail.be/vehicle/IC2837,http://irail.be/stations/NMBS/008892031,IC,2016-05-23T17:03:00,2016-05-23T17:03:00,15,-21
http://irail.be/vehicle/IC2837,http://irail.be/stations/NMBS/008892056,IC,2016-05-23T17:07:00,2016-05-23T17:07:00,-88,-91
http://irail.be/vehicle/IC2837,http://irail.be/stations/NMBS/008891165,IC,2016-05-23T17:08:00,2016-05-23T17:08:00,-72,-88
http://irail.be/vehicle/IC2837,http://irail.be/stations/NMBS/008891157,IC,2016-05-23T17:10:00,2016-05-23T17:10:00,-118,-120
http://irail.be/vehicle/IC2837,http://irail.be/stations/NMBS/008891140,IC,2016-05-23T17:15:00,2016-05-23T17:13:00,62,-70
http://irail.be/vehicle/IC2837,http://irail.be/stations/NMBS/008891132,IC,2016-05-23T17:18:00,2016-05-23T17:18:00,28,26
http://irail.be/vehicle/IC2837,http://irail.be/stations/NMBS/008891124,IC,2016-05-23T17:20:00,2016-05-23T17:20:00,19,8
http://irail.be/vehicle/IC2837,http://irail.be/stations/NMBS/008891116,IC,2016-05-23T17:23:00,2016-05-23T17:23:00,-1,-1
http://irail.be/vehicle/IC2837,http://irail.be/stations/NMBS/008891009,IC,2016-05-23T17:29:00,2016-05-23T17:29:00,0,67
http://irail.be/vehicle/IC2837,http://irail.be/stations/NMBS/008819406,IC,2016-11-29T15:59:00,2016-11-29T15:59:00,17,
http://irail.be/vehicle/IC2837,http://irail.be/stations/NMBS/008811007,IC,2016-11-29T16:07:00,2016-11-29T16:07:00,53,53
http://irail.be/vehicle/IC2837,http://irail.be/stations/NMBS/008812005,IC,2016-11-29T16:12:00,2016-11-29T16:10:00,54,41
http://irail.be/vehicle/IC2837,http://irail.be/stations/NMBS/008813045,IC,2016-11-29T16:14:00,2016-11-29T16:14:00,64,64
http://irail.be/vehicle/IC2837,http://irail.be/stations/NMBS/008813003,IC,2016-11-29T16:16:00,2016-11-29T16:15:00,162,99
http://irail.be/vehicle/IC2837,http://irail.be/stations/NMBS/008813037,IC,2016-11-29T16:18:00,2016-11-29T16:18:00,162,162
http://irail.be/vehicle/IC2837,http://irail.be/stations/NMBS/008814001,IC,2016-11-29T16:22:00,2016-11-29T16:20:00,202,195
http://irail.be/vehicle/IC2837,http://irail.be/stations/NMBS/008892007,IC,2016-11-29T17:00:00,2016-11-29T16:53:00,683,318
http://irail.be/vehicle/IC2837,http://irail.be/stations/NMBS/008892031,IC,2016-11-29T17:03:00,2016-11-29T17:03:00,847,847
http://irail.be/vehicle/IC2837,http://irail.be/stations/NMBS/008892056,IC,2016-11-29T17:07:00,2016-11-29T17:07:00,797,797
http://irail.be/vehicle/IC2837,http://irail.be/stations/NMBS/008891165,IC,2016-11-29T17:08:00,2016-11-29T17:08:00,768,768
http://irail.be/vehicle/IC2837,http://irail.be/stations/NMBS/008891157,IC,2016-11-29T17:10:00,2016-11-29T17:10:00,837,837
http://irail.be/vehicle/IC2837,http://irail.be/stations/NMBS/008891140,IC,2016-11-29T17:15:00,2016-11-29T17:13:00,1026,998
http://irail.be/vehicle/IC2837,http://irail.be/stations/NMBS/008891132,IC,2016-11-29T17:18:00,2016-11-29T17:18:00,975,975
http://irail.be/vehicle/IC2837,http://irail.be/stations/NMBS/008891124,IC,2016-11-29T17:20:00,2016-11-29T17:20:00,985,985
http://irail.be/vehicle/IC2837,http://irail.be/stations/NMBS/008891116,IC,2016-11-29T17:23:00,2016-11-29T17:23:00,1187,1187
http://irail.be/vehicle/IC2837,http://irail.be/stations/NMBS/008891009,IC,2016-11-29T17:29:00,2016-11-29T17:29:00,,1201
http://irail.be/vehicle/IC2837,http://irail.be/stations/NMBS/008819406,IC,2016-12-10T15:57:00,2016-12-10T15:57:00,-13,
http://irail.be/vehicle/IC2837,http://irail.be/stations/NMBS/008811007,IC,2016-12-10T16:04:00,2016-12-10T16:04:00,22,22
http://irail.be/vehicle/IC2837,http://irail.be/stations/NMBS/008812005,IC,2016-12-10T16:09:00,2016-12-10T16:07:00,79,46
http://irail.be/vehicle/IC2837,http://irail.be/stations/NMBS/008813045,IC,2016-12-10T16:11:00,2016-12-10T16:11:00,76,76
http://irail.be/vehicle/IC2837,http://irail.be/stations/NMBS/008813003,IC,2016-12-10T16:13:00,2016-12-10T16:12:00,154,111
http://irail.be/vehicle/IC2837,http://irail.be/stations/NMBS/008813037,IC,2016-12-10T16:14:00,2016-12-10T16:14:00,154,154
http://irail.be/vehicle/IC2837,http://irail.be/stations/NMBS/008814001,IC,2016-12-10T16:21:00,2016-12-10T16:17:00,79,151
http://irail.be/vehicle/IC2837,http://irail.be/stations/NMBS/008892007,IC,2016-12-10T16:50:00,2016-12-10T16:50:00,,-1
http://irail.be/vehicle/IC2837,http://irail.be/stations/NMBS/008819406,IC,2016-08-16T15:59:00,2016-08-16T15:59:00,7,
http://irail.be/vehicle/IC2837,http://irail.be/stations/NMBS/008811007,IC,2016-08-16T16:07:00,2016-08-16T16:07:00,327,327
http://irail.be/vehicle/IC2837,http://irail.be/stations/NMBS/008812005,IC,2016-08-16T16:12:00,2016-08-16T16:10:00,312,350
http://irail.be/vehicle/IC2837,http://irail.be/stations/NMBS/008813045,IC,2016-08-16T16:14:00,2016-08-16T16:14:00,315,315
http://irail.be/vehicle/IC2837,http://irail.be/stations/NMBS/008813003,IC,2016-08-16T16:16:00,2016-08-16T16:15:00,428,389
http://irail.be/vehicle/IC2837,http://irail.be/stations/NMBS/008813037,IC,2016-08-16T16:18:00,2016-08-16T16:18:00,384,384
http://irail.be/vehicle/IC2837,http://irail.be/stations/NMBS/008814001,IC,2016-08-16T16:22:00,2016-08-16T16:20:00,423,413
http://irail.be/vehicle/IC2837,http://irail.be/stations/NMBS/008892007,IC,2016-08-16T17:00:00,2016-08-16T16:53:00,17,199
http://irail.be/vehicle/IC2837,http://irail.be/stations/NMBS/008892031,IC,2016-08-16T17:03:00,2016-08-16T17:03:00,31,31
http://irail.be/vehicle/IC2837,http://irail.be/stations/NMBS/008892056,IC,2016-08-16T17:07:00,2016-08-16T17:07:00,-36,-36
http://irail.be/vehicle/IC2837,http://irail.be/stations/NMBS/008891165,IC,2016-08-16T17:08:00,2016-08-16T17:08:00,7,7
http://irail.be/vehicle/IC2837,http://irail.be/stations/NMBS/008891157,IC,2016-08-16T17:10:00,2016-08-16T17:10:00,-4,-4
http://irail.be/vehicle/IC2837,http://irail.be/stations/NMBS/008891140,IC,2016-08-16T17:15:00,2016-08-16T17:13:00,49,-40
http://irail.be/vehicle/IC2837,http://irail.be/stations/NMBS/008891132,IC,2016-08-16T17:18:00,2016-08-16T17:18:00,34,34
http://irail.be/vehicle/IC2837,http://irail.be/stations/NMBS/008891124,IC,2016-08-16T17:20:00,2016-08-16T17:20:00,45,45
http://irail.be/vehicle/IC2837,http://irail.be/stations/NMBS/008891116,IC,2016-08-16T17:23:00,2016-08-16T17:23:00,27,27
http://irail.be/vehicle/IC2837,http://irail.be/stations/NMBS/008891009,IC,2016-08-16T17:29:00,2016-08-16T17:29:00,,12
http://irail.be/vehicle/IC2837,NO-URI,IC,2016-03-12T15:57:00,2016-03-12T15:57:00,39,0
http://irail.be/vehicle/IC2837,http://irail.be/stations/NMBS/008811007,IC,2016-03-12T16:04:00,2016-03-12T16:04:00,31,5
http://irail.be/vehicle/IC2837,http://irail.be/stations/NMBS/008812005,IC,2016-03-12T16:09:00,2016-03-12T16:07:00,18,34
http://irail.be/vehicle/IC2837,http://irail.be/stations/NMBS/008813045,IC,2016-03-12T16:11:00,2016-03-12T16:11:00,13,13
http://irail.be/vehicle/IC2837,http://irail.be/stations/NMBS/008813003,IC,2016-03-12T16:13:00,2016-03-12T16:12:00,200,167
http://irail.be/vehicle/IC2837,http://irail.be/stations/NMBS/008813037,IC,2016-03-12T16:14:00,2016-03-12T16:14:00,272,200
http://irail.be/vehicle/IC2837,http://irail.be/stations/NMBS/008814001,IC,2016-03-12T16:21:00,2016-03-12T16:17:00,170,233
http://irail.be/vehicle/IC2837,http://irail.be/stations/NMBS/008892007,IC,2016-03-12T16:50:00,2016-03-12T16:50:00,0,153
http://irail.be/vehicle/IC2837,http://irail.be/stations/NMBS/008819406,IC,2016-12-17T15:56:00,2016-12-17T15:56:00,119,
http://irail.be/vehicle/IC2837,http://irail.be/stations/NMBS/008811007,IC,2016-12-17T16:03:00,2016-12-17T16:03:00,133,133
http://irail.be/vehicle/IC2837,http://irail.be/stations/NMBS/008812005,IC,2016-12-17T16:09:00,2016-12-17T16:06:00,115,116
http://irail.be/vehicle/IC2837,http://irail.be/stations/NMBS/008813045,IC,2016-12-17T16:11:00,2016-12-17T16:11:00,103,103
http://irail.be/vehicle/IC2837,http://irail.be/stations/NMBS/008813003,IC,2016-12-17T16:13:00,2016-12-17T16:12:00,269,203
http://irail.be/vehicle/IC2837,http://irail.be/stations/NMBS/008813037,IC,2016-12-17T16:14:00,2016-12-17T16:14:00,269,269
http://irail.be/vehicle/IC2837,http://irail.be/stations/NMBS/008814001,IC,2016-12-17T16:21:00,2016-12-17T16:17:00,125,269
http://irail.be/vehicle/IC2837,http://irail.be/stations/NMBS/008892007,IC,2016-12-17T16:50:00,2016-12-17T16:50:00,,-11
http://irail.be/vehicle/IC2837,http://irail.be/stations/NMBS/008819406,IC,2016-05-07T15:57:00,2016-05-07T15:57:00,633,0
http://irail.be/vehicle/IC2837,http://irail.be/stations/NMBS/008811007,IC,2016-05-07T16:04:00,2016-05-07T16:04:00,625,596
http://irail.be/vehicle/IC2837,http://irail.be/stations/NMBS/008812005,IC,2016-05-07T16:09:00,2016-05-07T16:07:00,549,616
http://irail.be/vehicle/IC2837,http://irail.be/stations/NMBS/008813045,IC,2016-05-07T16:11:00,2016-05-07T16:11:00,543,545
http://irail.be/vehicle/IC2837,http://irail.be/stations/NMBS/008813003,IC,2016-05-07T16:13:00,2016-05-07T16:12:00,566,572
http://irail.be/vehicle/IC2837,http://irail.be/stations/NMBS/008813037,IC,2016-05-07T16:15:00,2016-05-07T16:15:00,518,566
http://irail.be/vehicle/IC2837,http://irail.be/stations/NMBS/008814001,IC,2016-05-07T16:21:00,2016-05-07T16:17:00,505,542
http://irail.be/vehicle/IC2837,http://irail.be/stations/NMBS/008815040,IC,2016-05-07T16:27:00,2016-05-07T16:27:00,405,410
http://irail.be/vehicle/IC2837,http://irail.be/stations/NMBS/008812013,IC,2016-05-07T16:30:00,2016-05-07T16:30:00,288,288
http://irail.be/vehicle/IC2837,http://irail.be/stations/NMBS/008815016,IC,2016-05-07T16:31:00,2016-05-07T16:31:00,288,288
http://irail.be/vehicle/IC2837,http://irail.be/stations/NMBS/008812047,IC,2016-05-07T16:34:00,2016-05-07T16:34:00,277,266
http://irail.be/vehicle/IC2837,http://irail.be/stations/NMBS/008812211,IC,2016-05-07T16:37:00,2016-05-07T16:37:00,277,277
http://irail.be/vehicle/IC2837,http://irail.be/stations/NMBS/008812229,IC,2016-05-07T16:38:00,2016-05-07T16:38:00,277,277
http://irail.be/vehicle/IC2837,http://irail.be/stations/NMBS/008812237,IC,2016-05-07T16:40:00,2016-05-07T16:40:00,277,277
http://irail.be/vehicle/IC2837,http://irail.be/stations/NMBS/008812245,IC,2016-05-07T16:42:00,2016-05-07T16:42:00,90,86
http://irail.be/vehicle/IC2837,http://irail.be/stations/NMBS/008812252,IC,2016-05-07T16:45:00,2016-05-07T16:45:00,4,2
http://irail.be/vehicle/IC2837,http://irail.be/stations/NMBS/008812260,IC,2016-05-07T16:49:00,2016-05-07T16:49:00,-116,-116
http://irail.be/vehicle/IC2837,http://irail.be/stations/NMBS/008895836,IC,2016-05-07T16:50:00,2016-05-07T16:50:00,-13,-64
http://irail.be/vehicle/IC2837,http://irail.be/stations/NMBS/008895802,IC,2016-05-07T16:52:00,2016-05-07T16:52:00,81,-24
http://irail.be/vehicle/IC2837,http://irail.be/stations/NMBS/008892007,IC,2016-05-07T17:10:00,2016-05-07T17:10:00,0,1317
http://irail.be/vehicle/IC2837,NO-URI,IC,2016-03-09T15:59:00,2016-03-09T15:59:00,-8,0
http://irail.be/vehicle/IC2837,http://irail.be/stations/NMBS/008811007,IC,2016-03-09T16:07:00,2016-03-09T16:07:00,-53,-100
http://irail.be/vehicle/IC2837,http://irail.be/stations/NMBS/008812005,IC,2016-03-09T16:12:00,2016-03-09T16:10:00,30,67
http://irail.be/vehicle/IC2837,http://irail.be/stations/NMBS/008813045,IC,2016-03-09T16:14:00,2016-03-09T16:14:00,27,29
http://irail.be/vehicle/IC2837,http://irail.be/stations/NMBS/008813003,IC,2016-03-09T16:16:00,2016-03-09T16:15:00,59,52
http://irail.be/vehicle/IC2837,http://irail.be/stations/NMBS/008813037,IC,2016-03-09T16:18:00,2016-03-09T16:18:00,15,59
http://irail.be/vehicle/IC2837,http://irail.be/stations/NMBS/008814001,IC,2016-03-09T16:22:00,2016-03-09T16:20:00,61,51
http://irail.be/vehicle/IC2837,http://irail.be/stations/NMBS/008892007,IC,2016-03-09T17:00:00,2016-03-09T16:53:00,18,-119
http://irail.be/vehicle/IC2837,http://irail.be/stations/NMBS/008892031,IC,2016-03-09T17:03:00,2016-03-09T17:03:00,5,-32
http://irail.be/vehicle/IC2837,http://irail.be/stations/NMBS/008892056,IC,2016-03-09T17:07:00,2016-03-09T17:07:00,-98,-101
http://irail.be/vehicle/IC2837,http://irail.be/stations/NMBS/008891165,IC,2016-03-09T17:08:00,2016-03-09T17:08:00,-83,-98
http://irail.be/vehicle/IC2837,http://irail.be/stations/NMBS/008891157,IC,2016-03-09T17:10:00,2016-03-09T17:10:00,-127,-129
http://irail.be/vehicle/IC2837,http://irail.be/stations/NMBS/008891140,IC,2016-03-09T17:15:00,2016-03-09T17:13:00,57,-9
http://irail.be/vehicle/IC2837,http://irail.be/stations/NMBS/008891132,IC,2016-03-09T17:18:00,2016-03-09T17:18:00,16,14
http://irail.be/vehicle/IC2837,http://irail.be/stations/NMBS/008891124,IC,2016-03-09T17:20:00,2016-03-09T17:20:00,12,1
http://irail.be/vehicle/IC2837,http://irail.be/stations/NMBS/008891116,IC,2016-03-09T17:23:00,2016-03-09T17:23:00,112,112
http://irail.be/vehicle/IC2837,http://irail.be/stations/NMBS/008891009,IC,2016-03-09T17:29:00,2016-03-09T17:29:00,0,93
http://irail.be/vehicle/IC2837,http://irail.be/stations/NMBS/008819406,IC,2016-06-08T15:59:00,2016-06-08T15:59:00,16,0
http://irail.be/vehicle/IC2837,http://irail.be/stations/NMBS/008811007,IC,2016-06-08T16:07:00,2016-06-08T16:07:00,7,-60
http://irail.be/vehicle/IC2837,http://irail.be/stations/NMBS/008812005,IC,2016-06-08T16:12:00,2016-06-08T16:10:00,81,140
http://irail.be/vehicle/IC2837,http://irail.be/stations/NMBS/008813045,IC,2016-06-08T16:14:00,2016-06-08T16:14:00,85,84
http://irail.be/vehicle/IC2837,http://irail.be/stations/NMBS/008813003,IC,2016-06-08T16:16:00,2016-06-08T16:15:00,116,114
http://irail.be/vehicle/IC2837,http://irail.be/stations/NMBS/008813037,IC,2016-06-08T16:18:00,2016-06-08T16:18:00,140,116
http://irail.be/vehicle/IC2837,http://irail.be/stations/NMBS/008814001,IC,2016-06-08T16:22:00,2016-06-08T16:20:00,215,218
http://irail.be/vehicle/IC2837,http://irail.be/stations/NMBS/008892007,IC,2016-06-08T17:00:00,2016-06-08T16:53:00,17,188
http://irail.be/vehicle/IC2837,http://irail.be/stations/NMBS/008892031,IC,2016-06-08T17:03:00,2016-06-08T17:03:00,16,-25
http://irail.be/vehicle/IC2837,http://irail.be/stations/NMBS/008892056,IC,2016-06-08T17:07:00,2016-06-08T17:07:00,-82,-87
http://irail.be/vehicle/IC2837,http://irail.be/stations/NMBS/008891165,IC,2016-06-08T17:08:00,2016-06-08T17:08:00,-61,-82
http://irail.be/vehicle/IC2837,http://irail.be/stations/NMBS/008891157,IC,2016-06-08T17:10:00,2016-06-08T17:10:00,-99,-104
http://irail.be/vehicle/IC2837,http://irail.be/stations/NMBS/008891140,IC,2016-06-08T17:15:00,2016-06-08T17:13:00,53,-102
http://irail.be/vehicle/IC2837,http://irail.be/stations/NMBS/008891132,IC,2016-06-08T17:18:00,2016-06-08T17:18:00,31,28
http://irail.be/vehicle/IC2837,http://irail.be/stations/NMBS/008891124,IC,2016-06-08T17:20:00,2016-06-08T17:20:00,27,17
http://irail.be/vehicle/IC2837,http://irail.be/stations/NMBS/008891116,IC,2016-06-08T17:23:00,2016-06-08T17:23:00,-3,-3
http://irail.be/vehicle/IC2837,http://irail.be/stations/NMBS/008891009,IC,2016-06-08T17:29:00,2016-06-08T17:29:00,0,92
http://irail.be/vehicle/IC2837,http://irail.be/stations/NMBS/008819406,IC,2016-07-05T15:59:00,2016-07-05T15:59:00,50,
http://irail.be/vehicle/IC2837,http://irail.be/stations/NMBS/008811007,IC,2016-07-05T16:07:00,2016-07-05T16:07:00,-12,-12
http://irail.be/vehicle/IC2837,http://irail.be/stations/NMBS/008812005,IC,2016-07-05T16:12:00,2016-07-05T16:10:00,43,68
http://irail.be/vehicle/IC2837,http://irail.be/stations/NMBS/008813045,IC,2016-07-05T16:14:00,2016-07-05T16:14:00,38,38
http://irail.be/vehicle/IC2837,http://irail.be/stations/NMBS/008813003,IC,2016-07-05T16:16:00,2016-07-05T16:15:00,143,109
http://irail.be/vehicle/IC2837,http://irail.be/stations/NMBS/008813037,IC,2016-07-05T16:18:00,2016-07-05T16:18:00,95,95
http://irail.be/vehicle/IC2837,http://irail.be/stations/NMBS/008814001,IC,2016-07-05T16:22:00,2016-07-05T16:20:00,124,132
http://irail.be/vehicle/IC2837,http://irail.be/stations/NMBS/008892007,IC,2016-07-05T17:00:00,2016-07-05T16:53:00,124,415
http://irail.be/vehicle/IC2837,http://irail.be/stations/NMBS/008892031,IC,2016-07-05T17:03:00,2016-07-05T17:03:00,124,124
http://irail.be/vehicle/IC2837,http://irail.be/stations/NMBS/008892056,IC,2016-07-05T17:07:00,2016-07-05T17:07:00,20,20
http://irail.be/vehicle/IC2837,http://irail.be/stations/NMBS/008891165,IC,2016-07-05T17:08:00,2016-07-05T17:08:00,34,34
http://irail.be/vehicle/IC2837,http://irail.be/stations/NMBS/008891157,IC,2016-07-05T17:10:00,2016-07-05T17:10:00,-12,-12
http://irail.be/vehicle/IC2837,http://irail.be/stations/NMBS/008891140,IC,2016-07-05T17:15:00,2016-07-05T17:13:00,74,-40
http://irail.be/vehicle/IC2837,http://irail.be/stations/NMBS/008891132,IC,2016-07-05T17:18:00,2016-07-05T17:18:00,37,37
http://irail.be/vehicle/IC2837,http://irail.be/stations/NMBS/008891124,IC,2016-07-05T17:20:00,2016-07-05T17:20:00,27,27
http://irail.be/vehicle/IC2837,http://irail.be/stations/NMBS/008891116,IC,2016-07-05T17:23:00,2016-07-05T17:23:00,-2,-2
http://irail.be/vehicle/IC2837,http://irail.be/stations/NMBS/008891009,IC,2016-07-05T17:29:00,2016-07-05T17:29:00,,85
http://irail.be/vehicle/IC2837,http://irail.be/stations/NMBS/008819406,IC,2016-04-29T15:59:00,2016-04-29T15:59:00,44,0
http://irail.be/vehicle/IC2837,http://irail.be/stations/NMBS/008811007,IC,2016-04-29T16:07:00,2016-04-29T16:07:00,17,-8
http://irail.be/vehicle/IC2837,http://irail.be/stations/NMBS/008812005,IC,2016-04-29T16:12:00,2016-04-29T16:10:00,47,82
http://irail.be/vehicle/IC2837,http://irail.be/stations/NMBS/008813045,IC,2016-04-29T16:14:00,2016-04-29T16:14:00,74,77
http://irail.be/vehicle/IC2837,http://irail.be/stations/NMBS/008813003,IC,2016-04-29T16:16:00,2016-04-29T16:15:00,217,185
http://irail.be/vehicle/IC2837,http://irail.be/stations/NMBS/008813037,IC,2016-04-29T16:18:00,2016-04-29T16:18:00,173,217
http://irail.be/vehicle/IC2837,http://irail.be/stations/NMBS/008814001,IC,2016-04-29T16:22:00,2016-04-29T16:20:00,157,207
http://irail.be/vehicle/IC2837,http://irail.be/stations/NMBS/008892007,IC,2016-04-29T17:00:00,2016-04-29T16:53:00,104,393
http://irail.be/vehicle/IC2837,http://irail.be/stations/NMBS/008892031,IC,2016-04-29T17:03:00,2016-04-29T17:03:00,210,143
http://irail.be/vehicle/IC2837,http://irail.be/stations/NMBS/008892056,IC,2016-04-29T17:07:00,2016-04-29T17:07:00,128,118
http://irail.be/vehicle/IC2837,http://irail.be/stations/NMBS/008891165,IC,2016-04-29T17:08:00,2016-04-29T17:08:00,164,128
http://irail.be/vehicle/IC2837,http://irail.be/stations/NMBS/008891157,IC,2016-04-29T17:10:00,2016-04-29T17:10:00,143,130
http://irail.be/vehicle/IC2837,http://irail.be/stations/NMBS/008891140,IC,2016-04-29T17:15:00,2016-04-29T17:13:00,81,99
http://irail.be/vehicle/IC2837,http://irail.be/stations/NMBS/008891132,IC,2016-04-29T17:18:00,2016-04-29T17:18:00,56,47
http://irail.be/vehicle/IC2837,http://irail.be/stations/NMBS/008891124,IC,2016-04-29T17:20:00,2016-04-29T17:20:00,80,62
http://irail.be/vehicle/IC2837,http://irail.be/stations/NMBS/008891116,IC,2016-04-29T17:23:00,2016-04-29T17:23:00,86,86
http://irail.be/vehicle/IC2837,http://irail.be/stations/NMBS/008891009,IC,2016-04-29T17:29:00,2016-04-29T17:29:00,0,87
http://irail.be/vehicle/IC2837,http://irail.be/stations/NMBS/008819406,IC,2016-05-12T15:59:00,2016-05-12T15:59:00,82,0
http://irail.be/vehicle/IC2837,http://irail.be/stations/NMBS/008811007,IC,2016-05-12T16:07:00,2016-05-12T16:07:00,36,6
http://irail.be/vehicle/IC2837,http://irail.be/stations/NMBS/008812005,IC,2016-05-12T16:12:00,2016-05-12T16:10:00,43,91
http://irail.be/vehicle/IC2837,http://irail.be/stations/NMBS/008813045,IC,2016-05-12T16:14:00,2016-05-12T16:14:00,42,44
http://irail.be/vehicle/IC2837,http://irail.be/stations/NMBS/008813003,IC,2016-05-12T16:16:00,2016-05-12T16:15:00,99,71
http://irail.be/vehicle/IC2837,http://irail.be/stations/NMBS/008813037,IC,2016-05-12T16:18:00,2016-05-12T16:18:00,53,99
http://irail.be/vehicle/IC2837,http://irail.be/stations/NMBS/008814001,IC,2016-05-12T16:22:00,2016-05-12T16:20:00,165,95
http://irail.be/vehicle/IC2837,http://irail.be/stations/NMBS/008892007,IC,2016-05-12T17:00:00,2016-05-12T16:53:00,17,26
http://irail.be/vehicle/IC2837,http://irail.be/stations/NMBS/008892031,IC,2016-05-12T17:03:00,2016-05-12T17:03:00,39,-20
http://irail.be/vehicle/IC2837,http://irail.be/stations/NMBS/008892056,IC,2016-05-12T17:07:00,2016-05-12T17:07:00,-8,-37
http://irail.be/vehicle/IC2837,http://irail.be/stations/NMBS/008891165,IC,2016-05-12T17:08:00,2016-05-12T17:08:00,41,-8
http://irail.be/vehicle/IC2837,http://irail.be/stations/NMBS/008891157,IC,2016-05-12T17:10:00,2016-05-12T17:10:00,26,9
http://irail.be/vehicle/IC2837,http://irail.be/stations/NMBS/008891140,IC,2016-05-12T17:15:00,2016-05-12T17:13:00,71,-14
http://irail.be/vehicle/IC2837,http://irail.be/stations/NMBS/008891132,IC,2016-05-12T17:18:00,2016-05-12T17:18:00,41,35
http://irail.be/vehicle/IC2837,http://irail.be/stations/NMBS/008891124,IC,2016-05-12T17:20:00,2016-05-12T17:20:00,45,32
http://irail.be/vehicle/IC2837,http://irail.be/stations/NMBS/008891116,IC,2016-05-12T17:23:00,2016-05-12T17:23:00,22,22
http://irail.be/vehicle/IC2837,http://irail.be/stations/NMBS/008891009,IC,2016-05-12T17:29:00,2016-05-12T17:29:00,0,117
http://irail.be/vehicle/IC2837,http://irail.be/stations/NMBS/008819406,IC,2016-07-24T15:57:00,2016-07-24T15:57:00,43,
http://irail.be/vehicle/IC2837,http://irail.be/stations/NMBS/008811007,IC,2016-07-24T16:04:00,2016-07-24T16:04:00,64,64
http://irail.be/vehicle/IC2837,http://irail.be/stations/NMBS/008812005,IC,2016-07-24T16:09:00,2016-07-24T16:07:00,54,73
http://irail.be/vehicle/IC2837,http://irail.be/stations/NMBS/008813045,IC,2016-07-24T16:11:00,2016-07-24T16:11:00,63,63
http://irail.be/vehicle/IC2837,http://irail.be/stations/NMBS/008813003,IC,2016-07-24T16:13:00,2016-07-24T16:12:00,576,91
http://irail.be/vehicle/IC2837,http://irail.be/stations/NMBS/008813037,IC,2016-07-24T16:14:00,2016-07-24T16:14:00,616,616
http://irail.be/vehicle/IC2837,http://irail.be/stations/NMBS/008814001,IC,2016-07-24T16:21:00,2016-07-24T16:17:00,571,601
http://irail.be/vehicle/IC2837,http://irail.be/stations/NMBS/008892007,IC,2016-07-24T16:50:00,2016-07-24T16:50:00,,503
http://irail.be/vehicle/IC2837,http://irail.be/stations/NMBS/008819406,IC,2016-08-31T15:59:00,2016-08-31T15:59:00,9,
http://irail.be/vehicle/IC2837,http://irail.be/stations/NMBS/008811007,IC,2016-08-31T16:07:00,2016-08-31T16:07:00,-53,-53
http://irail.be/vehicle/IC2837,http://irail.be/stations/NMBS/008812005,IC,2016-08-31T16:12:00,2016-08-31T16:10:00,84,114
http://irail.be/vehicle/IC2837,http://irail.be/stations/NMBS/008813045,IC,2016-08-31T16:14:00,2016-08-31T16:14:00,84,84
http://irail.be/vehicle/IC2837,http://irail.be/stations/NMBS/008813003,IC,2016-08-31T16:16:00,2016-08-31T16:15:00,135,114
http://irail.be/vehicle/IC2837,http://irail.be/stations/NMBS/008813037,IC,2016-08-31T16:18:00,2016-08-31T16:18:00,98,98
http://irail.be/vehicle/IC2837,http://irail.be/stations/NMBS/008814001,IC,2016-08-31T16:22:00,2016-08-31T16:20:00,199,151
http://irail.be/vehicle/IC2837,http://irail.be/stations/NMBS/008892007,IC,2016-08-31T17:00:00,2016-08-31T16:53:00,31,15
http://irail.be/vehicle/IC2837,http://irail.be/stations/NMBS/008892031,IC,2016-08-31T17:03:00,2016-08-31T17:03:00,38,38
http://irail.be/vehicle/IC2837,http://irail.be/stations/NMBS/008892056,IC,2016-08-31T17:07:00,2016-08-31T17:07:00,-65,-65
http://irail.be/vehicle/IC2837,http://irail.be/stations/NMBS/008891165,IC,2016-08-31T17:08:00,2016-08-31T17:08:00,-50,-50
http://irail.be/vehicle/IC2837,http://irail.be/stations/NMBS/008891157,IC,2016-08-31T17:10:00,2016-08-31T17:10:00,-95,-95
http://irail.be/vehicle/IC2837,http://irail.be/stations/NMBS/008891140,IC,2016-08-31T17:15:00,2016-08-31T17:13:00,51,-39
http://irail.be/vehicle/IC2837,http://irail.be/stations/NMBS/008891132,IC,2016-08-31T17:18:00,2016-08-31T17:18:00,9,9
http://irail.be/vehicle/IC2837,http://irail.be/stations/NMBS/008891124,IC,2016-08-31T17:20:00,2016-08-31T17:20:00,0,0
http://irail.be/vehicle/IC2837,http://irail.be/stations/NMBS/008891116,IC,2016-08-31T17:23:00,2016-08-31T17:23:00,90,90
http://irail.be/vehicle/IC2837,http://irail.be/stations/NMBS/008891009,IC,2016-08-31T17:29:00,2016-08-31T17:29:00,,89
http://irail.be/vehicle/IC2837,http://irail.be/stations/NMBS/008819406,IC,2016-12-11T15:56:00,2016-12-11T15:56:00,-19,
http://irail.be/vehicle/IC2837,http://irail.be/stations/NMBS/008811007,IC,2016-12-11T16:03:00,2016-12-11T16:03:00,47,47
http://irail.be/vehicle/IC2837,http://irail.be/stations/NMBS/008812005,IC,2016-12-11T16:09:00,2016-12-11T16:06:00,19,36
http://irail.be/vehicle/IC2837,http://irail.be/stations/NMBS/008813045,IC,2016-12-11T16:11:00,2016-12-11T16:11:00,31,31
http://irail.be/vehicle/IC2837,http://irail.be/stations/NMBS/008813003,IC,2016-12-11T16:13:00,2016-12-11T16:12:00,170,131
http://irail.be/vehicle/IC2837,http://irail.be/stations/NMBS/008813037,IC,2016-12-11T16:14:00,2016-12-11T16:14:00,170,170
http://irail.be/vehicle/IC2837,http://irail.be/stations/NMBS/008814001,IC,2016-12-11T16:21:00,2016-12-11T16:17:00,49,187
http://irail.be/vehicle/IC2837,http://irail.be/stations/NMBS/008892007,IC,2016-12-11T16:50:00,2016-12-11T16:50:00,,-76
http://irail.be/vehicle/IC2837,http://irail.be/stations/NMBS/008819406,IC,2016-04-06T15:51:00,2016-04-06T15:51:00,177,0
http://irail.be/vehicle/IC2837,http://irail.be/stations/NMBS/008811007,IC,2016-04-06T16:07:00,2016-04-06T16:07:00,-48,-68
http://irail.be/vehicle/IC2837,http://irail.be/stations/NMBS/008812005,IC,2016-04-06T16:12:00,2016-04-06T16:10:00,49,36
http://irail.be/vehicle/IC2837,http://irail.be/stations/NMBS/008813045,IC,2016-04-06T16:14:00,2016-04-06T16:14:00,46,48
http://irail.be/vehicle/IC2837,http://irail.be/stations/NMBS/008813003,IC,2016-04-06T16:16:00,2016-04-06T16:15:00,104,69
http://irail.be/vehicle/IC2837,http://irail.be/stations/NMBS/008813037,IC,2016-04-06T16:17:00,2016-04-06T16:17:00,118,104
http://irail.be/vehicle/IC2837,http://irail.be/stations/NMBS/008814001,IC,2016-04-06T16:22:00,2016-04-06T16:20:00,116,84
http://irail.be/vehicle/IC2837,http://irail.be/stations/NMBS/008892007,IC,2016-04-06T17:00:00,2016-04-06T16:53:00,27,64
http://irail.be/vehicle/IC2837,http://irail.be/stations/NMBS/008892031,IC,2016-04-06T17:03:00,2016-04-06T17:03:00,87,33
http://irail.be/vehicle/IC2837,http://irail.be/stations/NMBS/008892056,IC,2016-04-06T17:07:00,2016-04-06T17:07:00,-5,-12
http://irail.be/vehicle/IC2837,http://irail.be/stations/NMBS/008891165,IC,2016-04-06T17:09:00,2016-04-06T17:09:00,-47,-5
http://irail.be/vehicle/IC2837,http://irail.be/stations/NMBS/008891157,IC,2016-04-06T17:10:00,2016-04-06T17:10:00,-32,-33
http://irail.be/vehicle/IC2837,http://irail.be/stations/NMBS/008891140,IC,2016-04-06T17:15:00,2016-04-06T17:13:00,51,-71
http://irail.be/vehicle/IC2837,http://irail.be/stations/NMBS/008891132,IC,2016-04-06T17:18:00,2016-04-06T17:18:00,21,19
http://irail.be/vehicle/IC2837,http://irail.be/stations/NMBS/008891124,IC,2016-04-06T17:20:00,2016-04-06T17:20:00,18,6
http://irail.be/vehicle/IC2837,http://irail.be/stations/NMBS/008891116,IC,2016-04-06T17:23:00,2016-04-06T17:23:00,5,5
http://irail.be/vehicle/IC2837,http://irail.be/stations/NMBS/008891009,IC,2016-04-06T17:29:00,2016-04-06T17:29:00,0,52
http://irail.be/vehicle/IC2837,http://irail.be/stations/NMBS/008819406,IC,2016-08-20T15:57:00,2016-08-20T15:57:00,12,
http://irail.be/vehicle/IC2837,http://irail.be/stations/NMBS/008811007,IC,2016-08-20T16:04:00,2016-08-20T16:04:00,132,132
http://irail.be/vehicle/IC2837,http://irail.be/stations/NMBS/008812005,IC,2016-08-20T16:09:00,2016-08-20T16:07:00,166,136
http://irail.be/vehicle/IC2837,http://irail.be/stations/NMBS/008813045,IC,2016-08-20T16:11:00,2016-08-20T16:11:00,170,170
http://irail.be/vehicle/IC2837,http://irail.be/stations/NMBS/008813003,IC,2016-08-20T16:13:00,2016-08-20T16:12:00,273,242
http://irail.be/vehicle/IC2837,http://irail.be/stations/NMBS/008813037,IC,2016-08-20T16:14:00,2016-08-20T16:14:00,284,284
http://irail.be/vehicle/IC2837,http://irail.be/stations/NMBS/008814001,IC,2016-08-20T16:21:00,2016-08-20T16:17:00,209,248
http://irail.be/vehicle/IC2837,http://irail.be/stations/NMBS/008892007,IC,2016-08-20T16:50:00,2016-08-20T16:50:00,,149
http://irail.be/vehicle/IC2837,http://irail.be/stations/NMBS/008819406,IC,2016-06-06T15:59:00,2016-06-06T15:59:00,784,0
http://irail.be/vehicle/IC2837,http://irail.be/stations/NMBS/008811007,IC,2016-06-06T16:07:00,2016-06-06T16:07:00,735,708
http://irail.be/vehicle/IC2837,http://irail.be/stations/NMBS/008812005,IC,2016-06-06T16:12:00,2016-06-06T16:10:00,711,743
http://irail.be/vehicle/IC2837,http://irail.be/stations/NMBS/008813045,IC,2016-06-06T16:14:00,2016-06-06T16:14:00,710,707
http://irail.be/vehicle/IC2837,http://irail.be/stations/NMBS/008813003,IC,2016-06-06T16:16:00,2016-06-06T16:15:00,879,837
http://irail.be/vehicle/IC2837,http://irail.be/stations/NMBS/008813037,IC,2016-06-06T16:18:00,2016-06-06T16:18:00,832,879
http://irail.be/vehicle/IC2837,http://irail.be/stations/NMBS/008814001,IC,2016-06-06T16:22:00,2016-06-06T16:20:00,839,874
http://irail.be/vehicle/IC2837,http://irail.be/stations/NMBS/008892007,IC,2016-06-06T17:00:00,2016-06-06T16:53:00,374,665
http://irail.be/vehicle/IC2837,http://irail.be/stations/NMBS/008892031,IC,2016-06-06T17:03:00,2016-06-06T17:03:00,355,319
http://irail.be/vehicle/IC2837,http://irail.be/stations/NMBS/008892056,IC,2016-06-06T17:07:00,2016-06-06T17:07:00,260,253
http://irail.be/vehicle/IC2837,http://irail.be/stations/NMBS/008891165,IC,2016-06-06T17:08:00,2016-06-06T17:08:00,285,260
http://irail.be/vehicle/IC2837,http://irail.be/stations/NMBS/008891157,IC,2016-06-06T17:10:00,2016-06-06T17:10:00,242,240
http://irail.be/vehicle/IC2837,http://irail.be/stations/NMBS/008891140,IC,2016-06-06T17:15:00,2016-06-06T17:13:00,185,187
http://irail.be/vehicle/IC2837,http://irail.be/stations/NMBS/008891132,IC,2016-06-06T17:18:00,2016-06-06T17:18:00,144,142
http://irail.be/vehicle/IC2837,http://irail.be/stations/NMBS/008891124,IC,2016-06-06T17:20:00,2016-06-06T17:20:00,136,125
http://irail.be/vehicle/IC2837,http://irail.be/stations/NMBS/008891116,IC,2016-06-06T17:23:00,2016-06-06T17:23:00,121,121
http://irail.be/vehicle/IC2837,http://irail.be/stations/NMBS/008891009,IC,2016-06-06T17:29:00,2016-06-06T17:29:00,0,134
http://irail.be/vehicle/IC2837,http://irail.be/stations/NMBS/008819406,IC,2016-12-27T15:59:00,2016-12-27T15:59:00,41,
http://irail.be/vehicle/IC2837,http://irail.be/stations/NMBS/008811007,IC,2016-12-27T16:07:00,2016-12-27T16:07:00,47,47
http://irail.be/vehicle/IC2837,http://irail.be/stations/NMBS/008812005,IC,2016-12-27T16:12:00,2016-12-27T16:10:00,35,69
http://irail.be/vehicle/IC2837,http://irail.be/stations/NMBS/008813045,IC,2016-12-27T16:14:00,2016-12-27T16:14:00,39,39
http://irail.be/vehicle/IC2837,http://irail.be/stations/NMBS/008813003,IC,2016-12-27T16:16:00,2016-12-27T16:15:00,116,69
http://irail.be/vehicle/IC2837,http://irail.be/stations/NMBS/008813037,IC,2016-12-27T16:18:00,2016-12-27T16:18:00,116,116
http://irail.be/vehicle/IC2837,http://irail.be/stations/NMBS/008814001,IC,2016-12-27T16:22:00,2016-12-27T16:20:00,80,142
http://irail.be/vehicle/IC2837,http://irail.be/stations/NMBS/008892007,IC,2016-12-27T17:00:00,2016-12-27T16:53:00,19,-53
http://irail.be/vehicle/IC2837,http://irail.be/stations/NMBS/008892031,IC,2016-12-27T17:03:00,2016-12-27T17:03:00,10,10
http://irail.be/vehicle/IC2837,http://irail.be/stations/NMBS/008892056,IC,2016-12-27T17:07:00,2016-12-27T17:07:00,-40,-40
http://irail.be/vehicle/IC2837,http://irail.be/stations/NMBS/008891165,IC,2016-12-27T17:08:00,2016-12-27T17:08:00,-69,-69
http://irail.be/vehicle/IC2837,http://irail.be/stations/NMBS/008891157,IC,2016-12-27T17:10:00,2016-12-27T17:10:00,-79,-79
http://irail.be/vehicle/IC2837,http://irail.be/stations/NMBS/008891140,IC,2016-12-27T17:15:00,2016-12-27T17:13:00,88,-79
http://irail.be/vehicle/IC2837,http://irail.be/stations/NMBS/008891132,IC,2016-12-27T17:18:00,2016-12-27T17:18:00,42,42
http://irail.be/vehicle/IC2837,http://irail.be/stations/NMBS/008891124,IC,2016-12-27T17:20:00,2016-12-27T17:20:00,37,37
http://irail.be/vehicle/IC2837,http://irail.be/stations/NMBS/008891116,IC,2016-12-27T17:23:00,2016-12-27T17:23:00,143,143
http://irail.be/vehicle/IC2837,http://irail.be/stations/NMBS/008891009,IC,2016-12-27T17:29:00,2016-12-27T17:29:00,,108
http://irail.be/vehicle/IC2837,http://irail.be/stations/NMBS/008819406,IC,2016-10-04T15:59:00,2016-10-04T15:59:00,14,
http://irail.be/vehicle/IC2837,http://irail.be/stations/NMBS/008811007,IC,2016-10-04T16:07:00,2016-10-04T16:07:00,219,219
http://irail.be/vehicle/IC2837,http://irail.be/stations/NMBS/008812005,IC,2016-10-04T16:12:00,2016-10-04T16:10:00,392,370
http://irail.be/vehicle/IC2837,http://irail.be/stations/NMBS/008813045,IC,2016-10-04T16:14:00,2016-10-04T16:14:00,440,440
http://irail.be/vehicle/IC2837,http://irail.be/stations/NMBS/008813003,IC,2016-10-04T16:16:00,2016-10-04T16:15:00,633,564
http://irail.be/vehicle/IC2837,http://irail.be/stations/NMBS/008813037,IC,2016-10-04T16:18:00,2016-10-04T16:18:00,731,731
http://irail.be/vehicle/IC2837,http://irail.be/stations/NMBS/008814001,IC,2016-10-04T16:22:00,2016-10-04T16:20:00,995,827
http://irail.be/vehicle/IC2837,http://irail.be/stations/NMBS/008892007,IC,2016-10-04T17:00:00,2016-10-04T16:53:00,573,847
http://irail.be/vehicle/IC2837,http://irail.be/stations/NMBS/008892031,IC,2016-10-04T17:03:00,2016-10-04T17:03:00,573,573
http://irail.be/vehicle/IC2837,http://irail.be/stations/NMBS/008892056,IC,2016-10-04T17:07:00,2016-10-04T17:07:00,470,470
http://irail.be/vehicle/IC2837,http://irail.be/stations/NMBS/008891165,IC,2016-10-04T17:08:00,2016-10-04T17:08:00,485,485
http://irail.be/vehicle/IC2837,http://irail.be/stations/NMBS/008891157,IC,2016-10-04T17:10:00,2016-10-04T17:10:00,438,438
http://irail.be/vehicle/IC2837,http://irail.be/stations/NMBS/008891140,IC,2016-10-04T17:15:00,2016-10-04T17:13:00,387,391
http://irail.be/vehicle/IC2837,http://irail.be/stations/NMBS/008891132,IC,2016-10-04T17:18:00,2016-10-04T17:18:00,351,351
http://irail.be/vehicle/IC2837,http://irail.be/stations/NMBS/008891124,IC,2016-10-04T17:20:00,2016-10-04T17:20:00,342,342
http://irail.be/vehicle/IC2837,http://irail.be/stations/NMBS/008891116,IC,2016-10-04T17:23:00,2016-10-04T17:23:00,313,313
http://irail.be/vehicle/IC2837,http://irail.be/stations/NMBS/008891009,IC,2016-10-04T17:29:00,2016-10-04T17:29:00,,314
http://irail.be/vehicle/IC2837,http://irail.be/stations/NMBS/008819406,IC,2016-04-04T15:51:00,2016-04-04T15:51:00,286,0
http://irail.be/vehicle/IC2837,http://irail.be/stations/NMBS/008811007,IC,2016-04-04T16:07:00,2016-04-04T16:07:00,-55,-95
http://irail.be/vehicle/IC2837,http://irail.be/stations/NMBS/008812005,IC,2016-04-04T16:12:00,2016-04-04T16:10:00,59,-29
http://irail.be/vehicle/IC2837,http://irail.be/stations/NMBS/008813045,IC,2016-04-04T16:14:00,2016-04-04T16:14:00,63,62
http://irail.be/vehicle/IC2837,http://irail.be/stations/NMBS/008813003,IC,2016-04-04T16:16:00,2016-04-04T16:15:00,201,179
http://irail.be/vehicle/IC2837,http://irail.be/stations/NMBS/008813037,IC,2016-04-04T16:17:00,2016-04-04T16:17:00,219,201
http://irail.be/vehicle/IC2837,http://irail.be/stations/NMBS/008814001,IC,2016-04-04T16:22:00,2016-04-04T16:20:00,211,192
http://irail.be/vehicle/IC2837,http://irail.be/stations/NMBS/008892007,IC,2016-04-04T17:00:00,2016-04-04T16:53:00,19,154
http://irail.be/vehicle/IC2837,http://irail.be/stations/NMBS/008892031,IC,2016-04-04T17:03:00,2016-04-04T17:03:00,34,-13
http://irail.be/vehicle/IC2837,http://irail.be/stations/NMBS/008892056,IC,2016-04-04T17:07:00,2016-04-04T17:07:00,-44,-59
http://irail.be/vehicle/IC2837,http://irail.be/stations/NMBS/008891165,IC,2016-04-04T17:09:00,2016-04-04T17:09:00,-62,-44
http://irail.be/vehicle/IC2837,http://irail.be/stations/NMBS/008891157,IC,2016-04-04T17:10:00,2016-04-04T17:10:00,-14,-34
http://irail.be/vehicle/IC2837,http://irail.be/stations/NMBS/008891140,IC,2016-04-04T17:15:00,2016-04-04T17:13:00,59,-27
http://irail.be/vehicle/IC2837,http://irail.be/stations/NMBS/008891132,IC,2016-04-04T17:18:00,2016-04-04T17:18:00,53,45
http://irail.be/vehicle/IC2837,http://irail.be/stations/NMBS/008891124,IC,2016-04-04T17:20:00,2016-04-04T17:20:00,69,54
http://irail.be/vehicle/IC2837,http://irail.be/stations/NMBS/008891116,IC,2016-04-04T17:23:00,2016-04-04T17:23:00,49,49
http://irail.be/vehicle/IC2837,http://irail.be/stations/NMBS/008891009,IC,2016-04-04T17:29:00,2016-04-04T17:29:00,0,27
http://irail.be/vehicle/IC2837,NO-URI,IC,2016-01-25T15:59:00,2016-01-25T15:59:00,12,0
http://irail.be/vehicle/IC2837,http://irail.be/stations/NMBS/008811007,IC,2016-01-25T16:07:00,2016-01-25T16:07:00,-2,-34
http://irail.be/vehicle/IC2837,http://irail.be/stations/NMBS/008812005,IC,2016-01-25T16:12:00,2016-01-25T16:10:00,80,72
http://irail.be/vehicle/IC2837,http://irail.be/stations/NMBS/008813045,IC,2016-01-25T16:14:00,2016-01-25T16:14:00,90,92
http://irail.be/vehicle/IC2837,http://irail.be/stations/NMBS/008813003,IC,2016-01-25T16:16:00,2016-01-25T16:15:00,152,112
http://irail.be/vehicle/IC2837,http://irail.be/stations/NMBS/008813037,IC,2016-01-25T16:17:00,2016-01-25T16:17:00,180,152
http://irail.be/vehicle/IC2837,http://irail.be/stations/NMBS/008814001,IC,2016-01-25T16:22:00,2016-01-25T16:20:00,198,198
http://irail.be/vehicle/IC2837,http://irail.be/stations/NMBS/008892007,IC,2016-01-25T17:00:00,2016-01-25T16:55:00,29,69
http://irail.be/vehicle/IC2837,http://irail.be/stations/NMBS/008892031,IC,2016-01-25T17:04:00,2016-01-25T17:04:00,31,20
http://irail.be/vehicle/IC2837,http://irail.be/stations/NMBS/008892056,IC,2016-01-25T17:07:00,2016-01-25T17:07:00,55,25
http://irail.be/vehicle/IC2837,http://irail.be/stations/NMBS/008891165,IC,2016-01-25T17:08:00,2016-01-25T17:08:00,221,55
http://irail.be/vehicle/IC2837,http://irail.be/stations/NMBS/008891157,IC,2016-01-25T17:11:00,2016-01-25T17:11:00,217,169
http://irail.be/vehicle/IC2837,http://irail.be/stations/NMBS/008891140,IC,2016-01-25T17:15:00,2016-01-25T17:13:00,273,258
http://irail.be/vehicle/IC2837,http://irail.be/stations/NMBS/008891132,IC,2016-01-25T17:18:00,2016-01-25T17:18:00,238,237
http://irail.be/vehicle/IC2837,http://irail.be/stations/NMBS/008891124,IC,2016-01-25T17:20:00,2016-01-25T17:20:00,227,217
http://irail.be/vehicle/IC2837,http://irail.be/stations/NMBS/008891116,IC,2016-01-25T17:24:00,2016-01-25T17:24:00,135,135
http://irail.be/vehicle/IC2837,http://irail.be/stations/NMBS/008891009,IC,2016-01-25T17:29:00,2016-01-25T17:29:00,0,170
http://irail.be/vehicle/IC2837,http://irail.be/stations/NMBS/008819406,IC,2016-07-08T15:59:00,2016-07-08T15:59:00,15,
http://irail.be/vehicle/IC2837,http://irail.be/stations/NMBS/008811007,IC,2016-07-08T16:07:00,2016-07-08T16:07:00,-15,-15
http://irail.be/vehicle/IC2837,http://irail.be/stations/NMBS/008812005,IC,2016-07-08T16:12:00,2016-07-08T16:10:00,19,61
http://irail.be/vehicle/IC2837,http://irail.be/stations/NMBS/008813045,IC,2016-07-08T16:14:00,2016-07-08T16:14:00,23,23
http://irail.be/vehicle/IC2837,http://irail.be/stations/NMBS/008813003,IC,2016-07-08T16:16:00,2016-07-08T16:15:00,74,52
http://irail.be/vehicle/IC2837,http://irail.be/stations/NMBS/008813037,IC,2016-07-08T16:18:00,2016-07-08T16:18:00,32,32
http://irail.be/vehicle/IC2837,http://irail.be/stations/NMBS/008814001,IC,2016-07-08T16:22:00,2016-07-08T16:20:00,98,83
http://irail.be/vehicle/IC2837,http://irail.be/stations/NMBS/008892007,IC,2016-07-08T17:00:00,2016-07-08T16:53:00,47,-5
http://irail.be/vehicle/IC2837,http://irail.be/stations/NMBS/008892031,IC,2016-07-08T17:03:00,2016-07-08T17:03:00,63,63
http://irail.be/vehicle/IC2837,http://irail.be/stations/NMBS/008892056,IC,2016-07-08T17:07:00,2016-07-08T17:07:00,-27,-27
http://irail.be/vehicle/IC2837,http://irail.be/stations/NMBS/008891165,IC,2016-07-08T17:08:00,2016-07-08T17:08:00,-3,-3
http://irail.be/vehicle/IC2837,http://irail.be/stations/NMBS/008891157,IC,2016-07-08T17:10:00,2016-07-08T17:10:00,-38,-38
http://irail.be/vehicle/IC2837,http://irail.be/stations/NMBS/008891140,IC,2016-07-08T17:15:00,2016-07-08T17:13:00,74,-46
http://irail.be/vehicle/IC2837,http://irail.be/stations/NMBS/008891132,IC,2016-07-08T17:18:00,2016-07-08T17:18:00,62,62
http://irail.be/vehicle/IC2837,http://irail.be/stations/NMBS/008891124,IC,2016-07-08T17:20:00,2016-07-08T17:20:00,58,58
http://irail.be/vehicle/IC2837,http://irail.be/stations/NMBS/008891116,IC,2016-07-08T17:23:00,2016-07-08T17:23:00,45,45
http://irail.be/vehicle/IC2837,http://irail.be/stations/NMBS/008891009,IC,2016-07-08T17:29:00,2016-07-08T17:29:00,,246
http://irail.be/vehicle/IC2837,http://irail.be/stations/NMBS/008819406,IC,2016-08-27T15:57:00,2016-08-27T15:57:00,9,
http://irail.be/vehicle/IC2837,http://irail.be/stations/NMBS/008811007,IC,2016-08-27T16:04:00,2016-08-27T16:04:00,28,28
http://irail.be/vehicle/IC2837,http://irail.be/stations/NMBS/008812005,IC,2016-08-27T16:09:00,2016-08-27T16:07:00,7,32
http://irail.be/vehicle/IC2837,http://irail.be/stations/NMBS/008813045,IC,2016-08-27T16:11:00,2016-08-27T16:11:00,8,8
http://irail.be/vehicle/IC2837,http://irail.be/stations/NMBS/008813003,IC,2016-08-27T16:13:00,2016-08-27T16:12:00,66,62
http://irail.be/vehicle/IC2837,http://irail.be/stations/NMBS/008813037,IC,2016-08-27T16:14:00,2016-08-27T16:14:00,77,77
http://irail.be/vehicle/IC2837,http://irail.be/stations/NMBS/008814001,IC,2016-08-27T16:21:00,2016-08-27T16:17:00,56,43
http://irail.be/vehicle/IC2837,http://irail.be/stations/NMBS/008892007,IC,2016-08-27T16:50:00,2016-08-27T16:50:00,,-50
http://irail.be/vehicle/IC2837,NO-URI,IC,2016-01-31T15:57:00,2016-01-31T15:57:00,50,0
http://irail.be/vehicle/IC2837,http://irail.be/stations/NMBS/008811007,IC,2016-01-31T16:04:00,2016-01-31T16:04:00,68,30
http://irail.be/vehicle/IC2837,http://irail.be/stations/NMBS/008812005,IC,2016-01-31T16:09:00,2016-01-31T16:07:00,139,158
http://irail.be/vehicle/IC2837,http://irail.be/stations/NMBS/008813045,IC,2016-01-31T16:11:00,2016-01-31T16:11:00,166,167
http://irail.be/vehicle/IC2837,http://irail.be/stations/NMBS/008813003,IC,2016-01-31T16:13:00,2016-01-31T16:12:00,230,190
http://irail.be/vehicle/IC2837,http://irail.be/stations/NMBS/008813037,IC,2016-01-31T16:14:00,2016-01-31T16:14:00,266,264
http://irail.be/vehicle/IC2837,http://irail.be/stations/NMBS/008814001,IC,2016-01-31T16:21:00,2016-01-31T16:17:00,201,237
http://irail.be/vehicle/IC2837,http://irail.be/stations/NMBS/008892007,IC,2016-01-31T16:52:00,2016-01-31T16:52:00,0,38
http://irail.be/vehicle/IC2837,NO-URI,IC,2016-02-08T15:59:00,2016-02-08T15:59:00,-5,0
http://irail.be/vehicle/IC2837,http://irail.be/stations/NMBS/008811007,IC,2016-02-08T16:07:00,2016-02-08T16:07:00,-59,-87
http://irail.be/vehicle/IC2837,http://irail.be/stations/NMBS/008812005,IC,2016-02-08T16:12:00,2016-02-08T16:10:00,11,-22
http://irail.be/vehicle/IC2837,http://irail.be/stations/NMBS/008813045,IC,2016-02-08T16:14:00,2016-02-08T16:14:00,6,5
http://irail.be/vehicle/IC2837,http://irail.be/stations/NMBS/008813003,IC,2016-02-08T16:16:00,2016-02-08T16:15:00,41,30
http://irail.be/vehicle/IC2837,http://irail.be/stations/NMBS/008813037,IC,2016-02-08T16:18:00,2016-02-08T16:18:00,-3,41
http://irail.be/vehicle/IC2837,http://irail.be/stations/NMBS/008814001,IC,2016-02-08T16:22:00,2016-02-08T16:20:00,80,29
http://irail.be/vehicle/IC2837,http://irail.be/stations/NMBS/008892007,IC,2016-02-08T17:00:00,2016-02-08T16:53:00,10,124
http://irail.be/vehicle/IC2837,http://irail.be/stations/NMBS/008892031,IC,2016-02-08T17:03:00,2016-02-08T17:03:00,86,24
http://irail.be/vehicle/IC2837,http://irail.be/stations/NMBS/008892056,IC,2016-02-08T17:07:00,2016-02-08T17:07:00,8,-6
http://irail.be/vehicle/IC2837,http://irail.be/stations/NMBS/008891165,IC,2016-02-08T17:08:00,2016-02-08T17:08:00,45,8
http://irail.be/vehicle/IC2837,http://irail.be/stations/NMBS/008891157,IC,2016-02-08T17:10:00,2016-02-08T17:10:00,27,11
http://irail.be/vehicle/IC2837,http://irail.be/stations/NMBS/008891140,IC,2016-02-08T17:15:00,2016-02-08T17:13:00,94,99
http://irail.be/vehicle/IC2837,http://irail.be/stations/NMBS/008891132,IC,2016-02-08T17:18:00,2016-02-08T17:18:00,95,86
http://irail.be/vehicle/IC2837,http://irail.be/stations/NMBS/008891124,IC,2016-02-08T17:20:00,2016-02-08T17:20:00,113,98
http://irail.be/vehicle/IC2837,http://irail.be/stations/NMBS/008891116,IC,2016-02-08T17:23:00,2016-02-08T17:23:00,106,106
http://irail.be/vehicle/IC2837,http://irail.be/stations/NMBS/008891009,IC,2016-02-08T17:29:00,2016-02-08T17:29:00,0,97
http://irail.be/vehicle/IC2837,http://irail.be/stations/NMBS/008819406,IC,2016-10-17T15:59:00,2016-10-17T15:59:00,-8,
http://irail.be/vehicle/IC2837,http://irail.be/stations/NMBS/008811007,IC,2016-10-17T16:07:00,2016-10-17T16:07:00,428,428
http://irail.be/vehicle/IC2837,http://irail.be/stations/NMBS/008812005,IC,2016-10-17T16:12:00,2016-10-17T16:10:00,443,470
http://irail.be/vehicle/IC2837,http://irail.be/stations/NMBS/008813045,IC,2016-10-17T16:14:00,2016-10-17T16:14:00,441,441
http://irail.be/vehicle/IC2837,http://irail.be/stations/NMBS/008813003,IC,2016-10-17T16:16:00,2016-10-17T16:15:00,509,469
http://irail.be/vehicle/IC2837,http://irail.be/stations/NMBS/008813037,IC,2016-10-17T16:18:00,2016-10-17T16:18:00,467,467
http://irail.be/vehicle/IC2837,http://irail.be/stations/NMBS/008814001,IC,2016-10-17T16:22:00,2016-10-17T16:20:00,509,510
http://irail.be/vehicle/IC2837,http://irail.be/stations/NMBS/008892007,IC,2016-10-17T17:00:00,2016-10-17T16:53:00,178,489
http://irail.be/vehicle/IC2837,http://irail.be/stations/NMBS/008892031,IC,2016-10-17T17:03:00,2016-10-17T17:03:00,189,189
http://irail.be/vehicle/IC2837,http://irail.be/stations/NMBS/008892056,IC,2016-10-17T17:07:00,2016-10-17T17:07:00,112,112
http://irail.be/vehicle/IC2837,http://irail.be/stations/NMBS/008891165,IC,2016-10-17T17:08:00,2016-10-17T17:08:00,138,138
http://irail.be/vehicle/IC2837,http://irail.be/stations/NMBS/008891157,IC,2016-10-17T17:10:00,2016-10-17T17:10:00,102,102
http://irail.be/vehicle/IC2837,http://irail.be/stations/NMBS/008891140,IC,2016-10-17T17:15:00,2016-10-17T17:13:00,94,54
http://irail.be/vehicle/IC2837,http://irail.be/stations/NMBS/008891132,IC,2016-10-17T17:18:00,2016-10-17T17:18:00,66,66
http://irail.be/vehicle/IC2837,http://irail.be/stations/NMBS/008891124,IC,2016-10-17T17:20:00,2016-10-17T17:20:00,66,66
http://irail.be/vehicle/IC2837,http://irail.be/stations/NMBS/008891116,IC,2016-10-17T17:23:00,2016-10-17T17:23:00,34,34
http://irail.be/vehicle/IC2837,http://irail.be/stations/NMBS/008891009,IC,2016-10-17T17:29:00,2016-10-17T17:29:00,,49
http://irail.be/vehicle/IC2837,http://irail.be/stations/NMBS/008819406,IC,2016-06-12T15:57:00,2016-06-12T15:57:00,2,0
http://irail.be/vehicle/IC2837,http://irail.be/stations/NMBS/008811007,IC,2016-06-12T16:04:00,2016-06-12T16:04:00,-4,-31
http://irail.be/vehicle/IC2837,http://irail.be/stations/NMBS/008812005,IC,2016-06-12T16:09:00,2016-06-12T16:07:00,119,6
http://irail.be/vehicle/IC2837,http://irail.be/stations/NMBS/008813045,IC,2016-06-12T16:11:00,2016-06-12T16:11:00,131,128
http://irail.be/vehicle/IC2837,http://irail.be/stations/NMBS/008813003,IC,2016-06-12T16:13:00,2016-06-12T16:12:00,209,202
http://irail.be/vehicle/IC2837,http://irail.be/stations/NMBS/008813037,IC,2016-06-12T16:14:00,2016-06-12T16:14:00,223,209
http://irail.be/vehicle/IC2837,http://irail.be/stations/NMBS/008814001,IC,2016-06-12T16:21:00,2016-06-12T16:17:00,89,206
http://irail.be/vehicle/IC2837,http://irail.be/stations/NMBS/008892007,IC,2016-06-12T16:50:00,2016-06-12T16:50:00,0,-51
http://irail.be/vehicle/IC2837,http://irail.be/stations/NMBS/008811007,IC,2016-04-09T16:04:00,2016-04-09T16:04:00,8,0
http://irail.be/vehicle/IC2837,http://irail.be/stations/NMBS/008812005,IC,2016-04-09T16:09:00,2016-04-09T16:07:00,46,116
http://irail.be/vehicle/IC2837,http://irail.be/stations/NMBS/008813045,IC,2016-04-09T16:11:00,2016-04-09T16:11:00,45,47
http://irail.be/vehicle/IC2837,http://irail.be/stations/NMBS/008813003,IC,2016-04-09T16:13:00,2016-04-09T16:12:00,78,74
http://irail.be/vehicle/IC2837,http://irail.be/stations/NMBS/008813037,IC,2016-04-09T16:14:00,2016-04-09T16:14:00,89,78
http://irail.be/vehicle/IC2837,http://irail.be/stations/NMBS/008814001,IC,2016-04-09T16:21:00,2016-04-09T16:17:00,72,60
http://irail.be/vehicle/IC2837,http://irail.be/stations/NMBS/008892007,IC,2016-04-09T16:50:00,2016-04-09T16:50:00,0,44
http://irail.be/vehicle/IC2837,http://irail.be/stations/NMBS/008819406,IC,2016-07-21T15:57:00,2016-07-21T15:57:00,50,
http://irail.be/vehicle/IC2837,http://irail.be/stations/NMBS/008811007,IC,2016-07-21T16:04:00,2016-07-21T16:04:00,290,290
http://irail.be/vehicle/IC2837,http://irail.be/stations/NMBS/008812005,IC,2016-07-21T16:09:00,2016-07-21T16:07:00,240,297
http://irail.be/vehicle/IC2837,http://irail.be/stations/NMBS/008813045,IC,2016-07-21T16:11:00,2016-07-21T16:11:00,231,231
http://irail.be/vehicle/IC2837,http://irail.be/stations/NMBS/008813003,IC,2016-07-21T16:13:00,2016-07-21T16:12:00,282,257
http://irail.be/vehicle/IC2837,http://irail.be/stations/NMBS/008813037,IC,2016-07-21T16:14:00,2016-07-21T16:14:00,294,294
http://irail.be/vehicle/IC2837,http://irail.be/stations/NMBS/008814001,IC,2016-07-21T16:21:00,2016-07-21T16:17:00,124,260
http://irail.be/vehicle/IC2837,http://irail.be/stations/NMBS/008892007,IC,2016-07-21T16:50:00,2016-07-21T16:50:00,,19
http://irail.be/vehicle/IC2837,http://irail.be/stations/NMBS/008819406,IC,2016-08-30T15:59:00,2016-08-30T15:59:00,14,
http://irail.be/vehicle/IC2837,http://irail.be/stations/NMBS/008811007,IC,2016-08-30T16:07:00,2016-08-30T16:07:00,-34,-34
http://irail.be/vehicle/IC2837,http://irail.be/stations/NMBS/008812005,IC,2016-08-30T16:12:00,2016-08-30T16:10:00,8,11
http://irail.be/vehicle/IC2837,http://irail.be/stations/NMBS/008813045,IC,2016-08-30T16:14:00,2016-08-30T16:14:00,7,7
http://irail.be/vehicle/IC2837,http://irail.be/stations/NMBS/008813003,IC,2016-08-30T16:16:00,2016-08-30T16:15:00,146,91
http://irail.be/vehicle/IC2837,http://irail.be/stations/NMBS/008813037,IC,2016-08-30T16:18:00,2016-08-30T16:18:00,100,100
http://irail.be/vehicle/IC2837,http://irail.be/stations/NMBS/008814001,IC,2016-08-30T16:22:00,2016-08-30T16:20:00,245,133
http://irail.be/vehicle/IC2837,http://irail.be/stations/NMBS/008892007,IC,2016-08-30T17:00:00,2016-08-30T16:53:00,29,20
http://irail.be/vehicle/IC2837,http://irail.be/stations/NMBS/008892031,IC,2016-08-30T17:03:00,2016-08-30T17:03:00,23,23
http://irail.be/vehicle/IC2837,http://irail.be/stations/NMBS/008892056,IC,2016-08-30T17:07:00,2016-08-30T17:07:00,-80,-80
http://irail.be/vehicle/IC2837,http://irail.be/stations/NMBS/008891165,IC,2016-08-30T17:08:00,2016-08-30T17:08:00,-59,-59
http://irail.be/vehicle/IC2837,http://irail.be/stations/NMBS/008891157,IC,2016-08-30T17:10:00,2016-08-30T17:10:00,-94,-94
http://irail.be/vehicle/IC2837,http://irail.be/stations/NMBS/008891140,IC,2016-08-30T17:15:00,2016-08-30T17:13:00,69,-28
http://irail.be/vehicle/IC2837,http://irail.be/stations/NMBS/008891132,IC,2016-08-30T17:18:00,2016-08-30T17:18:00,30,30
http://irail.be/vehicle/IC2837,http://irail.be/stations/NMBS/008891124,IC,2016-08-30T17:20:00,2016-08-30T17:20:00,22,22
http://irail.be/vehicle/IC2837,http://irail.be/stations/NMBS/008891116,IC,2016-08-30T17:23:00,2016-08-30T17:23:00,92,92
http://irail.be/vehicle/IC2837,http://irail.be/stations/NMBS/008891009,IC,2016-08-30T17:29:00,2016-08-30T17:29:00,,86
http://irail.be/vehicle/IC2837,NO-URI,IC,2016-01-20T15:59:00,2016-01-20T15:59:00,9,0
http://irail.be/vehicle/IC2837,http://irail.be/stations/NMBS/008811007,IC,2016-01-20T16:07:00,2016-01-20T16:07:00,-30,-55
http://irail.be/vehicle/IC2837,http://irail.be/stations/NMBS/008812005,IC,2016-01-20T16:12:00,2016-01-20T16:10:00,63,98
http://irail.be/vehicle/IC2837,http://irail.be/stations/NMBS/008813045,IC,2016-01-20T16:14:00,2016-01-20T16:14:00,61,62
http://irail.be/vehicle/IC2837,http://irail.be/stations/NMBS/008813003,IC,2016-01-20T16:16:00,2016-01-20T16:15:00,194,137
http://irail.be/vehicle/IC2837,http://irail.be/stations/NMBS/008813037,IC,2016-01-20T16:18:00,2016-01-20T16:18:00,153,194
http://irail.be/vehicle/IC2837,http://irail.be/stations/NMBS/008814001,IC,2016-01-20T16:22:00,2016-01-20T16:20:00,198,187
http://irail.be/vehicle/IC2837,http://irail.be/stations/NMBS/008892007,IC,2016-01-20T17:00:00,2016-01-20T16:55:00,197,402
http://irail.be/vehicle/IC2837,http://irail.be/stations/NMBS/008892031,IC,2016-01-20T17:03:00,2016-01-20T17:03:00,190,152
http://irail.be/vehicle/IC2837,http://irail.be/stations/NMBS/008892056,IC,2016-01-20T17:07:00,2016-01-20T17:07:00,84,84
http://irail.be/vehicle/IC2837,http://irail.be/stations/NMBS/008891165,IC,2016-01-20T17:08:00,2016-01-20T17:08:00,103,84
http://irail.be/vehicle/IC2837,http://irail.be/stations/NMBS/008891157,IC,2016-01-20T17:10:00,2016-01-20T17:10:00,58,56
http://irail.be/vehicle/IC2837,http://irail.be/stations/NMBS/008891140,IC,2016-01-20T17:15:00,2016-01-20T17:13:00,68,-2
http://irail.be/vehicle/IC2837,http://irail.be/stations/NMBS/008891132,IC,2016-01-20T17:18:00,2016-01-20T17:18:00,34,28
http://irail.be/vehicle/IC2837,http://irail.be/stations/NMBS/008891124,IC,2016-01-20T17:20:00,2016-01-20T17:20:00,45,31
http://irail.be/vehicle/IC2837,http://irail.be/stations/NMBS/008891116,IC,2016-01-20T17:23:00,2016-01-20T17:23:00,36,36
http://irail.be/vehicle/IC2837,http://irail.be/stations/NMBS/008891009,IC,2016-01-20T17:29:00,2016-01-20T17:29:00,0,49
http://irail.be/vehicle/IC2837,NO-URI,IC,2016-01-02T15:57:00,2016-01-02T15:57:00,15,0
http://irail.be/vehicle/IC2837,http://irail.be/stations/NMBS/008811007,IC,2016-01-02T16:04:00,2016-01-02T16:04:00,-2,-29
http://irail.be/vehicle/IC2837,http://irail.be/stations/NMBS/008812005,IC,2016-01-02T16:09:00,2016-01-02T16:07:00,79,-18
http://irail.be/vehicle/IC2837,http://irail.be/stations/NMBS/008813045,IC,2016-01-02T16:11:00,2016-01-02T16:11:00,65,70
http://irail.be/vehicle/IC2837,http://irail.be/stations/NMBS/008813003,IC,2016-01-02T16:13:00,2016-01-02T16:12:00,151,154
http://irail.be/vehicle/IC2837,http://irail.be/stations/NMBS/008813037,IC,2016-01-02T16:14:00,2016-01-02T16:14:00,155,151
http://irail.be/vehicle/IC2837,http://irail.be/stations/NMBS/008814001,IC,2016-01-02T16:21:00,2016-01-02T16:17:00,64,103
http://irail.be/vehicle/IC2837,http://irail.be/stations/NMBS/008892007,IC,2016-01-02T16:52:00,2016-01-02T16:52:00,0,-131
http://irail.be/vehicle/IC2837,http://irail.be/stations/NMBS/008819406,IC,2016-08-04T15:59:00,2016-08-04T15:59:00,16,
http://irail.be/vehicle/IC2837,http://irail.be/stations/NMBS/008811007,IC,2016-08-04T16:07:00,2016-08-04T16:07:00,-10,-10
http://irail.be/vehicle/IC2837,http://irail.be/stations/NMBS/008812005,IC,2016-08-04T16:12:00,2016-08-04T16:10:00,56,73
http://irail.be/vehicle/IC2837,http://irail.be/stations/NMBS/008813045,IC,2016-08-04T16:14:00,2016-08-04T16:14:00,66,66
http://irail.be/vehicle/IC2837,http://irail.be/stations/NMBS/008813003,IC,2016-08-04T16:16:00,2016-08-04T16:15:00,107,90
http://irail.be/vehicle/IC2837,http://irail.be/stations/NMBS/008813037,IC,2016-08-04T16:18:00,2016-08-04T16:18:00,68,68
http://irail.be/vehicle/IC2837,http://irail.be/stations/NMBS/008814001,IC,2016-08-04T16:22:00,2016-08-04T16:20:00,190,183
http://irail.be/vehicle/IC2837,http://irail.be/stations/NMBS/008892007,IC,2016-08-04T17:00:00,2016-08-04T16:53:00,77,-90
http://irail.be/vehicle/IC2837,http://irail.be/stations/NMBS/008892031,IC,2016-08-04T17:03:00,2016-08-04T17:03:00,126,126
http://irail.be/vehicle/IC2837,http://irail.be/stations/NMBS/008892056,IC,2016-08-04T17:07:00,2016-08-04T17:07:00,39,39
http://irail.be/vehicle/IC2837,http://irail.be/stations/NMBS/008891165,IC,2016-08-04T17:08:00,2016-08-04T17:08:00,59,59
http://irail.be/vehicle/IC2837,http://irail.be/stations/NMBS/008891157,IC,2016-08-04T17:10:00,2016-08-04T17:10:00,18,18
http://irail.be/vehicle/IC2837,http://irail.be/stations/NMBS/008891140,IC,2016-08-04T17:15:00,2016-08-04T17:13:00,49,-34
http://irail.be/vehicle/IC2837,http://irail.be/stations/NMBS/008891132,IC,2016-08-04T17:18:00,2016-08-04T17:18:00,5,5
http://irail.be/vehicle/IC2837,http://irail.be/stations/NMBS/008891124,IC,2016-08-04T17:20:00,2016-08-04T17:20:00,-3,-3
http://irail.be/vehicle/IC2837,http://irail.be/stations/NMBS/008891116,IC,2016-08-04T17:23:00,2016-08-04T17:23:00,-24,-24
http://irail.be/vehicle/IC2837,http://irail.be/stations/NMBS/008891009,IC,2016-08-04T17:29:00,2016-08-04T17:29:00,,51
http://irail.be/vehicle/IC2837,http://irail.be/stations/NMBS/008819406,IC,2016-05-14T15:57:00,2016-05-14T15:57:00,50,0
http://irail.be/vehicle/IC2837,http://irail.be/stations/NMBS/008811007,IC,2016-05-14T16:04:00,2016-05-14T16:04:00,43,15
http://irail.be/vehicle/IC2837,http://irail.be/stations/NMBS/008812005,IC,2016-05-14T16:09:00,2016-05-14T16:07:00,31,47
http://irail.be/vehicle/IC2837,http://irail.be/stations/NMBS/008813045,IC,2016-05-14T16:11:00,2016-05-14T16:11:00,34,35
http://irail.be/vehicle/IC2837,http://irail.be/stations/NMBS/008813003,IC,2016-05-14T16:13:00,2016-05-14T16:12:00,60,63
http://irail.be/vehicle/IC2837,http://irail.be/stations/NMBS/008813037,IC,2016-05-14T16:15:00,2016-05-14T16:15:00,12,60
http://irail.be/vehicle/IC2837,http://irail.be/stations/NMBS/008814001,IC,2016-05-14T16:21:00,2016-05-14T16:17:00,53,42
http://irail.be/vehicle/IC2837,http://irail.be/stations/NMBS/008892007,IC,2016-05-14T16:50:00,2016-05-14T16:50:00,0,-17
http://irail.be/vehicle/IC2837,http://irail.be/stations/NMBS/008819406,IC,2016-06-07T15:59:00,2016-06-07T15:59:00,84,0
http://irail.be/vehicle/IC2837,http://irail.be/stations/NMBS/008811007,IC,2016-06-07T16:07:00,2016-06-07T16:07:00,72,46
http://irail.be/vehicle/IC2837,http://irail.be/stations/NMBS/008812005,IC,2016-06-07T16:12:00,2016-06-07T16:10:00,155,180
http://irail.be/vehicle/IC2837,http://irail.be/stations/NMBS/008813045,IC,2016-06-07T16:14:00,2016-06-07T16:14:00,217,167
http://irail.be/vehicle/IC2837,http://irail.be/stations/NMBS/008813003,IC,2016-06-07T16:16:00,2016-06-07T16:15:00,527,462
http://irail.be/vehicle/IC2837,http://irail.be/stations/NMBS/008813037,IC,2016-06-07T16:18:00,2016-06-07T16:18:00,478,527
http://irail.be/vehicle/IC2837,http://irail.be/stations/NMBS/008814001,IC,2016-06-07T16:22:00,2016-06-07T16:20:00,619,526
http://irail.be/vehicle/IC2837,http://irail.be/stations/NMBS/008892007,IC,2016-06-07T17:00:00,2016-06-07T16:53:00,96,443
http://irail.be/vehicle/IC2837,http://irail.be/stations/NMBS/008892031,IC,2016-06-07T17:03:00,2016-06-07T17:03:00,83,41
http://irail.be/vehicle/IC2837,http://irail.be/stations/NMBS/008892056,IC,2016-06-07T17:07:00,2016-06-07T17:07:00,-4,-12
http://irail.be/vehicle/IC2837,http://irail.be/stations/NMBS/008891165,IC,2016-06-07T17:08:00,2016-06-07T17:08:00,16,-4
http://irail.be/vehicle/IC2837,http://irail.be/stations/NMBS/008891157,IC,2016-06-07T17:10:00,2016-06-07T17:10:00,-12,-26
http://irail.be/vehicle/IC2837,http://irail.be/stations/NMBS/008891140,IC,2016-06-07T17:15:00,2016-06-07T17:13:00,152,111
http://irail.be/vehicle/IC2837,http://irail.be/stations/NMBS/008891132,IC,2016-06-07T17:18:00,2016-06-07T17:18:00,164,155
http://irail.be/vehicle/IC2837,http://irail.be/stations/NMBS/008891124,IC,2016-06-07T17:20:00,2016-06-07T17:20:00,173,159
http://irail.be/vehicle/IC2837,http://irail.be/stations/NMBS/008891116,IC,2016-06-07T17:23:00,2016-06-07T17:23:00,289,289
http://irail.be/vehicle/IC2837,http://irail.be/stations/NMBS/008891009,IC,2016-06-07T17:29:00,2016-06-07T17:29:00,0,289
http://irail.be/vehicle/IC2837,http://irail.be/stations/NMBS/008819406,IC,2016-08-13T15:57:00,2016-08-13T15:57:00,7,
http://irail.be/vehicle/IC2837,http://irail.be/stations/NMBS/008811007,IC,2016-08-13T16:04:00,2016-08-13T16:04:00,96,96
http://irail.be/vehicle/IC2837,http://irail.be/stations/NMBS/008812005,IC,2016-08-13T16:09:00,2016-08-13T16:07:00,102,160
http://irail.be/vehicle/IC2837,http://irail.be/stations/NMBS/008813045,IC,2016-08-13T16:11:00,2016-08-13T16:11:00,102,102
http://irail.be/vehicle/IC2837,http://irail.be/stations/NMBS/008813003,IC,2016-08-13T16:13:00,2016-08-13T16:12:00,122,129
http://irail.be/vehicle/IC2837,http://irail.be/stations/NMBS/008813037,IC,2016-08-13T16:14:00,2016-08-13T16:14:00,133,133
http://irail.be/vehicle/IC2837,http://irail.be/stations/NMBS/008814001,IC,2016-08-13T16:21:00,2016-08-13T16:17:00,26,97
http://irail.be/vehicle/IC2837,http://irail.be/stations/NMBS/008892007,IC,2016-08-13T16:50:00,2016-08-13T16:50:00,,1
http://irail.be/vehicle/IC2837,http://irail.be/stations/NMBS/008819406,IC,2016-06-18T15:57:00,2016-06-18T15:57:00,25,
http://irail.be/vehicle/IC2837,http://irail.be/stations/NMBS/008811007,IC,2016-06-18T16:04:00,2016-06-18T16:04:00,53,53
http://irail.be/vehicle/IC2837,http://irail.be/stations/NMBS/008812005,IC,2016-06-18T16:09:00,2016-06-18T16:07:00,40,62
http://irail.be/vehicle/IC2837,http://irail.be/stations/NMBS/008813045,IC,2016-06-18T16:11:00,2016-06-18T16:11:00,43,43
http://irail.be/vehicle/IC2837,http://irail.be/stations/NMBS/008813003,IC,2016-06-18T16:13:00,2016-06-18T16:12:00,70,76
http://irail.be/vehicle/IC2837,http://irail.be/stations/NMBS/008813037,IC,2016-06-18T16:14:00,2016-06-18T16:14:00,85,85
http://irail.be/vehicle/IC2837,http://irail.be/stations/NMBS/008814001,IC,2016-06-18T16:21:00,2016-06-18T16:17:00,52,59
http://irail.be/vehicle/IC2837,http://irail.be/stations/NMBS/008892007,IC,2016-06-18T16:50:00,2016-06-18T16:50:00,,77
http://irail.be/vehicle/IC2837,NO-URI,IC,2016-01-11T15:59:00,2016-01-11T15:59:00,-1,0
http://irail.be/vehicle/IC2837,http://irail.be/stations/NMBS/008811007,IC,2016-01-11T16:07:00,2016-01-11T16:07:00,31,-54
http://irail.be/vehicle/IC2837,http://irail.be/stations/NMBS/008812005,IC,2016-01-11T16:12:00,2016-01-11T16:10:00,137,161
http://irail.be/vehicle/IC2837,http://irail.be/stations/NMBS/008813045,IC,2016-01-11T16:14:00,2016-01-11T16:14:00,187,141
http://irail.be/vehicle/IC2837,http://irail.be/stations/NMBS/008813003,IC,2016-01-11T16:16:00,2016-01-11T16:15:00,385,350
http://irail.be/vehicle/IC2837,http://irail.be/stations/NMBS/008813037,IC,2016-01-11T16:18:00,2016-01-11T16:18:00,338,385
http://irail.be/vehicle/IC2837,http://irail.be/stations/NMBS/008814001,IC,2016-01-11T16:22:00,2016-01-11T16:20:00,352,368
http://irail.be/vehicle/IC2837,http://irail.be/stations/NMBS/008892007,IC,2016-01-11T17:00:00,2016-01-11T16:55:00,291,521
http://irail.be/vehicle/IC2837,http://irail.be/stations/NMBS/008892031,IC,2016-01-11T17:03:00,2016-01-11T17:03:00,318,272
http://irail.be/vehicle/IC2837,http://irail.be/stations/NMBS/008892056,IC,2016-01-11T17:07:00,2016-01-11T17:07:00,215,211
http://irail.be/vehicle/IC2837,http://irail.be/stations/NMBS/008891165,IC,2016-01-11T17:08:00,2016-01-11T17:08:00,229,215
http://irail.be/vehicle/IC2837,http://irail.be/stations/NMBS/008891157,IC,2016-01-11T17:10:00,2016-01-11T17:10:00,189,185
http://irail.be/vehicle/IC2837,http://irail.be/stations/NMBS/008891140,IC,2016-01-11T17:15:00,2016-01-11T17:13:00,126,131
http://irail.be/vehicle/IC2837,http://irail.be/stations/NMBS/008891132,IC,2016-01-11T17:18:00,2016-01-11T17:18:00,116,111
http://irail.be/vehicle/IC2837,http://irail.be/stations/NMBS/008891124,IC,2016-01-11T17:20:00,2016-01-11T17:20:00,109,100
http://irail.be/vehicle/IC2837,http://irail.be/stations/NMBS/008891116,IC,2016-01-11T17:23:00,2016-01-11T17:23:00,84,84
http://irail.be/vehicle/IC2837,http://irail.be/stations/NMBS/008891009,IC,2016-01-11T17:29:00,2016-01-11T17:29:00,0,89
http://irail.be/vehicle/IC2837,http://irail.be/stations/NMBS/008819406,IC,2016-08-14T15:57:00,2016-08-14T15:57:00,112,
http://irail.be/vehicle/IC2837,http://irail.be/stations/NMBS/008811007,IC,2016-08-14T16:04:00,2016-08-14T16:04:00,177,177
http://irail.be/vehicle/IC2837,http://irail.be/stations/NMBS/008812005,IC,2016-08-14T16:09:00,2016-08-14T16:07:00,114,188
http://irail.be/vehicle/IC2837,http://irail.be/stations/NMBS/008813045,IC,2016-08-14T16:11:00,2016-08-14T16:11:00,113,113
http://irail.be/vehicle/IC2837,http://irail.be/stations/NMBS/008813003,IC,2016-08-14T16:13:00,2016-08-14T16:12:00,181,143
http://irail.be/vehicle/IC2837,http://irail.be/stations/NMBS/008813037,IC,2016-08-14T16:14:00,2016-08-14T16:14:00,195,195
http://irail.be/vehicle/IC2837,http://irail.be/stations/NMBS/008814001,IC,2016-08-14T16:21:00,2016-08-14T16:17:00,110,181
http://irail.be/vehicle/IC2837,http://irail.be/stations/NMBS/008892007,IC,2016-08-14T16:50:00,2016-08-14T16:50:00,,29
http://irail.be/vehicle/IC2837,http://irail.be/stations/NMBS/008819406,IC,2016-07-01T15:59:00,2016-07-01T15:59:00,12,
http://irail.be/vehicle/IC2837,http://irail.be/stations/NMBS/008811007,IC,2016-07-01T16:07:00,2016-07-01T16:07:00,38,38
http://irail.be/vehicle/IC2837,http://irail.be/stations/NMBS/008812005,IC,2016-07-01T16:12:00,2016-07-01T16:10:00,120,145
http://irail.be/vehicle/IC2837,http://irail.be/stations/NMBS/008813045,IC,2016-07-01T16:14:00,2016-07-01T16:14:00,136,136
http://irail.be/vehicle/IC2837,http://irail.be/stations/NMBS/008813003,IC,2016-07-01T16:16:00,2016-07-01T16:15:00,202,182
http://irail.be/vehicle/IC2837,http://irail.be/stations/NMBS/008813037,IC,2016-07-01T16:18:00,2016-07-01T16:18:00,157,157
http://irail.be/vehicle/IC2837,http://irail.be/stations/NMBS/008814001,IC,2016-07-01T16:22:00,2016-07-01T16:20:00,244,201
http://irail.be/vehicle/IC2837,http://irail.be/stations/NMBS/008892007,IC,2016-07-01T17:00:00,2016-07-01T16:53:00,17,262
http://irail.be/vehicle/IC2837,http://irail.be/stations/NMBS/008892031,IC,2016-07-01T17:03:00,2016-07-01T17:03:00,29,29
http://irail.be/vehicle/IC2837,http://irail.be/stations/NMBS/008892056,IC,2016-07-01T17:07:00,2016-07-01T17:07:00,-71,-71
http://irail.be/vehicle/IC2837,http://irail.be/stations/NMBS/008891165,IC,2016-07-01T17:08:00,2016-07-01T17:08:00,-53,-53
http://irail.be/vehicle/IC2837,http://irail.be/stations/NMBS/008891157,IC,2016-07-01T17:10:00,2016-07-01T17:10:00,-88,-88
http://irail.be/vehicle/IC2837,http://irail.be/stations/NMBS/008891140,IC,2016-07-01T17:15:00,2016-07-01T17:13:00,54,-11
http://irail.be/vehicle/IC2837,http://irail.be/stations/NMBS/008891132,IC,2016-07-01T17:18:00,2016-07-01T17:18:00,28,28
http://irail.be/vehicle/IC2837,http://irail.be/stations/NMBS/008891124,IC,2016-07-01T17:20:00,2016-07-01T17:20:00,26,26
http://irail.be/vehicle/IC2837,http://irail.be/stations/NMBS/008891116,IC,2016-07-01T17:23:00,2016-07-01T17:23:00,-6,-6
http://irail.be/vehicle/IC2837,http://irail.be/stations/NMBS/008891009,IC,2016-07-01T17:29:00,2016-07-01T17:29:00,,90
http://irail.be/vehicle/IC2837,http://irail.be/stations/NMBS/008819406,IC,2016-08-26T15:59:00,2016-08-26T15:59:00,22,
http://irail.be/vehicle/IC2837,http://irail.be/stations/NMBS/008811007,IC,2016-08-26T16:07:00,2016-08-26T16:07:00,-24,-24
http://irail.be/vehicle/IC2837,http://irail.be/stations/NMBS/008812005,IC,2016-08-26T16:12:00,2016-08-26T16:10:00,55,99
http://irail.be/vehicle/IC2837,http://irail.be/stations/NMBS/008813045,IC,2016-08-26T16:14:00,2016-08-26T16:14:00,56,56
http://irail.be/vehicle/IC2837,http://irail.be/stations/NMBS/008813003,IC,2016-08-26T16:16:00,2016-08-26T16:15:00,103,79
http://irail.be/vehicle/IC2837,http://irail.be/stations/NMBS/008813037,IC,2016-08-26T16:18:00,2016-08-26T16:18:00,64,64
http://irail.be/vehicle/IC2837,http://irail.be/stations/NMBS/008814001,IC,2016-08-26T16:22:00,2016-08-26T16:20:00,105,114
http://irail.be/vehicle/IC2837,http://irail.be/stations/NMBS/008892007,IC,2016-08-26T17:00:00,2016-08-26T16:53:00,35,-54
http://irail.be/vehicle/IC2837,http://irail.be/stations/NMBS/008892031,IC,2016-08-26T17:03:00,2016-08-26T17:03:00,64,64
http://irail.be/vehicle/IC2837,http://irail.be/stations/NMBS/008892056,IC,2016-08-26T17:07:00,2016-08-26T17:07:00,-22,-22
http://irail.be/vehicle/IC2837,http://irail.be/stations/NMBS/008891165,IC,2016-08-26T17:08:00,2016-08-26T17:08:00,6,6
http://irail.be/vehicle/IC2837,http://irail.be/stations/NMBS/008891157,IC,2016-08-26T17:10:00,2016-08-26T17:10:00,-14,-14
http://irail.be/vehicle/IC2837,http://irail.be/stations/NMBS/008891140,IC,2016-08-26T17:15:00,2016-08-26T17:13:00,81,59
http://irail.be/vehicle/IC2837,http://irail.be/stations/NMBS/008891132,IC,2016-08-26T17:18:00,2016-08-26T17:18:00,70,70
http://irail.be/vehicle/IC2837,http://irail.be/stations/NMBS/008891124,IC,2016-08-26T17:20:00,2016-08-26T17:20:00,74,74
http://irail.be/vehicle/IC2837,http://irail.be/stations/NMBS/008891116,IC,2016-08-26T17:23:00,2016-08-26T17:23:00,64,64
http://irail.be/vehicle/IC2837,http://irail.be/stations/NMBS/008891009,IC,2016-08-26T17:29:00,2016-08-26T17:29:00,,212
http://irail.be/vehicle/IC2837,http://irail.be/stations/NMBS/008819406,IC,2016-08-10T15:59:00,2016-08-10T15:59:00,29,
http://irail.be/vehicle/IC2837,http://irail.be/stations/NMBS/008811007,IC,2016-08-10T16:07:00,2016-08-10T16:07:00,-22,-22
http://irail.be/vehicle/IC2837,http://irail.be/stations/NMBS/008812005,IC,2016-08-10T16:12:00,2016-08-10T16:10:00,18,55
http://irail.be/vehicle/IC2837,http://irail.be/stations/NMBS/008813045,IC,2016-08-10T16:14:00,2016-08-10T16:14:00,14,14
http://irail.be/vehicle/IC2837,http://irail.be/stations/NMBS/008813003,IC,2016-08-10T16:16:00,2016-08-10T16:15:00,96,70
http://irail.be/vehicle/IC2837,http://irail.be/stations/NMBS/008813037,IC,2016-08-10T16:18:00,2016-08-10T16:18:00,54,54
http://irail.be/vehicle/IC2837,http://irail.be/stations/NMBS/008814001,IC,2016-08-10T16:22:00,2016-08-10T16:20:00,61,92
http://irail.be/vehicle/IC2837,http://irail.be/stations/NMBS/008892007,IC,2016-08-10T17:00:00,2016-08-10T16:53:00,21,67
http://irail.be/vehicle/IC2837,http://irail.be/stations/NMBS/008892031,IC,2016-08-10T17:03:00,2016-08-10T17:03:00,19,19
http://irail.be/vehicle/IC2837,http://irail.be/stations/NMBS/008892056,IC,2016-08-10T17:07:00,2016-08-10T17:07:00,-83,-83
http://irail.be/vehicle/IC2837,http://irail.be/stations/NMBS/008891165,IC,2016-08-10T17:08:00,2016-08-10T17:08:00,-68,-68
http://irail.be/vehicle/IC2837,http://irail.be/stations/NMBS/008891157,IC,2016-08-10T17:10:00,2016-08-10T17:10:00,-106,-106
http://irail.be/vehicle/IC2837,http://irail.be/stations/NMBS/008891140,IC,2016-08-10T17:15:00,2016-08-10T17:13:00,102,-19
http://irail.be/vehicle/IC2837,http://irail.be/stations/NMBS/008891132,IC,2016-08-10T17:18:00,2016-08-10T17:18:00,61,61
http://irail.be/vehicle/IC2837,http://irail.be/stations/NMBS/008891124,IC,2016-08-10T17:20:00,2016-08-10T17:20:00,53,53
http://irail.be/vehicle/IC2837,http://irail.be/stations/NMBS/008891116,IC,2016-08-10T17:23:00,2016-08-10T17:23:00,35,35
http://irail.be/vehicle/IC2837,http://irail.be/stations/NMBS/008891009,IC,2016-08-10T17:29:00,2016-08-10T17:29:00,,146
http://irail.be/vehicle/IC2837,NO-URI,IC,2016-01-10T15:57:00,2016-01-10T15:57:00,184,0
http://irail.be/vehicle/IC2837,http://irail.be/stations/NMBS/008811007,IC,2016-01-10T16:04:00,2016-01-10T16:04:00,236,180
http://irail.be/vehicle/IC2837,http://irail.be/stations/NMBS/008812005,IC,2016-01-10T16:09:00,2016-01-10T16:07:00,298,327
http://irail.be/vehicle/IC2837,http://irail.be/stations/NMBS/008813045,IC,2016-01-10T16:11:00,2016-01-10T16:11:00,310,312
http://irail.be/vehicle/IC2837,http://irail.be/stations/NMBS/008813003,IC,2016-01-10T16:13:00,2016-01-10T16:12:00,408,387
http://irail.be/vehicle/IC2837,http://irail.be/stations/NMBS/008813037,IC,2016-01-10T16:14:00,2016-01-10T16:14:00,424,425
http://irail.be/vehicle/IC2837,http://irail.be/stations/NMBS/008814001,IC,2016-01-10T16:21:00,2016-01-10T16:17:00,451,508
http://irail.be/vehicle/IC2837,http://irail.be/stations/NMBS/008892007,IC,2016-01-10T16:52:00,2016-01-10T16:52:00,0,329
http://irail.be/vehicle/IC2837,http://irail.be/stations/NMBS/008819406,IC,2016-10-30T15:57:00,2016-10-30T15:57:00,11,
http://irail.be/vehicle/IC2837,http://irail.be/stations/NMBS/008811007,IC,2016-10-30T16:04:00,2016-10-30T16:04:00,-4,-4
http://irail.be/vehicle/IC2837,http://irail.be/stations/NMBS/008812005,IC,2016-10-30T16:09:00,2016-10-30T16:07:00,25,0
http://irail.be/vehicle/IC2837,http://irail.be/stations/NMBS/008813045,IC,2016-10-30T16:11:00,2016-10-30T16:11:00,18,18
http://irail.be/vehicle/IC2837,http://irail.be/stations/NMBS/008813003,IC,2016-10-30T16:13:00,2016-10-30T16:12:00,52,48
http://irail.be/vehicle/IC2837,http://irail.be/stations/NMBS/008813037,IC,2016-10-30T16:14:00,2016-10-30T16:14:00,63,63
http://irail.be/vehicle/IC2837,http://irail.be/stations/NMBS/008814001,IC,2016-10-30T16:21:00,2016-10-30T16:17:00,32,21
http://irail.be/vehicle/IC2837,http://irail.be/stations/NMBS/008892007,IC,2016-10-30T16:50:00,2016-10-30T16:50:00,,-64
http://irail.be/vehicle/IC2837,NO-URI,IC,2016-01-19T15:59:00,2016-01-19T15:59:00,83,0
http://irail.be/vehicle/IC2837,http://irail.be/stations/NMBS/008811007,IC,2016-01-19T16:07:00,2016-01-19T16:07:00,58,31
http://irail.be/vehicle/IC2837,http://irail.be/stations/NMBS/008812005,IC,2016-01-19T16:12:00,2016-01-19T16:10:00,66,74
http://irail.be/vehicle/IC2837,http://irail.be/stations/NMBS/008813045,IC,2016-01-19T16:14:00,2016-01-19T16:14:00,74,75
http://irail.be/vehicle/IC2837,http://irail.be/stations/NMBS/008813003,IC,2016-01-19T16:16:00,2016-01-19T16:15:00,133,98
http://irail.be/vehicle/IC2837,http://irail.be/stations/NMBS/008813037,IC,2016-01-19T16:18:00,2016-01-19T16:18:00,86,133
http://irail.be/vehicle/IC2837,http://irail.be/stations/NMBS/008814001,IC,2016-01-19T16:22:00,2016-01-19T16:20:00,112,111
http://irail.be/vehicle/IC2837,http://irail.be/stations/NMBS/008892007,IC,2016-01-19T17:00:00,2016-01-19T16:55:00,30,-10
http://irail.be/vehicle/IC2837,http://irail.be/stations/NMBS/008892031,IC,2016-01-19T17:03:00,2016-01-19T17:03:00,41,-3
http://irail.be/vehicle/IC2837,http://irail.be/stations/NMBS/008892056,IC,2016-01-19T17:07:00,2016-01-19T17:07:00,-31,-49
http://irail.be/vehicle/IC2837,http://irail.be/stations/NMBS/008891165,IC,2016-01-19T17:08:00,2016-01-19T17:08:00,20,-31
http://irail.be/vehicle/IC2837,http://irail.be/stations/NMBS/008891157,IC,2016-01-19T17:10:00,2016-01-19T17:10:00,17,-7
http://irail.be/vehicle/IC2837,http://irail.be/stations/NMBS/008891140,IC,2016-01-19T17:15:00,2016-01-19T17:13:00,56,9
http://irail.be/vehicle/IC2837,http://irail.be/stations/NMBS/008891132,IC,2016-01-19T17:18:00,2016-01-19T17:18:00,23,15
http://irail.be/vehicle/IC2837,http://irail.be/stations/NMBS/008891124,IC,2016-01-19T17:20:00,2016-01-19T17:20:00,36,21
http://irail.be/vehicle/IC2837,http://irail.be/stations/NMBS/008891116,IC,2016-01-19T17:23:00,2016-01-19T17:23:00,35,35
http://irail.be/vehicle/IC2837,http://irail.be/stations/NMBS/008891009,IC,2016-01-19T17:29:00,2016-01-19T17:29:00,0,178
http://irail.be/vehicle/IC2837,http://irail.be/stations/NMBS/008819406,IC,2016-10-14T15:59:00,2016-10-14T15:59:00,90,
http://irail.be/vehicle/IC2837,http://irail.be/stations/NMBS/008811007,IC,2016-10-14T16:07:00,2016-10-14T16:07:00,110,110
http://irail.be/vehicle/IC2837,http://irail.be/stations/NMBS/008812005,IC,2016-10-14T16:12:00,2016-10-14T16:10:00,158,195
http://irail.be/vehicle/IC2837,http://irail.be/stations/NMBS/008813045,IC,2016-10-14T16:14:00,2016-10-14T16:14:00,155,155
http://irail.be/vehicle/IC2837,http://irail.be/stations/NMBS/008813003,IC,2016-10-14T16:16:00,2016-10-14T16:15:00,323,218
http://irail.be/vehicle/IC2837,http://irail.be/stations/NMBS/008813037,IC,2016-10-14T16:18:00,2016-10-14T16:18:00,280,280
http://irail.be/vehicle/IC2837,http://irail.be/stations/NMBS/008814001,IC,2016-10-14T16:22:00,2016-10-14T16:20:00,361,295
http://irail.be/vehicle/IC2837,http://irail.be/stations/NMBS/008892007,IC,2016-10-14T17:00:00,2016-10-14T16:53:00,36,23
http://irail.be/vehicle/IC2837,http://irail.be/stations/NMBS/008892031,IC,2016-10-14T17:03:00,2016-10-14T17:03:00,108,108
http://irail.be/vehicle/IC2837,http://irail.be/stations/NMBS/008892056,IC,2016-10-14T17:07:00,2016-10-14T17:07:00,14,14
http://irail.be/vehicle/IC2837,http://irail.be/stations/NMBS/008891165,IC,2016-10-14T17:08:00,2016-10-14T17:08:00,31,31
http://irail.be/vehicle/IC2837,http://irail.be/stations/NMBS/008891157,IC,2016-10-14T17:10:00,2016-10-14T17:10:00,-7,-7
http://irail.be/vehicle/IC2837,http://irail.be/stations/NMBS/008891140,IC,2016-10-14T17:15:00,2016-10-14T17:13:00,55,-62
http://irail.be/vehicle/IC2837,http://irail.be/stations/NMBS/008891132,IC,2016-10-14T17:18:00,2016-10-14T17:18:00,12,12
http://irail.be/vehicle/IC2837,http://irail.be/stations/NMBS/008891124,IC,2016-10-14T17:20:00,2016-10-14T17:20:00,10,10
http://irail.be/vehicle/IC2837,http://irail.be/stations/NMBS/008891116,IC,2016-10-14T17:23:00,2016-10-14T17:23:00,-20,-20
http://irail.be/vehicle/IC2837,http://irail.be/stations/NMBS/008891009,IC,2016-10-14T17:29:00,2016-10-14T17:29:00,,-27
http://irail.be/vehicle/IC2837,http://irail.be/stations/NMBS/008819406,IC,2016-05-06T15:59:00,2016-05-06T15:59:00,52,0
http://irail.be/vehicle/IC2837,http://irail.be/stations/NMBS/008811007,IC,2016-05-06T16:07:00,2016-05-06T16:07:00,145,71
http://irail.be/vehicle/IC2837,http://irail.be/stations/NMBS/008812005,IC,2016-05-06T16:12:00,2016-05-06T16:10:00,186,260
http://irail.be/vehicle/IC2837,http://irail.be/stations/NMBS/008813045,IC,2016-05-06T16:14:00,2016-05-06T16:14:00,200,196
http://irail.be/vehicle/IC2837,http://irail.be/stations/NMBS/008813003,IC,2016-05-06T16:16:00,2016-05-06T16:15:00,230,233
http://irail.be/vehicle/IC2837,http://irail.be/stations/NMBS/008813037,IC,2016-05-06T16:18:00,2016-05-06T16:18:00,194,230
http://irail.be/vehicle/IC2837,http://irail.be/stations/NMBS/008814001,IC,2016-05-06T16:22:00,2016-05-06T16:20:00,490,474
http://irail.be/vehicle/IC2837,http://irail.be/stations/NMBS/008892007,IC,2016-05-06T17:00:00,2016-05-06T16:53:00,67,315
http://irail.be/vehicle/IC2837,http://irail.be/stations/NMBS/008892031,IC,2016-05-06T17:03:00,2016-05-06T17:03:00,67,26
http://irail.be/vehicle/IC2837,http://irail.be/stations/NMBS/008892056,IC,2016-05-06T17:07:00,2016-05-06T17:07:00,-20,-31
http://irail.be/vehicle/IC2837,http://irail.be/stations/NMBS/008891165,IC,2016-05-06T17:08:00,2016-05-06T17:08:00,2,-20
http://irail.be/vehicle/IC2837,http://irail.be/stations/NMBS/008891157,IC,2016-05-06T17:10:00,2016-05-06T17:10:00,-34,-40
http://irail.be/vehicle/IC2837,http://irail.be/stations/NMBS/008891140,IC,2016-05-06T17:15:00,2016-05-06T17:13:00,59,-45
http://irail.be/vehicle/IC2837,http://irail.be/stations/NMBS/008891132,IC,2016-05-06T17:18:00,2016-05-06T17:18:00,22,17
http://irail.be/vehicle/IC2837,http://irail.be/stations/NMBS/008891124,IC,2016-05-06T17:20:00,2016-05-06T17:20:00,18,8
http://irail.be/vehicle/IC2837,http://irail.be/stations/NMBS/008891116,IC,2016-05-06T17:23:00,2016-05-06T17:23:00,-10,-10
http://irail.be/vehicle/IC2837,http://irail.be/stations/NMBS/008891009,IC,2016-05-06T17:29:00,2016-05-06T17:29:00,0,97
http://irail.be/vehicle/IC2837,http://irail.be/stations/NMBS/008819406,IC,2016-12-30T15:59:00,2016-12-30T15:59:00,3,
http://irail.be/vehicle/IC2837,http://irail.be/stations/NMBS/008811007,IC,2016-12-30T16:07:00,2016-12-30T16:07:00,-21,-21
http://irail.be/vehicle/IC2837,http://irail.be/stations/NMBS/008812005,IC,2016-12-30T16:12:00,2016-12-30T16:10:00,12,-38
http://irail.be/vehicle/IC2837,http://irail.be/stations/NMBS/008813045,IC,2016-12-30T16:14:00,2016-12-30T16:14:00,11,11
http://irail.be/vehicle/IC2837,http://irail.be/stations/NMBS/008813003,IC,2016-12-30T16:16:00,2016-12-30T16:15:00,66,37
http://irail.be/vehicle/IC2837,http://irail.be/stations/NMBS/008813037,IC,2016-12-30T16:18:00,2016-12-30T16:18:00,66,66
http://irail.be/vehicle/IC2837,http://irail.be/stations/NMBS/008814001,IC,2016-12-30T16:22:00,2016-12-30T16:20:00,90,80
http://irail.be/vehicle/IC2837,http://irail.be/stations/NMBS/008892007,IC,2016-12-30T17:00:00,2016-12-30T16:53:00,23,-117
http://irail.be/vehicle/IC2837,http://irail.be/stations/NMBS/008892031,IC,2016-12-30T17:03:00,2016-12-30T17:03:00,-9,-9
http://irail.be/vehicle/IC2837,http://irail.be/stations/NMBS/008892056,IC,2016-12-30T17:07:00,2016-12-30T17:07:00,-56,-56
http://irail.be/vehicle/IC2837,http://irail.be/stations/NMBS/008891165,IC,2016-12-30T17:08:00,2016-12-30T17:08:00,-81,-81
http://irail.be/vehicle/IC2837,http://irail.be/stations/NMBS/008891157,IC,2016-12-30T17:10:00,2016-12-30T17:10:00,-76,-76
http://irail.be/vehicle/IC2837,http://irail.be/stations/NMBS/008891140,IC,2016-12-30T17:15:00,2016-12-30T17:13:00,80,-71
http://irail.be/vehicle/IC2837,http://irail.be/stations/NMBS/008891132,IC,2016-12-30T17:18:00,2016-12-30T17:18:00,37,37
http://irail.be/vehicle/IC2837,http://irail.be/stations/NMBS/008891124,IC,2016-12-30T17:20:00,2016-12-30T17:20:00,50,50
http://irail.be/vehicle/IC2837,http://irail.be/stations/NMBS/008891116,IC,2016-12-30T17:23:00,2016-12-30T17:23:00,48,48
http://irail.be/vehicle/IC2837,http://irail.be/stations/NMBS/008891009,IC,2016-12-30T17:29:00,2016-12-30T17:29:00,,104
http://irail.be/vehicle/IC2837,http://irail.be/stations/NMBS/008819406,IC,2016-09-11T15:57:00,2016-09-11T15:57:00,-9,
http://irail.be/vehicle/IC2837,http://irail.be/stations/NMBS/008811007,IC,2016-09-11T16:04:00,2016-09-11T16:04:00,263,263
http://irail.be/vehicle/IC2837,http://irail.be/stations/NMBS/008812005,IC,2016-09-11T16:09:00,2016-09-11T16:07:00,297,306
http://irail.be/vehicle/IC2837,http://irail.be/stations/NMBS/008813045,IC,2016-09-11T16:11:00,2016-09-11T16:11:00,290,290
http://irail.be/vehicle/IC2837,http://irail.be/stations/NMBS/008813003,IC,2016-09-11T16:13:00,2016-09-11T16:12:00,318,318
http://irail.be/vehicle/IC2837,http://irail.be/stations/NMBS/008813037,IC,2016-09-11T16:14:00,2016-09-11T16:14:00,330,330
http://irail.be/vehicle/IC2837,http://irail.be/stations/NMBS/008814001,IC,2016-09-11T16:17:00,2016-09-11T16:17:00,,322
http://irail.be/vehicle/IC2837,http://irail.be/stations/NMBS/008819406,IC,2016-06-26T15:57:00,2016-06-26T15:57:00,84,
http://irail.be/vehicle/IC2837,http://irail.be/stations/NMBS/008811007,IC,2016-06-26T16:04:00,2016-06-26T16:04:00,103,103
http://irail.be/vehicle/IC2837,http://irail.be/stations/NMBS/008812005,IC,2016-06-26T16:09:00,2016-06-26T16:07:00,188,238
http://irail.be/vehicle/IC2837,http://irail.be/stations/NMBS/008813045,IC,2016-06-26T16:11:00,2016-06-26T16:11:00,186,186
http://irail.be/vehicle/IC2837,http://irail.be/stations/NMBS/008813003,IC,2016-06-26T16:13:00,2016-06-26T16:12:00,248,213
http://irail.be/vehicle/IC2837,http://irail.be/stations/NMBS/008813037,IC,2016-06-26T16:14:00,2016-06-26T16:14:00,267,267
http://irail.be/vehicle/IC2837,http://irail.be/stations/NMBS/008814001,IC,2016-06-26T16:21:00,2016-06-26T16:17:00,110,240
http://irail.be/vehicle/IC2837,http://irail.be/stations/NMBS/008895836,IC,2016-06-26T16:34:00,2016-06-26T16:34:00,190,190
http://irail.be/vehicle/IC2837,http://irail.be/stations/NMBS/008895802,IC,2016-06-26T16:38:00,2016-06-26T16:38:00,129,129
http://irail.be/vehicle/IC2837,http://irail.be/stations/NMBS/008895091,IC,2016-06-26T16:43:00,2016-06-26T16:43:00,61,61
http://irail.be/vehicle/IC2837,http://irail.be/stations/NMBS/008895000,IC,2016-06-26T16:46:00,2016-06-26T16:46:00,5,5
http://irail.be/vehicle/IC2837,http://irail.be/stations/NMBS/008895067,IC,2016-06-26T16:51:00,2016-06-26T16:51:00,5,5
http://irail.be/vehicle/IC2837,http://irail.be/stations/NMBS/008893583,IC,2016-06-26T16:54:00,2016-06-26T16:54:00,5,5
http://irail.be/vehicle/IC2837,http://irail.be/stations/NMBS/008893542,IC,2016-06-26T16:58:00,2016-06-26T16:58:00,-303,-303
http://irail.be/vehicle/IC2837,http://irail.be/stations/NMBS/008893559,IC,2016-06-26T17:01:00,2016-06-26T17:01:00,-395,-395
http://irail.be/vehicle/IC2837,http://irail.be/stations/NMBS/008893567,IC,2016-06-26T17:04:00,2016-06-26T17:04:00,-449,-449
http://irail.be/vehicle/IC2837,http://irail.be/stations/NMBS/008893039,IC,2016-06-26T17:06:00,2016-06-26T17:06:00,-442,-442
http://irail.be/vehicle/IC2837,http://irail.be/stations/NMBS/008893013,IC,2016-06-26T17:07:00,2016-06-26T17:07:00,-459,-459
http://irail.be/vehicle/IC2837,http://irail.be/stations/NMBS/008892007,IC,2016-06-26T17:12:00,2016-06-26T17:12:00,,952
http://irail.be/vehicle/IC2837,NO-URI,IC,2016-01-13T15:59:00,2016-01-13T15:59:00,20,0
http://irail.be/vehicle/IC2837,http://irail.be/stations/NMBS/008811007,IC,2016-01-13T16:07:00,2016-01-13T16:07:00,85,9
http://irail.be/vehicle/IC2837,http://irail.be/stations/NMBS/008812005,IC,2016-01-13T16:12:00,2016-01-13T16:10:00,127,164
http://irail.be/vehicle/IC2837,http://irail.be/stations/NMBS/008813045,IC,2016-01-13T16:14:00,2016-01-13T16:14:00,128,130
http://irail.be/vehicle/IC2837,http://irail.be/stations/NMBS/008813003,IC,2016-01-13T16:16:00,2016-01-13T16:15:00,184,153
http://irail.be/vehicle/IC2837,http://irail.be/stations/NMBS/008813037,IC,2016-01-13T16:18:00,2016-01-13T16:18:00,150,184
http://irail.be/vehicle/IC2837,http://irail.be/stations/NMBS/008814001,IC,2016-01-13T16:22:00,2016-01-13T16:20:00,149,180
http://irail.be/vehicle/IC2837,http://irail.be/stations/NMBS/008892007,IC,2016-01-13T17:00:00,2016-01-13T16:55:00,43,116
http://irail.be/vehicle/IC2837,http://irail.be/stations/NMBS/008892031,IC,2016-01-13T17:03:00,2016-01-13T17:03:00,78,27
http://irail.be/vehicle/IC2837,http://irail.be/stations/NMBS/008892056,IC,2016-01-13T17:07:00,2016-01-13T17:07:00,-6,-20
http://irail.be/vehicle/IC2837,http://irail.be/stations/NMBS/008891165,IC,2016-01-13T17:08:00,2016-01-13T17:08:00,33,-6
http://irail.be/vehicle/IC2837,http://irail.be/stations/NMBS/008891157,IC,2016-01-13T17:10:00,2016-01-13T17:10:00,19,0
http://irail.be/vehicle/IC2837,http://irail.be/stations/NMBS/008891140,IC,2016-01-13T17:15:00,2016-01-13T17:13:00,76,-14
http://irail.be/vehicle/IC2837,http://irail.be/stations/NMBS/008891132,IC,2016-01-13T17:18:00,2016-01-13T17:18:00,54,51
http://irail.be/vehicle/IC2837,http://irail.be/stations/NMBS/008891124,IC,2016-01-13T17:20:00,2016-01-13T17:20:00,42,33
http://irail.be/vehicle/IC2837,http://irail.be/stations/NMBS/008891116,IC,2016-01-13T17:23:00,2016-01-13T17:23:00,80,80
http://irail.be/vehicle/IC2837,http://irail.be/stations/NMBS/008891009,IC,2016-01-13T17:29:00,2016-01-13T17:29:00,0,58
http://irail.be/vehicle/IC2837,http://irail.be/stations/NMBS/008819406,IC,2016-08-01T15:59:00,2016-08-01T15:59:00,32,
http://irail.be/vehicle/IC2837,http://irail.be/stations/NMBS/008811007,IC,2016-08-01T16:07:00,2016-08-01T16:07:00,-41,-41
http://irail.be/vehicle/IC2837,http://irail.be/stations/NMBS/008812005,IC,2016-08-01T16:12:00,2016-08-01T16:10:00,18,50
http://irail.be/vehicle/IC2837,http://irail.be/stations/NMBS/008813045,IC,2016-08-01T16:14:00,2016-08-01T16:14:00,16,16
http://irail.be/vehicle/IC2837,http://irail.be/stations/NMBS/008813003,IC,2016-08-01T16:16:00,2016-08-01T16:15:00,74,44
http://irail.be/vehicle/IC2837,http://irail.be/stations/NMBS/008813037,IC,2016-08-01T16:18:00,2016-08-01T16:18:00,34,34
http://irail.be/vehicle/IC2837,http://irail.be/stations/NMBS/008814001,IC,2016-08-01T16:22:00,2016-08-01T16:20:00,262,80
http://irail.be/vehicle/IC2837,http://irail.be/stations/NMBS/008892007,IC,2016-08-01T17:00:00,2016-08-01T16:53:00,12,5
http://irail.be/vehicle/IC2837,http://irail.be/stations/NMBS/008892031,IC,2016-08-01T17:03:00,2016-08-01T17:03:00,-1,-1
http://irail.be/vehicle/IC2837,http://irail.be/stations/NMBS/008892056,IC,2016-08-01T17:07:00,2016-08-01T17:07:00,-104,-104
http://irail.be/vehicle/IC2837,http://irail.be/stations/NMBS/008891165,IC,2016-08-01T17:08:00,2016-08-01T17:08:00,-89,-89
http://irail.be/vehicle/IC2837,http://irail.be/stations/NMBS/008891157,IC,2016-08-01T17:10:00,2016-08-01T17:10:00,-134,-134
http://irail.be/vehicle/IC2837,http://irail.be/stations/NMBS/008891140,IC,2016-08-01T17:15:00,2016-08-01T17:13:00,48,-50
http://irail.be/vehicle/IC2837,http://irail.be/stations/NMBS/008891132,IC,2016-08-01T17:18:00,2016-08-01T17:18:00,8,8
http://irail.be/vehicle/IC2837,http://irail.be/stations/NMBS/008891124,IC,2016-08-01T17:20:00,2016-08-01T17:20:00,1,1
http://irail.be/vehicle/IC2837,http://irail.be/stations/NMBS/008891116,IC,2016-08-01T17:23:00,2016-08-01T17:23:00,38,38
http://irail.be/vehicle/IC2837,http://irail.be/stations/NMBS/008891009,IC,2016-08-01T17:29:00,2016-08-01T17:29:00,,82
http://irail.be/vehicle/IC2837,NO-URI,IC,2016-01-26T15:59:00,2016-01-26T15:59:00,0,0
http://irail.be/vehicle/IC2837,http://irail.be/stations/NMBS/008811007,IC,2016-01-26T16:07:00,2016-01-26T16:07:00,-34,-60
http://irail.be/vehicle/IC2837,http://irail.be/stations/NMBS/008812005,IC,2016-01-26T16:12:00,2016-01-26T16:10:00,48,42
http://irail.be/vehicle/IC2837,http://irail.be/stations/NMBS/008813045,IC,2016-01-26T16:14:00,2016-01-26T16:14:00,56,58
http://irail.be/vehicle/IC2837,http://irail.be/stations/NMBS/008813003,IC,2016-01-26T16:16:00,2016-01-26T16:15:00,114,85
http://irail.be/vehicle/IC2837,http://irail.be/stations/NMBS/008813037,IC,2016-01-26T16:17:00,2016-01-26T16:17:00,129,114
http://irail.be/vehicle/IC2837,http://irail.be/stations/NMBS/008814001,IC,2016-01-26T16:22:00,2016-01-26T16:20:00,154,100
http://irail.be/vehicle/IC2837,http://irail.be/stations/NMBS/008892007,IC,2016-01-26T17:00:00,2016-01-26T16:55:00,28,-78
http://irail.be/vehicle/IC2837,http://irail.be/stations/NMBS/008892031,IC,2016-01-26T17:04:00,2016-01-26T17:04:00,-29,-13
http://irail.be/vehicle/IC2837,http://irail.be/stations/NMBS/008892056,IC,2016-01-26T17:07:00,2016-01-26T17:07:00,-72,-75
http://irail.be/vehicle/IC2837,http://irail.be/stations/NMBS/008891165,IC,2016-01-26T17:08:00,2016-01-26T17:08:00,-58,-72
http://irail.be/vehicle/IC2837,http://irail.be/stations/NMBS/008891157,IC,2016-01-26T17:11:00,2016-01-26T17:11:00,-156,-164
http://irail.be/vehicle/IC2837,http://irail.be/stations/NMBS/008891140,IC,2016-01-26T17:15:00,2016-01-26T17:13:00,63,-36
http://irail.be/vehicle/IC2837,http://irail.be/stations/NMBS/008891132,IC,2016-01-26T17:18:00,2016-01-26T17:18:00,21,19
http://irail.be/vehicle/IC2837,http://irail.be/stations/NMBS/008891124,IC,2016-01-26T17:20:00,2016-01-26T17:20:00,24,3
http://irail.be/vehicle/IC2837,http://irail.be/stations/NMBS/008891116,IC,2016-01-26T17:24:00,2016-01-26T17:24:00,97,97
http://irail.be/vehicle/IC2837,http://irail.be/stations/NMBS/008891009,IC,2016-01-26T17:29:00,2016-01-26T17:29:00,0,153
http://irail.be/vehicle/IC2837,http://irail.be/stations/NMBS/008814001,IC,2016-07-16T16:21:00,2016-07-16T16:21:00,537,
http://irail.be/vehicle/IC2837,http://irail.be/stations/NMBS/008892007,IC,2016-07-16T16:50:00,2016-07-16T16:50:00,,575
http://irail.be/vehicle/IC2837,http://irail.be/stations/NMBS/008819406,IC,2016-11-09T15:59:00,2016-11-09T15:59:00,8,
http://irail.be/vehicle/IC2837,http://irail.be/stations/NMBS/008811007,IC,2016-11-09T16:07:00,2016-11-09T16:07:00,-43,-43
http://irail.be/vehicle/IC2837,http://irail.be/stations/NMBS/008812005,IC,2016-11-09T16:12:00,2016-11-09T16:10:00,43,74
http://irail.be/vehicle/IC2837,http://irail.be/stations/NMBS/008813045,IC,2016-11-09T16:14:00,2016-11-09T16:14:00,51,51
http://irail.be/vehicle/IC2837,http://irail.be/stations/NMBS/008813003,IC,2016-11-09T16:16:00,2016-11-09T16:15:00,163,133
http://irail.be/vehicle/IC2837,http://irail.be/stations/NMBS/008813037,IC,2016-11-09T16:18:00,2016-11-09T16:18:00,125,125
http://irail.be/vehicle/IC2837,http://irail.be/stations/NMBS/008814001,IC,2016-11-09T16:22:00,2016-11-09T16:20:00,149,170
http://irail.be/vehicle/IC2837,http://irail.be/stations/NMBS/008892007,IC,2016-11-09T17:00:00,2016-11-09T16:53:00,18,26
http://irail.be/vehicle/IC2837,http://irail.be/stations/NMBS/008892031,IC,2016-11-09T17:03:00,2016-11-09T17:03:00,43,43
http://irail.be/vehicle/IC2837,http://irail.be/stations/NMBS/008892056,IC,2016-11-09T17:07:00,2016-11-09T17:07:00,-32,-32
http://irail.be/vehicle/IC2837,http://irail.be/stations/NMBS/008891165,IC,2016-11-09T17:08:00,2016-11-09T17:08:00,15,15
http://irail.be/vehicle/IC2837,http://irail.be/stations/NMBS/008891157,IC,2016-11-09T17:10:00,2016-11-09T17:10:00,-2,-2
http://irail.be/vehicle/IC2837,http://irail.be/stations/NMBS/008891140,IC,2016-11-09T17:15:00,2016-11-09T17:13:00,65,-26
http://irail.be/vehicle/IC2837,http://irail.be/stations/NMBS/008891132,IC,2016-11-09T17:18:00,2016-11-09T17:18:00,65,65
http://irail.be/vehicle/IC2837,http://irail.be/stations/NMBS/008891124,IC,2016-11-09T17:20:00,2016-11-09T17:20:00,65,65
http://irail.be/vehicle/IC2837,http://irail.be/stations/NMBS/008891116,IC,2016-11-09T17:23:00,2016-11-09T17:23:00,37,37
http://irail.be/vehicle/IC2837,http://irail.be/stations/NMBS/008891009,IC,2016-11-09T17:29:00,2016-11-09T17:29:00,,39
http://irail.be/vehicle/IC2837,http://irail.be/stations/NMBS/008819406,IC,2016-11-14T15:59:00,2016-11-14T15:59:00,201,
http://irail.be/vehicle/IC2837,http://irail.be/stations/NMBS/008811007,IC,2016-11-14T16:07:52,2016-11-14T16:07:52,160,160
http://irail.be/vehicle/IC2837,http://irail.be/stations/NMBS/008812005,IC,2016-11-14T16:12:29,2016-11-14T16:10:29,130,142
http://irail.be/vehicle/IC2837,http://irail.be/stations/NMBS/008813045,IC,2016-11-14T16:14:07,2016-11-14T16:14:07,134,134
http://irail.be/vehicle/IC2837,http://irail.be/stations/NMBS/008813003,IC,2016-11-14T16:16:33,2016-11-14T16:15:33,194,174
http://irail.be/vehicle/IC2837,http://irail.be/stations/NMBS/008813037,IC,2016-11-14T16:18:00,2016-11-14T16:18:00,194,194
http://irail.be/vehicle/IC2837,http://irail.be/stations/NMBS/008814001,IC,2016-11-14T16:22:00,2016-11-14T16:20:00,220,206
http://irail.be/vehicle/IC2837,http://irail.be/stations/NMBS/008892007,IC,2016-11-14T17:00:00,2016-11-14T16:53:00,49,90
http://irail.be/vehicle/IC2837,http://irail.be/stations/NMBS/008892031,IC,2016-11-14T17:03:39,2016-11-14T17:03:39,69,69
http://irail.be/vehicle/IC2837,http://irail.be/stations/NMBS/008892056,IC,2016-11-14T17:07:00,2016-11-14T17:07:00,34,34
http://irail.be/vehicle/IC2837,http://irail.be/stations/NMBS/008891165,IC,2016-11-14T17:08:00,2016-11-14T17:08:00,18,18
http://irail.be/vehicle/IC2837,http://irail.be/stations/NMBS/008891157,IC,2016-11-14T17:10:00,2016-11-14T17:10:00,27,27
http://irail.be/vehicle/IC2837,http://irail.be/stations/NMBS/008891140,IC,2016-11-14T17:15:00,2016-11-14T17:13:00,78,6
http://irail.be/vehicle/IC2837,http://irail.be/stations/NMBS/008891132,IC,2016-11-14T17:18:00,2016-11-14T17:18:00,50,50
http://irail.be/vehicle/IC2837,http://irail.be/stations/NMBS/008891124,IC,2016-11-14T17:20:00,2016-11-14T17:20:00,68,68
http://irail.be/vehicle/IC2837,http://irail.be/stations/NMBS/008891116,IC,2016-11-14T17:23:00,2016-11-14T17:23:00,64,64
http://irail.be/vehicle/IC2837,http://irail.be/stations/NMBS/008891009,IC,2016-11-14T17:29:04,2016-11-14T17:29:04,,118
http://irail.be/vehicle/IC2837,http://irail.be/stations/NMBS/008819406,IC,2016-09-23T15:59:00,2016-09-23T15:59:00,9,
http://irail.be/vehicle/IC2837,http://irail.be/stations/NMBS/008811007,IC,2016-09-23T16:07:00,2016-09-23T16:07:00,32,32
http://irail.be/vehicle/IC2837,http://irail.be/stations/NMBS/008812005,IC,2016-09-23T16:12:00,2016-09-23T16:10:00,96,132
http://irail.be/vehicle/IC2837,http://irail.be/stations/NMBS/008813045,IC,2016-09-23T16:14:00,2016-09-23T16:14:00,102,102
http://irail.be/vehicle/IC2837,http://irail.be/stations/NMBS/008813003,IC,2016-09-23T16:16:00,2016-09-23T16:15:00,157,135
http://irail.be/vehicle/IC2837,http://irail.be/stations/NMBS/008813037,IC,2016-09-23T16:18:00,2016-09-23T16:18:00,129,129
http://irail.be/vehicle/IC2837,http://irail.be/stations/NMBS/008814001,IC,2016-09-23T16:22:00,2016-09-23T16:20:00,199,177
http://irail.be/vehicle/IC2837,http://irail.be/stations/NMBS/008892007,IC,2016-09-23T17:00:00,2016-09-23T16:53:00,32,124
http://irail.be/vehicle/IC2837,http://irail.be/stations/NMBS/008892031,IC,2016-09-23T17:03:00,2016-09-23T17:03:00,80,80
http://irail.be/vehicle/IC2837,http://irail.be/stations/NMBS/008892056,IC,2016-09-23T17:07:00,2016-09-23T17:07:00,4,4
http://irail.be/vehicle/IC2837,http://irail.be/stations/NMBS/008891165,IC,2016-09-23T17:08:00,2016-09-23T17:08:00,37,37
http://irail.be/vehicle/IC2837,http://irail.be/stations/NMBS/008891157,IC,2016-09-23T17:10:00,2016-09-23T17:10:00,3,3
http://irail.be/vehicle/IC2837,http://irail.be/stations/NMBS/008891140,IC,2016-09-23T17:15:00,2016-09-23T17:13:00,88,-44
http://irail.be/vehicle/IC2837,http://irail.be/stations/NMBS/008891132,IC,2016-09-23T17:18:00,2016-09-23T17:18:00,69,69
http://irail.be/vehicle/IC2837,http://irail.be/stations/NMBS/008891124,IC,2016-09-23T17:20:00,2016-09-23T17:20:00,69,69
http://irail.be/vehicle/IC2837,http://irail.be/stations/NMBS/008891116,IC,2016-09-23T17:23:00,2016-09-23T17:23:00,49,49
http://irail.be/vehicle/IC2837,http://irail.be/stations/NMBS/008891009,IC,2016-09-23T17:29:00,2016-09-23T17:29:00,,46
http://irail.be/vehicle/IC2837,http://irail.be/stations/NMBS/008819406,IC,2016-08-09T15:59:00,2016-08-09T15:59:00,273,
http://irail.be/vehicle/IC2837,http://irail.be/stations/NMBS/008811007,IC,2016-08-09T16:07:00,2016-08-09T16:07:00,1107,1107
http://irail.be/vehicle/IC2837,http://irail.be/stations/NMBS/008812005,IC,2016-08-09T16:12:00,2016-08-09T16:10:00,1175,1224
http://irail.be/vehicle/IC2837,http://irail.be/stations/NMBS/008813045,IC,2016-08-09T16:14:00,2016-08-09T16:14:00,1229,1229
http://irail.be/vehicle/IC2837,http://irail.be/stations/NMBS/008813003,IC,2016-08-09T16:16:00,2016-08-09T16:15:00,1403,1363
http://irail.be/vehicle/IC2837,http://irail.be/stations/NMBS/008813037,IC,2016-08-09T16:18:00,2016-08-09T16:18:00,1361,1361
http://irail.be/vehicle/IC2837,http://irail.be/stations/NMBS/008814001,IC,2016-08-09T16:22:00,2016-08-09T16:20:00,1430,1396
http://irail.be/vehicle/IC2837,http://irail.be/stations/NMBS/008892007,IC,2016-08-09T17:00:00,2016-08-09T16:53:00,1143,1489
http://irail.be/vehicle/IC2837,http://irail.be/stations/NMBS/008892031,IC,2016-08-09T17:03:00,2016-08-09T17:03:00,1133,1133
http://irail.be/vehicle/IC2837,http://irail.be/stations/NMBS/008892056,IC,2016-08-09T17:07:00,2016-08-09T17:07:00,1031,1031
http://irail.be/vehicle/IC2837,http://irail.be/stations/NMBS/008891165,IC,2016-08-09T17:08:00,2016-08-09T17:08:00,1045,1045
http://irail.be/vehicle/IC2837,http://irail.be/stations/NMBS/008891157,IC,2016-08-09T17:10:00,2016-08-09T17:10:00,999,999
http://irail.be/vehicle/IC2837,http://irail.be/stations/NMBS/008891140,IC,2016-08-09T17:15:00,2016-08-09T17:13:00,928,939
http://irail.be/vehicle/IC2837,http://irail.be/stations/NMBS/008891132,IC,2016-08-09T17:18:00,2016-08-09T17:18:00,886,886
http://irail.be/vehicle/IC2837,http://irail.be/stations/NMBS/008891124,IC,2016-08-09T17:20:00,2016-08-09T17:20:00,877,877
http://irail.be/vehicle/IC2837,http://irail.be/stations/NMBS/008891116,IC,2016-08-09T17:23:00,2016-08-09T17:23:00,845,845
http://irail.be/vehicle/IC2837,http://irail.be/stations/NMBS/008891009,IC,2016-08-09T17:29:00,2016-08-09T17:29:00,,858
http://irail.be/vehicle/IC2837,http://irail.be/stations/NMBS/008819406,IC,2016-10-26T15:59:00,2016-10-26T15:59:00,28,
http://irail.be/vehicle/IC2837,http://irail.be/stations/NMBS/008811007,IC,2016-10-26T16:07:00,2016-10-26T16:07:00,-32,-32
http://irail.be/vehicle/IC2837,http://irail.be/stations/NMBS/008812005,IC,2016-10-26T16:12:00,2016-10-26T16:10:00,4,0
http://irail.be/vehicle/IC2837,http://irail.be/stations/NMBS/008813045,IC,2016-10-26T16:14:00,2016-10-26T16:14:00,1,1
http://irail.be/vehicle/IC2837,http://irail.be/stations/NMBS/008813003,IC,2016-10-26T16:16:00,2016-10-26T16:15:00,45,24
http://irail.be/vehicle/IC2837,http://irail.be/stations/NMBS/008813037,IC,2016-10-26T16:18:00,2016-10-26T16:18:00,-3,-3
http://irail.be/vehicle/IC2837,http://irail.be/stations/NMBS/008814001,IC,2016-10-26T16:22:00,2016-10-26T16:20:00,38,22
http://irail.be/vehicle/IC2837,http://irail.be/stations/NMBS/008892007,IC,2016-10-26T17:00:00,2016-10-26T16:53:00,17,-78
http://irail.be/vehicle/IC2837,http://irail.be/stations/NMBS/008892031,IC,2016-10-26T17:03:00,2016-10-26T17:03:00,32,32
http://irail.be/vehicle/IC2837,http://irail.be/stations/NMBS/008892056,IC,2016-10-26T17:07:00,2016-10-26T17:07:00,-37,-37
http://irail.be/vehicle/IC2837,http://irail.be/stations/NMBS/008891165,IC,2016-10-26T17:08:00,2016-10-26T17:08:00,8,8
http://irail.be/vehicle/IC2837,http://irail.be/stations/NMBS/008891157,IC,2016-10-26T17:10:00,2016-10-26T17:10:00,-3,-3
http://irail.be/vehicle/IC2837,http://irail.be/stations/NMBS/008891140,IC,2016-10-26T17:15:00,2016-10-26T17:13:00,54,-39
http://irail.be/vehicle/IC2837,http://irail.be/stations/NMBS/008891132,IC,2016-10-26T17:18:00,2016-10-26T17:18:00,32,32
http://irail.be/vehicle/IC2837,http://irail.be/stations/NMBS/008891124,IC,2016-10-26T17:20:00,2016-10-26T17:20:00,39,39
http://irail.be/vehicle/IC2837,http://irail.be/stations/NMBS/008891116,IC,2016-10-26T17:23:00,2016-10-26T17:23:00,17,17
http://irail.be/vehicle/IC2837,http://irail.be/stations/NMBS/008891009,IC,2016-10-26T17:29:00,2016-10-26T17:29:00,,11
http://irail.be/vehicle/IC2837,http://irail.be/stations/NMBS/008819406,IC,2016-06-02T15:59:00,2016-06-02T15:59:00,36,0
http://irail.be/vehicle/IC2837,http://irail.be/stations/NMBS/008811007,IC,2016-06-02T16:07:00,2016-06-02T16:07:00,-30,-56
http://irail.be/vehicle/IC2837,http://irail.be/stations/NMBS/008812005,IC,2016-06-02T16:12:00,2016-06-02T16:10:00,19,13
http://irail.be/vehicle/IC2837,http://irail.be/stations/NMBS/008813045,IC,2016-06-02T16:14:00,2016-06-02T16:14:00,29,28
http://irail.be/vehicle/IC2837,http://irail.be/stations/NMBS/008813003,IC,2016-06-02T16:16:00,2016-06-02T16:15:00,70,52
http://irail.be/vehicle/IC2837,http://irail.be/stations/NMBS/008813037,IC,2016-06-02T16:18:00,2016-06-02T16:18:00,18,70
http://irail.be/vehicle/IC2837,http://irail.be/stations/NMBS/008814001,IC,2016-06-02T16:22:00,2016-06-02T16:20:00,123,47
http://irail.be/vehicle/IC2837,http://irail.be/stations/NMBS/008892007,IC,2016-06-02T17:00:00,2016-06-02T16:53:00,14,-77
http://irail.be/vehicle/IC2837,http://irail.be/stations/NMBS/008892031,IC,2016-06-02T17:03:00,2016-06-02T17:03:00,3,-38
http://irail.be/vehicle/IC2837,http://irail.be/stations/NMBS/008892056,IC,2016-06-02T17:07:00,2016-06-02T17:07:00,-103,-105
http://irail.be/vehicle/IC2837,http://irail.be/stations/NMBS/008891165,IC,2016-06-02T17:08:00,2016-06-02T17:08:00,-86,-103
http://irail.be/vehicle/IC2837,http://irail.be/stations/NMBS/008891157,IC,2016-06-02T17:10:00,2016-06-02T17:10:00,-119,-128
http://irail.be/vehicle/IC2837,http://irail.be/stations/NMBS/008891140,IC,2016-06-02T17:15:00,2016-06-02T17:13:00,45,-15
http://irail.be/vehicle/IC2837,http://irail.be/stations/NMBS/008891132,IC,2016-06-02T17:18:00,2016-06-02T17:18:00,5,4
http://irail.be/vehicle/IC2837,http://irail.be/stations/NMBS/008891124,IC,2016-06-02T17:20:00,2016-06-02T17:20:00,40,9
http://irail.be/vehicle/IC2837,http://irail.be/stations/NMBS/008891116,IC,2016-06-02T17:23:00,2016-06-02T17:23:00,178,178
http://irail.be/vehicle/IC2837,http://irail.be/stations/NMBS/008891009,IC,2016-06-02T17:29:00,2016-06-02T17:29:00,0,157
http://irail.be/vehicle/IC2837,NO-URI,IC,2016-03-21T15:59:00,2016-03-21T15:59:00,970,0
http://irail.be/vehicle/IC2837,http://irail.be/stations/NMBS/008811007,IC,2016-03-21T16:07:00,2016-03-21T16:07:00,965,938
http://irail.be/vehicle/IC2837,http://irail.be/stations/NMBS/008812005,IC,2016-03-21T16:12:00,2016-03-21T16:10:00,979,970
http://irail.be/vehicle/IC2837,http://irail.be/stations/NMBS/008813045,IC,2016-03-21T16:14:00,2016-03-21T16:14:00,996,992
http://irail.be/vehicle/IC2837,http://irail.be/stations/NMBS/008813003,IC,2016-03-21T16:16:00,2016-03-21T16:15:00,1120,1092
http://irail.be/vehicle/IC2837,http://irail.be/stations/NMBS/008813037,IC,2016-03-21T16:18:00,2016-03-21T16:18:00,1083,1120
http://irail.be/vehicle/IC2837,http://irail.be/stations/NMBS/008814001,IC,2016-03-21T16:22:00,2016-03-21T16:20:00,1110,1121
http://irail.be/vehicle/IC2837,http://irail.be/stations/NMBS/008892007,IC,2016-03-21T17:00:00,2016-03-21T16:53:00,619,919
http://irail.be/vehicle/IC2837,http://irail.be/stations/NMBS/008892031,IC,2016-03-21T17:03:00,2016-03-21T17:03:00,621,582
http://irail.be/vehicle/IC2837,http://irail.be/stations/NMBS/008892056,IC,2016-03-21T17:07:00,2016-03-21T17:07:00,517,514
http://irail.be/vehicle/IC2837,http://irail.be/stations/NMBS/008891165,IC,2016-03-21T17:08:00,2016-03-21T17:08:00,531,517
http://irail.be/vehicle/IC2837,http://irail.be/stations/NMBS/008891157,IC,2016-03-21T17:10:00,2016-03-21T17:10:00,484,483
http://irail.be/vehicle/IC2837,http://irail.be/stations/NMBS/008891140,IC,2016-03-21T17:15:00,2016-03-21T17:13:00,420,431
http://irail.be/vehicle/IC2837,http://irail.be/stations/NMBS/008891132,IC,2016-03-21T17:18:00,2016-03-21T17:18:00,489,447
http://irail.be/vehicle/IC2837,http://irail.be/stations/NMBS/008891124,IC,2016-03-21T17:20:00,2016-03-21T17:20:00,560,549
http://irail.be/vehicle/IC2837,http://irail.be/stations/NMBS/008891116,IC,2016-03-21T17:23:00,2016-03-21T17:23:00,526,526
http://irail.be/vehicle/IC2837,http://irail.be/stations/NMBS/008891009,IC,2016-03-21T17:29:00,2016-03-21T17:29:00,0,519
http://irail.be/vehicle/IC2837,http://irail.be/stations/NMBS/008819406,IC,2016-05-02T15:59:00,2016-05-02T15:59:00,98,0
http://irail.be/vehicle/IC2837,http://irail.be/stations/NMBS/008811007,IC,2016-05-02T16:07:00,2016-05-02T16:07:00,85,8
http://irail.be/vehicle/IC2837,http://irail.be/stations/NMBS/008812005,IC,2016-05-02T16:12:00,2016-05-02T16:10:00,206,232
http://irail.be/vehicle/IC2837,http://irail.be/stations/NMBS/008813045,IC,2016-05-02T16:14:00,2016-05-02T16:14:00,213,213
http://irail.be/vehicle/IC2837,http://irail.be/stations/NMBS/008813003,IC,2016-05-02T16:16:00,2016-05-02T16:15:00,364,304
http://irail.be/vehicle/IC2837,http://irail.be/stations/NMBS/008813037,IC,2016-05-02T16:18:00,2016-05-02T16:18:00,321,364
http://irail.be/vehicle/IC2837,http://irail.be/stations/NMBS/008814001,IC,2016-05-02T16:22:00,2016-05-02T16:20:00,335,356
http://irail.be/vehicle/IC2837,http://irail.be/stations/NMBS/008892007,IC,2016-05-02T17:00:00,2016-05-02T16:53:00,47,119
http://irail.be/vehicle/IC2837,http://irail.be/stations/NMBS/008892031,IC,2016-05-02T17:03:00,2016-05-02T17:03:00,64,17
http://irail.be/vehicle/IC2837,http://irail.be/stations/NMBS/008892056,IC,2016-05-02T17:07:00,2016-05-02T17:07:00,-12,-28
http://irail.be/vehicle/IC2837,http://irail.be/stations/NMBS/008891165,IC,2016-05-02T17:08:00,2016-05-02T17:08:00,37,-12
http://irail.be/vehicle/IC2837,http://irail.be/stations/NMBS/008891157,IC,2016-05-02T17:10:00,2016-05-02T17:10:00,28,9
http://irail.be/vehicle/IC2837,http://irail.be/stations/NMBS/008891140,IC,2016-05-02T17:15:00,2016-05-02T17:13:00,67,-15
http://irail.be/vehicle/IC2837,http://irail.be/stations/NMBS/008891132,IC,2016-05-02T17:18:00,2016-05-02T17:18:00,41,35
http://irail.be/vehicle/IC2837,http://irail.be/stations/NMBS/008891124,IC,2016-05-02T17:20:00,2016-05-02T17:20:00,48,35
http://irail.be/vehicle/IC2837,http://irail.be/stations/NMBS/008891116,IC,2016-05-02T17:23:00,2016-05-02T17:23:00,26,26
http://irail.be/vehicle/IC2837,http://irail.be/stations/NMBS/008891009,IC,2016-05-02T17:29:00,2016-05-02T17:29:00,0,4
http://irail.be/vehicle/IC2837,http://irail.be/stations/NMBS/008819406,IC,2016-08-22T15:59:00,2016-08-22T15:59:00,31,
http://irail.be/vehicle/IC2837,http://irail.be/stations/NMBS/008811007,IC,2016-08-22T16:07:00,2016-08-22T16:07:00,281,281
http://irail.be/vehicle/IC2837,http://irail.be/stations/NMBS/008812005,IC,2016-08-22T16:12:00,2016-08-22T16:10:00,367,381
http://irail.be/vehicle/IC2837,http://irail.be/stations/NMBS/008813045,IC,2016-08-22T16:14:00,2016-08-22T16:14:00,362,362
http://irail.be/vehicle/IC2837,http://irail.be/stations/NMBS/008813003,IC,2016-08-22T16:16:00,2016-08-22T16:15:00,439,404
http://irail.be/vehicle/IC2837,http://irail.be/stations/NMBS/008813037,IC,2016-08-22T16:18:00,2016-08-22T16:18:00,395,395
http://irail.be/vehicle/IC2837,http://irail.be/stations/NMBS/008814001,IC,2016-08-22T16:22:00,2016-08-22T16:20:00,495,445
http://irail.be/vehicle/IC2837,http://irail.be/stations/NMBS/008892007,IC,2016-08-22T17:00:00,2016-08-22T16:53:00,229,422
http://irail.be/vehicle/IC2837,http://irail.be/stations/NMBS/008892031,IC,2016-08-22T17:03:00,2016-08-22T17:03:00,216,216
http://irail.be/vehicle/IC2837,http://irail.be/stations/NMBS/008892056,IC,2016-08-22T17:07:00,2016-08-22T17:07:00,112,112
http://irail.be/vehicle/IC2837,http://irail.be/stations/NMBS/008891165,IC,2016-08-22T17:08:00,2016-08-22T17:08:00,125,125
http://irail.be/vehicle/IC2837,http://irail.be/stations/NMBS/008891157,IC,2016-08-22T17:10:00,2016-08-22T17:10:00,80,80
http://irail.be/vehicle/IC2837,http://irail.be/stations/NMBS/008891140,IC,2016-08-22T17:15:00,2016-08-22T17:13:00,64,34
http://irail.be/vehicle/IC2837,http://irail.be/stations/NMBS/008891132,IC,2016-08-22T17:18:00,2016-08-22T17:18:00,22,22
http://irail.be/vehicle/IC2837,http://irail.be/stations/NMBS/008891124,IC,2016-08-22T17:20:00,2016-08-22T17:20:00,11,11
http://irail.be/vehicle/IC2837,http://irail.be/stations/NMBS/008891116,IC,2016-08-22T17:23:00,2016-08-22T17:23:00,64,64
http://irail.be/vehicle/IC2837,http://irail.be/stations/NMBS/008891009,IC,2016-08-22T17:29:00,2016-08-22T17:29:00,,60
http://irail.be/vehicle/IC2837,http://irail.be/stations/NMBS/008819406,IC,2016-06-05T15:57:00,2016-06-05T15:57:00,360,0
http://irail.be/vehicle/IC2837,http://irail.be/stations/NMBS/008811007,IC,2016-06-05T16:04:00,2016-06-05T16:04:00,394,322
http://irail.be/vehicle/IC2837,http://irail.be/stations/NMBS/008812005,IC,2016-06-05T16:09:00,2016-06-05T16:07:00,457,484
http://irail.be/vehicle/IC2837,http://irail.be/stations/NMBS/008813045,IC,2016-06-05T16:11:00,2016-06-05T16:11:00,456,456
http://irail.be/vehicle/IC2837,http://irail.be/stations/NMBS/008813003,IC,2016-06-05T16:13:00,2016-06-05T16:12:00,506,482
http://irail.be/vehicle/IC2837,http://irail.be/stations/NMBS/008813037,IC,2016-06-05T16:15:00,2016-06-05T16:15:00,467,506
http://irail.be/vehicle/IC2837,http://irail.be/stations/NMBS/008814001,IC,2016-06-05T16:21:00,2016-06-05T16:17:00,358,500
http://irail.be/vehicle/IC2837,http://irail.be/stations/NMBS/008892007,IC,2016-06-05T16:50:00,2016-06-05T16:50:00,0,240
http://irail.be/vehicle/IC2837,http://irail.be/stations/NMBS/008819406,IC,2016-08-15T15:57:00,2016-08-15T15:57:00,88,
http://irail.be/vehicle/IC2837,http://irail.be/stations/NMBS/008811007,IC,2016-08-15T16:04:00,2016-08-15T16:04:00,78,78
http://irail.be/vehicle/IC2837,http://irail.be/stations/NMBS/008812005,IC,2016-08-15T16:09:00,2016-08-15T16:07:00,41,99
http://irail.be/vehicle/IC2837,http://irail.be/stations/NMBS/008813045,IC,2016-08-15T16:11:00,2016-08-15T16:11:00,32,32
http://irail.be/vehicle/IC2837,http://irail.be/stations/NMBS/008813003,IC,2016-08-15T16:13:00,2016-08-15T16:12:00,78,59
http://irail.be/vehicle/IC2837,http://irail.be/stations/NMBS/008813037,IC,2016-08-15T16:14:00,2016-08-15T16:14:00,94,94
http://irail.be/vehicle/IC2837,http://irail.be/stations/NMBS/008814001,IC,2016-08-15T16:21:00,2016-08-15T16:17:00,34,65
http://irail.be/vehicle/IC2837,http://irail.be/stations/NMBS/008892007,IC,2016-08-15T16:50:00,2016-08-15T16:50:00,,-73
http://irail.be/vehicle/IC2837,NO-URI,IC,2016-03-19T15:57:00,2016-03-19T15:57:00,19,0
http://irail.be/vehicle/IC2837,http://irail.be/stations/NMBS/008811007,IC,2016-03-19T16:04:00,2016-03-19T16:04:00,124,91
http://irail.be/vehicle/IC2837,http://irail.be/stations/NMBS/008812005,IC,2016-03-19T16:09:00,2016-03-19T16:07:00,107,167
http://irail.be/vehicle/IC2837,http://irail.be/stations/NMBS/008813045,IC,2016-03-19T16:11:00,2016-03-19T16:11:00,108,111
http://irail.be/vehicle/IC2837,http://irail.be/stations/NMBS/008813003,IC,2016-03-19T16:13:00,2016-03-19T16:12:00,146,137
http://irail.be/vehicle/IC2837,http://irail.be/stations/NMBS/008813037,IC,2016-03-19T16:14:00,2016-03-19T16:14:00,155,156
http://irail.be/vehicle/IC2837,http://irail.be/stations/NMBS/008814001,IC,2016-03-19T16:21:00,2016-03-19T16:17:00,38,125
http://irail.be/vehicle/IC2837,http://irail.be/stations/NMBS/008892007,IC,2016-03-19T16:50:00,2016-03-19T16:50:00,0,13
http://irail.be/vehicle/IC2837,http://irail.be/stations/NMBS/008819406,IC,2016-07-20T15:59:00,2016-07-20T15:59:00,22,
http://irail.be/vehicle/IC2837,http://irail.be/stations/NMBS/008811007,IC,2016-07-20T16:07:00,2016-07-20T16:07:00,-32,-32
http://irail.be/vehicle/IC2837,http://irail.be/stations/NMBS/008812005,IC,2016-07-20T16:12:00,2016-07-20T16:10:00,27,33
http://irail.be/vehicle/IC2837,http://irail.be/stations/NMBS/008813045,IC,2016-07-20T16:14:00,2016-07-20T16:14:00,26,26
http://irail.be/vehicle/IC2837,http://irail.be/stations/NMBS/008813003,IC,2016-07-20T16:16:00,2016-07-20T16:15:00,81,59
http://irail.be/vehicle/IC2837,http://irail.be/stations/NMBS/008813037,IC,2016-07-20T16:18:00,2016-07-20T16:18:00,44,44
http://irail.be/vehicle/IC2837,http://irail.be/stations/NMBS/008814001,IC,2016-07-20T16:22:00,2016-07-20T16:20:00,43,75
http://irail.be/vehicle/IC2837,http://irail.be/stations/NMBS/008892007,IC,2016-07-20T17:00:00,2016-07-20T16:53:00,13,-113
http://irail.be/vehicle/IC2837,http://irail.be/stations/NMBS/008892031,IC,2016-07-20T17:03:00,2016-07-20T17:03:00,52,52
http://irail.be/vehicle/IC2837,http://irail.be/stations/NMBS/008892056,IC,2016-07-20T17:07:00,2016-07-20T17:07:00,-45,-45
http://irail.be/vehicle/IC2837,http://irail.be/stations/NMBS/008891165,IC,2016-07-20T17:08:00,2016-07-20T17:08:00,-22,-22
http://irail.be/vehicle/IC2837,http://irail.be/stations/NMBS/008891157,IC,2016-07-20T17:10:00,2016-07-20T17:10:00,-58,-58
http://irail.be/vehicle/IC2837,http://irail.be/stations/NMBS/008891140,IC,2016-07-20T17:15:00,2016-07-20T17:13:00,99,-60
http://irail.be/vehicle/IC2837,http://irail.be/stations/NMBS/008891132,IC,2016-07-20T17:18:00,2016-07-20T17:18:00,93,93
http://irail.be/vehicle/IC2837,http://irail.be/stations/NMBS/008891124,IC,2016-07-20T17:20:00,2016-07-20T17:20:00,93,93
http://irail.be/vehicle/IC2837,http://irail.be/stations/NMBS/008891116,IC,2016-07-20T17:23:00,2016-07-20T17:23:00,96,96
http://irail.be/vehicle/IC2837,http://irail.be/stations/NMBS/008891009,IC,2016-07-20T17:29:00,2016-07-20T17:29:00,,107
http://irail.be/vehicle/IC2837,http://irail.be/stations/NMBS/008819406,IC,2016-11-22T15:59:00,2016-11-22T15:59:00,12,
http://irail.be/vehicle/IC2837,http://irail.be/stations/NMBS/008811007,IC,2016-11-22T16:07:00,2016-11-22T16:07:00,-2,-2
http://irail.be/vehicle/IC2837,http://irail.be/stations/NMBS/008812005,IC,2016-11-22T16:12:00,2016-11-22T16:10:00,30,60
http://irail.be/vehicle/IC2837,http://irail.be/stations/NMBS/008813045,IC,2016-11-22T16:14:00,2016-11-22T16:14:00,29,29
http://irail.be/vehicle/IC2837,http://irail.be/stations/NMBS/008813003,IC,2016-11-22T16:16:00,2016-11-22T16:15:00,95,64
http://irail.be/vehicle/IC2837,http://irail.be/stations/NMBS/008813037,IC,2016-11-22T16:18:00,2016-11-22T16:18:00,95,95
http://irail.be/vehicle/IC2837,http://irail.be/stations/NMBS/008814001,IC,2016-11-22T16:22:00,2016-11-22T16:20:00,90,126
http://irail.be/vehicle/IC2837,http://irail.be/stations/NMBS/008892007,IC,2016-11-22T17:00:00,2016-11-22T16:53:00,19,126
http://irail.be/vehicle/IC2837,http://irail.be/stations/NMBS/008892031,IC,2016-11-22T17:03:00,2016-11-22T17:03:00,23,23
http://irail.be/vehicle/IC2837,http://irail.be/stations/NMBS/008892056,IC,2016-11-22T17:07:00,2016-11-22T17:07:00,-14,-14
http://irail.be/vehicle/IC2837,http://irail.be/stations/NMBS/008891165,IC,2016-11-22T17:08:00,2016-11-22T17:08:00,-29,-29
http://irail.be/vehicle/IC2837,http://irail.be/stations/NMBS/008891157,IC,2016-11-22T17:10:00,2016-11-22T17:10:00,3,3
http://irail.be/vehicle/IC2837,http://irail.be/stations/NMBS/008891140,IC,2016-11-22T17:15:00,2016-11-22T17:13:00,151,9
http://irail.be/vehicle/IC2837,http://irail.be/stations/NMBS/008891132,IC,2016-11-22T17:18:00,2016-11-22T17:18:00,123,123
http://irail.be/vehicle/IC2837,http://irail.be/stations/NMBS/008891124,IC,2016-11-22T17:20:00,2016-11-22T17:20:00,128,128
http://irail.be/vehicle/IC2837,http://irail.be/stations/NMBS/008891116,IC,2016-11-22T17:23:00,2016-11-22T17:23:00,149,149
http://irail.be/vehicle/IC2837,http://irail.be/stations/NMBS/008891009,IC,2016-11-22T17:29:00,2016-11-22T17:29:00,,242
http://irail.be/vehicle/IC2837,http://irail.be/stations/NMBS/008819406,IC,2016-07-04T15:59:00,2016-07-04T15:59:00,30,
http://irail.be/vehicle/IC2837,http://irail.be/stations/NMBS/008811007,IC,2016-07-04T16:07:00,2016-07-04T16:07:00,45,45
http://irail.be/vehicle/IC2837,http://irail.be/stations/NMBS/008812005,IC,2016-07-04T16:12:00,2016-07-04T16:10:00,209,108
http://irail.be/vehicle/IC2837,http://irail.be/stations/NMBS/008813045,IC,2016-07-04T16:14:00,2016-07-04T16:14:00,220,220
http://irail.be/vehicle/IC2837,http://irail.be/stations/NMBS/008813003,IC,2016-07-04T16:16:00,2016-07-04T16:15:00,267,248
http://irail.be/vehicle/IC2837,http://irail.be/stations/NMBS/008813037,IC,2016-07-04T16:18:00,2016-07-04T16:18:00,225,225
http://irail.be/vehicle/IC2837,http://irail.be/stations/NMBS/008814001,IC,2016-07-04T16:22:00,2016-07-04T16:20:00,334,355
http://irail.be/vehicle/IC2837,http://irail.be/stations/NMBS/008892007,IC,2016-07-04T17:00:00,2016-07-04T16:53:00,33,164
http://irail.be/vehicle/IC2837,http://irail.be/stations/NMBS/008892031,IC,2016-07-04T17:03:00,2016-07-04T17:03:00,33,33
http://irail.be/vehicle/IC2837,http://irail.be/stations/NMBS/008892056,IC,2016-07-04T17:07:00,2016-07-04T17:07:00,-62,-62
http://irail.be/vehicle/IC2837,http://irail.be/stations/NMBS/008891165,IC,2016-07-04T17:08:00,2016-07-04T17:08:00,-38,-38
http://irail.be/vehicle/IC2837,http://irail.be/stations/NMBS/008891157,IC,2016-07-04T17:10:00,2016-07-04T17:10:00,-75,-75
http://irail.be/vehicle/IC2837,http://irail.be/stations/NMBS/008891140,IC,2016-07-04T17:15:00,2016-07-04T17:13:00,210,-19
http://irail.be/vehicle/IC2837,http://irail.be/stations/NMBS/008891132,IC,2016-07-04T17:18:00,2016-07-04T17:18:00,169,169
http://irail.be/vehicle/IC2837,http://irail.be/stations/NMBS/008891124,IC,2016-07-04T17:20:00,2016-07-04T17:20:00,161,161
http://irail.be/vehicle/IC2837,http://irail.be/stations/NMBS/008891116,IC,2016-07-04T17:23:00,2016-07-04T17:23:00,129,129
http://irail.be/vehicle/IC2837,http://irail.be/stations/NMBS/008891009,IC,2016-07-04T17:29:00,2016-07-04T17:29:00,,111
http://irail.be/vehicle/IC2837,http://irail.be/stations/NMBS/008819406,IC,2016-10-01T15:57:00,2016-10-01T15:57:00,-5,
http://irail.be/vehicle/IC2837,http://irail.be/stations/NMBS/008811007,IC,2016-10-01T16:04:00,2016-10-01T16:04:00,-6,-6
http://irail.be/vehicle/IC2837,http://irail.be/stations/NMBS/008812005,IC,2016-10-01T16:09:00,2016-10-01T16:07:00,27,-18
http://irail.be/vehicle/IC2837,http://irail.be/stations/NMBS/008813045,IC,2016-10-01T16:11:00,2016-10-01T16:11:00,26,26
http://irail.be/vehicle/IC2837,http://irail.be/stations/NMBS/008813003,IC,2016-10-01T16:13:00,2016-10-01T16:12:00,127,94
http://irail.be/vehicle/IC2837,http://irail.be/stations/NMBS/008813037,IC,2016-10-01T16:14:00,2016-10-01T16:14:00,138,138
http://irail.be/vehicle/IC2837,http://irail.be/stations/NMBS/008814001,IC,2016-10-01T16:17:00,2016-10-01T16:17:00,,96
http://irail.be/vehicle/IC2837,http://irail.be/stations/NMBS/008811007,IC,2016-04-11T16:07:00,2016-04-11T16:07:00,7,0
http://irail.be/vehicle/IC2837,http://irail.be/stations/NMBS/008812005,IC,2016-04-11T16:12:00,2016-04-11T16:10:00,147,196
http://irail.be/vehicle/IC2837,http://irail.be/stations/NMBS/008813045,IC,2016-04-11T16:14:00,2016-04-11T16:14:00,153,153
http://irail.be/vehicle/IC2837,http://irail.be/stations/NMBS/008813003,IC,2016-04-11T16:16:00,2016-04-11T16:15:00,207,186
http://irail.be/vehicle/IC2837,http://irail.be/stations/NMBS/008813037,IC,2016-04-11T16:17:00,2016-04-11T16:17:00,225,225
http://irail.be/vehicle/IC2837,http://irail.be/stations/NMBS/008814001,IC,2016-04-11T16:22:00,2016-04-11T16:20:00,195,169
http://irail.be/vehicle/IC2837,http://irail.be/stations/NMBS/008892007,IC,2016-04-11T17:00:00,2016-04-11T16:53:00,-3,140
http://irail.be/vehicle/IC2837,http://irail.be/stations/NMBS/008892031,IC,2016-04-11T17:03:00,2016-04-11T17:03:00,-1,-1
http://irail.be/vehicle/IC2837,http://irail.be/stations/NMBS/008892056,IC,2016-04-11T17:07:00,2016-04-11T17:07:00,227,-41
http://irail.be/vehicle/IC2837,http://irail.be/stations/NMBS/008891165,IC,2016-04-11T17:09:00,2016-04-11T17:09:00,270,227
http://irail.be/vehicle/IC2837,http://irail.be/stations/NMBS/008891157,IC,2016-04-11T17:10:00,2016-04-11T17:10:00,430,308
http://irail.be/vehicle/IC2837,http://irail.be/stations/NMBS/008891140,IC,2016-04-11T17:15:00,2016-04-11T17:13:00,988,604
http://irail.be/vehicle/IC2837,http://irail.be/stations/NMBS/008891132,IC,2016-04-11T17:18:00,2016-04-11T17:18:00,1024,1021
http://irail.be/vehicle/IC2837,http://irail.be/stations/NMBS/008891124,IC,2016-04-11T17:20:00,2016-04-11T17:20:00,1014,1005
http://irail.be/vehicle/IC2837,http://irail.be/stations/NMBS/008891116,IC,2016-04-11T17:23:00,2016-04-11T17:23:00,982,982
http://irail.be/vehicle/IC2837,http://irail.be/stations/NMBS/008891009,IC,2016-04-11T17:29:00,2016-04-11T17:29:00,0,978
http://irail.be/vehicle/IC2837,http://irail.be/stations/NMBS/008819406,IC,2016-06-01T15:59:00,2016-06-01T15:59:00,83,0
http://irail.be/vehicle/IC2837,http://irail.be/stations/NMBS/008811007,IC,2016-06-01T16:07:00,2016-06-01T16:07:00,82,47
http://irail.be/vehicle/IC2837,http://irail.be/stations/NMBS/008812005,IC,2016-06-01T16:12:00,2016-06-01T16:10:00,149,185
http://irail.be/vehicle/IC2837,http://irail.be/stations/NMBS/008813045,IC,2016-06-01T16:14:00,2016-06-01T16:14:00,162,158
http://irail.be/vehicle/IC2837,http://irail.be/stations/NMBS/008813003,IC,2016-06-01T16:16:00,2016-06-01T16:15:00,266,221
http://irail.be/vehicle/IC2837,http://irail.be/stations/NMBS/008813037,IC,2016-06-01T16:18:00,2016-06-01T16:18:00,246,266
http://irail.be/vehicle/IC2837,http://irail.be/stations/NMBS/008814001,IC,2016-06-01T16:22:00,2016-06-01T16:20:00,366,286
http://irail.be/vehicle/IC2837,http://irail.be/stations/NMBS/008892007,IC,2016-06-01T17:00:00,2016-06-01T16:53:00,108,367
http://irail.be/vehicle/IC2837,http://irail.be/stations/NMBS/008892031,IC,2016-06-01T17:03:00,2016-06-01T17:03:00,87,43
http://irail.be/vehicle/IC2837,http://irail.be/stations/NMBS/008892056,IC,2016-06-01T17:07:00,2016-06-01T17:07:00,-5,-5
http://irail.be/vehicle/IC2837,http://irail.be/stations/NMBS/008891165,IC,2016-06-01T17:08:00,2016-06-01T17:08:00,39,-5
http://irail.be/vehicle/IC2837,http://irail.be/stations/NMBS/008891157,IC,2016-06-01T17:10:00,2016-06-01T17:10:00,14,2
http://irail.be/vehicle/IC2837,http://irail.be/stations/NMBS/008891140,IC,2016-06-01T17:15:00,2016-06-01T17:13:00,40,-25
http://irail.be/vehicle/IC2837,http://irail.be/stations/NMBS/008891132,IC,2016-06-01T17:18:00,2016-06-01T17:18:00,34,27
http://irail.be/vehicle/IC2837,http://irail.be/stations/NMBS/008891124,IC,2016-06-01T17:20:00,2016-06-01T17:20:00,43,28
http://irail.be/vehicle/IC2837,http://irail.be/stations/NMBS/008891116,IC,2016-06-01T17:23:00,2016-06-01T17:23:00,27,27
http://irail.be/vehicle/IC2837,http://irail.be/stations/NMBS/008891009,IC,2016-06-01T17:29:00,2016-06-01T17:29:00,0,30
http://irail.be/vehicle/IC2837,http://irail.be/stations/NMBS/008819406,IC,2016-09-01T15:59:00,2016-09-01T15:59:00,14,
http://irail.be/vehicle/IC2837,http://irail.be/stations/NMBS/008811007,IC,2016-09-01T16:07:00,2016-09-01T16:07:00,175,175
http://irail.be/vehicle/IC2837,http://irail.be/stations/NMBS/008812005,IC,2016-09-01T16:12:00,2016-09-01T16:10:00,167,175
http://irail.be/vehicle/IC2837,http://irail.be/stations/NMBS/008813045,IC,2016-09-01T16:14:00,2016-09-01T16:14:00,189,189
http://irail.be/vehicle/IC2837,http://irail.be/stations/NMBS/008813003,IC,2016-09-01T16:16:00,2016-09-01T16:15:00,327,286
http://irail.be/vehicle/IC2837,http://irail.be/stations/NMBS/008813037,IC,2016-09-01T16:18:00,2016-09-01T16:18:00,282,282
http://irail.be/vehicle/IC2837,http://irail.be/stations/NMBS/008814001,IC,2016-09-01T16:22:00,2016-09-01T16:20:00,280,319
http://irail.be/vehicle/IC2837,http://irail.be/stations/NMBS/008892007,IC,2016-09-01T17:00:00,2016-09-01T16:53:00,27,102
http://irail.be/vehicle/IC2837,http://irail.be/stations/NMBS/008892031,IC,2016-09-01T17:03:00,2016-09-01T17:03:00,27,27
http://irail.be/vehicle/IC2837,http://irail.be/stations/NMBS/008892056,IC,2016-09-01T17:07:00,2016-09-01T17:07:00,-74,-74
http://irail.be/vehicle/IC2837,http://irail.be/stations/NMBS/008891165,IC,2016-09-01T17:08:00,2016-09-01T17:08:00,-60,-60
http://irail.be/vehicle/IC2837,http://irail.be/stations/NMBS/008891157,IC,2016-09-01T17:10:00,2016-09-01T17:10:00,-105,-105
http://irail.be/vehicle/IC2837,http://irail.be/stations/NMBS/008891140,IC,2016-09-01T17:15:00,2016-09-01T17:13:00,67,-21
http://irail.be/vehicle/IC2837,http://irail.be/stations/NMBS/008891132,IC,2016-09-01T17:18:00,2016-09-01T17:18:00,31,31
http://irail.be/vehicle/IC2837,http://irail.be/stations/NMBS/008891124,IC,2016-09-01T17:20:00,2016-09-01T17:20:00,21,21
http://irail.be/vehicle/IC2837,http://irail.be/stations/NMBS/008891116,IC,2016-09-01T17:23:00,2016-09-01T17:23:00,-4,-4
http://irail.be/vehicle/IC2837,http://irail.be/stations/NMBS/008891009,IC,2016-09-01T17:29:00,2016-09-01T17:29:00,,87
http://irail.be/vehicle/IC2837,http://irail.be/stations/NMBS/008819406,IC,2016-10-24T15:59:00,2016-10-24T15:59:00,1429,
http://irail.be/vehicle/IC2837,http://irail.be/stations/NMBS/008811007,IC,2016-10-24T16:07:00,2016-10-24T16:07:00,1354,1354
http://irail.be/vehicle/IC2837,http://irail.be/stations/NMBS/008812005,IC,2016-10-24T16:12:00,2016-10-24T16:10:00,1523,1524
http://irail.be/vehicle/IC2837,http://irail.be/stations/NMBS/008813045,IC,2016-10-24T16:14:00,2016-10-24T16:14:00,1521,1521
http://irail.be/vehicle/IC2837,http://irail.be/stations/NMBS/008813003,IC,2016-10-24T16:16:00,2016-10-24T16:15:00,1711,1638
http://irail.be/vehicle/IC2837,http://irail.be/stations/NMBS/008813037,IC,2016-10-24T16:18:00,2016-10-24T16:18:00,1745,1745
http://irail.be/vehicle/IC2837,http://irail.be/stations/NMBS/008814001,IC,2016-10-24T16:22:00,2016-10-24T16:20:00,1889,1813
http://irail.be/vehicle/IC2837,http://irail.be/stations/NMBS/008892007,IC,2016-10-24T17:00:00,2016-10-24T16:53:00,1395,1694
http://irail.be/vehicle/IC2837,http://irail.be/stations/NMBS/008892031,IC,2016-10-24T17:03:00,2016-10-24T17:03:00,1627,1627
http://irail.be/vehicle/IC2837,http://irail.be/stations/NMBS/008892056,IC,2016-10-24T17:07:00,2016-10-24T17:07:00,1532,1532
http://irail.be/vehicle/IC2837,http://irail.be/stations/NMBS/008891165,IC,2016-10-24T17:08:00,2016-10-24T17:08:00,1546,1546
http://irail.be/vehicle/IC2837,http://irail.be/stations/NMBS/008891157,IC,2016-10-24T17:10:00,2016-10-24T17:10:00,1501,1501
http://irail.be/vehicle/IC2837,http://irail.be/stations/NMBS/008891140,IC,2016-10-24T17:15:00,2016-10-24T17:13:00,1437,1442
http://irail.be/vehicle/IC2837,http://irail.be/stations/NMBS/008891132,IC,2016-10-24T17:18:00,2016-10-24T17:18:00,1414,1414
http://irail.be/vehicle/IC2837,http://irail.be/stations/NMBS/008891124,IC,2016-10-24T17:20:00,2016-10-24T17:20:00,1410,1410
http://irail.be/vehicle/IC2837,http://irail.be/stations/NMBS/008891116,IC,2016-10-24T17:23:00,2016-10-24T17:23:00,1378,1378
http://irail.be/vehicle/IC2837,http://irail.be/stations/NMBS/008891009,IC,2016-10-24T17:29:00,2016-10-24T17:29:00,,1356
http://irail.be/vehicle/IC2837,http://irail.be/stations/NMBS/008819406,IC,2016-10-02T15:57:00,2016-10-02T15:57:00,217,
http://irail.be/vehicle/IC2837,http://irail.be/stations/NMBS/008811007,IC,2016-10-02T16:04:00,2016-10-02T16:04:00,227,227
http://irail.be/vehicle/IC2837,http://irail.be/stations/NMBS/008812005,IC,2016-10-02T16:09:00,2016-10-02T16:07:00,259,247
http://irail.be/vehicle/IC2837,http://irail.be/stations/NMBS/008813045,IC,2016-10-02T16:11:00,2016-10-02T16:11:00,258,258
http://irail.be/vehicle/IC2837,http://irail.be/stations/NMBS/008813003,IC,2016-10-02T16:13:00,2016-10-02T16:12:00,305,284
http://irail.be/vehicle/IC2837,http://irail.be/stations/NMBS/008813037,IC,2016-10-02T16:14:00,2016-10-02T16:14:00,319,319
http://irail.be/vehicle/IC2837,http://irail.be/stations/NMBS/008814001,IC,2016-10-02T16:17:00,2016-10-02T16:17:00,,317
http://irail.be/vehicle/IC2837,http://irail.be/stations/NMBS/008819406,IC,2016-09-07T15:59:00,2016-09-07T15:59:00,24,
http://irail.be/vehicle/IC2837,http://irail.be/stations/NMBS/008811007,IC,2016-09-07T16:07:00,2016-09-07T16:07:00,83,83
http://irail.be/vehicle/IC2837,http://irail.be/stations/NMBS/008812005,IC,2016-09-07T16:12:00,2016-09-07T16:10:00,150,190
http://irail.be/vehicle/IC2837,http://irail.be/stations/NMBS/008813045,IC,2016-09-07T16:14:00,2016-09-07T16:14:00,147,147
http://irail.be/vehicle/IC2837,http://irail.be/stations/NMBS/008813003,IC,2016-09-07T16:16:00,2016-09-07T16:15:00,263,237
http://irail.be/vehicle/IC2837,http://irail.be/stations/NMBS/008813037,IC,2016-09-07T16:18:00,2016-09-07T16:18:00,225,225
http://irail.be/vehicle/IC2837,http://irail.be/stations/NMBS/008814001,IC,2016-09-07T16:22:00,2016-09-07T16:20:00,218,258
http://irail.be/vehicle/IC2837,http://irail.be/stations/NMBS/008892007,IC,2016-09-07T17:00:00,2016-09-07T16:53:00,45,21
http://irail.be/vehicle/IC2837,http://irail.be/stations/NMBS/008892031,IC,2016-09-07T17:03:00,2016-09-07T17:03:00,60,60
http://irail.be/vehicle/IC2837,http://irail.be/stations/NMBS/008892056,IC,2016-09-07T17:07:00,2016-09-07T17:07:00,24,24
http://irail.be/vehicle/IC2837,http://irail.be/stations/NMBS/008891165,IC,2016-09-07T17:08:00,2016-09-07T17:08:00,75,75
http://irail.be/vehicle/IC2837,http://irail.be/stations/NMBS/008891157,IC,2016-09-07T17:10:00,2016-09-07T17:10:00,63,63
http://irail.be/vehicle/IC2837,http://irail.be/stations/NMBS/008891140,IC,2016-09-07T17:15:00,2016-09-07T17:13:00,61,23
http://irail.be/vehicle/IC2837,http://irail.be/stations/NMBS/008891132,IC,2016-09-07T17:18:00,2016-09-07T17:18:00,65,65
http://irail.be/vehicle/IC2837,http://irail.be/stations/NMBS/008891124,IC,2016-09-07T17:20:00,2016-09-07T17:20:00,80,80
http://irail.be/vehicle/IC2837,http://irail.be/stations/NMBS/008891116,IC,2016-09-07T17:23:00,2016-09-07T17:23:00,77,77
http://irail.be/vehicle/IC2837,http://irail.be/stations/NMBS/008891009,IC,2016-09-07T17:29:00,2016-09-07T17:29:00,,102
http://irail.be/vehicle/IC2837,http://irail.be/stations/NMBS/008819406,IC,2016-12-16T15:59:00,2016-12-16T15:59:00,2,
http://irail.be/vehicle/IC2837,http://irail.be/stations/NMBS/008811007,IC,2016-12-16T16:07:00,2016-12-16T16:07:00,86,86
http://irail.be/vehicle/IC2837,http://irail.be/stations/NMBS/008812005,IC,2016-12-16T16:12:00,2016-12-16T16:10:00,108,123
http://irail.be/vehicle/IC2837,http://irail.be/stations/NMBS/008813045,IC,2016-12-16T16:14:00,2016-12-16T16:14:00,104,104
http://irail.be/vehicle/IC2837,http://irail.be/stations/NMBS/008813003,IC,2016-12-16T16:16:00,2016-12-16T16:15:00,151,132
http://irail.be/vehicle/IC2837,http://irail.be/stations/NMBS/008813037,IC,2016-12-16T16:18:00,2016-12-16T16:18:00,151,151
http://irail.be/vehicle/IC2837,http://irail.be/stations/NMBS/008814001,IC,2016-12-16T16:22:00,2016-12-16T16:20:00,201,200
http://irail.be/vehicle/IC2837,http://irail.be/stations/NMBS/008892007,IC,2016-12-16T17:00:00,2016-12-16T16:53:00,11,7
http://irail.be/vehicle/IC2837,http://irail.be/stations/NMBS/008892031,IC,2016-12-16T17:03:00,2016-12-16T17:03:00,-20,-20
http://irail.be/vehicle/IC2837,http://irail.be/stations/NMBS/008892056,IC,2016-12-16T17:07:00,2016-12-16T17:07:00,-69,-69
http://irail.be/vehicle/IC2837,http://irail.be/stations/NMBS/008891165,IC,2016-12-16T17:08:00,2016-12-16T17:08:00,-92,-92
http://irail.be/vehicle/IC2837,http://irail.be/stations/NMBS/008891157,IC,2016-12-16T17:10:00,2016-12-16T17:10:00,18,18
http://irail.be/vehicle/IC2837,http://irail.be/stations/NMBS/008891140,IC,2016-12-16T17:15:00,2016-12-16T17:13:00,133,126
http://irail.be/vehicle/IC2837,http://irail.be/stations/NMBS/008891132,IC,2016-12-16T17:18:00,2016-12-16T17:18:00,76,76
http://irail.be/vehicle/IC2837,http://irail.be/stations/NMBS/008891124,IC,2016-12-16T17:20:00,2016-12-16T17:20:00,68,68
http://irail.be/vehicle/IC2837,http://irail.be/stations/NMBS/008891116,IC,2016-12-16T17:23:00,2016-12-16T17:23:00,183,183
http://irail.be/vehicle/IC2837,http://irail.be/stations/NMBS/008891009,IC,2016-12-16T17:29:00,2016-12-16T17:29:00,,300
http://irail.be/vehicle/IC2837,http://irail.be/stations/NMBS/008819406,IC,2016-08-02T15:59:00,2016-08-02T15:59:00,17,
http://irail.be/vehicle/IC2837,http://irail.be/stations/NMBS/008811007,IC,2016-08-02T16:07:00,2016-08-02T16:07:00,77,77
http://irail.be/vehicle/IC2837,http://irail.be/stations/NMBS/008812005,IC,2016-08-02T16:12:00,2016-08-02T16:10:00,176,152
http://irail.be/vehicle/IC2837,http://irail.be/stations/NMBS/008813045,IC,2016-08-02T16:14:00,2016-08-02T16:14:00,190,190
http://irail.be/vehicle/IC2837,http://irail.be/stations/NMBS/008813003,IC,2016-08-02T16:16:00,2016-08-02T16:15:00,243,227
http://irail.be/vehicle/IC2837,http://irail.be/stations/NMBS/008813037,IC,2016-08-02T16:18:00,2016-08-02T16:18:00,200,200
http://irail.be/vehicle/IC2837,http://irail.be/stations/NMBS/008814001,IC,2016-08-02T16:22:00,2016-08-02T16:20:00,227,237
http://irail.be/vehicle/IC2837,http://irail.be/stations/NMBS/008892007,IC,2016-08-02T17:00:00,2016-08-02T16:53:00,22,141
http://irail.be/vehicle/IC2837,http://irail.be/stations/NMBS/008892031,IC,2016-08-02T17:03:00,2016-08-02T17:03:00,56,56
http://irail.be/vehicle/IC2837,http://irail.be/stations/NMBS/008892056,IC,2016-08-02T17:07:00,2016-08-02T17:07:00,-46,-46
http://irail.be/vehicle/IC2837,http://irail.be/stations/NMBS/008891165,IC,2016-08-02T17:08:00,2016-08-02T17:08:00,-31,-31
http://irail.be/vehicle/IC2837,http://irail.be/stations/NMBS/008891157,IC,2016-08-02T17:10:00,2016-08-02T17:10:00,-76,-76
http://irail.be/vehicle/IC2837,http://irail.be/stations/NMBS/008891140,IC,2016-08-02T17:15:00,2016-08-02T17:13:00,74,-33
http://irail.be/vehicle/IC2837,http://irail.be/stations/NMBS/008891132,IC,2016-08-02T17:18:00,2016-08-02T17:18:00,64,64
http://irail.be/vehicle/IC2837,http://irail.be/stations/NMBS/008891124,IC,2016-08-02T17:20:00,2016-08-02T17:20:00,59,59
http://irail.be/vehicle/IC2837,http://irail.be/stations/NMBS/008891116,IC,2016-08-02T17:23:00,2016-08-02T17:23:00,107,107
http://irail.be/vehicle/IC2837,http://irail.be/stations/NMBS/008891009,IC,2016-08-02T17:29:00,2016-08-02T17:29:00,,115
http://irail.be/vehicle/IC2837,http://irail.be/stations/NMBS/008819406,IC,2016-08-25T15:59:00,2016-08-25T15:59:00,321,
http://irail.be/vehicle/IC2837,http://irail.be/stations/NMBS/008811221,IC,2016-08-25T16:03:00,2016-08-25T16:03:00,362,362
http://irail.be/vehicle/IC2837,http://irail.be/stations/NMBS/008811213,IC,2016-08-25T16:04:00,2016-08-25T16:04:00,362,362
http://irail.be/vehicle/IC2837,http://irail.be/stations/NMBS/008811130,IC,2016-08-25T16:05:00,2016-08-25T16:05:00,391,391
http://irail.be/vehicle/IC2837,http://irail.be/stations/NMBS/008811007,IC,2016-08-25T16:09:00,2016-08-25T16:09:00,399,399
http://irail.be/vehicle/IC2837,http://irail.be/stations/NMBS/008812005,IC,2016-08-25T16:12:00,2016-08-25T16:12:00,489,544
http://irail.be/vehicle/IC2837,http://irail.be/stations/NMBS/008813045,IC,2016-08-25T16:14:00,2016-08-25T16:14:00,512,512
http://irail.be/vehicle/IC2837,http://irail.be/stations/NMBS/008813003,IC,2016-08-25T16:16:00,2016-08-25T16:15:00,545,539
http://irail.be/vehicle/IC2837,http://irail.be/stations/NMBS/008813037,IC,2016-08-25T16:18:00,2016-08-25T16:18:00,498,498
http://irail.be/vehicle/IC2837,http://irail.be/stations/NMBS/008814001,IC,2016-08-25T16:22:00,2016-08-25T16:20:00,493,536
http://irail.be/vehicle/IC2837,http://irail.be/stations/NMBS/008892007,IC,2016-08-25T17:00:00,2016-08-25T16:53:00,33,311
http://irail.be/vehicle/IC2837,http://irail.be/stations/NMBS/008892031,IC,2016-08-25T17:03:00,2016-08-25T17:03:00,19,19
http://irail.be/vehicle/IC2837,http://irail.be/stations/NMBS/008892056,IC,2016-08-25T17:07:00,2016-08-25T17:07:00,-77,-77
http://irail.be/vehicle/IC2837,http://irail.be/stations/NMBS/008891165,IC,2016-08-25T17:08:00,2016-08-25T17:08:00,-47,-47
http://irail.be/vehicle/IC2837,http://irail.be/stations/NMBS/008891157,IC,2016-08-25T17:10:00,2016-08-25T17:10:00,-62,-62
http://irail.be/vehicle/IC2837,http://irail.be/stations/NMBS/008891140,IC,2016-08-25T17:15:00,2016-08-25T17:13:00,67,47
http://irail.be/vehicle/IC2837,http://irail.be/stations/NMBS/008891132,IC,2016-08-25T17:18:00,2016-08-25T17:18:00,165,165
http://irail.be/vehicle/IC2837,http://irail.be/stations/NMBS/008891124,IC,2016-08-25T17:20:00,2016-08-25T17:20:00,1457,1180
http://irail.be/vehicle/IC2837,http://irail.be/stations/NMBS/008891116,IC,2016-08-25T17:23:00,2016-08-25T17:23:00,1652,1652
http://irail.be/vehicle/IC2837,http://irail.be/stations/NMBS/008891009,IC,2016-08-25T17:29:00,2016-08-25T17:29:00,,1733
http://irail.be/vehicle/IC2837,NO-URI,IC,2016-01-09T15:57:00,2016-01-09T15:57:00,2,0
http://irail.be/vehicle/IC2837,http://irail.be/stations/NMBS/008811007,IC,2016-01-09T16:04:00,2016-01-09T16:04:00,-13,-57
http://irail.be/vehicle/IC2837,http://irail.be/stations/NMBS/008812005,IC,2016-01-09T16:09:00,2016-01-09T16:07:00,182,38
http://irail.be/vehicle/IC2837,http://irail.be/stations/NMBS/008813045,IC,2016-01-09T16:11:00,2016-01-09T16:11:00,180,180
http://irail.be/vehicle/IC2837,http://irail.be/stations/NMBS/008813003,IC,2016-01-09T16:13:00,2016-01-09T16:12:00,263,255
http://irail.be/vehicle/IC2837,http://irail.be/stations/NMBS/008813037,IC,2016-01-09T16:14:00,2016-01-09T16:14:00,273,272
http://irail.be/vehicle/IC2837,http://irail.be/stations/NMBS/008814001,IC,2016-01-09T16:21:00,2016-01-09T16:17:00,103,228
http://irail.be/vehicle/IC2837,http://irail.be/stations/NMBS/008892007,IC,2016-01-09T16:52:00,2016-01-09T16:52:00,0,-77
http://irail.be/vehicle/IC2837,http://irail.be/stations/NMBS/008819406,IC,2016-08-17T15:59:00,2016-08-17T15:59:00,58,
http://irail.be/vehicle/IC2837,http://irail.be/stations/NMBS/008811007,IC,2016-08-17T16:07:00,2016-08-17T16:07:00,40,40
http://irail.be/vehicle/IC2837,http://irail.be/stations/NMBS/008812005,IC,2016-08-17T16:12:00,2016-08-17T16:10:00,82,112
http://irail.be/vehicle/IC2837,http://irail.be/stations/NMBS/008813045,IC,2016-08-17T16:14:00,2016-08-17T16:14:00,90,90
http://irail.be/vehicle/IC2837,http://irail.be/stations/NMBS/008813003,IC,2016-08-17T16:16:00,2016-08-17T16:15:00,174,114
http://irail.be/vehicle/IC2837,http://irail.be/stations/NMBS/008813037,IC,2016-08-17T16:18:00,2016-08-17T16:18:00,136,136
http://irail.be/vehicle/IC2837,http://irail.be/stations/NMBS/008814001,IC,2016-08-17T16:22:00,2016-08-17T16:20:00,156,169
http://irail.be/vehicle/IC2837,http://irail.be/stations/NMBS/008892007,IC,2016-08-17T17:00:00,2016-08-17T16:53:00,353,651
http://irail.be/vehicle/IC2837,http://irail.be/stations/NMBS/008892031,IC,2016-08-17T17:03:00,2016-08-17T17:03:00,377,377
http://irail.be/vehicle/IC2837,http://irail.be/stations/NMBS/008892056,IC,2016-08-17T17:07:00,2016-08-17T17:07:00,275,275
http://irail.be/vehicle/IC2837,http://irail.be/stations/NMBS/008891165,IC,2016-08-17T17:08:00,2016-08-17T17:08:00,290,290
http://irail.be/vehicle/IC2837,http://irail.be/stations/NMBS/008891157,IC,2016-08-17T17:10:00,2016-08-17T17:10:00,244,244
http://irail.be/vehicle/IC2837,http://irail.be/stations/NMBS/008891140,IC,2016-08-17T17:15:00,2016-08-17T17:13:00,213,208
http://irail.be/vehicle/IC2837,http://irail.be/stations/NMBS/008891132,IC,2016-08-17T17:18:00,2016-08-17T17:18:00,192,192
http://irail.be/vehicle/IC2837,http://irail.be/stations/NMBS/008891124,IC,2016-08-17T17:20:00,2016-08-17T17:20:00,187,187
http://irail.be/vehicle/IC2837,http://irail.be/stations/NMBS/008891116,IC,2016-08-17T17:23:00,2016-08-17T17:23:00,153,153
http://irail.be/vehicle/IC2837,http://irail.be/stations/NMBS/008891009,IC,2016-08-17T17:29:00,2016-08-17T17:29:00,,116
http://irail.be/vehicle/IC2837,http://irail.be/stations/NMBS/008819406,IC,2016-05-03T15:59:00,2016-05-03T15:59:00,50,0
http://irail.be/vehicle/IC2837,http://irail.be/stations/NMBS/008811007,IC,2016-05-03T16:07:00,2016-05-03T16:07:00,-8,-34
http://irail.be/vehicle/IC2837,http://irail.be/stations/NMBS/008812005,IC,2016-05-03T16:12:00,2016-05-03T16:10:00,5,20
http://irail.be/vehicle/IC2837,http://irail.be/stations/NMBS/008813045,IC,2016-05-03T16:14:00,2016-05-03T16:14:00,2,4
http://irail.be/vehicle/IC2837,http://irail.be/stations/NMBS/008813003,IC,2016-05-03T16:16:00,2016-05-03T16:15:00,52,27
http://irail.be/vehicle/IC2837,http://irail.be/stations/NMBS/008813037,IC,2016-05-03T16:18:00,2016-05-03T16:18:00,9,52
http://irail.be/vehicle/IC2837,http://irail.be/stations/NMBS/008814001,IC,2016-05-03T16:22:00,2016-05-03T16:20:00,91,42
http://irail.be/vehicle/IC2837,http://irail.be/stations/NMBS/008892007,IC,2016-05-03T17:00:00,2016-05-03T16:53:00,44,53
http://irail.be/vehicle/IC2837,http://irail.be/stations/NMBS/008892031,IC,2016-05-03T17:03:00,2016-05-03T17:03:00,46,3
http://irail.be/vehicle/IC2837,http://irail.be/stations/NMBS/008892056,IC,2016-05-03T17:07:00,2016-05-03T17:07:00,-27,-46
http://irail.be/vehicle/IC2837,http://irail.be/stations/NMBS/008891165,IC,2016-05-03T17:08:00,2016-05-03T17:08:00,24,-27
http://irail.be/vehicle/IC2837,http://irail.be/stations/NMBS/008891157,IC,2016-05-03T17:10:00,2016-05-03T17:10:00,23,-2
http://irail.be/vehicle/IC2837,http://irail.be/stations/NMBS/008891140,IC,2016-05-03T17:15:00,2016-05-03T17:13:00,73,-2
http://irail.be/vehicle/IC2837,http://irail.be/stations/NMBS/008891132,IC,2016-05-03T17:18:00,2016-05-03T17:18:00,42,36
http://irail.be/vehicle/IC2837,http://irail.be/stations/NMBS/008891124,IC,2016-05-03T17:20:00,2016-05-03T17:20:00,52,37
http://irail.be/vehicle/IC2837,http://irail.be/stations/NMBS/008891116,IC,2016-05-03T17:23:00,2016-05-03T17:23:00,46,46
http://irail.be/vehicle/IC2837,http://irail.be/stations/NMBS/008891009,IC,2016-05-03T17:29:00,2016-05-03T17:29:00,0,8
http://irail.be/vehicle/IC2837,NO-URI,IC,2016-01-08T15:59:00,2016-01-08T15:59:00,28,0
http://irail.be/vehicle/IC2837,http://irail.be/stations/NMBS/008811007,IC,2016-01-08T16:07:00,2016-01-08T16:07:00,-34,-61
http://irail.be/vehicle/IC2837,http://irail.be/stations/NMBS/008812005,IC,2016-01-08T16:12:00,2016-01-08T16:10:00,24,67
http://irail.be/vehicle/IC2837,http://irail.be/stations/NMBS/008813045,IC,2016-01-08T16:14:00,2016-01-08T16:14:00,23,24
http://irail.be/vehicle/IC2837,http://irail.be/stations/NMBS/008813003,IC,2016-01-08T16:16:00,2016-01-08T16:15:00,138,117
http://irail.be/vehicle/IC2837,http://irail.be/stations/NMBS/008813037,IC,2016-01-08T16:18:00,2016-01-08T16:18:00,97,138
http://irail.be/vehicle/IC2837,http://irail.be/stations/NMBS/008814001,IC,2016-01-08T16:22:00,2016-01-08T16:20:00,105,135
http://irail.be/vehicle/IC2837,http://irail.be/stations/NMBS/008892007,IC,2016-01-08T17:00:00,2016-01-08T16:55:00,34,233
http://irail.be/vehicle/IC2837,http://irail.be/stations/NMBS/008892031,IC,2016-01-08T17:03:00,2016-01-08T17:03:00,29,-16
http://irail.be/vehicle/IC2837,http://irail.be/stations/NMBS/008892056,IC,2016-01-08T17:07:00,2016-01-08T17:07:00,-68,-68
http://irail.be/vehicle/IC2837,http://irail.be/stations/NMBS/008891165,IC,2016-01-08T17:08:00,2016-01-08T17:08:00,-34,-68
http://irail.be/vehicle/IC2837,http://irail.be/stations/NMBS/008891157,IC,2016-01-08T17:10:00,2016-01-08T17:10:00,-63,-73
http://irail.be/vehicle/IC2837,http://irail.be/stations/NMBS/008891140,IC,2016-01-08T17:15:00,2016-01-08T17:13:00,54,-70
http://irail.be/vehicle/IC2837,http://irail.be/stations/NMBS/008891132,IC,2016-01-08T17:18:00,2016-01-08T17:18:00,17,14
http://irail.be/vehicle/IC2837,http://irail.be/stations/NMBS/008891124,IC,2016-01-08T17:20:00,2016-01-08T17:20:00,11,-1
http://irail.be/vehicle/IC2837,http://irail.be/stations/NMBS/008891116,IC,2016-01-08T17:23:00,2016-01-08T17:23:00,-14,-14
http://irail.be/vehicle/IC2837,http://irail.be/stations/NMBS/008891009,IC,2016-01-08T17:29:00,2016-01-08T17:29:00,0,32
http://irail.be/vehicle/IC2837,http://irail.be/stations/NMBS/008819406,IC,2016-08-07T15:57:00,2016-08-07T15:57:00,134,
http://irail.be/vehicle/IC2837,http://irail.be/stations/NMBS/008811007,IC,2016-08-07T16:04:00,2016-08-07T16:04:00,128,128
http://irail.be/vehicle/IC2837,http://irail.be/stations/NMBS/008812005,IC,2016-08-07T16:09:00,2016-08-07T16:07:00,141,152
http://irail.be/vehicle/IC2837,http://irail.be/stations/NMBS/008813045,IC,2016-08-07T16:11:00,2016-08-07T16:11:00,137,137
http://irail.be/vehicle/IC2837,http://irail.be/stations/NMBS/008813003,IC,2016-08-07T16:13:00,2016-08-07T16:12:00,185,165
http://irail.be/vehicle/IC2837,http://irail.be/stations/NMBS/008813037,IC,2016-08-07T16:14:00,2016-08-07T16:14:00,206,206
http://irail.be/vehicle/IC2837,http://irail.be/stations/NMBS/008814001,IC,2016-08-07T16:21:00,2016-08-07T16:17:00,119,177
http://irail.be/vehicle/IC2837,http://irail.be/stations/NMBS/008892007,IC,2016-08-07T16:50:00,2016-08-07T16:50:00,,79
http://irail.be/vehicle/IC2837,NO-URI,IC,2016-02-15T15:59:00,2016-02-15T15:59:00,19,0
http://irail.be/vehicle/IC2837,http://irail.be/stations/NMBS/008811007,IC,2016-02-15T16:07:00,2016-02-15T16:07:00,-1,-28
http://irail.be/vehicle/IC2837,http://irail.be/stations/NMBS/008812005,IC,2016-02-15T16:12:00,2016-02-15T16:10:00,8,57
http://irail.be/vehicle/IC2837,http://irail.be/stations/NMBS/008813045,IC,2016-02-15T16:14:00,2016-02-15T16:14:00,22,22
http://irail.be/vehicle/IC2837,http://irail.be/stations/NMBS/008813003,IC,2016-02-15T16:16:00,2016-02-15T16:15:00,70,50
http://irail.be/vehicle/IC2837,http://irail.be/stations/NMBS/008813037,IC,2016-02-15T16:18:00,2016-02-15T16:18:00,32,70
http://irail.be/vehicle/IC2837,http://irail.be/stations/NMBS/008814001,IC,2016-02-15T16:22:00,2016-02-15T16:20:00,34,71
http://irail.be/vehicle/IC2837,http://irail.be/stations/NMBS/008892007,IC,2016-02-15T17:00:00,2016-02-15T16:53:00,19,-37
http://irail.be/vehicle/IC2837,http://irail.be/stations/NMBS/008892031,IC,2016-02-15T17:03:00,2016-02-15T17:03:00,47,3
http://irail.be/vehicle/IC2837,http://irail.be/stations/NMBS/008892056,IC,2016-02-15T17:07:00,2016-02-15T17:07:00,-48,-56
http://irail.be/vehicle/IC2837,http://irail.be/stations/NMBS/008891165,IC,2016-02-15T17:08:00,2016-02-15T17:08:00,-27,-48
http://irail.be/vehicle/IC2837,http://irail.be/stations/NMBS/008891157,IC,2016-02-15T17:10:00,2016-02-15T17:10:00,-69,-73
http://irail.be/vehicle/IC2837,http://irail.be/stations/NMBS/008891140,IC,2016-02-15T17:15:00,2016-02-15T17:13:00,55,-5
http://irail.be/vehicle/IC2837,http://irail.be/stations/NMBS/008891132,IC,2016-02-15T17:18:00,2016-02-15T17:18:00,47,41
http://irail.be/vehicle/IC2837,http://irail.be/stations/NMBS/008891124,IC,2016-02-15T17:20:00,2016-02-15T17:20:00,129,83
http://irail.be/vehicle/IC2837,http://irail.be/stations/NMBS/008891116,IC,2016-02-15T17:23:00,2016-02-15T17:23:00,247,247
http://irail.be/vehicle/IC2837,http://irail.be/stations/NMBS/008891009,IC,2016-02-15T17:29:00,2016-02-15T17:29:00,0,266
http://irail.be/vehicle/IC2837,http://irail.be/stations/NMBS/008819406,IC,2016-05-26T15:59:00,2016-05-26T15:59:00,2771,0
http://irail.be/vehicle/IC2837,http://irail.be/stations/NMBS/008811007,IC,2016-05-26T16:07:00,2016-05-26T16:07:00,2688,2688
http://irail.be/vehicle/IC2837,http://irail.be/stations/NMBS/008812005,IC,2016-05-26T16:12:00,2016-05-26T16:10:00,2917,2840
http://irail.be/vehicle/IC2837,http://irail.be/stations/NMBS/008813045,IC,2016-05-26T16:14:00,2016-05-26T16:14:00,3370,3244
http://irail.be/vehicle/IC2837,http://irail.be/stations/NMBS/008813003,IC,2016-05-26T16:16:00,2016-05-26T16:15:00,3659,3604
http://irail.be/vehicle/IC2837,http://irail.be/stations/NMBS/008813037,IC,2016-05-26T16:18:00,2016-05-26T16:18:00,3614,3659
http://irail.be/vehicle/IC2837,http://irail.be/stations/NMBS/008814001,IC,2016-05-26T16:22:00,2016-05-26T16:20:00,3873,3752
http://irail.be/vehicle/IC2837,http://irail.be/stations/NMBS/008892007,IC,2016-05-26T17:00:00,2016-05-26T16:53:00,3576,3790
http://irail.be/vehicle/IC2837,http://irail.be/stations/NMBS/008892031,IC,2016-05-26T17:03:00,2016-05-26T17:03:00,3563,3526
http://irail.be/vehicle/IC2837,http://irail.be/stations/NMBS/008892056,IC,2016-05-26T17:07:00,2016-05-26T17:07:00,3457,3455
http://irail.be/vehicle/IC2837,http://irail.be/stations/NMBS/008891165,IC,2016-05-26T17:08:00,2016-05-26T17:08:00,3470,3457
http://irail.be/vehicle/IC2837,http://irail.be/stations/NMBS/008891157,IC,2016-05-26T17:10:00,2016-05-26T17:10:00,3422,3422
http://irail.be/vehicle/IC2837,http://irail.be/stations/NMBS/008891140,IC,2016-05-26T17:15:00,2016-05-26T17:13:00,3363,3359
http://irail.be/vehicle/IC2837,http://irail.be/stations/NMBS/008891132,IC,2016-05-26T17:18:00,2016-05-26T17:18:00,3324,3323
http://irail.be/vehicle/IC2837,http://irail.be/stations/NMBS/008891124,IC,2016-05-26T17:20:00,2016-05-26T17:20:00,3316,3305
http://irail.be/vehicle/IC2837,http://irail.be/stations/NMBS/008891116,IC,2016-05-26T17:23:00,2016-05-26T17:23:00,3285,3285
http://irail.be/vehicle/IC2837,http://irail.be/stations/NMBS/008891009,IC,2016-05-26T17:29:00,2016-05-26T17:29:00,0,3269
http://irail.be/vehicle/IC2837,http://irail.be/stations/NMBS/008819406,IC,2016-11-24T15:59:00,2016-11-24T15:59:00,37,
http://irail.be/vehicle/IC2837,http://irail.be/stations/NMBS/008811007,IC,2016-11-24T16:07:00,2016-11-24T16:07:00,89,89
http://irail.be/vehicle/IC2837,http://irail.be/stations/NMBS/008812005,IC,2016-11-24T16:12:00,2016-11-24T16:10:00,238,248
http://irail.be/vehicle/IC2837,http://irail.be/stations/NMBS/008813045,IC,2016-11-24T16:14:00,2016-11-24T16:14:00,242,242
http://irail.be/vehicle/IC2837,http://irail.be/stations/NMBS/008813003,IC,2016-11-24T16:16:00,2016-11-24T16:15:00,296,272
http://irail.be/vehicle/IC2837,http://irail.be/stations/NMBS/008813037,IC,2016-11-24T16:18:00,2016-11-24T16:18:00,296,296
http://irail.be/vehicle/IC2837,http://irail.be/stations/NMBS/008814001,IC,2016-11-24T16:22:00,2016-11-24T16:20:00,301,316
http://irail.be/vehicle/IC2837,http://irail.be/stations/NMBS/008892007,IC,2016-11-24T17:00:00,2016-11-24T16:53:00,27,274
http://irail.be/vehicle/IC2837,http://irail.be/stations/NMBS/008892031,IC,2016-11-24T17:03:00,2016-11-24T17:03:00,34,34
http://irail.be/vehicle/IC2837,http://irail.be/stations/NMBS/008892056,IC,2016-11-24T17:07:00,2016-11-24T17:07:00,-16,-16
http://irail.be/vehicle/IC2837,http://irail.be/stations/NMBS/008891165,IC,2016-11-24T17:08:00,2016-11-24T17:08:00,-46,-46
http://irail.be/vehicle/IC2837,http://irail.be/stations/NMBS/008891157,IC,2016-11-24T17:10:00,2016-11-24T17:10:00,-67,-67
http://irail.be/vehicle/IC2837,http://irail.be/stations/NMBS/008891140,IC,2016-11-24T17:15:00,2016-11-24T17:13:00,139,-85
http://irail.be/vehicle/IC2837,http://irail.be/stations/NMBS/008891132,IC,2016-11-24T17:18:00,2016-11-24T17:18:00,124,124
http://irail.be/vehicle/IC2837,http://irail.be/stations/NMBS/008891124,IC,2016-11-24T17:20:00,2016-11-24T17:20:00,131,131
http://irail.be/vehicle/IC2837,http://irail.be/stations/NMBS/008891116,IC,2016-11-24T17:23:00,2016-11-24T17:23:00,162,162
http://irail.be/vehicle/IC2837,http://irail.be/stations/NMBS/008891009,IC,2016-11-24T17:29:00,2016-11-24T17:29:00,,265
http://irail.be/vehicle/IC2837,http://irail.be/stations/NMBS/008814001,IC,2016-03-28T16:21:00,2016-03-28T16:21:00,74,0
http://irail.be/vehicle/IC2837,http://irail.be/stations/NMBS/008892007,IC,2016-03-28T16:50:00,2016-03-28T16:50:00,0,8
http://irail.be/vehicle/IC2837,http://irail.be/stations/NMBS/008819406,IC,2016-07-17T15:57:00,2016-07-17T15:57:00,68,
http://irail.be/vehicle/IC2837,http://irail.be/stations/NMBS/008811007,IC,2016-07-17T16:04:00,2016-07-17T16:04:00,67,67
http://irail.be/vehicle/IC2837,http://irail.be/stations/NMBS/008812005,IC,2016-07-17T16:09:00,2016-07-17T16:07:00,16,83
http://irail.be/vehicle/IC2837,http://irail.be/stations/NMBS/008813045,IC,2016-07-17T16:11:00,2016-07-17T16:11:00,16,16
http://irail.be/vehicle/IC2837,http://irail.be/stations/NMBS/008813003,IC,2016-07-17T16:13:00,2016-07-17T16:12:00,70,42
http://irail.be/vehicle/IC2837,http://irail.be/stations/NMBS/008813037,IC,2016-07-17T16:14:00,2016-07-17T16:14:00,85,85
http://irail.be/vehicle/IC2837,http://irail.be/stations/NMBS/008814001,IC,2016-07-17T16:21:00,2016-07-17T16:17:00,134,61
http://irail.be/vehicle/IC2837,http://irail.be/stations/NMBS/008892007,IC,2016-07-17T16:50:00,2016-07-17T16:50:00,,53
http://irail.be/vehicle/IC2837,http://irail.be/stations/NMBS/008819406,IC,2016-07-18T15:59:00,2016-07-18T15:59:00,11,
http://irail.be/vehicle/IC2837,http://irail.be/stations/NMBS/008811007,IC,2016-07-18T16:07:00,2016-07-18T16:07:00,129,129
http://irail.be/vehicle/IC2837,http://irail.be/stations/NMBS/008812005,IC,2016-07-18T16:12:00,2016-07-18T16:10:00,141,150
http://irail.be/vehicle/IC2837,http://irail.be/stations/NMBS/008813045,IC,2016-07-18T16:14:00,2016-07-18T16:14:00,142,142
http://irail.be/vehicle/IC2837,http://irail.be/stations/NMBS/008813003,IC,2016-07-18T16:16:00,2016-07-18T16:15:00,276,219
http://irail.be/vehicle/IC2837,http://irail.be/stations/NMBS/008813037,IC,2016-07-18T16:18:00,2016-07-18T16:18:00,243,243
http://irail.be/vehicle/IC2837,http://irail.be/stations/NMBS/008814001,IC,2016-07-18T16:22:00,2016-07-18T16:20:00,321,305
http://irail.be/vehicle/IC2837,http://irail.be/stations/NMBS/008892007,IC,2016-07-18T17:00:00,2016-07-18T16:53:00,23,163
http://irail.be/vehicle/IC2837,http://irail.be/stations/NMBS/008892031,IC,2016-07-18T17:03:00,2016-07-18T17:03:00,25,25
http://irail.be/vehicle/IC2837,http://irail.be/stations/NMBS/008892056,IC,2016-07-18T17:07:00,2016-07-18T17:07:00,-71,-71
http://irail.be/vehicle/IC2837,http://irail.be/stations/NMBS/008891165,IC,2016-07-18T17:08:00,2016-07-18T17:08:00,-55,-55
http://irail.be/vehicle/IC2837,http://irail.be/stations/NMBS/008891157,IC,2016-07-18T17:10:00,2016-07-18T17:10:00,-101,-101
http://irail.be/vehicle/IC2837,http://irail.be/stations/NMBS/008891140,IC,2016-07-18T17:15:00,2016-07-18T17:13:00,103,-49
http://irail.be/vehicle/IC2837,http://irail.be/stations/NMBS/008891132,IC,2016-07-18T17:18:00,2016-07-18T17:18:00,62,62
http://irail.be/vehicle/IC2837,http://irail.be/stations/NMBS/008891124,IC,2016-07-18T17:20:00,2016-07-18T17:20:00,51,51
http://irail.be/vehicle/IC2837,http://irail.be/stations/NMBS/008891116,IC,2016-07-18T17:23:00,2016-07-18T17:23:00,18,18
http://irail.be/vehicle/IC2837,http://irail.be/stations/NMBS/008891009,IC,2016-07-18T17:29:00,2016-07-18T17:29:00,,113
http://irail.be/vehicle/IC2837,http://irail.be/stations/NMBS/008814001,IC,2016-03-31T16:22:00,2016-03-31T16:22:00,354,0
http://irail.be/vehicle/IC2837,http://irail.be/stations/NMBS/008892007,IC,2016-03-31T17:00:00,2016-03-31T16:53:00,471,804
http://irail.be/vehicle/IC2837,http://irail.be/stations/NMBS/008892031,IC,2016-03-31T17:03:00,2016-03-31T17:03:00,463,424
http://irail.be/vehicle/IC2837,http://irail.be/stations/NMBS/008892056,IC,2016-03-31T17:07:00,2016-03-31T17:07:00,359,357
http://irail.be/vehicle/IC2837,http://irail.be/stations/NMBS/008891165,IC,2016-03-31T17:09:00,2016-03-31T17:09:00,376,419
http://irail.be/vehicle/IC2837,http://irail.be/stations/NMBS/008891157,IC,2016-03-31T17:10:00,2016-03-31T17:10:00,330,329
http://irail.be/vehicle/IC2837,http://irail.be/stations/NMBS/008891140,IC,2016-03-31T17:15:00,2016-03-31T17:13:00,326,325
http://irail.be/vehicle/IC2837,http://irail.be/stations/NMBS/008891132,IC,2016-03-31T17:18:00,2016-03-31T17:18:00,437,406
http://irail.be/vehicle/IC2837,http://irail.be/stations/NMBS/008891124,IC,2016-03-31T17:20:00,2016-03-31T17:20:00,563,517
http://irail.be/vehicle/IC2837,http://irail.be/stations/NMBS/008891116,IC,2016-03-31T17:23:00,2016-03-31T17:23:00,637,637
http://irail.be/vehicle/IC2837,http://irail.be/stations/NMBS/008891009,IC,2016-03-31T17:29:00,2016-03-31T17:29:00,0,616
http://irail.be/vehicle/IC2837,http://irail.be/stations/NMBS/008819406,IC,2016-05-19T15:59:00,2016-05-19T15:59:00,50,0
http://irail.be/vehicle/IC2837,http://irail.be/stations/NMBS/008811007,IC,2016-05-19T16:07:00,2016-05-19T16:07:00,2,-25
http://irail.be/vehicle/IC2837,http://irail.be/stations/NMBS/008812005,IC,2016-05-19T16:12:00,2016-05-19T16:10:00,18,28
http://irail.be/vehicle/IC2837,http://irail.be/stations/NMBS/008813045,IC,2016-05-19T16:14:00,2016-05-19T16:14:00,14,17
http://irail.be/vehicle/IC2837,http://irail.be/stations/NMBS/008813003,IC,2016-05-19T16:16:00,2016-05-19T16:15:00,82,46
http://irail.be/vehicle/IC2837,http://irail.be/stations/NMBS/008813037,IC,2016-05-19T16:18:00,2016-05-19T16:18:00,49,82
http://irail.be/vehicle/IC2837,http://irail.be/stations/NMBS/008814001,IC,2016-05-19T16:22:00,2016-05-19T16:20:00,141,89
http://irail.be/vehicle/IC2837,http://irail.be/stations/NMBS/008892007,IC,2016-05-19T17:00:00,2016-05-19T16:53:00,214,163
http://irail.be/vehicle/IC2837,http://irail.be/stations/NMBS/008892031,IC,2016-05-19T17:03:00,2016-05-19T17:03:00,259,219
http://irail.be/vehicle/IC2837,http://irail.be/stations/NMBS/008892056,IC,2016-05-19T17:07:00,2016-05-19T17:07:00,155,153
http://irail.be/vehicle/IC2837,http://irail.be/stations/NMBS/008891165,IC,2016-05-19T17:08:00,2016-05-19T17:08:00,172,155
http://irail.be/vehicle/IC2837,http://irail.be/stations/NMBS/008891157,IC,2016-05-19T17:10:00,2016-05-19T17:10:00,127,124
http://irail.be/vehicle/IC2837,http://irail.be/stations/NMBS/008891140,IC,2016-05-19T17:15:00,2016-05-19T17:13:00,214,233
http://irail.be/vehicle/IC2837,http://irail.be/stations/NMBS/008891132,IC,2016-05-19T17:18:00,2016-05-19T17:18:00,173,171
http://irail.be/vehicle/IC2837,http://irail.be/stations/NMBS/008891124,IC,2016-05-19T17:20:00,2016-05-19T17:20:00,166,155
http://irail.be/vehicle/IC2837,http://irail.be/stations/NMBS/008891116,IC,2016-05-19T17:23:00,2016-05-19T17:23:00,394,394
http://irail.be/vehicle/IC2837,http://irail.be/stations/NMBS/008891009,IC,2016-05-19T17:29:00,2016-05-19T17:29:00,0,413
http://irail.be/vehicle/IC2837,http://irail.be/stations/NMBS/008819406,IC,2016-06-20T15:59:00,2016-06-20T15:59:00,40,
http://irail.be/vehicle/IC2837,http://irail.be/stations/NMBS/008811007,IC,2016-06-20T16:07:00,2016-06-20T16:07:00,228,228
http://irail.be/vehicle/IC2837,http://irail.be/stations/NMBS/008812005,IC,2016-06-20T16:12:00,2016-06-20T16:10:00,286,329
http://irail.be/vehicle/IC2837,http://irail.be/stations/NMBS/008813045,IC,2016-06-20T16:14:00,2016-06-20T16:14:00,297,297
http://irail.be/vehicle/IC2837,http://irail.be/stations/NMBS/008813003,IC,2016-06-20T16:16:00,2016-06-20T16:15:00,350,324
http://irail.be/vehicle/IC2837,http://irail.be/stations/NMBS/008813037,IC,2016-06-20T16:18:00,2016-06-20T16:18:00,314,314
http://irail.be/vehicle/IC2837,http://irail.be/stations/NMBS/008814001,IC,2016-06-20T16:22:00,2016-06-20T16:20:00,328,358
http://irail.be/vehicle/IC2837,http://irail.be/stations/NMBS/008892007,IC,2016-06-20T17:00:00,2016-06-20T16:53:00,1173,1502
http://irail.be/vehicle/IC2837,http://irail.be/stations/NMBS/008892031,IC,2016-06-20T17:03:00,2016-06-20T17:03:00,1188,1188
http://irail.be/vehicle/IC2837,http://irail.be/stations/NMBS/008892056,IC,2016-06-20T17:07:00,2016-06-20T17:07:00,1089,1089
http://irail.be/vehicle/IC2837,http://irail.be/stations/NMBS/008891165,IC,2016-06-20T17:08:00,2016-06-20T17:08:00,1106,1106
http://irail.be/vehicle/IC2837,http://irail.be/stations/NMBS/008891157,IC,2016-06-20T17:10:00,2016-06-20T17:10:00,1062,1062
http://irail.be/vehicle/IC2837,http://irail.be/stations/NMBS/008891140,IC,2016-06-20T17:15:00,2016-06-20T17:13:00,1023,1011
http://irail.be/vehicle/IC2837,http://irail.be/stations/NMBS/008891132,IC,2016-06-20T17:18:00,2016-06-20T17:18:00,1001,1001
http://irail.be/vehicle/IC2837,http://irail.be/stations/NMBS/008891124,IC,2016-06-20T17:20:00,2016-06-20T17:20:00,997,997
http://irail.be/vehicle/IC2837,http://irail.be/stations/NMBS/008891116,IC,2016-06-20T17:23:00,2016-06-20T17:23:00,966,966
http://irail.be/vehicle/IC2837,http://irail.be/stations/NMBS/008891009,IC,2016-06-20T17:29:00,2016-06-20T17:29:00,,983
http://irail.be/vehicle/IC2837,NO-URI,IC,2016-01-24T15:57:00,2016-01-24T15:57:00,10,0
http://irail.be/vehicle/IC2837,http://irail.be/stations/NMBS/008811007,IC,2016-01-24T16:04:00,2016-01-24T16:04:00,27,1
http://irail.be/vehicle/IC2837,http://irail.be/stations/NMBS/008812005,IC,2016-01-24T16:09:00,2016-01-24T16:07:00,37,66
http://irail.be/vehicle/IC2837,http://irail.be/stations/NMBS/008813045,IC,2016-01-24T16:11:00,2016-01-24T16:11:00,33,36
http://irail.be/vehicle/IC2837,http://irail.be/stations/NMBS/008813003,IC,2016-01-24T16:13:00,2016-01-24T16:12:00,115,108
http://irail.be/vehicle/IC2837,http://irail.be/stations/NMBS/008813037,IC,2016-01-24T16:14:00,2016-01-24T16:14:00,132,115
http://irail.be/vehicle/IC2837,http://irail.be/stations/NMBS/008814001,IC,2016-01-24T16:17:00,2016-01-24T16:17:00,0,115
http://irail.be/vehicle/IC2837,http://irail.be/stations/NMBS/008819406,IC,2016-11-11T15:57:00,2016-11-11T15:57:00,9,
http://irail.be/vehicle/IC2837,http://irail.be/stations/NMBS/008811007,IC,2016-11-11T16:04:00,2016-11-11T16:04:00,-17,-17
http://irail.be/vehicle/IC2837,http://irail.be/stations/NMBS/008812005,IC,2016-11-11T16:09:00,2016-11-11T16:07:00,4,-27
http://irail.be/vehicle/IC2837,http://irail.be/stations/NMBS/008813045,IC,2016-11-11T16:11:00,2016-11-11T16:11:00,-1,-1
http://irail.be/vehicle/IC2837,http://irail.be/stations/NMBS/008813003,IC,2016-11-11T16:13:00,2016-11-11T16:12:00,197,124
http://irail.be/vehicle/IC2837,http://irail.be/stations/NMBS/008813037,IC,2016-11-11T16:14:00,2016-11-11T16:14:00,206,206
http://irail.be/vehicle/IC2837,http://irail.be/stations/NMBS/008814001,IC,2016-11-11T16:21:00,2016-11-11T16:17:00,71,168
http://irail.be/vehicle/IC2837,http://irail.be/stations/NMBS/008892007,IC,2016-11-11T16:50:00,2016-11-11T16:50:00,,-77
http://irail.be/vehicle/IC2837,http://irail.be/stations/NMBS/008819406,IC,2016-05-04T15:59:00,2016-05-04T15:59:00,43,0
http://irail.be/vehicle/IC2837,http://irail.be/stations/NMBS/008811007,IC,2016-05-04T16:07:00,2016-05-04T16:07:00,9,-19
http://irail.be/vehicle/IC2837,http://irail.be/stations/NMBS/008812005,IC,2016-05-04T16:12:00,2016-05-04T16:10:00,138,175
http://irail.be/vehicle/IC2837,http://irail.be/stations/NMBS/008813045,IC,2016-05-04T16:14:00,2016-05-04T16:14:00,137,139
http://irail.be/vehicle/IC2837,http://irail.be/stations/NMBS/008813003,IC,2016-05-04T16:16:00,2016-05-04T16:15:00,184,163
http://irail.be/vehicle/IC2837,http://irail.be/stations/NMBS/008813037,IC,2016-05-04T16:18:00,2016-05-04T16:18:00,143,184
http://irail.be/vehicle/IC2837,http://irail.be/stations/NMBS/008814001,IC,2016-05-04T16:22:00,2016-05-04T16:20:00,374,308
http://irail.be/vehicle/IC2837,http://irail.be/stations/NMBS/008892007,IC,2016-05-04T17:00:00,2016-05-04T16:53:00,22,315
http://irail.be/vehicle/IC2837,http://irail.be/stations/NMBS/008892031,IC,2016-05-04T17:03:00,2016-05-04T17:03:00,25,-25
http://irail.be/vehicle/IC2837,http://irail.be/stations/NMBS/008892056,IC,2016-05-04T17:07:00,2016-05-04T17:07:00,-45,-61
http://irail.be/vehicle/IC2837,http://irail.be/stations/NMBS/008891165,IC,2016-05-04T17:08:00,2016-05-04T17:08:00,-5,-45
http://irail.be/vehicle/IC2837,http://irail.be/stations/NMBS/008891157,IC,2016-05-04T17:10:00,2016-05-04T17:10:00,-22,-39
http://irail.be/vehicle/IC2837,http://irail.be/stations/NMBS/008891140,IC,2016-05-04T17:15:00,2016-05-04T17:13:00,269,-58
http://irail.be/vehicle/IC2837,http://irail.be/stations/NMBS/008891132,IC,2016-05-04T17:18:00,2016-05-04T17:18:00,237,235
http://irail.be/vehicle/IC2837,http://irail.be/stations/NMBS/008891124,IC,2016-05-04T17:20:00,2016-05-04T17:20:00,226,216
http://irail.be/vehicle/IC2837,http://irail.be/stations/NMBS/008891116,IC,2016-05-04T17:23:00,2016-05-04T17:23:00,192,192
http://irail.be/vehicle/IC2837,http://irail.be/stations/NMBS/008891009,IC,2016-05-04T17:29:00,2016-05-04T17:29:00,0,158
http://irail.be/vehicle/IC2837,NO-URI,IC,2016-02-16T15:59:00,2016-02-16T15:59:00,28,0
http://irail.be/vehicle/IC2837,http://irail.be/stations/NMBS/008811007,IC,2016-02-16T16:07:00,2016-02-16T16:07:00,-1,-43
http://irail.be/vehicle/IC2837,http://irail.be/stations/NMBS/008812005,IC,2016-02-16T16:12:00,2016-02-16T16:10:00,28,61
http://irail.be/vehicle/IC2837,http://irail.be/stations/NMBS/008813045,IC,2016-02-16T16:14:00,2016-02-16T16:14:00,29,29
http://irail.be/vehicle/IC2837,http://irail.be/stations/NMBS/008813003,IC,2016-02-16T16:16:00,2016-02-16T16:15:00,75,60
http://irail.be/vehicle/IC2837,http://irail.be/stations/NMBS/008813037,IC,2016-02-16T16:18:00,2016-02-16T16:18:00,29,75
http://irail.be/vehicle/IC2837,http://irail.be/stations/NMBS/008814001,IC,2016-02-16T16:22:00,2016-02-16T16:20:00,89,75
http://irail.be/vehicle/IC2837,http://irail.be/stations/NMBS/008892007,IC,2016-02-16T17:00:00,2016-02-16T16:53:00,21,117
http://irail.be/vehicle/IC2837,http://irail.be/stations/NMBS/008892031,IC,2016-02-16T17:03:00,2016-02-16T17:03:00,8,-31
http://irail.be/vehicle/IC2837,http://irail.be/stations/NMBS/008892056,IC,2016-02-16T17:07:00,2016-02-16T17:07:00,-94,-98
http://irail.be/vehicle/IC2837,http://irail.be/stations/NMBS/008891165,IC,2016-02-16T17:08:00,2016-02-16T17:08:00,-80,-94
http://irail.be/vehicle/IC2837,http://irail.be/stations/NMBS/008891157,IC,2016-02-16T17:10:00,2016-02-16T17:10:00,-125,-127
http://irail.be/vehicle/IC2837,http://irail.be/stations/NMBS/008891140,IC,2016-02-16T17:15:00,2016-02-16T17:13:00,45,-53
http://irail.be/vehicle/IC2837,http://irail.be/stations/NMBS/008891132,IC,2016-02-16T17:18:00,2016-02-16T17:18:00,4,2
http://irail.be/vehicle/IC2837,http://irail.be/stations/NMBS/008891124,IC,2016-02-16T17:20:00,2016-02-16T17:20:00,71,35
http://irail.be/vehicle/IC2837,http://irail.be/stations/NMBS/008891116,IC,2016-02-16T17:23:00,2016-02-16T17:23:00,75,75
http://irail.be/vehicle/IC2837,http://irail.be/stations/NMBS/008891009,IC,2016-02-16T17:29:00,2016-02-16T17:29:00,0,203
http://irail.be/vehicle/IC2837,NO-URI,IC,2016-02-24T15:59:00,2016-02-24T15:59:00,31,0
http://irail.be/vehicle/IC2837,http://irail.be/stations/NMBS/008811007,IC,2016-02-24T16:07:00,2016-02-24T16:07:00,66,-7
http://irail.be/vehicle/IC2837,http://irail.be/stations/NMBS/008812005,IC,2016-02-24T16:12:00,2016-02-24T16:10:00,383,241
http://irail.be/vehicle/IC2837,http://irail.be/stations/NMBS/008813045,IC,2016-02-24T16:14:00,2016-02-24T16:14:00,404,404
http://irail.be/vehicle/IC2837,http://irail.be/stations/NMBS/008813003,IC,2016-02-24T16:16:00,2016-02-24T16:15:00,559,516
http://irail.be/vehicle/IC2837,http://irail.be/stations/NMBS/008813037,IC,2016-02-24T16:18:00,2016-02-24T16:18:00,534,559
http://irail.be/vehicle/IC2837,http://irail.be/stations/NMBS/008814001,IC,2016-02-24T16:22:00,2016-02-24T16:20:00,661,575
http://irail.be/vehicle/IC2837,http://irail.be/stations/NMBS/008892007,IC,2016-02-24T17:00:00,2016-02-24T16:53:00,194,480
http://irail.be/vehicle/IC2837,http://irail.be/stations/NMBS/008892031,IC,2016-02-24T17:03:00,2016-02-24T17:03:00,223,178
http://irail.be/vehicle/IC2837,http://irail.be/stations/NMBS/008892056,IC,2016-02-24T17:07:00,2016-02-24T17:07:00,157,139
http://irail.be/vehicle/IC2837,http://irail.be/stations/NMBS/008891165,IC,2016-02-24T17:08:00,2016-02-24T17:08:00,192,157
http://irail.be/vehicle/IC2837,http://irail.be/stations/NMBS/008891157,IC,2016-02-24T17:10:00,2016-02-24T17:10:00,156,149
http://irail.be/vehicle/IC2837,http://irail.be/stations/NMBS/008891140,IC,2016-02-24T17:15:00,2016-02-24T17:13:00,126,96
http://irail.be/vehicle/IC2837,http://irail.be/stations/NMBS/008891132,IC,2016-02-24T17:18:00,2016-02-24T17:18:00,88,85
http://irail.be/vehicle/IC2837,http://irail.be/stations/NMBS/008891124,IC,2016-02-24T17:20:00,2016-02-24T17:20:00,90,78
http://irail.be/vehicle/IC2837,http://irail.be/stations/NMBS/008891116,IC,2016-02-24T17:23:00,2016-02-24T17:23:00,69,69
http://irail.be/vehicle/IC2837,http://irail.be/stations/NMBS/008891009,IC,2016-02-24T17:29:00,2016-02-24T17:29:00,0,199
http://irail.be/vehicle/IC2837,http://irail.be/stations/NMBS/008819406,IC,2016-04-25T15:59:00,2016-04-25T15:59:00,61,0
http://irail.be/vehicle/IC2837,http://irail.be/stations/NMBS/008811007,IC,2016-04-25T16:07:00,2016-04-25T16:07:00,45,20
http://irail.be/vehicle/IC2837,http://irail.be/stations/NMBS/008812005,IC,2016-04-25T16:12:00,2016-04-25T16:10:00,24,64
http://irail.be/vehicle/IC2837,http://irail.be/stations/NMBS/008813045,IC,2016-04-25T16:14:00,2016-04-25T16:14:00,40,39
http://irail.be/vehicle/IC2837,http://irail.be/stations/NMBS/008813003,IC,2016-04-25T16:16:00,2016-04-25T16:15:00,160,130
http://irail.be/vehicle/IC2837,http://irail.be/stations/NMBS/008813037,IC,2016-04-25T16:18:00,2016-04-25T16:18:00,132,160
http://irail.be/vehicle/IC2837,http://irail.be/stations/NMBS/008814001,IC,2016-04-25T16:22:00,2016-04-25T16:20:00,303,176
http://irail.be/vehicle/IC2837,http://irail.be/stations/NMBS/008892007,IC,2016-04-25T17:00:00,2016-04-25T16:53:00,43,134
http://irail.be/vehicle/IC2837,http://irail.be/stations/NMBS/008892031,IC,2016-04-25T17:03:00,2016-04-25T17:03:00,86,30
http://irail.be/vehicle/IC2837,http://irail.be/stations/NMBS/008892056,IC,2016-04-25T17:07:00,2016-04-25T17:07:00,-1,-8
http://irail.be/vehicle/IC2837,http://irail.be/stations/NMBS/008891165,IC,2016-04-25T17:08:00,2016-04-25T17:08:00,18,-1
http://irail.be/vehicle/IC2837,http://irail.be/stations/NMBS/008891157,IC,2016-04-25T17:10:00,2016-04-25T17:10:00,-24,-26
http://irail.be/vehicle/IC2837,http://irail.be/stations/NMBS/008891140,IC,2016-04-25T17:15:00,2016-04-25T17:13:00,64,-31
http://irail.be/vehicle/IC2837,http://irail.be/stations/NMBS/008891132,IC,2016-04-25T17:18:00,2016-04-25T17:18:00,30,28
http://irail.be/vehicle/IC2837,http://irail.be/stations/NMBS/008891124,IC,2016-04-25T17:20:00,2016-04-25T17:20:00,26,13
http://irail.be/vehicle/IC2837,http://irail.be/stations/NMBS/008891116,IC,2016-04-25T17:23:00,2016-04-25T17:23:00,0,0
http://irail.be/vehicle/IC2837,http://irail.be/stations/NMBS/008891009,IC,2016-04-25T17:29:00,2016-04-25T17:29:00,0,28
http://irail.be/vehicle/IC2837,http://irail.be/stations/NMBS/008814001,IC,2016-03-27T16:21:00,2016-03-27T16:21:00,125,0
http://irail.be/vehicle/IC2837,http://irail.be/stations/NMBS/008892007,IC,2016-03-27T16:50:00,2016-03-27T16:50:00,0,24
http://irail.be/vehicle/IC2837,http://irail.be/stations/NMBS/008811007,IC,2016-04-19T16:07:00,2016-04-19T16:07:00,-23,0
http://irail.be/vehicle/IC2837,http://irail.be/stations/NMBS/008812005,IC,2016-04-19T16:12:00,2016-04-19T16:10:00,185,138
http://irail.be/vehicle/IC2837,http://irail.be/stations/NMBS/008813045,IC,2016-04-19T16:14:00,2016-04-19T16:14:00,181,179
http://irail.be/vehicle/IC2837,http://irail.be/stations/NMBS/008813003,IC,2016-04-19T16:16:00,2016-04-19T16:15:00,397,353
http://irail.be/vehicle/IC2837,http://irail.be/stations/NMBS/008813037,IC,2016-04-19T16:17:00,2016-04-19T16:17:00,420,397
http://irail.be/vehicle/IC2837,http://irail.be/stations/NMBS/008814001,IC,2016-04-19T16:22:00,2016-04-19T16:20:00,361,399
http://irail.be/vehicle/IC2837,http://irail.be/stations/NMBS/008892007,IC,2016-04-19T17:00:00,2016-04-19T16:53:00,12,183
http://irail.be/vehicle/IC2837,http://irail.be/stations/NMBS/008892031,IC,2016-04-19T17:03:00,2016-04-19T17:03:00,11,-27
http://irail.be/vehicle/IC2837,http://irail.be/stations/NMBS/008892056,IC,2016-04-19T17:07:00,2016-04-19T17:07:00,-93,-95
http://irail.be/vehicle/IC2837,http://irail.be/stations/NMBS/008891165,IC,2016-04-19T17:09:00,2016-04-19T17:09:00,-138,-93
http://irail.be/vehicle/IC2837,http://irail.be/stations/NMBS/008891157,IC,2016-04-19T17:10:00,2016-04-19T17:10:00,-123,-124
http://irail.be/vehicle/IC2837,http://irail.be/stations/NMBS/008891140,IC,2016-04-19T17:15:00,2016-04-19T17:13:00,58,-61
http://irail.be/vehicle/IC2837,http://irail.be/stations/NMBS/008891132,IC,2016-04-19T17:18:00,2016-04-19T17:18:00,21,19
http://irail.be/vehicle/IC2837,http://irail.be/stations/NMBS/008891124,IC,2016-04-19T17:20:00,2016-04-19T17:20:00,12,2
http://irail.be/vehicle/IC2837,http://irail.be/stations/NMBS/008891116,IC,2016-04-19T17:23:00,2016-04-19T17:23:00,-2,-2
http://irail.be/vehicle/IC2837,http://irail.be/stations/NMBS/008891009,IC,2016-04-19T17:29:00,2016-04-19T17:29:00,0,74
http://irail.be/vehicle/IC2837,NO-URI,IC,2016-02-02T15:59:00,2016-02-02T15:59:00,36,0
http://irail.be/vehicle/IC2837,http://irail.be/stations/NMBS/008811007,IC,2016-02-02T16:07:00,2016-02-02T16:07:00,141,41
http://irail.be/vehicle/IC2837,http://irail.be/stations/NMBS/008812005,IC,2016-02-02T16:12:00,2016-02-02T16:10:00,247,257
http://irail.be/vehicle/IC2837,http://irail.be/stations/NMBS/008813045,IC,2016-02-02T16:14:00,2016-02-02T16:14:00,262,263
http://irail.be/vehicle/IC2837,http://irail.be/stations/NMBS/008813003,IC,2016-02-02T16:16:00,2016-02-02T16:15:00,331,295
http://irail.be/vehicle/IC2837,http://irail.be/stations/NMBS/008813037,IC,2016-02-02T16:18:00,2016-02-02T16:18:00,293,331
http://irail.be/vehicle/IC2837,http://irail.be/stations/NMBS/008814001,IC,2016-02-02T16:22:00,2016-02-02T16:20:00,382,334
http://irail.be/vehicle/IC2837,http://irail.be/stations/NMBS/008892007,IC,2016-02-02T17:00:00,2016-02-02T16:53:00,41,252
http://irail.be/vehicle/IC2837,http://irail.be/stations/NMBS/008892031,IC,2016-02-02T17:03:00,2016-02-02T17:03:00,68,23
http://irail.be/vehicle/IC2837,http://irail.be/stations/NMBS/008892056,IC,2016-02-02T17:07:00,2016-02-02T17:07:00,-34,-37
http://irail.be/vehicle/IC2837,http://irail.be/stations/NMBS/008891165,IC,2016-02-02T17:08:00,2016-02-02T17:08:00,-19,-34
http://irail.be/vehicle/IC2837,http://irail.be/stations/NMBS/008891157,IC,2016-02-02T17:10:00,2016-02-02T17:10:00,-61,-65
http://irail.be/vehicle/IC2837,http://irail.be/stations/NMBS/008891140,IC,2016-02-02T17:15:00,2016-02-02T17:13:00,66,20
http://irail.be/vehicle/IC2837,http://irail.be/stations/NMBS/008891132,IC,2016-02-02T17:18:00,2016-02-02T17:18:00,40,37
http://irail.be/vehicle/IC2837,http://irail.be/stations/NMBS/008891124,IC,2016-02-02T17:20:00,2016-02-02T17:20:00,44,24
http://irail.be/vehicle/IC2837,http://irail.be/stations/NMBS/008891116,IC,2016-02-02T17:23:00,2016-02-02T17:23:00,177,177
http://irail.be/vehicle/IC2837,http://irail.be/stations/NMBS/008891009,IC,2016-02-02T17:29:00,2016-02-02T17:29:00,0,223
http://irail.be/vehicle/IC2837,NO-URI,IC,2016-02-03T15:59:00,2016-02-03T15:59:00,13,0
http://irail.be/vehicle/IC2837,http://irail.be/stations/NMBS/008811007,IC,2016-02-03T16:07:00,2016-02-03T16:07:00,-30,-70
http://irail.be/vehicle/IC2837,http://irail.be/stations/NMBS/008812005,IC,2016-02-03T16:12:00,2016-02-03T16:10:00,71,54
http://irail.be/vehicle/IC2837,http://irail.be/stations/NMBS/008813045,IC,2016-02-03T16:14:00,2016-02-03T16:14:00,80,80
http://irail.be/vehicle/IC2837,http://irail.be/stations/NMBS/008813003,IC,2016-02-03T16:16:00,2016-02-03T16:15:00,118,104
http://irail.be/vehicle/IC2837,http://irail.be/stations/NMBS/008813037,IC,2016-02-03T16:18:00,2016-02-03T16:18:00,75,118
http://irail.be/vehicle/IC2837,http://irail.be/stations/NMBS/008814001,IC,2016-02-03T16:22:00,2016-02-03T16:20:00,178,103
http://irail.be/vehicle/IC2837,http://irail.be/stations/NMBS/008892007,IC,2016-02-03T17:00:00,2016-02-03T16:53:00,10,-57
http://irail.be/vehicle/IC2837,http://irail.be/stations/NMBS/008892031,IC,2016-02-03T17:03:00,2016-02-03T17:03:00,39,-10
http://irail.be/vehicle/IC2837,http://irail.be/stations/NMBS/008892056,IC,2016-02-03T17:07:00,2016-02-03T17:07:00,-45,-57
http://irail.be/vehicle/IC2837,http://irail.be/stations/NMBS/008891165,IC,2016-02-03T17:08:00,2016-02-03T17:08:00,-12,-45
http://irail.be/vehicle/IC2837,http://irail.be/stations/NMBS/008891157,IC,2016-02-03T17:10:00,2016-02-03T17:10:00,-24,-47
http://irail.be/vehicle/IC2837,http://irail.be/stations/NMBS/008891140,IC,2016-02-03T17:15:00,2016-02-03T17:13:00,52,-46
http://irail.be/vehicle/IC2837,http://irail.be/stations/NMBS/008891132,IC,2016-02-03T17:18:00,2016-02-03T17:18:00,35,29
http://irail.be/vehicle/IC2837,http://irail.be/stations/NMBS/008891124,IC,2016-02-03T17:20:00,2016-02-03T17:20:00,48,25
http://irail.be/vehicle/IC2837,http://irail.be/stations/NMBS/008891116,IC,2016-02-03T17:23:00,2016-02-03T17:23:00,167,167
http://irail.be/vehicle/IC2837,http://irail.be/stations/NMBS/008891009,IC,2016-02-03T17:29:00,2016-02-03T17:29:00,0,138
http://irail.be/vehicle/IC2837,http://irail.be/stations/NMBS/008819406,IC,2016-07-02T15:57:00,2016-07-02T15:57:00,3,
http://irail.be/vehicle/IC2837,http://irail.be/stations/NMBS/008811007,IC,2016-07-02T16:04:00,2016-07-02T16:04:00,6,6
http://irail.be/vehicle/IC2837,http://irail.be/stations/NMBS/008812005,IC,2016-07-02T16:09:00,2016-07-02T16:07:00,100,-3
http://irail.be/vehicle/IC2837,http://irail.be/stations/NMBS/008813045,IC,2016-07-02T16:11:00,2016-07-02T16:11:00,99,99
http://irail.be/vehicle/IC2837,http://irail.be/stations/NMBS/008813003,IC,2016-07-02T16:13:00,2016-07-02T16:12:00,205,199
http://irail.be/vehicle/IC2837,http://irail.be/stations/NMBS/008813037,IC,2016-07-02T16:14:00,2016-07-02T16:14:00,213,213
http://irail.be/vehicle/IC2837,http://irail.be/stations/NMBS/008814001,IC,2016-07-02T16:21:00,2016-07-02T16:17:00,105,176
http://irail.be/vehicle/IC2837,http://irail.be/stations/NMBS/008892007,IC,2016-07-02T16:50:00,2016-07-02T16:50:00,,-23
http://irail.be/vehicle/IC2837,http://irail.be/stations/NMBS/008819406,IC,2016-07-19T15:59:00,2016-07-19T15:59:00,38,
http://irail.be/vehicle/IC2837,http://irail.be/stations/NMBS/008811007,IC,2016-07-19T16:07:00,2016-07-19T16:07:00,103,103
http://irail.be/vehicle/IC2837,http://irail.be/stations/NMBS/008812005,IC,2016-07-19T16:12:00,2016-07-19T16:10:00,139,195
http://irail.be/vehicle/IC2837,http://irail.be/stations/NMBS/008813045,IC,2016-07-19T16:14:00,2016-07-19T16:14:00,140,140
http://irail.be/vehicle/IC2837,http://irail.be/stations/NMBS/008813003,IC,2016-07-19T16:16:00,2016-07-19T16:15:00,237,166
http://irail.be/vehicle/IC2837,http://irail.be/stations/NMBS/008813037,IC,2016-07-19T16:18:00,2016-07-19T16:18:00,191,191
http://irail.be/vehicle/IC2837,http://irail.be/stations/NMBS/008814001,IC,2016-07-19T16:22:00,2016-07-19T16:20:00,264,236
http://irail.be/vehicle/IC2837,http://irail.be/stations/NMBS/008892007,IC,2016-07-19T17:00:00,2016-07-19T16:53:00,23,144
http://irail.be/vehicle/IC2837,http://irail.be/stations/NMBS/008892031,IC,2016-07-19T17:03:00,2016-07-19T17:03:00,35,35
http://irail.be/vehicle/IC2837,http://irail.be/stations/NMBS/008892056,IC,2016-07-19T17:07:00,2016-07-19T17:07:00,-16,-16
http://irail.be/vehicle/IC2837,http://irail.be/stations/NMBS/008891165,IC,2016-07-19T17:08:00,2016-07-19T17:08:00,35,35
http://irail.be/vehicle/IC2837,http://irail.be/stations/NMBS/008891157,IC,2016-07-19T17:10:00,2016-07-19T17:10:00,17,17
http://irail.be/vehicle/IC2837,http://irail.be/stations/NMBS/008891140,IC,2016-07-19T17:15:00,2016-07-19T17:13:00,176,-21
http://irail.be/vehicle/IC2837,http://irail.be/stations/NMBS/008891132,IC,2016-07-19T17:18:00,2016-07-19T17:18:00,154,154
http://irail.be/vehicle/IC2837,http://irail.be/stations/NMBS/008891124,IC,2016-07-19T17:20:00,2016-07-19T17:20:00,166,166
http://irail.be/vehicle/IC2837,http://irail.be/stations/NMBS/008891116,IC,2016-07-19T17:23:00,2016-07-19T17:23:00,152,152
http://irail.be/vehicle/IC2837,http://irail.be/stations/NMBS/008891009,IC,2016-07-19T17:29:00,2016-07-19T17:29:00,,160
http://irail.be/vehicle/IC2837,http://irail.be/stations/NMBS/008819406,IC,2016-11-04T15:59:00,2016-11-04T15:59:00,12,
http://irail.be/vehicle/IC2837,http://irail.be/stations/NMBS/008811007,IC,2016-11-04T16:07:00,2016-11-04T16:07:00,-34,-34
http://irail.be/vehicle/IC2837,http://irail.be/stations/NMBS/008812005,IC,2016-11-04T16:12:00,2016-11-04T16:10:00,35,76
http://irail.be/vehicle/IC2837,http://irail.be/stations/NMBS/008813045,IC,2016-11-04T16:14:00,2016-11-04T16:14:00,42,42
http://irail.be/vehicle/IC2837,http://irail.be/stations/NMBS/008813003,IC,2016-11-04T16:16:00,2016-11-04T16:15:00,81,67
http://irail.be/vehicle/IC2837,http://irail.be/stations/NMBS/008813037,IC,2016-11-04T16:18:00,2016-11-04T16:18:00,38,38
http://irail.be/vehicle/IC2837,http://irail.be/stations/NMBS/008814001,IC,2016-11-04T16:22:00,2016-11-04T16:20:00,79,81
http://irail.be/vehicle/IC2837,http://irail.be/stations/NMBS/008892007,IC,2016-11-04T17:00:00,2016-11-04T16:53:00,23,-40
http://irail.be/vehicle/IC2837,http://irail.be/stations/NMBS/008892031,IC,2016-11-04T17:03:00,2016-11-04T17:03:00,57,57
http://irail.be/vehicle/IC2837,http://irail.be/stations/NMBS/008892056,IC,2016-11-04T17:07:00,2016-11-04T17:07:00,30,30
http://irail.be/vehicle/IC2837,http://irail.be/stations/NMBS/008891165,IC,2016-11-04T17:08:00,2016-11-04T17:08:00,81,81
http://irail.be/vehicle/IC2837,http://irail.be/stations/NMBS/008891157,IC,2016-11-04T17:10:00,2016-11-04T17:10:00,57,57
http://irail.be/vehicle/IC2837,http://irail.be/stations/NMBS/008891140,IC,2016-11-04T17:15:00,2016-11-04T17:13:00,108,8
http://irail.be/vehicle/IC2837,http://irail.be/stations/NMBS/008891132,IC,2016-11-04T17:18:00,2016-11-04T17:18:00,162,162
http://irail.be/vehicle/IC2837,http://irail.be/stations/NMBS/008891124,IC,2016-11-04T17:20:00,2016-11-04T17:20:00,190,190
http://irail.be/vehicle/IC2837,http://irail.be/stations/NMBS/008891116,IC,2016-11-04T17:23:00,2016-11-04T17:23:00,177,177
http://irail.be/vehicle/IC2837,http://irail.be/stations/NMBS/008891009,IC,2016-11-04T17:29:00,2016-11-04T17:29:00,,185
http://irail.be/vehicle/IC2837,NO-URI,IC,2016-03-05T15:57:00,2016-03-05T15:57:00,60,0
http://irail.be/vehicle/IC2837,http://irail.be/stations/NMBS/008811007,IC,2016-03-05T16:04:00,2016-03-05T16:04:00,64,37
http://irail.be/vehicle/IC2837,http://irail.be/stations/NMBS/008812005,IC,2016-03-05T16:09:00,2016-03-05T16:07:00,67,107
http://irail.be/vehicle/IC2837,http://irail.be/stations/NMBS/008813045,IC,2016-03-05T16:11:00,2016-03-05T16:11:00,76,80
http://irail.be/vehicle/IC2837,http://irail.be/stations/NMBS/008813003,IC,2016-03-05T16:13:00,2016-03-05T16:12:00,101,114
http://irail.be/vehicle/IC2837,http://irail.be/stations/NMBS/008813037,IC,2016-03-05T16:14:00,2016-03-05T16:14:00,111,112
http://irail.be/vehicle/IC2837,http://irail.be/stations/NMBS/008814001,IC,2016-03-05T16:21:00,2016-03-05T16:17:00,34,72
http://irail.be/vehicle/IC2837,http://irail.be/stations/NMBS/008892007,IC,2016-03-05T16:50:00,2016-03-05T16:50:00,0,-109
http://irail.be/vehicle/IC2837,http://irail.be/stations/NMBS/008819406,IC,2016-10-11T15:59:00,2016-10-11T15:59:00,4,
http://irail.be/vehicle/IC2837,http://irail.be/stations/NMBS/008811007,IC,2016-10-11T16:07:00,2016-10-11T16:07:00,-63,-63
http://irail.be/vehicle/IC2837,http://irail.be/stations/NMBS/008812005,IC,2016-10-11T16:12:00,2016-10-11T16:10:00,38,6
http://irail.be/vehicle/IC2837,http://irail.be/stations/NMBS/008813045,IC,2016-10-11T16:14:00,2016-10-11T16:14:00,58,58
http://irail.be/vehicle/IC2837,http://irail.be/stations/NMBS/008813003,IC,2016-10-11T16:16:00,2016-10-11T16:15:00,274,196
http://irail.be/vehicle/IC2837,http://irail.be/stations/NMBS/008813037,IC,2016-10-11T16:18:00,2016-10-11T16:18:00,232,232
http://irail.be/vehicle/IC2837,http://irail.be/stations/NMBS/008814001,IC,2016-10-11T16:22:00,2016-10-11T16:20:00,394,271
http://irail.be/vehicle/IC2837,http://irail.be/stations/NMBS/008892007,IC,2016-10-11T17:00:00,2016-10-11T16:53:00,44,179
http://irail.be/vehicle/IC2837,http://irail.be/stations/NMBS/008892031,IC,2016-10-11T17:03:00,2016-10-11T17:03:00,80,80
http://irail.be/vehicle/IC2837,http://irail.be/stations/NMBS/008892056,IC,2016-10-11T17:07:00,2016-10-11T17:07:00,6,6
http://irail.be/vehicle/IC2837,http://irail.be/stations/NMBS/008891165,IC,2016-10-11T17:08:00,2016-10-11T17:08:00,47,47
http://irail.be/vehicle/IC2837,http://irail.be/stations/NMBS/008891157,IC,2016-10-11T17:10:00,2016-10-11T17:10:00,27,27
http://irail.be/vehicle/IC2837,http://irail.be/stations/NMBS/008891140,IC,2016-10-11T17:15:00,2016-10-11T17:13:00,61,-25
http://irail.be/vehicle/IC2837,http://irail.be/stations/NMBS/008891132,IC,2016-10-11T17:18:00,2016-10-11T17:18:00,48,48
http://irail.be/vehicle/IC2837,http://irail.be/stations/NMBS/008891124,IC,2016-10-11T17:20:00,2016-10-11T17:20:00,49,49
http://irail.be/vehicle/IC2837,http://irail.be/stations/NMBS/008891116,IC,2016-10-11T17:23:00,2016-10-11T17:23:00,42,42
http://irail.be/vehicle/IC2837,http://irail.be/stations/NMBS/008891009,IC,2016-10-11T17:29:00,2016-10-11T17:29:00,,100
http://irail.be/vehicle/IC2837,http://irail.be/stations/NMBS/008819406,IC,2016-09-27T15:59:00,2016-09-27T15:59:00,35,
http://irail.be/vehicle/IC2837,http://irail.be/stations/NMBS/008811007,IC,2016-09-27T16:07:00,2016-09-27T16:07:00,54,54
http://irail.be/vehicle/IC2837,http://irail.be/stations/NMBS/008812005,IC,2016-09-27T16:12:00,2016-09-27T16:10:00,133,166
http://irail.be/vehicle/IC2837,http://irail.be/stations/NMBS/008813045,IC,2016-09-27T16:14:00,2016-09-27T16:14:00,148,148
http://irail.be/vehicle/IC2837,http://irail.be/stations/NMBS/008813003,IC,2016-09-27T16:16:00,2016-09-27T16:15:00,207,176
http://irail.be/vehicle/IC2837,http://irail.be/stations/NMBS/008813037,IC,2016-09-27T16:18:00,2016-09-27T16:18:00,171,171
http://irail.be/vehicle/IC2837,http://irail.be/stations/NMBS/008814001,IC,2016-09-27T16:22:00,2016-09-27T16:20:00,194,203
http://irail.be/vehicle/IC2837,http://irail.be/stations/NMBS/008892007,IC,2016-09-27T17:00:00,2016-09-27T16:53:00,56,68
http://irail.be/vehicle/IC2837,http://irail.be/stations/NMBS/008892031,IC,2016-09-27T17:03:00,2016-09-27T17:03:00,91,91
http://irail.be/vehicle/IC2837,http://irail.be/stations/NMBS/008892056,IC,2016-09-27T17:07:00,2016-09-27T17:07:00,-13,-13
http://irail.be/vehicle/IC2837,http://irail.be/stations/NMBS/008891165,IC,2016-09-27T17:08:00,2016-09-27T17:08:00,2,2
http://irail.be/vehicle/IC2837,http://irail.be/stations/NMBS/008891157,IC,2016-09-27T17:10:00,2016-09-27T17:10:00,-43,-43
http://irail.be/vehicle/IC2837,http://irail.be/stations/NMBS/008891140,IC,2016-09-27T17:15:00,2016-09-27T17:13:00,104,-58
http://irail.be/vehicle/IC2837,http://irail.be/stations/NMBS/008891132,IC,2016-09-27T17:18:00,2016-09-27T17:18:00,81,81
http://irail.be/vehicle/IC2837,http://irail.be/stations/NMBS/008891124,IC,2016-09-27T17:20:00,2016-09-27T17:20:00,73,73
http://irail.be/vehicle/IC2837,http://irail.be/stations/NMBS/008891116,IC,2016-09-27T17:23:00,2016-09-27T17:23:00,40,40
http://irail.be/vehicle/IC2837,http://irail.be/stations/NMBS/008891009,IC,2016-09-27T17:29:00,2016-09-27T17:29:00,,21
http://irail.be/vehicle/IC2837,NO-URI,IC,2016-01-17T15:57:00,2016-01-17T15:57:00,296,0
http://irail.be/vehicle/IC2837,http://irail.be/stations/NMBS/008811007,IC,2016-01-17T16:04:00,2016-01-17T16:04:00,296,261
http://irail.be/vehicle/IC2837,http://irail.be/stations/NMBS/008812005,IC,2016-01-17T16:09:00,2016-01-17T16:07:00,408,447
http://irail.be/vehicle/IC2837,http://irail.be/stations/NMBS/008813045,IC,2016-01-17T16:11:00,2016-01-17T16:11:00,405,406
http://irail.be/vehicle/IC2837,http://irail.be/stations/NMBS/008813003,IC,2016-01-17T16:13:00,2016-01-17T16:12:00,453,431
http://irail.be/vehicle/IC2837,http://irail.be/stations/NMBS/008813037,IC,2016-01-17T16:14:00,2016-01-17T16:14:00,467,469
http://irail.be/vehicle/IC2837,http://irail.be/stations/NMBS/008814001,IC,2016-01-17T16:17:00,2016-01-17T16:17:00,0,447
http://irail.be/vehicle/IC2837,NO-URI,IC,2016-01-05T15:59:00,2016-01-05T15:59:00,21,0
http://irail.be/vehicle/IC2837,http://irail.be/stations/NMBS/008811007,IC,2016-01-05T16:07:00,2016-01-05T16:07:00,-22,-47
http://irail.be/vehicle/IC2837,http://irail.be/stations/NMBS/008812005,IC,2016-01-05T16:12:00,2016-01-05T16:10:00,18,36
http://irail.be/vehicle/IC2837,http://irail.be/stations/NMBS/008813045,IC,2016-01-05T16:14:00,2016-01-05T16:14:00,22,24
http://irail.be/vehicle/IC2837,http://irail.be/stations/NMBS/008813003,IC,2016-01-05T16:16:00,2016-01-05T16:15:00,63,50
http://irail.be/vehicle/IC2837,http://irail.be/stations/NMBS/008813037,IC,2016-01-05T16:18:00,2016-01-05T16:18:00,25,63
http://irail.be/vehicle/IC2837,http://irail.be/stations/NMBS/008814001,IC,2016-01-05T16:22:00,2016-01-05T16:20:00,55,62
http://irail.be/vehicle/IC2837,http://irail.be/stations/NMBS/008892007,IC,2016-01-05T17:00:00,2016-01-05T16:55:00,16,88
http://irail.be/vehicle/IC2837,http://irail.be/stations/NMBS/008892031,IC,2016-01-05T17:03:00,2016-01-05T17:03:00,49,-7
http://irail.be/vehicle/IC2837,http://irail.be/stations/NMBS/008892056,IC,2016-01-05T17:07:00,2016-01-05T17:07:00,-19,-37
http://irail.be/vehicle/IC2837,http://irail.be/stations/NMBS/008891165,IC,2016-01-05T17:08:00,2016-01-05T17:08:00,19,-19
http://irail.be/vehicle/IC2837,http://irail.be/stations/NMBS/008891157,IC,2016-01-05T17:10:00,2016-01-05T17:10:00,-3,-17
http://irail.be/vehicle/IC2837,http://irail.be/stations/NMBS/008891140,IC,2016-01-05T17:15:00,2016-01-05T17:13:00,64,-36
http://irail.be/vehicle/IC2837,http://irail.be/stations/NMBS/008891132,IC,2016-01-05T17:18:00,2016-01-05T17:18:00,81,61
http://irail.be/vehicle/IC2837,http://irail.be/stations/NMBS/008891124,IC,2016-01-05T17:20:00,2016-01-05T17:20:00,123,112
http://irail.be/vehicle/IC2837,http://irail.be/stations/NMBS/008891116,IC,2016-01-05T17:23:00,2016-01-05T17:23:00,93,93
http://irail.be/vehicle/IC2837,http://irail.be/stations/NMBS/008891009,IC,2016-01-05T17:29:00,2016-01-05T17:29:00,0,71
http://irail.be/vehicle/IC2837,NO-URI,IC,2016-02-05T15:59:00,2016-02-05T15:59:00,1,0
http://irail.be/vehicle/IC2837,http://irail.be/stations/NMBS/008811007,IC,2016-02-05T16:07:00,2016-02-05T16:07:00,-43,-75
http://irail.be/vehicle/IC2837,http://irail.be/stations/NMBS/008812005,IC,2016-02-05T16:12:00,2016-02-05T16:10:00,33,23
http://irail.be/vehicle/IC2837,http://irail.be/stations/NMBS/008813045,IC,2016-02-05T16:14:00,2016-02-05T16:14:00,37,37
http://irail.be/vehicle/IC2837,http://irail.be/stations/NMBS/008813003,IC,2016-02-05T16:16:00,2016-02-05T16:15:00,98,63
http://irail.be/vehicle/IC2837,http://irail.be/stations/NMBS/008813037,IC,2016-02-05T16:18:00,2016-02-05T16:18:00,57,98
http://irail.be/vehicle/IC2837,http://irail.be/stations/NMBS/008814001,IC,2016-02-05T16:22:00,2016-02-05T16:20:00,237,91
http://irail.be/vehicle/IC2837,http://irail.be/stations/NMBS/008892007,IC,2016-02-05T17:00:00,2016-02-05T16:53:00,9,59
http://irail.be/vehicle/IC2837,http://irail.be/stations/NMBS/008892031,IC,2016-02-05T17:03:00,2016-02-05T17:03:00,25,-14
http://irail.be/vehicle/IC2837,http://irail.be/stations/NMBS/008892056,IC,2016-02-05T17:07:00,2016-02-05T17:07:00,-75,-79
http://irail.be/vehicle/IC2837,http://irail.be/stations/NMBS/008891165,IC,2016-02-05T17:08:00,2016-02-05T17:08:00,-59,-75
http://irail.be/vehicle/IC2837,http://irail.be/stations/NMBS/008891157,IC,2016-02-05T17:10:00,2016-02-05T17:10:00,-91,-103
http://irail.be/vehicle/IC2837,http://irail.be/stations/NMBS/008891140,IC,2016-02-05T17:15:00,2016-02-05T17:13:00,47,-6
http://irail.be/vehicle/IC2837,http://irail.be/stations/NMBS/008891132,IC,2016-02-05T17:18:00,2016-02-05T17:18:00,6,4
http://irail.be/vehicle/IC2837,http://irail.be/stations/NMBS/008891124,IC,2016-02-05T17:20:00,2016-02-05T17:20:00,33,1
http://irail.be/vehicle/IC2837,http://irail.be/stations/NMBS/008891116,IC,2016-02-05T17:23:00,2016-02-05T17:23:00,231,231
http://irail.be/vehicle/IC2837,http://irail.be/stations/NMBS/008891009,IC,2016-02-05T17:29:00,2016-02-05T17:29:00,0,271
http://irail.be/vehicle/IC2837,http://irail.be/stations/NMBS/008819406,IC,2016-05-22T15:57:00,2016-05-22T15:57:00,58,0
http://irail.be/vehicle/IC2837,http://irail.be/stations/NMBS/008811007,IC,2016-05-22T16:04:00,2016-05-22T16:04:00,48,22
http://irail.be/vehicle/IC2837,http://irail.be/stations/NMBS/008812005,IC,2016-05-22T16:09:00,2016-05-22T16:07:00,34,97
http://irail.be/vehicle/IC2837,http://irail.be/stations/NMBS/008813045,IC,2016-05-22T16:11:00,2016-05-22T16:11:00,30,32
http://irail.be/vehicle/IC2837,http://irail.be/stations/NMBS/008813003,IC,2016-05-22T16:13:00,2016-05-22T16:12:00,85,57
http://irail.be/vehicle/IC2837,http://irail.be/stations/NMBS/008813037,IC,2016-05-22T16:14:00,2016-05-22T16:14:00,107,85
http://irail.be/vehicle/IC2837,http://irail.be/stations/NMBS/008814001,IC,2016-05-22T16:17:00,2016-05-22T16:17:00,0,80
http://irail.be/vehicle/IC2837,NO-URI,IC,2016-03-15T15:59:00,2016-03-15T15:59:00,4,0
http://irail.be/vehicle/IC2837,http://irail.be/stations/NMBS/008811007,IC,2016-03-15T16:07:00,2016-03-15T16:07:00,-18,-45
http://irail.be/vehicle/IC2837,http://irail.be/stations/NMBS/008812005,IC,2016-03-15T16:12:00,2016-03-15T16:10:00,35,97
http://irail.be/vehicle/IC2837,http://irail.be/stations/NMBS/008813045,IC,2016-03-15T16:14:00,2016-03-15T16:14:00,31,31
http://irail.be/vehicle/IC2837,http://irail.be/stations/NMBS/008813003,IC,2016-03-15T16:16:00,2016-03-15T16:15:00,56,57
http://irail.be/vehicle/IC2837,http://irail.be/stations/NMBS/008813037,IC,2016-03-15T16:18:00,2016-03-15T16:18:00,9,56
http://irail.be/vehicle/IC2837,http://irail.be/stations/NMBS/008814001,IC,2016-03-15T16:22:00,2016-03-15T16:20:00,22,40
http://irail.be/vehicle/IC2837,http://irail.be/stations/NMBS/008892007,IC,2016-03-15T17:00:00,2016-03-15T16:53:00,16,46
http://irail.be/vehicle/IC2837,http://irail.be/stations/NMBS/008892031,IC,2016-03-15T17:03:00,2016-03-15T17:03:00,23,-18
http://irail.be/vehicle/IC2837,http://irail.be/stations/NMBS/008892056,IC,2016-03-15T17:07:00,2016-03-15T17:07:00,-75,-82
http://irail.be/vehicle/IC2837,http://irail.be/stations/NMBS/008891165,IC,2016-03-15T17:08:00,2016-03-15T17:08:00,-59,-75
http://irail.be/vehicle/IC2837,http://irail.be/stations/NMBS/008891157,IC,2016-03-15T17:10:00,2016-03-15T17:10:00,-101,-105
http://irail.be/vehicle/IC2837,http://irail.be/stations/NMBS/008891140,IC,2016-03-15T17:15:00,2016-03-15T17:13:00,38,-48
http://irail.be/vehicle/IC2837,http://irail.be/stations/NMBS/008891132,IC,2016-03-15T17:18:00,2016-03-15T17:18:00,-6,-9
http://irail.be/vehicle/IC2837,http://irail.be/stations/NMBS/008891124,IC,2016-03-15T17:20:00,2016-03-15T17:20:00,-3,-21
http://irail.be/vehicle/IC2837,http://irail.be/stations/NMBS/008891116,IC,2016-03-15T17:23:00,2016-03-15T17:23:00,124,124
http://irail.be/vehicle/IC2837,http://irail.be/stations/NMBS/008891009,IC,2016-03-15T17:29:00,2016-03-15T17:29:00,0,242
http://irail.be/vehicle/IC2837,http://irail.be/stations/NMBS/008819406,IC,2016-06-21T15:59:00,2016-06-21T15:59:00,4,
http://irail.be/vehicle/IC2837,http://irail.be/stations/NMBS/008811007,IC,2016-06-21T16:07:00,2016-06-21T16:07:00,-65,-65
http://irail.be/vehicle/IC2837,http://irail.be/stations/NMBS/008812005,IC,2016-06-21T16:12:00,2016-06-21T16:10:00,30,86
http://irail.be/vehicle/IC2837,http://irail.be/stations/NMBS/008813045,IC,2016-06-21T16:14:00,2016-06-21T16:14:00,31,31
http://irail.be/vehicle/IC2837,http://irail.be/stations/NMBS/008813003,IC,2016-06-21T16:16:00,2016-06-21T16:15:00,66,56
http://irail.be/vehicle/IC2837,http://irail.be/stations/NMBS/008813037,IC,2016-06-21T16:18:00,2016-06-21T16:18:00,23,23
http://irail.be/vehicle/IC2837,http://irail.be/stations/NMBS/008814001,IC,2016-06-21T16:22:00,2016-06-21T16:20:00,38,62
http://irail.be/vehicle/IC2837,http://irail.be/stations/NMBS/008892007,IC,2016-06-21T17:00:00,2016-06-21T16:53:00,28,-90
http://irail.be/vehicle/IC2837,http://irail.be/stations/NMBS/008892031,IC,2016-06-21T17:03:00,2016-06-21T17:03:00,17,17
http://irail.be/vehicle/IC2837,http://irail.be/stations/NMBS/008892056,IC,2016-06-21T17:07:00,2016-06-21T17:07:00,-82,-82
http://irail.be/vehicle/IC2837,http://irail.be/stations/NMBS/008891165,IC,2016-06-21T17:08:00,2016-06-21T17:08:00,-64,-64
http://irail.be/vehicle/IC2837,http://irail.be/stations/NMBS/008891157,IC,2016-06-21T17:10:00,2016-06-21T17:10:00,-106,-106
http://irail.be/vehicle/IC2837,http://irail.be/stations/NMBS/008891140,IC,2016-06-21T17:15:00,2016-06-21T17:13:00,45,-37
http://irail.be/vehicle/IC2837,http://irail.be/stations/NMBS/008891132,IC,2016-06-21T17:18:00,2016-06-21T17:18:00,4,4
http://irail.be/vehicle/IC2837,http://irail.be/stations/NMBS/008891124,IC,2016-06-21T17:20:00,2016-06-21T17:20:00,7,7
http://irail.be/vehicle/IC2837,http://irail.be/stations/NMBS/008891116,IC,2016-06-21T17:23:00,2016-06-21T17:23:00,-10,-10
http://irail.be/vehicle/IC2837,http://irail.be/stations/NMBS/008891009,IC,2016-06-21T17:29:00,2016-06-21T17:29:00,,51
http://irail.be/vehicle/IC2837,http://irail.be/stations/NMBS/008819406,IC,2016-09-03T15:57:00,2016-09-03T15:57:00,25,
http://irail.be/vehicle/IC2837,http://irail.be/stations/NMBS/008811007,IC,2016-09-03T16:04:00,2016-09-03T16:04:00,33,33
http://irail.be/vehicle/IC2837,http://irail.be/stations/NMBS/008812005,IC,2016-09-03T16:09:00,2016-09-03T16:07:00,22,37
http://irail.be/vehicle/IC2837,http://irail.be/stations/NMBS/008813045,IC,2016-09-03T16:11:00,2016-09-03T16:11:00,15,15
http://irail.be/vehicle/IC2837,http://irail.be/stations/NMBS/008813003,IC,2016-09-03T16:13:00,2016-09-03T16:12:00,45,44
http://irail.be/vehicle/IC2837,http://irail.be/stations/NMBS/008813037,IC,2016-09-03T16:14:00,2016-09-03T16:14:00,55,55
http://irail.be/vehicle/IC2837,http://irail.be/stations/NMBS/008814001,IC,2016-09-03T16:21:00,2016-09-03T16:17:00,64,15
http://irail.be/vehicle/IC2837,http://irail.be/stations/NMBS/008892007,IC,2016-09-03T16:50:00,2016-09-03T16:50:00,,-15
http://irail.be/vehicle/IC2837,http://irail.be/stations/NMBS/008819406,IC,2016-06-15T15:59:00,2016-06-15T15:59:00,28,0
http://irail.be/vehicle/IC2837,http://irail.be/stations/NMBS/008811007,IC,2016-06-15T16:07:00,2016-06-15T16:07:00,3,-25
http://irail.be/vehicle/IC2837,http://irail.be/stations/NMBS/008812005,IC,2016-06-15T16:12:00,2016-06-15T16:10:00,19,52
http://irail.be/vehicle/IC2837,http://irail.be/stations/NMBS/008813045,IC,2016-06-15T16:14:00,2016-06-15T16:14:00,28,28
http://irail.be/vehicle/IC2837,http://irail.be/stations/NMBS/008813003,IC,2016-06-15T16:16:00,2016-06-15T16:15:00,78,53
http://irail.be/vehicle/IC2837,http://irail.be/stations/NMBS/008813037,IC,2016-06-15T16:18:00,2016-06-15T16:18:00,60,78
http://irail.be/vehicle/IC2837,http://irail.be/stations/NMBS/008814001,IC,2016-06-15T16:22:00,2016-06-15T16:20:00,126,90
http://irail.be/vehicle/IC2837,http://irail.be/stations/NMBS/008892007,IC,2016-06-15T17:00:00,2016-06-15T16:53:00,30,-18
http://irail.be/vehicle/IC2837,http://irail.be/stations/NMBS/008892031,IC,2016-06-15T17:03:00,2016-06-15T17:03:00,51,5
http://irail.be/vehicle/IC2837,http://irail.be/stations/NMBS/008892056,IC,2016-06-15T17:07:00,2016-06-15T17:07:00,-53,-55
http://irail.be/vehicle/IC2837,http://irail.be/stations/NMBS/008891165,IC,2016-06-15T17:08:00,2016-06-15T17:08:00,-38,-53
http://irail.be/vehicle/IC2837,http://irail.be/stations/NMBS/008891157,IC,2016-06-15T17:10:00,2016-06-15T17:10:00,-78,-83
http://irail.be/vehicle/IC2837,http://irail.be/stations/NMBS/008891140,IC,2016-06-15T17:15:00,2016-06-15T17:13:00,78,-92
http://irail.be/vehicle/IC2837,http://irail.be/stations/NMBS/008891132,IC,2016-06-15T17:18:00,2016-06-15T17:18:00,45,43
http://irail.be/vehicle/IC2837,http://irail.be/stations/NMBS/008891124,IC,2016-06-15T17:20:00,2016-06-15T17:20:00,36,26
http://irail.be/vehicle/IC2837,http://irail.be/stations/NMBS/008891116,IC,2016-06-15T17:23:00,2016-06-15T17:23:00,4,4
http://irail.be/vehicle/IC2837,http://irail.be/stations/NMBS/008891009,IC,2016-06-15T17:29:00,2016-06-15T17:29:00,0,20
http://irail.be/vehicle/IC2837,http://irail.be/stations/NMBS/008819406,IC,2016-12-03T15:57:00,2016-12-03T15:57:00,-10,
http://irail.be/vehicle/IC2837,http://irail.be/stations/NMBS/008811007,IC,2016-12-03T16:04:00,2016-12-03T16:04:00,-8,-8
http://irail.be/vehicle/IC2837,http://irail.be/stations/NMBS/008812005,IC,2016-12-03T16:09:00,2016-12-03T16:07:00,26,-22
http://irail.be/vehicle/IC2837,http://irail.be/stations/NMBS/008813045,IC,2016-12-03T16:11:00,2016-12-03T16:11:00,19,19
http://irail.be/vehicle/IC2837,http://irail.be/stations/NMBS/008813003,IC,2016-12-03T16:13:00,2016-12-03T16:12:00,108,70
http://irail.be/vehicle/IC2837,http://irail.be/stations/NMBS/008813037,IC,2016-12-03T16:14:00,2016-12-03T16:14:00,110,110
http://irail.be/vehicle/IC2837,http://irail.be/stations/NMBS/008814001,IC,2016-12-03T16:21:00,2016-12-03T16:17:00,-97,112
http://irail.be/vehicle/IC2837,http://irail.be/stations/NMBS/008892007,IC,2016-12-03T16:50:00,2016-12-03T16:50:00,,-143
http://irail.be/vehicle/IC2837,http://irail.be/stations/NMBS/008814001,IC,2016-03-29T16:22:00,2016-03-29T16:22:00,97,0
http://irail.be/vehicle/IC2837,http://irail.be/stations/NMBS/008892007,IC,2016-03-29T17:00:00,2016-03-29T16:53:00,47,-15
http://irail.be/vehicle/IC2837,http://irail.be/stations/NMBS/008892031,IC,2016-03-29T17:03:00,2016-03-29T17:03:00,82,30
http://irail.be/vehicle/IC2837,http://irail.be/stations/NMBS/008892056,IC,2016-03-29T17:07:00,2016-03-29T17:07:00,-13,-13
http://irail.be/vehicle/IC2837,http://irail.be/stations/NMBS/008891165,IC,2016-03-29T17:09:00,2016-03-29T17:09:00,38,47
http://irail.be/vehicle/IC2837,http://irail.be/stations/NMBS/008891157,IC,2016-03-29T17:10:00,2016-03-29T17:10:00,6,-3
http://irail.be/vehicle/IC2837,http://irail.be/stations/NMBS/008891140,IC,2016-03-29T17:15:00,2016-03-29T17:13:00,69,-29
http://irail.be/vehicle/IC2837,http://irail.be/stations/NMBS/008891132,IC,2016-03-29T17:18:00,2016-03-29T17:18:00,147,106
http://irail.be/vehicle/IC2837,http://irail.be/stations/NMBS/008891124,IC,2016-03-29T17:20:00,2016-03-29T17:20:00,216,202
http://irail.be/vehicle/IC2837,http://irail.be/stations/NMBS/008891116,IC,2016-03-29T17:23:00,2016-03-29T17:23:00,215,215
http://irail.be/vehicle/IC2837,http://irail.be/stations/NMBS/008891009,IC,2016-03-29T17:29:00,2016-03-29T17:29:00,0,296
http://irail.be/vehicle/IC2837,http://irail.be/stations/NMBS/008819406,IC,2016-11-21T15:59:00,2016-11-21T15:59:00,175,
http://irail.be/vehicle/IC2837,http://irail.be/stations/NMBS/008811007,IC,2016-11-21T16:07:52,2016-11-21T16:07:52,283,283
http://irail.be/vehicle/IC2837,http://irail.be/stations/NMBS/008812005,IC,2016-11-21T16:12:29,2016-11-21T16:10:29,413,417
http://irail.be/vehicle/IC2837,http://irail.be/stations/NMBS/008813045,IC,2016-11-21T16:14:07,2016-11-21T16:14:07,419,419
http://irail.be/vehicle/IC2837,http://irail.be/stations/NMBS/008813003,IC,2016-11-21T16:16:33,2016-11-21T16:15:33,614,586
http://irail.be/vehicle/IC2837,http://irail.be/stations/NMBS/008813037,IC,2016-11-21T16:18:00,2016-11-21T16:18:00,614,614
http://irail.be/vehicle/IC2837,http://irail.be/stations/NMBS/008814001,IC,2016-11-21T16:22:00,2016-11-21T16:20:00,628,638
http://irail.be/vehicle/IC2837,http://irail.be/stations/NMBS/008892007,IC,2016-11-21T17:00:00,2016-11-21T16:53:00,220,465
http://irail.be/vehicle/IC2837,http://irail.be/stations/NMBS/008892031,IC,2016-11-21T17:03:39,2016-11-21T17:03:39,207,207
http://irail.be/vehicle/IC2837,http://irail.be/stations/NMBS/008892056,IC,2016-11-21T17:07:00,2016-11-21T17:07:00,172,172
http://irail.be/vehicle/IC2837,http://irail.be/stations/NMBS/008891165,IC,2016-11-21T17:08:00,2016-11-21T17:08:00,176,176
http://irail.be/vehicle/IC2837,http://irail.be/stations/NMBS/008891157,IC,2016-11-21T17:10:00,2016-11-21T17:10:00,322,322
http://irail.be/vehicle/IC2837,http://irail.be/stations/NMBS/008891140,IC,2016-11-21T17:15:00,2016-11-21T17:13:00,505,479
http://irail.be/vehicle/IC2837,http://irail.be/stations/NMBS/008891132,IC,2016-11-21T17:18:00,2016-11-21T17:18:00,478,478
http://irail.be/vehicle/IC2837,http://irail.be/stations/NMBS/008891124,IC,2016-11-21T17:20:00,2016-11-21T17:20:00,547,547
http://irail.be/vehicle/IC2837,http://irail.be/stations/NMBS/008891116,IC,2016-11-21T17:23:00,2016-11-21T17:23:00,802,802
http://irail.be/vehicle/IC2837,http://irail.be/stations/NMBS/008891009,IC,2016-11-21T17:29:04,2016-11-21T17:29:04,,844
http://irail.be/vehicle/IC2837,http://irail.be/stations/NMBS/008819406,IC,2016-07-31T15:57:00,2016-07-31T15:57:00,121,
http://irail.be/vehicle/IC2837,http://irail.be/stations/NMBS/008811007,IC,2016-07-31T16:04:00,2016-07-31T16:04:00,111,111
http://irail.be/vehicle/IC2837,http://irail.be/stations/NMBS/008812005,IC,2016-07-31T16:09:00,2016-07-31T16:07:00,47,101
http://irail.be/vehicle/IC2837,http://irail.be/stations/NMBS/008813045,IC,2016-07-31T16:11:00,2016-07-31T16:11:00,43,43
http://irail.be/vehicle/IC2837,http://irail.be/stations/NMBS/008813003,IC,2016-07-31T16:13:00,2016-07-31T16:12:00,159,104
http://irail.be/vehicle/IC2837,http://irail.be/stations/NMBS/008813037,IC,2016-07-31T16:14:00,2016-07-31T16:14:00,179,179
http://irail.be/vehicle/IC2837,http://irail.be/stations/NMBS/008814001,IC,2016-07-31T16:21:00,2016-07-31T16:17:00,106,159
http://irail.be/vehicle/IC2837,http://irail.be/stations/NMBS/008892007,IC,2016-07-31T16:50:00,2016-07-31T16:50:00,,-9
http://irail.be/vehicle/IC2837,NO-URI,IC,2016-01-28T15:59:00,2016-01-28T15:59:00,7,0
http://irail.be/vehicle/IC2837,http://irail.be/stations/NMBS/008811007,IC,2016-01-28T16:07:00,2016-01-28T16:07:00,17,-17
http://irail.be/vehicle/IC2837,http://irail.be/stations/NMBS/008812005,IC,2016-01-28T16:12:00,2016-01-28T16:10:00,16,62
http://irail.be/vehicle/IC2837,http://irail.be/stations/NMBS/008813045,IC,2016-01-28T16:14:00,2016-01-28T16:14:00,20,22
http://irail.be/vehicle/IC2837,http://irail.be/stations/NMBS/008813003,IC,2016-01-28T16:16:00,2016-01-28T16:15:00,72,52
http://irail.be/vehicle/IC2837,http://irail.be/stations/NMBS/008813037,IC,2016-01-28T16:17:00,2016-01-28T16:17:00,100,72
http://irail.be/vehicle/IC2837,http://irail.be/stations/NMBS/008814001,IC,2016-01-28T16:22:00,2016-01-28T16:20:00,117,161
http://irail.be/vehicle/IC2837,http://irail.be/stations/NMBS/008892007,IC,2016-01-28T17:00:00,2016-01-28T16:55:00,12,-31
http://irail.be/vehicle/IC2837,http://irail.be/stations/NMBS/008892031,IC,2016-01-28T17:04:00,2016-01-28T17:04:00,-27,-13
http://irail.be/vehicle/IC2837,http://irail.be/stations/NMBS/008892056,IC,2016-01-28T17:07:00,2016-01-28T17:07:00,-51,-61
http://irail.be/vehicle/IC2837,http://irail.be/stations/NMBS/008891165,IC,2016-01-28T17:08:00,2016-01-28T17:08:00,-27,-51
http://irail.be/vehicle/IC2837,http://irail.be/stations/NMBS/008891157,IC,2016-01-28T17:11:00,2016-01-28T17:11:00,-124,-132
http://irail.be/vehicle/IC2837,http://irail.be/stations/NMBS/008891140,IC,2016-01-28T17:15:00,2016-01-28T17:13:00,70,-68
http://irail.be/vehicle/IC2837,http://irail.be/stations/NMBS/008891132,IC,2016-01-28T17:18:00,2016-01-28T17:18:00,45,37
http://irail.be/vehicle/IC2837,http://irail.be/stations/NMBS/008891124,IC,2016-01-28T17:20:00,2016-01-28T17:20:00,61,44
http://irail.be/vehicle/IC2837,http://irail.be/stations/NMBS/008891116,IC,2016-01-28T17:24:00,2016-01-28T17:24:00,138,138
http://irail.be/vehicle/IC2837,http://irail.be/stations/NMBS/008891009,IC,2016-01-28T17:29:00,2016-01-28T17:29:00,0,263
http://irail.be/vehicle/IC2837,NO-URI,IC,2016-03-07T15:59:00,2016-03-07T15:59:00,0,0
http://irail.be/vehicle/IC2837,http://irail.be/stations/NMBS/008811007,IC,2016-03-07T16:07:00,2016-03-07T16:07:00,-41,-70
http://irail.be/vehicle/IC2837,http://irail.be/stations/NMBS/008812005,IC,2016-03-07T16:12:00,2016-03-07T16:10:00,-8,-13
http://irail.be/vehicle/IC2837,http://irail.be/stations/NMBS/008813045,IC,2016-03-07T16:14:00,2016-03-07T16:14:00,-9,-8
http://irail.be/vehicle/IC2837,http://irail.be/stations/NMBS/008813003,IC,2016-03-07T16:16:00,2016-03-07T16:15:00,23,18
http://irail.be/vehicle/IC2837,http://irail.be/stations/NMBS/008813037,IC,2016-03-07T16:18:00,2016-03-07T16:18:00,-23,23
http://irail.be/vehicle/IC2837,http://irail.be/stations/NMBS/008814001,IC,2016-03-07T16:22:00,2016-03-07T16:20:00,17,7
http://irail.be/vehicle/IC2837,http://irail.be/stations/NMBS/008892007,IC,2016-03-07T17:00:00,2016-03-07T16:53:00,17,-262
http://irail.be/vehicle/IC2837,http://irail.be/stations/NMBS/008892031,IC,2016-03-07T17:03:00,2016-03-07T17:03:00,5,-33
http://irail.be/vehicle/IC2837,http://irail.be/stations/NMBS/008892056,IC,2016-03-07T17:07:00,2016-03-07T17:07:00,-100,-100
http://irail.be/vehicle/IC2837,http://irail.be/stations/NMBS/008891165,IC,2016-03-07T17:08:00,2016-03-07T17:08:00,-65,-100
http://irail.be/vehicle/IC2837,http://irail.be/stations/NMBS/008891157,IC,2016-03-07T17:10:00,2016-03-07T17:10:00,-90,-102
http://irail.be/vehicle/IC2837,http://irail.be/stations/NMBS/008891140,IC,2016-03-07T17:15:00,2016-03-07T17:13:00,51,-107
http://irail.be/vehicle/IC2837,http://irail.be/stations/NMBS/008891132,IC,2016-03-07T17:18:00,2016-03-07T17:18:00,17,14
http://irail.be/vehicle/IC2837,http://irail.be/stations/NMBS/008891124,IC,2016-03-07T17:20:00,2016-03-07T17:20:00,9,-2
http://irail.be/vehicle/IC2837,http://irail.be/stations/NMBS/008891116,IC,2016-03-07T17:23:00,2016-03-07T17:23:00,-11,-11
http://irail.be/vehicle/IC2837,http://irail.be/stations/NMBS/008891009,IC,2016-03-07T17:29:00,2016-03-07T17:29:00,0,68
http://irail.be/vehicle/IC2837,http://irail.be/stations/NMBS/008819406,IC,2016-09-12T15:59:00,2016-09-12T15:59:00,11,
http://irail.be/vehicle/IC2837,http://irail.be/stations/NMBS/008811007,IC,2016-09-12T16:07:00,2016-09-12T16:07:00,-57,-57
http://irail.be/vehicle/IC2837,http://irail.be/stations/NMBS/008812005,IC,2016-09-12T16:12:00,2016-09-12T16:10:00,22,52
http://irail.be/vehicle/IC2837,http://irail.be/stations/NMBS/008813045,IC,2016-09-12T16:14:00,2016-09-12T16:14:00,19,19
http://irail.be/vehicle/IC2837,http://irail.be/stations/NMBS/008813003,IC,2016-09-12T16:16:00,2016-09-12T16:15:00,182,141
http://irail.be/vehicle/IC2837,http://irail.be/stations/NMBS/008813037,IC,2016-09-12T16:18:00,2016-09-12T16:18:00,143,143
http://irail.be/vehicle/IC2837,http://irail.be/stations/NMBS/008814001,IC,2016-09-12T16:22:00,2016-09-12T16:20:00,220,182
http://irail.be/vehicle/IC2837,http://irail.be/stations/NMBS/008892007,IC,2016-09-12T17:00:00,2016-09-12T16:53:00,39,27
http://irail.be/vehicle/IC2837,http://irail.be/stations/NMBS/008892031,IC,2016-09-12T17:03:00,2016-09-12T17:03:00,49,49
http://irail.be/vehicle/IC2837,http://irail.be/stations/NMBS/008892056,IC,2016-09-12T17:07:00,2016-09-12T17:07:00,-33,-33
http://irail.be/vehicle/IC2837,http://irail.be/stations/NMBS/008891165,IC,2016-09-12T17:08:00,2016-09-12T17:08:00,8,8
http://irail.be/vehicle/IC2837,http://irail.be/stations/NMBS/008891157,IC,2016-09-12T17:10:00,2016-09-12T17:10:00,-8,-8
http://irail.be/vehicle/IC2837,http://irail.be/stations/NMBS/008891140,IC,2016-09-12T17:15:00,2016-09-12T17:13:00,73,-45
http://irail.be/vehicle/IC2837,http://irail.be/stations/NMBS/008891132,IC,2016-09-12T17:18:00,2016-09-12T17:18:00,54,54
http://irail.be/vehicle/IC2837,http://irail.be/stations/NMBS/008891124,IC,2016-09-12T17:20:00,2016-09-12T17:20:00,73,73
http://irail.be/vehicle/IC2837,http://irail.be/stations/NMBS/008891116,IC,2016-09-12T17:23:00,2016-09-12T17:23:00,141,141
http://irail.be/vehicle/IC2837,http://irail.be/stations/NMBS/008891009,IC,2016-09-12T17:29:00,2016-09-12T17:29:00,,240
http://irail.be/vehicle/IC2837,http://irail.be/stations/NMBS/008819406,IC,2016-05-16T15:57:00,2016-05-16T15:57:00,608,0
http://irail.be/vehicle/IC2837,http://irail.be/stations/NMBS/008811007,IC,2016-05-16T16:04:00,2016-05-16T16:04:00,761,735
http://irail.be/vehicle/IC2837,http://irail.be/stations/NMBS/008812005,IC,2016-05-16T16:09:00,2016-05-16T16:07:00,687,764
http://irail.be/vehicle/IC2837,http://irail.be/stations/NMBS/008813045,IC,2016-05-16T16:11:00,2016-05-16T16:11:00,706,707
http://irail.be/vehicle/IC2837,http://irail.be/stations/NMBS/008813003,IC,2016-05-16T16:13:00,2016-05-16T16:12:00,792,737
http://irail.be/vehicle/IC2837,http://irail.be/stations/NMBS/008813037,IC,2016-05-16T16:15:00,2016-05-16T16:15:00,769,792
http://irail.be/vehicle/IC2837,http://irail.be/stations/NMBS/008814001,IC,2016-05-16T16:21:00,2016-05-16T16:17:00,797,815
http://irail.be/vehicle/IC2837,http://irail.be/stations/NMBS/008892007,IC,2016-05-16T16:50:00,2016-05-16T16:50:00,0,703
http://irail.be/vehicle/IC2837,http://irail.be/stations/NMBS/008819406,IC,2016-06-29T15:59:00,2016-06-29T15:59:00,23,
http://irail.be/vehicle/IC2837,http://irail.be/stations/NMBS/008811007,IC,2016-06-29T16:07:00,2016-06-29T16:07:00,-26,-26
http://irail.be/vehicle/IC2837,http://irail.be/stations/NMBS/008812005,IC,2016-06-29T16:12:00,2016-06-29T16:10:00,16,-34
http://irail.be/vehicle/IC2837,http://irail.be/stations/NMBS/008813045,IC,2016-06-29T16:14:00,2016-06-29T16:14:00,8,8
http://irail.be/vehicle/IC2837,http://irail.be/stations/NMBS/008813003,IC,2016-06-29T16:16:00,2016-06-29T16:15:00,67,30
http://irail.be/vehicle/IC2837,http://irail.be/stations/NMBS/008813037,IC,2016-06-29T16:18:00,2016-06-29T16:18:00,19,19
http://irail.be/vehicle/IC2837,http://irail.be/stations/NMBS/008814001,IC,2016-06-29T16:22:00,2016-06-29T16:20:00,33,50
http://irail.be/vehicle/IC2837,http://irail.be/stations/NMBS/008892007,IC,2016-06-29T17:00:00,2016-06-29T16:53:00,17,-98
http://irail.be/vehicle/IC2837,http://irail.be/stations/NMBS/008892031,IC,2016-06-29T17:03:00,2016-06-29T17:03:00,18,18
http://irail.be/vehicle/IC2837,http://irail.be/stations/NMBS/008892056,IC,2016-06-29T17:07:00,2016-06-29T17:07:00,-75,-75
http://irail.be/vehicle/IC2837,http://irail.be/stations/NMBS/008891165,IC,2016-06-29T17:08:00,2016-06-29T17:08:00,-42,-42
http://irail.be/vehicle/IC2837,http://irail.be/stations/NMBS/008891157,IC,2016-06-29T17:10:00,2016-06-29T17:10:00,-58,-58
http://irail.be/vehicle/IC2837,http://irail.be/stations/NMBS/008891140,IC,2016-06-29T17:15:00,2016-06-29T17:13:00,77,-15
http://irail.be/vehicle/IC2837,http://irail.be/stations/NMBS/008891132,IC,2016-06-29T17:18:00,2016-06-29T17:18:00,93,93
http://irail.be/vehicle/IC2837,http://irail.be/stations/NMBS/008891124,IC,2016-06-29T17:20:00,2016-06-29T17:20:00,101,101
http://irail.be/vehicle/IC2837,http://irail.be/stations/NMBS/008891116,IC,2016-06-29T17:23:00,2016-06-29T17:23:00,144,144
http://irail.be/vehicle/IC2837,http://irail.be/stations/NMBS/008891009,IC,2016-06-29T17:29:00,2016-06-29T17:29:00,,150
http://irail.be/vehicle/IC2837,NO-URI,IC,2016-01-21T15:59:00,2016-01-21T15:59:00,8,0
http://irail.be/vehicle/IC2837,http://irail.be/stations/NMBS/008811007,IC,2016-01-21T16:07:00,2016-01-21T16:07:00,-10,-70
http://irail.be/vehicle/IC2837,http://irail.be/stations/NMBS/008812005,IC,2016-01-21T16:12:00,2016-01-21T16:10:00,256,160
http://irail.be/vehicle/IC2837,http://irail.be/stations/NMBS/008813045,IC,2016-01-21T16:14:00,2016-01-21T16:14:00,287,255
http://irail.be/vehicle/IC2837,http://irail.be/stations/NMBS/008813003,IC,2016-01-21T16:16:00,2016-01-21T16:15:00,550,435
http://irail.be/vehicle/IC2837,http://irail.be/stations/NMBS/008813037,IC,2016-01-21T16:18:00,2016-01-21T16:18:00,503,505
http://irail.be/vehicle/IC2837,http://irail.be/stations/NMBS/008814001,IC,2016-01-21T16:22:00,2016-01-21T16:20:00,528,529
http://irail.be/vehicle/IC2837,http://irail.be/stations/NMBS/008892007,IC,2016-01-21T17:00:00,2016-01-21T16:55:00,6,160
http://irail.be/vehicle/IC2837,http://irail.be/stations/NMBS/008892031,IC,2016-01-21T17:03:00,2016-01-21T17:03:00,26,-29
http://irail.be/vehicle/IC2837,http://irail.be/stations/NMBS/008892056,IC,2016-01-21T17:07:00,2016-01-21T17:07:00,-65,-73
http://irail.be/vehicle/IC2837,http://irail.be/stations/NMBS/008891165,IC,2016-01-21T17:08:00,2016-01-21T17:08:00,-36,-65
http://irail.be/vehicle/IC2837,http://irail.be/stations/NMBS/008891157,IC,2016-01-21T17:10:00,2016-01-21T17:10:00,-33,-64
http://irail.be/vehicle/IC2837,http://irail.be/stations/NMBS/008891140,IC,2016-01-21T17:15:00,2016-01-21T17:13:00,49,-46
http://irail.be/vehicle/IC2837,http://irail.be/stations/NMBS/008891132,IC,2016-01-21T17:18:00,2016-01-21T17:18:00,37,29
http://irail.be/vehicle/IC2837,http://irail.be/stations/NMBS/008891124,IC,2016-01-21T17:20:00,2016-01-21T17:20:00,43,30
http://irail.be/vehicle/IC2837,http://irail.be/stations/NMBS/008891116,IC,2016-01-21T17:23:00,2016-01-21T17:23:00,26,26
http://irail.be/vehicle/IC2837,http://irail.be/stations/NMBS/008891009,IC,2016-01-21T17:29:00,2016-01-21T17:29:00,0,7
http://irail.be/vehicle/IC2837,http://irail.be/stations/NMBS/008819406,IC,2016-12-21T15:59:00,2016-12-21T15:59:00,-3,
http://irail.be/vehicle/IC2837,http://irail.be/stations/NMBS/008811007,IC,2016-12-21T16:07:00,2016-12-21T16:07:00,-46,-46
http://irail.be/vehicle/IC2837,http://irail.be/stations/NMBS/008812005,IC,2016-12-21T16:12:00,2016-12-21T16:10:00,60,73
http://irail.be/vehicle/IC2837,http://irail.be/stations/NMBS/008813045,IC,2016-12-21T16:14:00,2016-12-21T16:14:00,65,65
http://irail.be/vehicle/IC2837,http://irail.be/stations/NMBS/008813003,IC,2016-12-21T16:16:00,2016-12-21T16:15:00,119,91
http://irail.be/vehicle/IC2837,http://irail.be/stations/NMBS/008813037,IC,2016-12-21T16:18:00,2016-12-21T16:18:00,119,119
http://irail.be/vehicle/IC2837,http://irail.be/stations/NMBS/008814001,IC,2016-12-21T16:22:00,2016-12-21T16:20:00,284,127
http://irail.be/vehicle/IC2837,http://irail.be/stations/NMBS/008892007,IC,2016-12-21T17:00:00,2016-12-21T16:53:00,28,20
http://irail.be/vehicle/IC2837,http://irail.be/stations/NMBS/008892031,IC,2016-12-21T17:03:00,2016-12-21T17:03:00,0,0
http://irail.be/vehicle/IC2837,http://irail.be/stations/NMBS/008892056,IC,2016-12-21T17:07:00,2016-12-21T17:07:00,-42,-42
http://irail.be/vehicle/IC2837,http://irail.be/stations/NMBS/008891165,IC,2016-12-21T17:08:00,2016-12-21T17:08:00,-62,-62
http://irail.be/vehicle/IC2837,http://irail.be/stations/NMBS/008891157,IC,2016-12-21T17:10:00,2016-12-21T17:10:00,-39,-39
http://irail.be/vehicle/IC2837,http://irail.be/stations/NMBS/008891140,IC,2016-12-21T17:15:00,2016-12-21T17:13:00,88,-26
http://irail.be/vehicle/IC2837,http://irail.be/stations/NMBS/008891132,IC,2016-12-21T17:18:00,2016-12-21T17:18:00,50,50
http://irail.be/vehicle/IC2837,http://irail.be/stations/NMBS/008891124,IC,2016-12-21T17:20:00,2016-12-21T17:20:00,70,70
http://irail.be/vehicle/IC2837,http://irail.be/stations/NMBS/008891116,IC,2016-12-21T17:23:00,2016-12-21T17:23:00,64,64
http://irail.be/vehicle/IC2837,http://irail.be/stations/NMBS/008891009,IC,2016-12-21T17:29:00,2016-12-21T17:29:00,,6
http://irail.be/vehicle/IC2837,http://irail.be/stations/NMBS/008819406,IC,2016-09-18T15:57:00,2016-09-18T15:57:00,46,
http://irail.be/vehicle/IC2837,http://irail.be/stations/NMBS/008811007,IC,2016-09-18T16:04:00,2016-09-18T16:04:00,65,65
http://irail.be/vehicle/IC2837,http://irail.be/stations/NMBS/008812005,IC,2016-09-18T16:09:00,2016-09-18T16:07:00,95,132
http://irail.be/vehicle/IC2837,http://irail.be/stations/NMBS/008813045,IC,2016-09-18T16:11:00,2016-09-18T16:11:00,101,101
http://irail.be/vehicle/IC2837,http://irail.be/stations/NMBS/008813003,IC,2016-09-18T16:13:00,2016-09-18T16:12:00,133,128
http://irail.be/vehicle/IC2837,http://irail.be/stations/NMBS/008813037,IC,2016-09-18T16:14:00,2016-09-18T16:14:00,149,149
http://irail.be/vehicle/IC2837,http://irail.be/stations/NMBS/008814001,IC,2016-09-18T16:17:00,2016-09-18T16:17:00,,120
http://irail.be/vehicle/IC2837,NO-URI,IC,2016-01-22T15:59:00,2016-01-22T15:59:00,18,0
http://irail.be/vehicle/IC2837,http://irail.be/stations/NMBS/008811007,IC,2016-01-22T16:07:00,2016-01-22T16:07:00,-27,-70
http://irail.be/vehicle/IC2837,http://irail.be/stations/NMBS/008812005,IC,2016-01-22T16:12:00,2016-01-22T16:10:00,32,98
http://irail.be/vehicle/IC2837,http://irail.be/stations/NMBS/008813045,IC,2016-01-22T16:14:00,2016-01-22T16:14:00,60,58
http://irail.be/vehicle/IC2837,http://irail.be/stations/NMBS/008813003,IC,2016-01-22T16:16:00,2016-01-22T16:15:00,100,92
http://irail.be/vehicle/IC2837,http://irail.be/stations/NMBS/008813037,IC,2016-01-22T16:18:00,2016-01-22T16:18:00,59,100
http://irail.be/vehicle/IC2837,http://irail.be/stations/NMBS/008814001,IC,2016-01-22T16:22:00,2016-01-22T16:20:00,154,105
http://irail.be/vehicle/IC2837,http://irail.be/stations/NMBS/008892007,IC,2016-01-22T17:00:00,2016-01-22T16:55:00,22,168
http://irail.be/vehicle/IC2837,http://irail.be/stations/NMBS/008892031,IC,2016-01-22T17:03:00,2016-01-22T17:03:00,71,11
http://irail.be/vehicle/IC2837,http://irail.be/stations/NMBS/008892056,IC,2016-01-22T17:07:00,2016-01-22T17:07:00,-19,-19
http://irail.be/vehicle/IC2837,http://irail.be/stations/NMBS/008891165,IC,2016-01-22T17:08:00,2016-01-22T17:08:00,15,-19
http://irail.be/vehicle/IC2837,http://irail.be/stations/NMBS/008891157,IC,2016-01-22T17:10:00,2016-01-22T17:10:00,-12,-23
http://irail.be/vehicle/IC2837,http://irail.be/stations/NMBS/008891140,IC,2016-01-22T17:15:00,2016-01-22T17:13:00,55,-60
http://irail.be/vehicle/IC2837,http://irail.be/stations/NMBS/008891132,IC,2016-01-22T17:18:00,2016-01-22T17:18:00,73,60
http://irail.be/vehicle/IC2837,http://irail.be/stations/NMBS/008891124,IC,2016-01-22T17:20:00,2016-01-22T17:20:00,79,67
http://irail.be/vehicle/IC2837,http://irail.be/stations/NMBS/008891116,IC,2016-01-22T17:23:00,2016-01-22T17:23:00,63,63
http://irail.be/vehicle/IC2837,http://irail.be/stations/NMBS/008891009,IC,2016-01-22T17:29:00,2016-01-22T17:29:00,0,82
http://irail.be/vehicle/IC2837,http://irail.be/stations/NMBS/008819406,IC,2016-12-13T15:59:00,2016-12-13T15:59:00,-14,
http://irail.be/vehicle/IC2837,http://irail.be/stations/NMBS/008811007,IC,2016-12-13T16:07:00,2016-12-13T16:07:00,39,39
http://irail.be/vehicle/IC2837,http://irail.be/stations/NMBS/008812005,IC,2016-12-13T16:12:00,2016-12-13T16:10:00,70,71
http://irail.be/vehicle/IC2837,http://irail.be/stations/NMBS/008813045,IC,2016-12-13T16:14:00,2016-12-13T16:14:00,68,68
http://irail.be/vehicle/IC2837,http://irail.be/stations/NMBS/008813003,IC,2016-12-13T16:16:00,2016-12-13T16:15:00,133,111
http://irail.be/vehicle/IC2837,http://irail.be/stations/NMBS/008813037,IC,2016-12-13T16:18:00,2016-12-13T16:18:00,133,133
http://irail.be/vehicle/IC2837,http://irail.be/stations/NMBS/008814001,IC,2016-12-13T16:22:00,2016-12-13T16:20:00,115,229
http://irail.be/vehicle/IC2837,http://irail.be/stations/NMBS/008892007,IC,2016-12-13T17:00:00,2016-12-13T16:53:00,14,8
http://irail.be/vehicle/IC2837,http://irail.be/stations/NMBS/008892031,IC,2016-12-13T17:03:00,2016-12-13T17:03:00,34,34
http://irail.be/vehicle/IC2837,http://irail.be/stations/NMBS/008892056,IC,2016-12-13T17:07:00,2016-12-13T17:07:00,4,4
http://irail.be/vehicle/IC2837,http://irail.be/stations/NMBS/008891165,IC,2016-12-13T17:08:00,2016-12-13T17:08:00,-12,-12
http://irail.be/vehicle/IC2837,http://irail.be/stations/NMBS/008891157,IC,2016-12-13T17:10:00,2016-12-13T17:10:00,11,11
http://irail.be/vehicle/IC2837,http://irail.be/stations/NMBS/008891140,IC,2016-12-13T17:15:00,2016-12-13T17:13:00,86,5
http://irail.be/vehicle/IC2837,http://irail.be/stations/NMBS/008891132,IC,2016-12-13T17:18:00,2016-12-13T17:18:00,70,70
http://irail.be/vehicle/IC2837,http://irail.be/stations/NMBS/008891124,IC,2016-12-13T17:20:00,2016-12-13T17:20:00,88,88
http://irail.be/vehicle/IC2837,http://irail.be/stations/NMBS/008891116,IC,2016-12-13T17:23:00,2016-12-13T17:23:00,66,66
http://irail.be/vehicle/IC2837,http://irail.be/stations/NMBS/008891009,IC,2016-12-13T17:29:00,2016-12-13T17:29:00,,45
http://irail.be/vehicle/IC2837,NO-URI,IC,2016-02-22T15:59:00,2016-02-22T15:59:00,303,0
http://irail.be/vehicle/IC2837,http://irail.be/stations/NMBS/008811007,IC,2016-02-22T16:07:00,2016-02-22T16:07:00,595,483
http://irail.be/vehicle/IC2837,http://irail.be/stations/NMBS/008812005,IC,2016-02-22T16:12:00,2016-02-22T16:10:00,928,943
http://irail.be/vehicle/IC2837,http://irail.be/stations/NMBS/008813045,IC,2016-02-22T16:14:00,2016-02-22T16:14:00,927,930
http://irail.be/vehicle/IC2837,http://irail.be/stations/NMBS/008813003,IC,2016-02-22T16:16:00,2016-02-22T16:15:00,1152,1077
http://irail.be/vehicle/IC2837,http://irail.be/stations/NMBS/008813037,IC,2016-02-22T16:18:00,2016-02-22T16:18:00,1121,1152
http://irail.be/vehicle/IC2837,http://irail.be/stations/NMBS/008814001,IC,2016-02-22T16:22:00,2016-02-22T16:20:00,1193,1191
http://irail.be/vehicle/IC2837,http://irail.be/stations/NMBS/008892007,IC,2016-02-22T17:00:00,2016-02-22T16:53:00,901,1202
http://irail.be/vehicle/IC2837,http://irail.be/stations/NMBS/008892031,IC,2016-02-22T17:03:00,2016-02-22T17:03:00,965,899
http://irail.be/vehicle/IC2837,http://irail.be/stations/NMBS/008892056,IC,2016-02-22T17:07:00,2016-02-22T17:07:00,865,865
http://irail.be/vehicle/IC2837,http://irail.be/stations/NMBS/008891165,IC,2016-02-22T17:08:00,2016-02-22T17:08:00,886,865
http://irail.be/vehicle/IC2837,http://irail.be/stations/NMBS/008891157,IC,2016-02-22T17:10:00,2016-02-22T17:10:00,842,839
http://irail.be/vehicle/IC2837,http://irail.be/stations/NMBS/008891140,IC,2016-02-22T17:15:00,2016-02-22T17:13:00,802,780
http://irail.be/vehicle/IC2837,http://irail.be/stations/NMBS/008891132,IC,2016-02-22T17:18:00,2016-02-22T17:18:00,786,781
http://irail.be/vehicle/IC2837,http://irail.be/stations/NMBS/008891124,IC,2016-02-22T17:20:00,2016-02-22T17:20:00,839,802
http://irail.be/vehicle/IC2837,http://irail.be/stations/NMBS/008891116,IC,2016-02-22T17:23:00,2016-02-22T17:23:00,819,819
http://irail.be/vehicle/IC2837,http://irail.be/stations/NMBS/008891009,IC,2016-02-22T17:29:00,2016-02-22T17:29:00,0,802
http://irail.be/vehicle/IC2837,http://irail.be/stations/NMBS/008819406,IC,2016-09-13T15:59:00,2016-09-13T15:59:00,-2,
http://irail.be/vehicle/IC2837,http://irail.be/stations/NMBS/008811007,IC,2016-09-13T16:07:00,2016-09-13T16:07:00,36,36
http://irail.be/vehicle/IC2837,http://irail.be/stations/NMBS/008812005,IC,2016-09-13T16:12:00,2016-09-13T16:10:00,211,247
http://irail.be/vehicle/IC2837,http://irail.be/stations/NMBS/008813045,IC,2016-09-13T16:14:00,2016-09-13T16:14:00,219,219
http://irail.be/vehicle/IC2837,http://irail.be/stations/NMBS/008813003,IC,2016-09-13T16:16:00,2016-09-13T16:15:00,276,249
http://irail.be/vehicle/IC2837,http://irail.be/stations/NMBS/008813037,IC,2016-09-13T16:18:00,2016-09-13T16:18:00,233,233
http://irail.be/vehicle/IC2837,http://irail.be/stations/NMBS/008814001,IC,2016-09-13T16:22:00,2016-09-13T16:20:00,355,268
http://irail.be/vehicle/IC2837,http://irail.be/stations/NMBS/008892007,IC,2016-09-13T17:00:00,2016-09-13T16:53:00,9,179
http://irail.be/vehicle/IC2837,http://irail.be/stations/NMBS/008892031,IC,2016-09-13T17:03:00,2016-09-13T17:03:00,20,20
http://irail.be/vehicle/IC2837,http://irail.be/stations/NMBS/008892056,IC,2016-09-13T17:07:00,2016-09-13T17:07:00,-60,-60
http://irail.be/vehicle/IC2837,http://irail.be/stations/NMBS/008891165,IC,2016-09-13T17:08:00,2016-09-13T17:08:00,-18,-18
http://irail.be/vehicle/IC2837,http://irail.be/stations/NMBS/008891157,IC,2016-09-13T17:10:00,2016-09-13T17:10:00,-30,-30
http://irail.be/vehicle/IC2837,http://irail.be/stations/NMBS/008891140,IC,2016-09-13T17:15:00,2016-09-13T17:13:00,45,-44
http://irail.be/vehicle/IC2837,http://irail.be/stations/NMBS/008891132,IC,2016-09-13T17:18:00,2016-09-13T17:18:00,1,1
http://irail.be/vehicle/IC2837,http://irail.be/stations/NMBS/008891124,IC,2016-09-13T17:20:00,2016-09-13T17:20:00,-1,-1
http://irail.be/vehicle/IC2837,http://irail.be/stations/NMBS/008891116,IC,2016-09-13T17:23:00,2016-09-13T17:23:00,78,78
http://irail.be/vehicle/IC2837,http://irail.be/stations/NMBS/008891009,IC,2016-09-13T17:29:00,2016-09-13T17:29:00,,151
http://irail.be/vehicle/IC2837,http://irail.be/stations/NMBS/008819406,IC,2016-12-26T15:59:00,2016-12-26T15:59:00,25,
http://irail.be/vehicle/IC2837,http://irail.be/stations/NMBS/008811007,IC,2016-12-26T16:07:00,2016-12-26T16:07:00,102,102
http://irail.be/vehicle/IC2837,http://irail.be/stations/NMBS/008812005,IC,2016-12-26T16:12:00,2016-12-26T16:10:00,337,172
http://irail.be/vehicle/IC2837,http://irail.be/stations/NMBS/008813045,IC,2016-12-26T16:14:00,2016-12-26T16:14:00,332,332
http://irail.be/vehicle/IC2837,http://irail.be/stations/NMBS/008813003,IC,2016-12-26T16:16:00,2016-12-26T16:15:00,490,434
http://irail.be/vehicle/IC2837,http://irail.be/stations/NMBS/008813037,IC,2016-12-26T16:18:00,2016-12-26T16:18:00,443,443
http://irail.be/vehicle/IC2837,http://irail.be/stations/NMBS/008814001,IC,2016-12-26T16:22:00,2016-12-26T16:20:00,395,531
http://irail.be/vehicle/IC2837,http://irail.be/stations/NMBS/008892007,IC,2016-12-26T17:00:00,2016-12-26T16:53:00,202,505
http://irail.be/vehicle/IC2837,http://irail.be/stations/NMBS/008892031,IC,2016-12-26T17:03:00,2016-12-26T17:03:00,176,176
http://irail.be/vehicle/IC2837,http://irail.be/stations/NMBS/008892056,IC,2016-12-26T17:07:00,2016-12-26T17:07:00,134,134
http://irail.be/vehicle/IC2837,http://irail.be/stations/NMBS/008891165,IC,2016-12-26T17:08:00,2016-12-26T17:08:00,110,110
http://irail.be/vehicle/IC2837,http://irail.be/stations/NMBS/008891157,IC,2016-12-26T17:10:00,2016-12-26T17:10:00,99,99
http://irail.be/vehicle/IC2837,http://irail.be/stations/NMBS/008891140,IC,2016-12-26T17:15:00,2016-12-26T17:13:00,103,80
http://irail.be/vehicle/IC2837,http://irail.be/stations/NMBS/008891132,IC,2016-12-26T17:18:00,2016-12-26T17:18:00,179,179
http://irail.be/vehicle/IC2837,http://irail.be/stations/NMBS/008891124,IC,2016-12-26T17:20:00,2016-12-26T17:20:00,244,244
http://irail.be/vehicle/IC2837,http://irail.be/stations/NMBS/008891116,IC,2016-12-26T17:23:00,2016-12-26T17:23:00,342,342
http://irail.be/vehicle/IC2837,http://irail.be/stations/NMBS/008891009,IC,2016-12-26T17:29:00,2016-12-26T17:29:00,,306
http://irail.be/vehicle/IC2837,http://irail.be/stations/NMBS/008819406,IC,2016-05-30T15:59:00,2016-05-30T15:59:00,65,0
http://irail.be/vehicle/IC2837,http://irail.be/stations/NMBS/008811007,IC,2016-05-30T16:07:00,2016-05-30T16:07:00,-14,-53
http://irail.be/vehicle/IC2837,http://irail.be/stations/NMBS/008812005,IC,2016-05-30T16:12:00,2016-05-30T16:10:00,241,244
http://irail.be/vehicle/IC2837,http://irail.be/stations/NMBS/008813045,IC,2016-05-30T16:14:00,2016-05-30T16:14:00,326,266
http://irail.be/vehicle/IC2837,http://irail.be/stations/NMBS/008813003,IC,2016-05-30T16:16:00,2016-05-30T16:15:00,607,530
http://irail.be/vehicle/IC2837,http://irail.be/stations/NMBS/008813037,IC,2016-05-30T16:18:00,2016-05-30T16:18:00,556,607
http://irail.be/vehicle/IC2837,http://irail.be/stations/NMBS/008814001,IC,2016-05-30T16:22:00,2016-05-30T16:20:00,584,567
http://irail.be/vehicle/IC2837,http://irail.be/stations/NMBS/008892007,IC,2016-05-30T16:53:00,2016-05-30T16:53:00,178,478
http://irail.be/vehicle/IC2837,NO-URI,IC,2016-02-14T15:57:00,2016-02-14T15:57:00,55,0
http://irail.be/vehicle/IC2837,http://irail.be/stations/NMBS/008811007,IC,2016-02-14T16:04:00,2016-02-14T16:04:00,89,61
http://irail.be/vehicle/IC2837,http://irail.be/stations/NMBS/008812005,IC,2016-02-14T16:09:00,2016-02-14T16:07:00,272,175
http://irail.be/vehicle/IC2837,http://irail.be/stations/NMBS/008813045,IC,2016-02-14T16:11:00,2016-02-14T16:11:00,287,286
http://irail.be/vehicle/IC2837,http://irail.be/stations/NMBS/008813003,IC,2016-02-14T16:13:00,2016-02-14T16:12:00,328,312
http://irail.be/vehicle/IC2837,http://irail.be/stations/NMBS/008813037,IC,2016-02-14T16:14:00,2016-02-14T16:14:00,345,345
http://irail.be/vehicle/IC2837,http://irail.be/stations/NMBS/008814001,IC,2016-02-14T16:21:00,2016-02-14T16:17:00,201,326
http://irail.be/vehicle/IC2837,http://irail.be/stations/NMBS/008892007,IC,2016-02-14T16:50:00,2016-02-14T16:50:00,0,144
http://irail.be/vehicle/IC2837,NO-URI,IC,2016-01-18T15:59:00,2016-01-18T15:59:00,11,0
http://irail.be/vehicle/IC2837,http://irail.be/stations/NMBS/008811007,IC,2016-01-18T16:07:00,2016-01-18T16:07:00,-16,-42
http://irail.be/vehicle/IC2837,http://irail.be/stations/NMBS/008812005,IC,2016-01-18T16:12:00,2016-01-18T16:10:00,44,26
http://irail.be/vehicle/IC2837,http://irail.be/stations/NMBS/008813045,IC,2016-01-18T16:14:00,2016-01-18T16:14:00,54,52
http://irail.be/vehicle/IC2837,http://irail.be/stations/NMBS/008813003,IC,2016-01-18T16:16:00,2016-01-18T16:15:00,132,96
http://irail.be/vehicle/IC2837,http://irail.be/stations/NMBS/008813037,IC,2016-01-18T16:18:00,2016-01-18T16:18:00,103,132
http://irail.be/vehicle/IC2837,http://irail.be/stations/NMBS/008814001,IC,2016-01-18T16:22:00,2016-01-18T16:20:00,121,152
http://irail.be/vehicle/IC2837,http://irail.be/stations/NMBS/008892007,IC,2016-01-18T17:00:00,2016-01-18T16:55:00,34,-80
http://irail.be/vehicle/IC2837,http://irail.be/stations/NMBS/008892031,IC,2016-01-18T17:03:00,2016-01-18T17:03:00,75,19
http://irail.be/vehicle/IC2837,http://irail.be/stations/NMBS/008892056,IC,2016-01-18T17:07:00,2016-01-18T17:07:00,-11,-20
http://irail.be/vehicle/IC2837,http://irail.be/stations/NMBS/008891165,IC,2016-01-18T17:08:00,2016-01-18T17:08:00,15,-11
http://irail.be/vehicle/IC2837,http://irail.be/stations/NMBS/008891157,IC,2016-01-18T17:10:00,2016-01-18T17:10:00,-19,-27
http://irail.be/vehicle/IC2837,http://irail.be/stations/NMBS/008891140,IC,2016-01-18T17:15:00,2016-01-18T17:13:00,80,-64
http://irail.be/vehicle/IC2837,http://irail.be/stations/NMBS/008891132,IC,2016-01-18T17:18:00,2016-01-18T17:18:00,62,56
http://irail.be/vehicle/IC2837,http://irail.be/stations/NMBS/008891124,IC,2016-01-18T17:20:00,2016-01-18T17:20:00,77,59
http://irail.be/vehicle/IC2837,http://irail.be/stations/NMBS/008891116,IC,2016-01-18T17:23:00,2016-01-18T17:23:00,73,73
http://irail.be/vehicle/IC2837,http://irail.be/stations/NMBS/008891009,IC,2016-01-18T17:29:00,2016-01-18T17:29:00,0,98
http://irail.be/vehicle/IC2837,http://irail.be/stations/NMBS/008819406,IC,2016-09-25T15:57:00,2016-09-25T15:57:00,41,
http://irail.be/vehicle/IC2837,http://irail.be/stations/NMBS/008811007,IC,2016-09-25T16:04:00,2016-09-25T16:04:00,95,95
http://irail.be/vehicle/IC2837,http://irail.be/stations/NMBS/008812005,IC,2016-09-25T16:09:00,2016-09-25T16:07:00,56,112
http://irail.be/vehicle/IC2837,http://irail.be/stations/NMBS/008813045,IC,2016-09-25T16:11:00,2016-09-25T16:11:00,62,62
http://irail.be/vehicle/IC2837,http://irail.be/stations/NMBS/008813003,IC,2016-09-25T16:13:00,2016-09-25T16:12:00,116,99
http://irail.be/vehicle/IC2837,http://irail.be/stations/NMBS/008813037,IC,2016-09-25T16:14:00,2016-09-25T16:14:00,138,138
http://irail.be/vehicle/IC2837,http://irail.be/stations/NMBS/008814001,IC,2016-09-25T16:17:00,2016-09-25T16:17:00,,118
http://irail.be/vehicle/IC2837,NO-URI,IC,2016-02-17T15:59:00,2016-02-17T15:59:00,38,0
http://irail.be/vehicle/IC2837,http://irail.be/stations/NMBS/008811007,IC,2016-02-17T16:07:00,2016-02-17T16:07:00,-13,-37
http://irail.be/vehicle/IC2837,http://irail.be/stations/NMBS/008812005,IC,2016-02-17T16:12:00,2016-02-17T16:10:00,92,125
http://irail.be/vehicle/IC2837,http://irail.be/stations/NMBS/008813045,IC,2016-02-17T16:14:00,2016-02-17T16:14:00,97,97
http://irail.be/vehicle/IC2837,http://irail.be/stations/NMBS/008813003,IC,2016-02-17T16:16:00,2016-02-17T16:15:00,146,124
http://irail.be/vehicle/IC2837,http://irail.be/stations/NMBS/008813037,IC,2016-02-17T16:18:00,2016-02-17T16:18:00,113,146
http://irail.be/vehicle/IC2837,http://irail.be/stations/NMBS/008814001,IC,2016-02-17T16:22:00,2016-02-17T16:20:00,233,195
http://irail.be/vehicle/IC2837,http://irail.be/stations/NMBS/008892007,IC,2016-02-17T17:00:00,2016-02-17T16:53:00,31,237
http://irail.be/vehicle/IC2837,http://irail.be/stations/NMBS/008892031,IC,2016-02-17T17:03:00,2016-02-17T17:03:00,45,0
http://irail.be/vehicle/IC2837,http://irail.be/stations/NMBS/008892056,IC,2016-02-17T17:07:00,2016-02-17T17:07:00,-51,-59
http://irail.be/vehicle/IC2837,http://irail.be/stations/NMBS/008891165,IC,2016-02-17T17:08:00,2016-02-17T17:08:00,-28,-51
http://irail.be/vehicle/IC2837,http://irail.be/stations/NMBS/008891157,IC,2016-02-17T17:10:00,2016-02-17T17:10:00,-72,-74
http://irail.be/vehicle/IC2837,http://irail.be/stations/NMBS/008891140,IC,2016-02-17T17:15:00,2016-02-17T17:13:00,85,-58
http://irail.be/vehicle/IC2837,http://irail.be/stations/NMBS/008891132,IC,2016-02-17T17:18:00,2016-02-17T17:18:00,50,47
http://irail.be/vehicle/IC2837,http://irail.be/stations/NMBS/008891124,IC,2016-02-17T17:20:00,2016-02-17T17:20:00,116,75
http://irail.be/vehicle/IC2837,http://irail.be/stations/NMBS/008891116,IC,2016-02-17T17:23:00,2016-02-17T17:23:00,92,92
http://irail.be/vehicle/IC2837,http://irail.be/stations/NMBS/008891009,IC,2016-02-17T17:29:00,2016-02-17T17:29:00,0,119
http://irail.be/vehicle/IC2837,http://irail.be/stations/NMBS/008819406,IC,2016-06-28T15:59:00,2016-06-28T15:59:00,12,
http://irail.be/vehicle/IC2837,http://irail.be/stations/NMBS/008811007,IC,2016-06-28T16:07:00,2016-06-28T16:07:00,-39,-39
http://irail.be/vehicle/IC2837,http://irail.be/stations/NMBS/008812005,IC,2016-06-28T16:12:00,2016-06-28T16:10:00,69,83
http://irail.be/vehicle/IC2837,http://irail.be/stations/NMBS/008813045,IC,2016-06-28T16:14:00,2016-06-28T16:14:00,72,72
http://irail.be/vehicle/IC2837,http://irail.be/stations/NMBS/008813003,IC,2016-06-28T16:16:00,2016-06-28T16:15:00,116,96
http://irail.be/vehicle/IC2837,http://irail.be/stations/NMBS/008813037,IC,2016-06-28T16:18:00,2016-06-28T16:18:00,77,77
http://irail.be/vehicle/IC2837,http://irail.be/stations/NMBS/008814001,IC,2016-06-28T16:22:00,2016-06-28T16:20:00,178,117
http://irail.be/vehicle/IC2837,http://irail.be/stations/NMBS/008892007,IC,2016-06-28T17:00:00,2016-06-28T16:53:00,52,-10
http://irail.be/vehicle/IC2837,http://irail.be/stations/NMBS/008892031,IC,2016-06-28T17:03:00,2016-06-28T17:03:00,63,63
http://irail.be/vehicle/IC2837,http://irail.be/stations/NMBS/008892056,IC,2016-06-28T17:07:00,2016-06-28T17:07:00,-2,-2
http://irail.be/vehicle/IC2837,http://irail.be/stations/NMBS/008891165,IC,2016-06-28T17:08:00,2016-06-28T17:08:00,39,39
http://irail.be/vehicle/IC2837,http://irail.be/stations/NMBS/008891157,IC,2016-06-28T17:10:00,2016-06-28T17:10:00,18,18
http://irail.be/vehicle/IC2837,http://irail.be/stations/NMBS/008891140,IC,2016-06-28T17:15:00,2016-06-28T17:13:00,61,-23
http://irail.be/vehicle/IC2837,http://irail.be/stations/NMBS/008891132,IC,2016-06-28T17:18:00,2016-06-28T17:18:00,56,56
http://irail.be/vehicle/IC2837,http://irail.be/stations/NMBS/008891124,IC,2016-06-28T17:20:00,2016-06-28T17:20:00,79,79
http://irail.be/vehicle/IC2837,http://irail.be/stations/NMBS/008891116,IC,2016-06-28T17:23:00,2016-06-28T17:23:00,48,48
http://irail.be/vehicle/IC2837,http://irail.be/stations/NMBS/008891009,IC,2016-06-28T17:29:00,2016-06-28T17:29:00,,26
http://irail.be/vehicle/IC2837,http://irail.be/stations/NMBS/008819406,IC,2016-07-14T15:59:00,2016-07-14T15:59:00,3,
http://irail.be/vehicle/IC2837,http://irail.be/stations/NMBS/008811007,IC,2016-07-14T16:07:00,2016-07-14T16:07:00,-24,-24
http://irail.be/vehicle/IC2837,http://irail.be/stations/NMBS/008812005,IC,2016-07-14T16:12:00,2016-07-14T16:10:00,3,29
http://irail.be/vehicle/IC2837,http://irail.be/stations/NMBS/008813045,IC,2016-07-14T16:14:00,2016-07-14T16:14:00,12,12
http://irail.be/vehicle/IC2837,http://irail.be/stations/NMBS/008813003,IC,2016-07-14T16:16:00,2016-07-14T16:15:00,38,40
http://irail.be/vehicle/IC2837,http://irail.be/stations/NMBS/008813037,IC,2016-07-14T16:18:00,2016-07-14T16:18:00,-5,-5
http://irail.be/vehicle/IC2837,http://irail.be/stations/NMBS/008814001,IC,2016-07-14T16:22:00,2016-07-14T16:20:00,38,34
http://irail.be/vehicle/IC2837,http://irail.be/stations/NMBS/008892007,IC,2016-07-14T17:00:00,2016-07-14T16:53:00,24,50
http://irail.be/vehicle/IC2837,http://irail.be/stations/NMBS/008892031,IC,2016-07-14T17:03:00,2016-07-14T17:03:00,93,93
http://irail.be/vehicle/IC2837,http://irail.be/stations/NMBS/008892056,IC,2016-07-14T17:07:00,2016-07-14T17:07:00,39,39
http://irail.be/vehicle/IC2837,http://irail.be/stations/NMBS/008891165,IC,2016-07-14T17:08:00,2016-07-14T17:08:00,82,82
http://irail.be/vehicle/IC2837,http://irail.be/stations/NMBS/008891157,IC,2016-07-14T17:10:00,2016-07-14T17:10:00,53,53
http://irail.be/vehicle/IC2837,http://irail.be/stations/NMBS/008891140,IC,2016-07-14T17:15:00,2016-07-14T17:13:00,72,12
http://irail.be/vehicle/IC2837,http://irail.be/stations/NMBS/008891132,IC,2016-07-14T17:18:00,2016-07-14T17:18:00,109,109
http://irail.be/vehicle/IC2837,http://irail.be/stations/NMBS/008891124,IC,2016-07-14T17:20:00,2016-07-14T17:20:00,131,131
http://irail.be/vehicle/IC2837,http://irail.be/stations/NMBS/008891116,IC,2016-07-14T17:23:00,2016-07-14T17:23:00,110,110
http://irail.be/vehicle/IC2837,http://irail.be/stations/NMBS/008891009,IC,2016-07-14T17:29:00,2016-07-14T17:29:00,,101
http://irail.be/vehicle/IC2837,http://irail.be/stations/NMBS/008819406,IC,2016-07-25T15:59:00,2016-07-25T15:59:00,46,
http://irail.be/vehicle/IC2837,http://irail.be/stations/NMBS/008811007,IC,2016-07-25T16:07:00,2016-07-25T16:07:00,-3,-3
http://irail.be/vehicle/IC2837,http://irail.be/stations/NMBS/008812005,IC,2016-07-25T16:12:00,2016-07-25T16:10:00,125,153
http://irail.be/vehicle/IC2837,http://irail.be/stations/NMBS/008813045,IC,2016-07-25T16:14:00,2016-07-25T16:14:00,126,126
http://irail.be/vehicle/IC2837,http://irail.be/stations/NMBS/008813003,IC,2016-07-25T16:16:00,2016-07-25T16:15:00,171,151
http://irail.be/vehicle/IC2837,http://irail.be/stations/NMBS/008813037,IC,2016-07-25T16:18:00,2016-07-25T16:18:00,134,134
http://irail.be/vehicle/IC2837,http://irail.be/stations/NMBS/008814001,IC,2016-07-25T16:22:00,2016-07-25T16:20:00,150,160
http://irail.be/vehicle/IC2837,http://irail.be/stations/NMBS/008892007,IC,2016-07-25T17:00:00,2016-07-25T16:53:00,24,154
http://irail.be/vehicle/IC2837,http://irail.be/stations/NMBS/008892031,IC,2016-07-25T17:03:00,2016-07-25T17:03:00,103,103
http://irail.be/vehicle/IC2837,http://irail.be/stations/NMBS/008892056,IC,2016-07-25T17:07:00,2016-07-25T17:07:00,8,8
http://irail.be/vehicle/IC2837,http://irail.be/stations/NMBS/008891165,IC,2016-07-25T17:08:00,2016-07-25T17:08:00,24,24
http://irail.be/vehicle/IC2837,http://irail.be/stations/NMBS/008891157,IC,2016-07-25T17:10:00,2016-07-25T17:10:00,-14,-14
http://irail.be/vehicle/IC2837,http://irail.be/stations/NMBS/008891140,IC,2016-07-25T17:15:00,2016-07-25T17:13:00,83,-67
http://irail.be/vehicle/IC2837,http://irail.be/stations/NMBS/008891132,IC,2016-07-25T17:18:00,2016-07-25T17:18:00,65,65
http://irail.be/vehicle/IC2837,http://irail.be/stations/NMBS/008891124,IC,2016-07-25T17:20:00,2016-07-25T17:20:00,55,55
http://irail.be/vehicle/IC2837,http://irail.be/stations/NMBS/008891116,IC,2016-07-25T17:23:00,2016-07-25T17:23:00,32,32
http://irail.be/vehicle/IC2837,http://irail.be/stations/NMBS/008891009,IC,2016-07-25T17:29:00,2016-07-25T17:29:00,,284
http://irail.be/vehicle/IC2837,http://irail.be/stations/NMBS/008819406,IC,2016-04-23T15:57:00,2016-04-23T15:57:00,38,0
http://irail.be/vehicle/IC2837,http://irail.be/stations/NMBS/008811007,IC,2016-04-23T16:04:00,2016-04-23T16:04:00,64,35
http://irail.be/vehicle/IC2837,http://irail.be/stations/NMBS/008812005,IC,2016-04-23T16:09:00,2016-04-23T16:07:00,82,124
http://irail.be/vehicle/IC2837,http://irail.be/stations/NMBS/008813045,IC,2016-04-23T16:11:00,2016-04-23T16:11:00,82,83
http://irail.be/vehicle/IC2837,http://irail.be/stations/NMBS/008813003,IC,2016-04-23T16:13:00,2016-04-23T16:12:00,120,116
http://irail.be/vehicle/IC2837,http://irail.be/stations/NMBS/008813037,IC,2016-04-23T16:15:00,2016-04-23T16:15:00,71,120
http://irail.be/vehicle/IC2837,http://irail.be/stations/NMBS/008814001,IC,2016-04-23T16:21:00,2016-04-23T16:17:00,172,140
http://irail.be/vehicle/IC2837,http://irail.be/stations/NMBS/008892007,IC,2016-04-23T16:50:00,2016-04-23T16:50:00,0,112
http://irail.be/vehicle/IC2837,http://irail.be/stations/NMBS/008819406,IC,2016-04-28T15:59:00,2016-04-28T15:59:00,50,0
http://irail.be/vehicle/IC2837,http://irail.be/stations/NMBS/008811007,IC,2016-04-28T16:07:00,2016-04-28T16:07:00,3,-21
http://irail.be/vehicle/IC2837,http://irail.be/stations/NMBS/008812005,IC,2016-04-28T16:12:00,2016-04-28T16:10:00,15,72
http://irail.be/vehicle/IC2837,http://irail.be/stations/NMBS/008813045,IC,2016-04-28T16:14:00,2016-04-28T16:14:00,12,14
http://irail.be/vehicle/IC2837,http://irail.be/stations/NMBS/008813003,IC,2016-04-28T16:16:00,2016-04-28T16:15:00,161,129
http://irail.be/vehicle/IC2837,http://irail.be/stations/NMBS/008813037,IC,2016-04-28T16:18:00,2016-04-28T16:18:00,116,161
http://irail.be/vehicle/IC2837,http://irail.be/stations/NMBS/008814001,IC,2016-04-28T16:22:00,2016-04-28T16:20:00,191,178
http://irail.be/vehicle/IC2837,http://irail.be/stations/NMBS/008892007,IC,2016-04-28T17:00:00,2016-04-28T16:53:00,9,311
http://irail.be/vehicle/IC2837,http://irail.be/stations/NMBS/008892031,IC,2016-04-28T17:03:00,2016-04-28T17:03:00,7,-37
http://irail.be/vehicle/IC2837,http://irail.be/stations/NMBS/008892056,IC,2016-04-28T17:07:00,2016-04-28T17:07:00,-70,-86
http://irail.be/vehicle/IC2837,http://irail.be/stations/NMBS/008891165,IC,2016-04-28T17:08:00,2016-04-28T17:08:00,-29,-70
http://irail.be/vehicle/IC2837,http://irail.be/stations/NMBS/008891157,IC,2016-04-28T17:10:00,2016-04-28T17:10:00,-60,-68
http://irail.be/vehicle/IC2837,http://irail.be/stations/NMBS/008891140,IC,2016-04-28T17:15:00,2016-04-28T17:13:00,76,11
http://irail.be/vehicle/IC2837,http://irail.be/stations/NMBS/008891132,IC,2016-04-28T17:18:00,2016-04-28T17:18:00,40,37
http://irail.be/vehicle/IC2837,http://irail.be/stations/NMBS/008891124,IC,2016-04-28T17:20:00,2016-04-28T17:20:00,37,25
http://irail.be/vehicle/IC2837,http://irail.be/stations/NMBS/008891116,IC,2016-04-28T17:23:00,2016-04-28T17:23:00,16,16
http://irail.be/vehicle/IC2837,http://irail.be/stations/NMBS/008891009,IC,2016-04-28T17:29:00,2016-04-28T17:29:00,0,196
http://irail.be/vehicle/IC2837,http://irail.be/stations/NMBS/008819406,IC,2016-09-30T15:59:00,2016-09-30T15:59:00,29,
http://irail.be/vehicle/IC2837,http://irail.be/stations/NMBS/008811007,IC,2016-09-30T16:07:00,2016-09-30T16:07:00,-43,-43
http://irail.be/vehicle/IC2837,http://irail.be/stations/NMBS/008812005,IC,2016-09-30T16:12:00,2016-09-30T16:10:00,-14,20
http://irail.be/vehicle/IC2837,http://irail.be/stations/NMBS/008813045,IC,2016-09-30T16:14:00,2016-09-30T16:14:00,-22,-22
http://irail.be/vehicle/IC2837,http://irail.be/stations/NMBS/008813003,IC,2016-09-30T16:16:00,2016-09-30T16:15:00,24,5
http://irail.be/vehicle/IC2837,http://irail.be/stations/NMBS/008813037,IC,2016-09-30T16:18:00,2016-09-30T16:18:00,-23,-23
http://irail.be/vehicle/IC2837,http://irail.be/stations/NMBS/008814001,IC,2016-09-30T16:22:00,2016-09-30T16:20:00,26,15
http://irail.be/vehicle/IC2837,http://irail.be/stations/NMBS/008892007,IC,2016-09-30T17:00:00,2016-09-30T16:53:00,31,-261
http://irail.be/vehicle/IC2837,http://irail.be/stations/NMBS/008892031,IC,2016-09-30T17:03:00,2016-09-30T17:03:00,17,17
http://irail.be/vehicle/IC2837,http://irail.be/stations/NMBS/008892056,IC,2016-09-30T17:07:00,2016-09-30T17:07:00,-87,-87
http://irail.be/vehicle/IC2837,http://irail.be/stations/NMBS/008891165,IC,2016-09-30T17:08:00,2016-09-30T17:08:00,-71,-71
http://irail.be/vehicle/IC2837,http://irail.be/stations/NMBS/008891157,IC,2016-09-30T17:10:00,2016-09-30T17:10:00,-109,-109
http://irail.be/vehicle/IC2837,http://irail.be/stations/NMBS/008891140,IC,2016-09-30T17:15:00,2016-09-30T17:13:00,47,-29
http://irail.be/vehicle/IC2837,http://irail.be/stations/NMBS/008891132,IC,2016-09-30T17:18:00,2016-09-30T17:18:00,16,16
http://irail.be/vehicle/IC2837,http://irail.be/stations/NMBS/008891124,IC,2016-09-30T17:20:00,2016-09-30T17:20:00,14,14
http://irail.be/vehicle/IC2837,http://irail.be/stations/NMBS/008891116,IC,2016-09-30T17:23:00,2016-09-30T17:23:00,107,107
http://irail.be/vehicle/IC2837,http://irail.be/stations/NMBS/008891009,IC,2016-09-30T17:29:00,2016-09-30T17:29:00,,85
http://irail.be/vehicle/IC2837,http://irail.be/stations/NMBS/008819406,IC,2016-07-30T15:57:00,2016-07-30T15:57:00,5,
http://irail.be/vehicle/IC2837,http://irail.be/stations/NMBS/008811007,IC,2016-07-30T16:04:00,2016-07-30T16:04:00,-7,-7
http://irail.be/vehicle/IC2837,http://irail.be/stations/NMBS/008812005,IC,2016-07-30T16:09:00,2016-07-30T16:07:00,-2,-4
http://irail.be/vehicle/IC2837,http://irail.be/stations/NMBS/008813045,IC,2016-07-30T16:11:00,2016-07-30T16:11:00,-12,-12
http://irail.be/vehicle/IC2837,http://irail.be/stations/NMBS/008813003,IC,2016-07-30T16:13:00,2016-07-30T16:12:00,75,65
http://irail.be/vehicle/IC2837,http://irail.be/stations/NMBS/008813037,IC,2016-07-30T16:14:00,2016-07-30T16:14:00,89,89
http://irail.be/vehicle/IC2837,http://irail.be/stations/NMBS/008814001,IC,2016-07-30T16:21:00,2016-07-30T16:17:00,55,54
http://irail.be/vehicle/IC2837,http://irail.be/stations/NMBS/008892007,IC,2016-07-30T16:50:00,2016-07-30T16:50:00,,23
http://irail.be/vehicle/IC2837,NO-URI,IC,2016-03-06T15:57:00,2016-03-06T15:57:00,16,0
http://irail.be/vehicle/IC2837,http://irail.be/stations/NMBS/008811007,IC,2016-03-06T16:04:00,2016-03-06T16:04:00,15,-15
http://irail.be/vehicle/IC2837,http://irail.be/stations/NMBS/008812005,IC,2016-03-06T16:09:00,2016-03-06T16:07:00,120,96
http://irail.be/vehicle/IC2837,http://irail.be/stations/NMBS/008813045,IC,2016-03-06T16:11:00,2016-03-06T16:11:00,115,116
http://irail.be/vehicle/IC2837,http://irail.be/stations/NMBS/008813003,IC,2016-03-06T16:13:00,2016-03-06T16:12:00,174,151
http://irail.be/vehicle/IC2837,http://irail.be/stations/NMBS/008813037,IC,2016-03-06T16:14:00,2016-03-06T16:14:00,197,193
http://irail.be/vehicle/IC2837,http://irail.be/stations/NMBS/008814001,IC,2016-03-06T16:21:00,2016-03-06T16:17:00,142,166
http://irail.be/vehicle/IC2837,http://irail.be/stations/NMBS/008892007,IC,2016-03-06T16:50:00,2016-03-06T16:50:00,0,136
http://irail.be/vehicle/IC2837,http://irail.be/stations/NMBS/008819406,IC,2016-09-17T15:57:00,2016-09-17T15:57:00,13,
http://irail.be/vehicle/IC2837,http://irail.be/stations/NMBS/008811007,IC,2016-09-17T16:04:00,2016-09-17T16:04:00,189,189
http://irail.be/vehicle/IC2837,http://irail.be/stations/NMBS/008812005,IC,2016-09-17T16:09:00,2016-09-17T16:07:00,280,338
http://irail.be/vehicle/IC2837,http://irail.be/stations/NMBS/008813045,IC,2016-09-17T16:11:00,2016-09-17T16:11:00,299,299
http://irail.be/vehicle/IC2837,http://irail.be/stations/NMBS/008813003,IC,2016-09-17T16:13:00,2016-09-17T16:12:00,429,394
http://irail.be/vehicle/IC2837,http://irail.be/stations/NMBS/008813037,IC,2016-09-17T16:14:00,2016-09-17T16:14:00,446,446
http://irail.be/vehicle/IC2837,http://irail.be/stations/NMBS/008814001,IC,2016-09-17T16:17:00,2016-09-17T16:17:00,,450
http://irail.be/vehicle/IC2837,http://irail.be/stations/NMBS/008819406,IC,2016-06-11T15:57:00,2016-06-11T15:57:00,-5,0
http://irail.be/vehicle/IC2837,http://irail.be/stations/NMBS/008811007,IC,2016-06-11T16:04:00,2016-06-11T16:04:00,-27,-51
http://irail.be/vehicle/IC2837,http://irail.be/stations/NMBS/008812005,IC,2016-06-11T16:09:00,2016-06-11T16:07:00,17,-49
http://irail.be/vehicle/IC2837,http://irail.be/stations/NMBS/008813045,IC,2016-06-11T16:11:00,2016-06-11T16:11:00,3,8
http://irail.be/vehicle/IC2837,http://irail.be/stations/NMBS/008813003,IC,2016-06-11T16:13:00,2016-06-11T16:12:00,46,25
http://irail.be/vehicle/IC2837,http://irail.be/stations/NMBS/008813037,IC,2016-06-11T16:15:00,2016-06-11T16:15:00,-8,46
http://irail.be/vehicle/IC2837,http://irail.be/stations/NMBS/008814001,IC,2016-06-11T16:21:00,2016-06-11T16:17:00,56,32
http://irail.be/vehicle/IC2837,http://irail.be/stations/NMBS/008892007,IC,2016-06-11T16:50:00,2016-06-11T16:50:00,0,-93
http://irail.be/vehicle/IC2837,http://irail.be/stations/NMBS/008819406,IC,2016-11-13T15:57:00,2016-11-13T15:57:00,-7,
http://irail.be/vehicle/IC2837,http://irail.be/stations/NMBS/008811007,IC,2016-11-13T16:05:42,2016-11-13T16:05:42,-12,-12
http://irail.be/vehicle/IC2837,http://irail.be/stations/NMBS/008812005,IC,2016-11-13T16:10:12,2016-11-13T16:08:12,98,14
http://irail.be/vehicle/IC2837,http://irail.be/stations/NMBS/008813045,IC,2016-11-13T16:11:50,2016-11-13T16:11:50,127,127
http://irail.be/vehicle/IC2837,http://irail.be/stations/NMBS/008813003,IC,2016-11-13T16:14:11,2016-11-13T16:13:11,387,346
http://irail.be/vehicle/IC2837,http://irail.be/stations/NMBS/008813037,IC,2016-11-13T16:15:09,2016-11-13T16:15:09,401,401
http://irail.be/vehicle/IC2837,http://irail.be/stations/NMBS/008814001,IC,2016-11-13T16:17:00,2016-11-13T16:17:00,,473
http://irail.be/vehicle/IC2837,NO-URI,IC,2016-02-07T15:57:00,2016-02-07T15:57:00,431,0
http://irail.be/vehicle/IC2837,http://irail.be/stations/NMBS/008811007,IC,2016-02-07T16:04:00,2016-02-07T16:04:00,423,399
http://irail.be/vehicle/IC2837,http://irail.be/stations/NMBS/008812005,IC,2016-02-07T16:09:00,2016-02-07T16:07:00,411,489
http://irail.be/vehicle/IC2837,http://irail.be/stations/NMBS/008813045,IC,2016-02-07T16:11:00,2016-02-07T16:11:00,414,415
http://irail.be/vehicle/IC2837,http://irail.be/stations/NMBS/008813003,IC,2016-02-07T16:13:00,2016-02-07T16:12:00,471,438
http://irail.be/vehicle/IC2837,http://irail.be/stations/NMBS/008813037,IC,2016-02-07T16:14:00,2016-02-07T16:14:00,482,483
http://irail.be/vehicle/IC2837,http://irail.be/stations/NMBS/008814001,IC,2016-02-07T16:21:00,2016-02-07T16:17:00,358,470
http://irail.be/vehicle/IC2837,http://irail.be/stations/NMBS/008892007,IC,2016-02-07T16:50:00,2016-02-07T16:50:00,0,300
http://irail.be/vehicle/IC2837,http://irail.be/stations/NMBS/008819406,IC,2016-06-17T15:59:00,2016-06-17T15:59:00,103,
http://irail.be/vehicle/IC2837,http://irail.be/stations/NMBS/008811007,IC,2016-06-17T16:07:00,2016-06-17T16:07:00,128,128
http://irail.be/vehicle/IC2837,http://irail.be/stations/NMBS/008812005,IC,2016-06-17T16:12:00,2016-06-17T16:10:00,219,242
http://irail.be/vehicle/IC2837,http://irail.be/stations/NMBS/008813045,IC,2016-06-17T16:14:00,2016-06-17T16:14:00,222,222
http://irail.be/vehicle/IC2837,http://irail.be/stations/NMBS/008813003,IC,2016-06-17T16:16:00,2016-06-17T16:15:00,351,320
http://irail.be/vehicle/IC2837,http://irail.be/stations/NMBS/008813037,IC,2016-06-17T16:18:00,2016-06-17T16:18:00,312,312
http://irail.be/vehicle/IC2837,http://irail.be/stations/NMBS/008814001,IC,2016-06-17T16:22:00,2016-06-17T16:20:00,370,406
http://irail.be/vehicle/IC2837,http://irail.be/stations/NMBS/008892007,IC,2016-06-17T17:00:00,2016-06-17T16:53:00,43,306
http://irail.be/vehicle/IC2837,http://irail.be/stations/NMBS/008892031,IC,2016-06-17T17:03:00,2016-06-17T17:03:00,29,29
http://irail.be/vehicle/IC2837,http://irail.be/stations/NMBS/008892056,IC,2016-06-17T17:07:00,2016-06-17T17:07:00,-74,-74
http://irail.be/vehicle/IC2837,http://irail.be/stations/NMBS/008891165,IC,2016-06-17T17:08:00,2016-06-17T17:08:00,-59,-59
http://irail.be/vehicle/IC2837,http://irail.be/stations/NMBS/008891157,IC,2016-06-17T17:10:00,2016-06-17T17:10:00,-97,-97
http://irail.be/vehicle/IC2837,http://irail.be/stations/NMBS/008891140,IC,2016-06-17T17:15:00,2016-06-17T17:13:00,59,15
http://irail.be/vehicle/IC2837,http://irail.be/stations/NMBS/008891132,IC,2016-06-17T17:18:00,2016-06-17T17:18:00,37,37
http://irail.be/vehicle/IC2837,http://irail.be/stations/NMBS/008891124,IC,2016-06-17T17:20:00,2016-06-17T17:20:00,75,75
http://irail.be/vehicle/IC2837,http://irail.be/stations/NMBS/008891116,IC,2016-06-17T17:23:00,2016-06-17T17:23:00,159,159
http://irail.be/vehicle/IC2837,http://irail.be/stations/NMBS/008891009,IC,2016-06-17T17:29:00,2016-06-17T17:29:00,,330
http://irail.be/vehicle/IC2837,http://irail.be/stations/NMBS/008811007,IC,2016-04-16T16:04:00,2016-04-16T16:04:00,-127,0
http://irail.be/vehicle/IC2837,http://irail.be/stations/NMBS/008812005,IC,2016-04-16T16:11:00,2016-04-16T16:07:00,77,23
http://irail.be/vehicle/IC2837,http://irail.be/stations/NMBS/008813045,IC,2016-04-16T16:13:00,2016-04-16T16:13:00,89,86
http://irail.be/vehicle/IC2837,http://irail.be/stations/NMBS/008813003,IC,2016-04-16T16:15:00,2016-04-16T16:14:00,166,172
http://irail.be/vehicle/IC2837,http://irail.be/stations/NMBS/008813037,IC,2016-04-16T16:16:00,2016-04-16T16:16:00,180,166
http://irail.be/vehicle/IC2837,http://irail.be/stations/NMBS/008814001,IC,2016-04-16T16:21:00,2016-04-16T16:19:00,185,149
http://irail.be/vehicle/IC2837,http://irail.be/stations/NMBS/008892007,IC,2016-04-16T16:50:00,2016-04-16T16:50:00,0,184
http://irail.be/vehicle/IC2837,http://irail.be/stations/NMBS/008819406,IC,2016-08-12T15:59:00,2016-08-12T15:59:00,31,
http://irail.be/vehicle/IC2837,http://irail.be/stations/NMBS/008811007,IC,2016-08-12T16:07:00,2016-08-12T16:07:00,-26,-26
http://irail.be/vehicle/IC2837,http://irail.be/stations/NMBS/008812005,IC,2016-08-12T16:12:00,2016-08-12T16:10:00,89,88
http://irail.be/vehicle/IC2837,http://irail.be/stations/NMBS/008813045,IC,2016-08-12T16:14:00,2016-08-12T16:14:00,92,92
http://irail.be/vehicle/IC2837,http://irail.be/stations/NMBS/008813003,IC,2016-08-12T16:16:00,2016-08-12T16:15:00,140,117
http://irail.be/vehicle/IC2837,http://irail.be/stations/NMBS/008813037,IC,2016-08-12T16:18:00,2016-08-12T16:18:00,97,97
http://irail.be/vehicle/IC2837,http://irail.be/stations/NMBS/008814001,IC,2016-08-12T16:22:00,2016-08-12T16:20:00,96,122
http://irail.be/vehicle/IC2837,http://irail.be/stations/NMBS/008892007,IC,2016-08-12T17:00:00,2016-08-12T16:53:00,34,-28
http://irail.be/vehicle/IC2837,http://irail.be/stations/NMBS/008892031,IC,2016-08-12T17:03:00,2016-08-12T17:03:00,32,32
http://irail.be/vehicle/IC2837,http://irail.be/stations/NMBS/008892056,IC,2016-08-12T17:07:00,2016-08-12T17:07:00,-47,-47
http://irail.be/vehicle/IC2837,http://irail.be/stations/NMBS/008891165,IC,2016-08-12T17:08:00,2016-08-12T17:08:00,0,0
http://irail.be/vehicle/IC2837,http://irail.be/stations/NMBS/008891157,IC,2016-08-12T17:10:00,2016-08-12T17:10:00,-8,-8
http://irail.be/vehicle/IC2837,http://irail.be/stations/NMBS/008891140,IC,2016-08-12T17:15:00,2016-08-12T17:13:00,70,-40
http://irail.be/vehicle/IC2837,http://irail.be/stations/NMBS/008891132,IC,2016-08-12T17:18:00,2016-08-12T17:18:00,49,49
http://irail.be/vehicle/IC2837,http://irail.be/stations/NMBS/008891124,IC,2016-08-12T17:20:00,2016-08-12T17:20:00,61,61
http://irail.be/vehicle/IC2837,http://irail.be/stations/NMBS/008891116,IC,2016-08-12T17:23:00,2016-08-12T17:23:00,147,147
http://irail.be/vehicle/IC2837,http://irail.be/stations/NMBS/008891009,IC,2016-08-12T17:29:00,2016-08-12T17:29:00,,231
http://irail.be/vehicle/IC2837,http://irail.be/stations/NMBS/008812005,IC,2016-04-07T16:12:00,2016-04-07T16:12:00,130,0
http://irail.be/vehicle/IC2837,http://irail.be/stations/NMBS/008813045,IC,2016-04-07T16:14:00,2016-04-07T16:14:00,150,135
http://irail.be/vehicle/IC2837,http://irail.be/stations/NMBS/008813003,IC,2016-04-07T16:16:00,2016-04-07T16:15:00,323,298
http://irail.be/vehicle/IC2837,http://irail.be/stations/NMBS/008813037,IC,2016-04-07T16:17:00,2016-04-07T16:17:00,347,323
http://irail.be/vehicle/IC2837,http://irail.be/stations/NMBS/008814001,IC,2016-04-07T16:22:00,2016-04-07T16:20:00,390,373
http://irail.be/vehicle/IC2837,http://irail.be/stations/NMBS/008892007,IC,2016-04-07T17:00:00,2016-04-07T16:53:00,224,249
http://irail.be/vehicle/IC2837,http://irail.be/stations/NMBS/008892031,IC,2016-04-07T17:03:00,2016-04-07T17:03:00,219,183
http://irail.be/vehicle/IC2837,http://irail.be/stations/NMBS/008892056,IC,2016-04-07T17:07:00,2016-04-07T17:07:00,119,115
http://irail.be/vehicle/IC2837,http://irail.be/stations/NMBS/008891165,IC,2016-04-07T17:09:00,2016-04-07T17:09:00,76,119
http://irail.be/vehicle/IC2837,http://irail.be/stations/NMBS/008891157,IC,2016-04-07T17:10:00,2016-04-07T17:10:00,93,89
http://irail.be/vehicle/IC2837,http://irail.be/stations/NMBS/008891140,IC,2016-04-07T17:15:00,2016-04-07T17:13:00,59,44
http://irail.be/vehicle/IC2837,http://irail.be/stations/NMBS/008891132,IC,2016-04-07T17:18:00,2016-04-07T17:18:00,24,22
http://irail.be/vehicle/IC2837,http://irail.be/stations/NMBS/008891124,IC,2016-04-07T17:20:00,2016-04-07T17:20:00,16,7
http://irail.be/vehicle/IC2837,http://irail.be/stations/NMBS/008891116,IC,2016-04-07T17:23:00,2016-04-07T17:23:00,135,135
http://irail.be/vehicle/IC2837,http://irail.be/stations/NMBS/008891009,IC,2016-04-07T17:29:00,2016-04-07T17:29:00,0,209
http://irail.be/vehicle/IC2837,http://irail.be/stations/NMBS/008819406,IC,2016-06-27T15:59:00,2016-06-27T15:59:00,39,
http://irail.be/vehicle/IC2837,http://irail.be/stations/NMBS/008811007,IC,2016-06-27T16:07:00,2016-06-27T16:07:00,-10,-10
http://irail.be/vehicle/IC2837,http://irail.be/stations/NMBS/008812005,IC,2016-06-27T16:12:00,2016-06-27T16:10:00,148,124
http://irail.be/vehicle/IC2837,http://irail.be/stations/NMBS/008813045,IC,2016-06-27T16:14:00,2016-06-27T16:14:00,150,150
http://irail.be/vehicle/IC2837,http://irail.be/stations/NMBS/008813003,IC,2016-06-27T16:16:00,2016-06-27T16:15:00,331,176
http://irail.be/vehicle/IC2837,http://irail.be/stations/NMBS/008813037,IC,2016-06-27T16:18:00,2016-06-27T16:18:00,295,295
http://irail.be/vehicle/IC2837,http://irail.be/stations/NMBS/008814001,IC,2016-06-27T16:22:00,2016-06-27T16:20:00,412,342
http://irail.be/vehicle/IC2837,http://irail.be/stations/NMBS/008892007,IC,2016-06-27T17:00:00,2016-06-27T16:53:00,42,301
http://irail.be/vehicle/IC2837,http://irail.be/stations/NMBS/008892031,IC,2016-06-27T17:03:00,2016-06-27T17:03:00,49,49
http://irail.be/vehicle/IC2837,http://irail.be/stations/NMBS/008892056,IC,2016-06-27T17:07:00,2016-06-27T17:07:00,-54,-54
http://irail.be/vehicle/IC2837,http://irail.be/stations/NMBS/008891165,IC,2016-06-27T17:08:00,2016-06-27T17:08:00,-37,-37
http://irail.be/vehicle/IC2837,http://irail.be/stations/NMBS/008891157,IC,2016-06-27T17:10:00,2016-06-27T17:10:00,-82,-82
http://irail.be/vehicle/IC2837,http://irail.be/stations/NMBS/008891140,IC,2016-06-27T17:15:00,2016-06-27T17:13:00,80,-45
http://irail.be/vehicle/IC2837,http://irail.be/stations/NMBS/008891132,IC,2016-06-27T17:18:00,2016-06-27T17:18:00,61,61
http://irail.be/vehicle/IC2837,http://irail.be/stations/NMBS/008891124,IC,2016-06-27T17:20:00,2016-06-27T17:20:00,56,56
http://irail.be/vehicle/IC2837,http://irail.be/stations/NMBS/008891116,IC,2016-06-27T17:23:00,2016-06-27T17:23:00,30,30
http://irail.be/vehicle/IC2837,http://irail.be/stations/NMBS/008891009,IC,2016-06-27T17:29:00,2016-06-27T17:29:00,,59
http://irail.be/vehicle/IC2837,http://irail.be/stations/NMBS/008819406,IC,2016-06-04T15:57:00,2016-06-04T15:57:00,50,0
http://irail.be/vehicle/IC2837,http://irail.be/stations/NMBS/008811007,IC,2016-06-04T16:04:00,2016-06-04T16:04:00,21,-6
http://irail.be/vehicle/IC2837,http://irail.be/stations/NMBS/008812005,IC,2016-06-04T16:09:00,2016-06-04T16:07:00,60,6
http://irail.be/vehicle/IC2837,http://irail.be/stations/NMBS/008813045,IC,2016-06-04T16:11:00,2016-06-04T16:11:00,46,50
http://irail.be/vehicle/IC2837,http://irail.be/stations/NMBS/008813003,IC,2016-06-04T16:13:00,2016-06-04T16:12:00,44,71
http://irail.be/vehicle/IC2837,http://irail.be/stations/NMBS/008813037,IC,2016-06-04T16:15:00,2016-06-04T16:15:00,-10,44
http://irail.be/vehicle/IC2837,http://irail.be/stations/NMBS/008814001,IC,2016-06-04T16:21:00,2016-06-04T16:17:00,152,4
http://irail.be/vehicle/IC2837,http://irail.be/stations/NMBS/008892007,IC,2016-06-04T16:50:00,2016-06-04T16:50:00,0,-5
http://irail.be/vehicle/IC2837,NO-URI,IC,2016-02-28T15:57:00,2016-02-28T15:57:00,5,0
http://irail.be/vehicle/IC2837,http://irail.be/stations/NMBS/008811007,IC,2016-02-28T16:04:00,2016-02-28T16:04:00,84,3
http://irail.be/vehicle/IC2837,http://irail.be/stations/NMBS/008812005,IC,2016-02-28T16:09:00,2016-02-28T16:07:00,109,166
http://irail.be/vehicle/IC2837,http://irail.be/stations/NMBS/008813045,IC,2016-02-28T16:11:00,2016-02-28T16:11:00,112,114
http://irail.be/vehicle/IC2837,http://irail.be/stations/NMBS/008813003,IC,2016-02-28T16:13:00,2016-02-28T16:12:00,197,137
http://irail.be/vehicle/IC2837,http://irail.be/stations/NMBS/008813037,IC,2016-02-28T16:14:00,2016-02-28T16:14:00,212,211
http://irail.be/vehicle/IC2837,http://irail.be/stations/NMBS/008814001,IC,2016-02-28T16:21:00,2016-02-28T16:17:00,114,196
http://irail.be/vehicle/IC2837,http://irail.be/stations/NMBS/008892007,IC,2016-02-28T16:50:00,2016-02-28T16:50:00,0,85
http://irail.be/vehicle/IC2837,http://irail.be/stations/NMBS/008819406,IC,2016-09-05T15:59:00,2016-09-05T15:59:00,29,
http://irail.be/vehicle/IC2837,http://irail.be/stations/NMBS/008811007,IC,2016-09-05T16:07:00,2016-09-05T16:07:00,163,163
http://irail.be/vehicle/IC2837,http://irail.be/stations/NMBS/008812005,IC,2016-09-05T16:12:00,2016-09-05T16:10:00,177,171
http://irail.be/vehicle/IC2837,http://irail.be/stations/NMBS/008813045,IC,2016-09-05T16:14:00,2016-09-05T16:14:00,196,196
http://irail.be/vehicle/IC2837,http://irail.be/stations/NMBS/008813003,IC,2016-09-05T16:16:00,2016-09-05T16:15:00,355,302
http://irail.be/vehicle/IC2837,http://irail.be/stations/NMBS/008813037,IC,2016-09-05T16:18:00,2016-09-05T16:18:00,316,316
http://irail.be/vehicle/IC2837,http://irail.be/stations/NMBS/008814001,IC,2016-09-05T16:22:00,2016-09-05T16:20:00,338,356
http://irail.be/vehicle/IC2837,http://irail.be/stations/NMBS/008892007,IC,2016-09-05T17:00:00,2016-09-05T16:53:00,42,232
http://irail.be/vehicle/IC2837,http://irail.be/stations/NMBS/008892031,IC,2016-09-05T17:03:00,2016-09-05T17:03:00,101,101
http://irail.be/vehicle/IC2837,http://irail.be/stations/NMBS/008892056,IC,2016-09-05T17:07:00,2016-09-05T17:07:00,28,28
http://irail.be/vehicle/IC2837,http://irail.be/stations/NMBS/008891165,IC,2016-09-05T17:08:00,2016-09-05T17:08:00,65,65
http://irail.be/vehicle/IC2837,http://irail.be/stations/NMBS/008891157,IC,2016-09-05T17:10:00,2016-09-05T17:10:00,38,38
http://irail.be/vehicle/IC2837,http://irail.be/stations/NMBS/008891140,IC,2016-09-05T17:15:00,2016-09-05T17:13:00,94,-3
http://irail.be/vehicle/IC2837,http://irail.be/stations/NMBS/008891132,IC,2016-09-05T17:18:00,2016-09-05T17:18:00,113,113
http://irail.be/vehicle/IC2837,http://irail.be/stations/NMBS/008891124,IC,2016-09-05T17:20:00,2016-09-05T17:20:00,114,114
http://irail.be/vehicle/IC2837,http://irail.be/stations/NMBS/008891116,IC,2016-09-05T17:23:00,2016-09-05T17:23:00,86,86
http://irail.be/vehicle/IC2837,http://irail.be/stations/NMBS/008891009,IC,2016-09-05T17:29:00,2016-09-05T17:29:00,,85
http://irail.be/vehicle/IC2837,http://irail.be/stations/NMBS/008814001,IC,2016-04-01T16:22:00,2016-04-01T16:22:00,253,0
http://irail.be/vehicle/IC2837,http://irail.be/stations/NMBS/008892007,IC,2016-04-01T17:00:00,2016-04-01T16:53:00,21,164
http://irail.be/vehicle/IC2837,http://irail.be/stations/NMBS/008892031,IC,2016-04-01T17:03:00,2016-04-01T17:03:00,37,-15
http://irail.be/vehicle/IC2837,http://irail.be/stations/NMBS/008892056,IC,2016-04-01T17:07:00,2016-04-01T17:07:00,-44,-57
http://irail.be/vehicle/IC2837,http://irail.be/stations/NMBS/008891165,IC,2016-04-01T17:09:00,2016-04-01T17:09:00,1,16
http://irail.be/vehicle/IC2837,http://irail.be/stations/NMBS/008891157,IC,2016-04-01T17:10:00,2016-04-01T17:10:00,-11,-32
http://irail.be/vehicle/IC2837,http://irail.be/stations/NMBS/008891140,IC,2016-04-01T17:15:00,2016-04-01T17:13:00,56,-38
http://irail.be/vehicle/IC2837,http://irail.be/stations/NMBS/008891132,IC,2016-04-01T17:18:00,2016-04-01T17:18:00,28,23
http://irail.be/vehicle/IC2837,http://irail.be/stations/NMBS/008891124,IC,2016-04-01T17:20:00,2016-04-01T17:20:00,31,18
http://irail.be/vehicle/IC2837,http://irail.be/stations/NMBS/008891116,IC,2016-04-01T17:23:00,2016-04-01T17:23:00,14,14
http://irail.be/vehicle/IC2837,http://irail.be/stations/NMBS/008891009,IC,2016-04-01T17:29:00,2016-04-01T17:29:00,0,33
http://irail.be/vehicle/IC2837,http://irail.be/stations/NMBS/008811007,IC,2016-04-15T16:07:00,2016-04-15T16:07:00,5,0
http://irail.be/vehicle/IC2837,http://irail.be/stations/NMBS/008812005,IC,2016-04-15T16:12:00,2016-04-15T16:10:00,282,115
http://irail.be/vehicle/IC2837,http://irail.be/stations/NMBS/008813045,IC,2016-04-15T16:14:00,2016-04-15T16:14:00,275,277
http://irail.be/vehicle/IC2837,http://irail.be/stations/NMBS/008813003,IC,2016-04-15T16:16:00,2016-04-15T16:15:00,314,297
http://irail.be/vehicle/IC2837,http://irail.be/stations/NMBS/008813037,IC,2016-04-15T16:17:00,2016-04-15T16:17:00,324,314
http://irail.be/vehicle/IC2837,http://irail.be/stations/NMBS/008814001,IC,2016-04-15T16:22:00,2016-04-15T16:20:00,262,290
http://irail.be/vehicle/IC2837,http://irail.be/stations/NMBS/008892007,IC,2016-04-15T17:00:00,2016-04-15T16:53:00,21,69
http://irail.be/vehicle/IC2837,http://irail.be/stations/NMBS/008892031,IC,2016-04-15T17:03:00,2016-04-15T17:03:00,26,-27
http://irail.be/vehicle/IC2837,http://irail.be/stations/NMBS/008892056,IC,2016-04-15T17:07:00,2016-04-15T17:07:00,-53,-53
http://irail.be/vehicle/IC2837,http://irail.be/stations/NMBS/008891165,IC,2016-04-15T17:09:00,2016-04-15T17:09:00,-76,-53
http://irail.be/vehicle/IC2837,http://irail.be/stations/NMBS/008891157,IC,2016-04-15T17:10:00,2016-04-15T17:10:00,-59,-62
http://irail.be/vehicle/IC2837,http://irail.be/stations/NMBS/008891140,IC,2016-04-15T17:15:00,2016-04-15T17:13:00,58,-109
http://irail.be/vehicle/IC2837,http://irail.be/stations/NMBS/008891132,IC,2016-04-15T17:18:00,2016-04-15T17:18:00,15,13
http://irail.be/vehicle/IC2837,http://irail.be/stations/NMBS/008891124,IC,2016-04-15T17:20:00,2016-04-15T17:20:00,6,-4
http://irail.be/vehicle/IC2837,http://irail.be/stations/NMBS/008891116,IC,2016-04-15T17:23:00,2016-04-15T17:23:00,-26,-26
http://irail.be/vehicle/IC2837,http://irail.be/stations/NMBS/008891009,IC,2016-04-15T17:29:00,2016-04-15T17:29:00,0,-57
http://irail.be/vehicle/IC2837,http://irail.be/stations/NMBS/008819406,IC,2016-06-03T15:59:00,2016-06-03T15:59:00,153,0
http://irail.be/vehicle/IC2837,http://irail.be/stations/NMBS/008811007,IC,2016-06-03T16:07:00,2016-06-03T16:07:00,211,96
http://irail.be/vehicle/IC2837,http://irail.be/stations/NMBS/008812005,IC,2016-06-03T16:12:00,2016-06-03T16:10:00,528,407
http://irail.be/vehicle/IC2837,http://irail.be/stations/NMBS/008813045,IC,2016-06-03T16:14:00,2016-06-03T16:14:00,575,570
http://irail.be/vehicle/IC2837,http://irail.be/stations/NMBS/008813003,IC,2016-06-03T16:16:00,2016-06-03T16:15:00,689,623
http://irail.be/vehicle/IC2837,http://irail.be/stations/NMBS/008813037,IC,2016-06-03T16:18:00,2016-06-03T16:18:00,663,689
http://irail.be/vehicle/IC2837,http://irail.be/stations/NMBS/008814001,IC,2016-06-03T16:22:00,2016-06-03T16:20:00,765,762
http://irail.be/vehicle/IC2837,http://irail.be/stations/NMBS/008892007,IC,2016-06-03T17:00:00,2016-06-03T16:53:00,373,652
http://irail.be/vehicle/IC2837,http://irail.be/stations/NMBS/008892031,IC,2016-06-03T17:03:00,2016-06-03T17:03:00,382,339
http://irail.be/vehicle/IC2837,http://irail.be/stations/NMBS/008892056,IC,2016-06-03T17:07:00,2016-06-03T17:07:00,282,278
http://irail.be/vehicle/IC2837,http://irail.be/stations/NMBS/008891165,IC,2016-06-03T17:08:00,2016-06-03T17:08:00,298,282
http://irail.be/vehicle/IC2837,http://irail.be/stations/NMBS/008891157,IC,2016-06-03T17:10:00,2016-06-03T17:10:00,260,253
http://irail.be/vehicle/IC2837,http://irail.be/stations/NMBS/008891140,IC,2016-06-03T17:15:00,2016-06-03T17:13:00,233,206
http://irail.be/vehicle/IC2837,http://irail.be/stations/NMBS/008891132,IC,2016-06-03T17:18:00,2016-06-03T17:18:00,196,195
http://irail.be/vehicle/IC2837,http://irail.be/stations/NMBS/008891124,IC,2016-06-03T17:20:00,2016-06-03T17:20:00,195,183
http://irail.be/vehicle/IC2837,http://irail.be/stations/NMBS/008891116,IC,2016-06-03T17:23:00,2016-06-03T17:23:00,332,332
http://irail.be/vehicle/IC2837,http://irail.be/stations/NMBS/008891009,IC,2016-06-03T17:29:00,2016-06-03T17:29:00,0,359
http://irail.be/vehicle/IC2837,http://irail.be/stations/NMBS/008819406,IC,2016-11-12T15:57:00,2016-11-12T15:57:00,269,
http://irail.be/vehicle/IC2837,http://irail.be/stations/NMBS/008811007,IC,2016-11-12T16:05:42,2016-11-12T16:05:42,288,288
http://irail.be/vehicle/IC2837,http://irail.be/stations/NMBS/008812005,IC,2016-11-12T16:10:12,2016-11-12T16:08:12,266,274
http://irail.be/vehicle/IC2837,http://irail.be/stations/NMBS/008813045,IC,2016-11-12T16:11:50,2016-11-12T16:11:50,261,261
http://irail.be/vehicle/IC2837,http://irail.be/stations/NMBS/008813003,IC,2016-11-12T16:14:11,2016-11-12T16:13:11,280,285
http://irail.be/vehicle/IC2837,http://irail.be/stations/NMBS/008813037,IC,2016-11-12T16:15:09,2016-11-12T16:15:09,282,282
http://irail.be/vehicle/IC2837,http://irail.be/stations/NMBS/008814001,IC,2016-11-12T16:17:00,2016-11-12T16:17:00,,278
http://irail.be/vehicle/IC2837,http://irail.be/stations/NMBS/008819406,IC,2016-08-28T15:57:00,2016-08-28T15:57:00,5,
http://irail.be/vehicle/IC2837,http://irail.be/stations/NMBS/008811007,IC,2016-08-28T16:04:00,2016-08-28T16:04:00,-33,-33
http://irail.be/vehicle/IC2837,http://irail.be/stations/NMBS/008812005,IC,2016-08-28T16:09:00,2016-08-28T16:07:00,15,-25
http://irail.be/vehicle/IC2837,http://irail.be/stations/NMBS/008813045,IC,2016-08-28T16:11:00,2016-08-28T16:11:00,7,7
http://irail.be/vehicle/IC2837,http://irail.be/stations/NMBS/008813003,IC,2016-08-28T16:13:00,2016-08-28T16:12:00,88,60
http://irail.be/vehicle/IC2837,http://irail.be/stations/NMBS/008813037,IC,2016-08-28T16:14:00,2016-08-28T16:14:00,105,105
http://irail.be/vehicle/IC2837,http://irail.be/stations/NMBS/008814001,IC,2016-08-28T16:21:00,2016-08-28T16:17:00,60,76
http://irail.be/vehicle/IC2837,http://irail.be/stations/NMBS/008892007,IC,2016-08-28T16:50:00,2016-08-28T16:50:00,,-107
http://irail.be/vehicle/IC2837,http://irail.be/stations/NMBS/008819406,IC,2016-08-05T15:59:00,2016-08-05T15:59:00,18,
http://irail.be/vehicle/IC2837,http://irail.be/stations/NMBS/008811007,IC,2016-08-05T16:07:00,2016-08-05T16:07:00,-44,-44
http://irail.be/vehicle/IC2837,http://irail.be/stations/NMBS/008812005,IC,2016-08-05T16:12:00,2016-08-05T16:10:00,-1,-12
http://irail.be/vehicle/IC2837,http://irail.be/stations/NMBS/008813045,IC,2016-08-05T16:14:00,2016-08-05T16:14:00,-5,-5
http://irail.be/vehicle/IC2837,http://irail.be/stations/NMBS/008813003,IC,2016-08-05T16:16:00,2016-08-05T16:15:00,75,36
http://irail.be/vehicle/IC2837,http://irail.be/stations/NMBS/008813037,IC,2016-08-05T16:18:00,2016-08-05T16:18:00,35,35
http://irail.be/vehicle/IC2837,http://irail.be/stations/NMBS/008814001,IC,2016-08-05T16:22:00,2016-08-05T16:20:00,151,103
http://irail.be/vehicle/IC2837,http://irail.be/stations/NMBS/008892007,IC,2016-08-05T17:00:00,2016-08-05T16:53:00,40,-8
http://irail.be/vehicle/IC2837,http://irail.be/stations/NMBS/008892031,IC,2016-08-05T17:03:00,2016-08-05T17:03:00,23,23
http://irail.be/vehicle/IC2837,http://irail.be/stations/NMBS/008892056,IC,2016-08-05T17:07:00,2016-08-05T17:07:00,-79,-79
http://irail.be/vehicle/IC2837,http://irail.be/stations/NMBS/008891165,IC,2016-08-05T17:08:00,2016-08-05T17:08:00,-65,-65
http://irail.be/vehicle/IC2837,http://irail.be/stations/NMBS/008891157,IC,2016-08-05T17:10:00,2016-08-05T17:10:00,-96,-96
http://irail.be/vehicle/IC2837,http://irail.be/stations/NMBS/008891140,IC,2016-08-05T17:15:00,2016-08-05T17:13:00,75,-3
http://irail.be/vehicle/IC2837,http://irail.be/stations/NMBS/008891132,IC,2016-08-05T17:18:00,2016-08-05T17:18:00,33,33
http://irail.be/vehicle/IC2837,http://irail.be/stations/NMBS/008891124,IC,2016-08-05T17:20:00,2016-08-05T17:20:00,22,22
http://irail.be/vehicle/IC2837,http://irail.be/stations/NMBS/008891116,IC,2016-08-05T17:23:00,2016-08-05T17:23:00,-3,-3
http://irail.be/vehicle/IC2837,http://irail.be/stations/NMBS/008891009,IC,2016-08-05T17:29:00,2016-08-05T17:29:00,,71
http://irail.be/vehicle/IC2837,http://irail.be/stations/NMBS/008819406,IC,2016-12-01T15:59:00,2016-12-01T15:59:00,60,
http://irail.be/vehicle/IC2837,http://irail.be/stations/NMBS/008811007,IC,2016-12-01T16:07:00,2016-12-01T16:07:00,12,12
http://irail.be/vehicle/IC2837,http://irail.be/stations/NMBS/008812005,IC,2016-12-01T16:12:00,2016-12-01T16:10:00,42,40
http://irail.be/vehicle/IC2837,http://irail.be/stations/NMBS/008813045,IC,2016-12-01T16:14:00,2016-12-01T16:14:00,40,40
http://irail.be/vehicle/IC2837,http://irail.be/stations/NMBS/008813003,IC,2016-12-01T16:16:00,2016-12-01T16:15:00,99,69
http://irail.be/vehicle/IC2837,http://irail.be/stations/NMBS/008813037,IC,2016-12-01T16:18:00,2016-12-01T16:18:00,99,99
http://irail.be/vehicle/IC2837,http://irail.be/stations/NMBS/008814001,IC,2016-12-01T16:22:00,2016-12-01T16:20:00,155,136
http://irail.be/vehicle/IC2837,http://irail.be/stations/NMBS/008892007,IC,2016-12-01T17:00:00,2016-12-01T16:53:00,26,-82
http://irail.be/vehicle/IC2837,http://irail.be/stations/NMBS/008892031,IC,2016-12-01T17:03:00,2016-12-01T17:03:00,20,20
http://irail.be/vehicle/IC2837,http://irail.be/stations/NMBS/008892056,IC,2016-12-01T17:07:00,2016-12-01T17:07:00,-16,-16
http://irail.be/vehicle/IC2837,http://irail.be/stations/NMBS/008891165,IC,2016-12-01T17:08:00,2016-12-01T17:08:00,-30,-30
http://irail.be/vehicle/IC2837,http://irail.be/stations/NMBS/008891157,IC,2016-12-01T17:10:00,2016-12-01T17:10:00,-1,-1
http://irail.be/vehicle/IC2837,http://irail.be/stations/NMBS/008891140,IC,2016-12-01T17:15:00,2016-12-01T17:13:00,95,55
http://irail.be/vehicle/IC2837,http://irail.be/stations/NMBS/008891132,IC,2016-12-01T17:18:00,2016-12-01T17:18:00,52,52
http://irail.be/vehicle/IC2837,http://irail.be/stations/NMBS/008891124,IC,2016-12-01T17:20:00,2016-12-01T17:20:00,43,43
http://irail.be/vehicle/IC2837,http://irail.be/stations/NMBS/008891116,IC,2016-12-01T17:23:00,2016-12-01T17:23:00,152,152
http://irail.be/vehicle/IC2837,http://irail.be/stations/NMBS/008891009,IC,2016-12-01T17:29:00,2016-12-01T17:29:00,,231
http://irail.be/vehicle/IC2837,http://irail.be/stations/NMBS/008819406,IC,2016-12-06T15:59:00,2016-12-06T15:59:00,-7,
http://irail.be/vehicle/IC2837,http://irail.be/stations/NMBS/008811007,IC,2016-12-06T16:07:00,2016-12-06T16:07:00,21,21
http://irail.be/vehicle/IC2837,http://irail.be/stations/NMBS/008812005,IC,2016-12-06T16:12:00,2016-12-06T16:10:00,282,129
http://irail.be/vehicle/IC2837,http://irail.be/stations/NMBS/008813045,IC,2016-12-06T16:14:00,2016-12-06T16:14:00,326,326
http://irail.be/vehicle/IC2837,http://irail.be/stations/NMBS/008813003,IC,2016-12-06T16:16:00,2016-12-06T16:15:00,652,610
http://irail.be/vehicle/IC2837,http://irail.be/stations/NMBS/008813037,IC,2016-12-06T16:18:00,2016-12-06T16:18:00,652,652
http://irail.be/vehicle/IC2837,http://irail.be/stations/NMBS/008814001,IC,2016-12-06T16:22:00,2016-12-06T16:20:00,683,671
http://irail.be/vehicle/IC2837,http://irail.be/stations/NMBS/008892007,IC,2016-12-06T17:00:00,2016-12-06T16:53:00,741,980
http://irail.be/vehicle/IC2837,http://irail.be/stations/NMBS/008892031,IC,2016-12-06T17:03:00,2016-12-06T17:03:00,951,951
http://irail.be/vehicle/IC2837,http://irail.be/stations/NMBS/008892056,IC,2016-12-06T17:07:00,2016-12-06T17:07:00,902,902
http://irail.be/vehicle/IC2837,http://irail.be/stations/NMBS/008891165,IC,2016-12-06T17:08:00,2016-12-06T17:08:00,872,872
http://irail.be/vehicle/IC2837,http://irail.be/stations/NMBS/008891157,IC,2016-12-06T17:10:00,2016-12-06T17:10:00,847,847
http://irail.be/vehicle/IC2837,http://irail.be/stations/NMBS/008891140,IC,2016-12-06T17:15:00,2016-12-06T17:13:00,802,806
http://irail.be/vehicle/IC2837,http://irail.be/stations/NMBS/008891132,IC,2016-12-06T17:18:00,2016-12-06T17:18:00,742,742
http://irail.be/vehicle/IC2837,http://irail.be/stations/NMBS/008891124,IC,2016-12-06T17:20:00,2016-12-06T17:20:00,732,732
http://irail.be/vehicle/IC2837,http://irail.be/stations/NMBS/008891116,IC,2016-12-06T17:23:00,2016-12-06T17:23:00,711,711
http://irail.be/vehicle/IC2837,http://irail.be/stations/NMBS/008891009,IC,2016-12-06T17:29:00,2016-12-06T17:29:00,,710
http://irail.be/vehicle/IC2837,http://irail.be/stations/NMBS/008819406,IC,2016-09-28T15:59:00,2016-09-28T15:59:00,33,
http://irail.be/vehicle/IC2837,http://irail.be/stations/NMBS/008811007,IC,2016-09-28T16:07:00,2016-09-28T16:07:00,124,124
http://irail.be/vehicle/IC2837,http://irail.be/stations/NMBS/008812005,IC,2016-09-28T16:12:00,2016-09-28T16:10:00,94,150
http://irail.be/vehicle/IC2837,http://irail.be/stations/NMBS/008813045,IC,2016-09-28T16:14:00,2016-09-28T16:14:00,92,92
http://irail.be/vehicle/IC2837,http://irail.be/stations/NMBS/008813003,IC,2016-09-28T16:16:00,2016-09-28T16:15:00,177,158
http://irail.be/vehicle/IC2837,http://irail.be/stations/NMBS/008813037,IC,2016-09-28T16:18:00,2016-09-28T16:18:00,131,131
http://irail.be/vehicle/IC2837,http://irail.be/stations/NMBS/008814001,IC,2016-09-28T16:22:00,2016-09-28T16:20:00,132,166
http://irail.be/vehicle/IC2837,http://irail.be/stations/NMBS/008892007,IC,2016-09-28T17:00:00,2016-09-28T16:53:00,13,-16
http://irail.be/vehicle/IC2837,http://irail.be/stations/NMBS/008892031,IC,2016-09-28T17:03:00,2016-09-28T17:03:00,27,27
http://irail.be/vehicle/IC2837,http://irail.be/stations/NMBS/008892056,IC,2016-09-28T17:07:00,2016-09-28T17:07:00,-57,-57
http://irail.be/vehicle/IC2837,http://irail.be/stations/NMBS/008891165,IC,2016-09-28T17:08:00,2016-09-28T17:08:00,-35,-35
http://irail.be/vehicle/IC2837,http://irail.be/stations/NMBS/008891157,IC,2016-09-28T17:10:00,2016-09-28T17:10:00,-13,-13
http://irail.be/vehicle/IC2837,http://irail.be/stations/NMBS/008891140,IC,2016-09-28T17:15:00,2016-09-28T17:13:00,71,63
http://irail.be/vehicle/IC2837,http://irail.be/stations/NMBS/008891132,IC,2016-09-28T17:18:00,2016-09-28T17:18:00,53,53
http://irail.be/vehicle/IC2837,http://irail.be/stations/NMBS/008891124,IC,2016-09-28T17:20:00,2016-09-28T17:20:00,63,63
http://irail.be/vehicle/IC2837,http://irail.be/stations/NMBS/008891116,IC,2016-09-28T17:23:00,2016-09-28T17:23:00,171,171
http://irail.be/vehicle/IC2837,http://irail.be/stations/NMBS/008891009,IC,2016-09-28T17:29:00,2016-09-28T17:29:00,,173
http://irail.be/vehicle/IC2837,http://irail.be/stations/NMBS/008819406,IC,2016-11-27T15:57:00,2016-11-27T15:57:00,11,
http://irail.be/vehicle/IC2837,http://irail.be/stations/NMBS/008811007,IC,2016-11-27T16:04:00,2016-11-27T16:04:00,199,199
http://irail.be/vehicle/IC2837,http://irail.be/stations/NMBS/008812005,IC,2016-11-27T16:09:00,2016-11-27T16:07:00,218,239
http://irail.be/vehicle/IC2837,http://irail.be/stations/NMBS/008813045,IC,2016-11-27T16:11:00,2016-11-27T16:11:00,224,224
http://irail.be/vehicle/IC2837,http://irail.be/stations/NMBS/008813003,IC,2016-11-27T16:13:00,2016-11-27T16:12:00,324,261
http://irail.be/vehicle/IC2837,http://irail.be/stations/NMBS/008813037,IC,2016-11-27T16:14:00,2016-11-27T16:14:00,334,334
http://irail.be/vehicle/IC2837,http://irail.be/stations/NMBS/008814001,IC,2016-11-27T16:21:00,2016-11-27T16:17:00,232,337
http://irail.be/vehicle/IC2837,http://irail.be/stations/NMBS/008892007,IC,2016-11-27T16:50:00,2016-11-27T16:50:00,,85
http://irail.be/vehicle/IC2837,http://irail.be/stations/NMBS/008811007,IC,2016-04-14T16:07:00,2016-04-14T16:07:00,10,0
http://irail.be/vehicle/IC2837,http://irail.be/stations/NMBS/008812005,IC,2016-04-14T16:12:00,2016-04-14T16:10:00,49,119
http://irail.be/vehicle/IC2837,http://irail.be/stations/NMBS/008813045,IC,2016-04-14T16:14:00,2016-04-14T16:14:00,45,46
http://irail.be/vehicle/IC2837,http://irail.be/stations/NMBS/008813003,IC,2016-04-14T16:16:00,2016-04-14T16:15:00,75,69
http://irail.be/vehicle/IC2837,http://irail.be/stations/NMBS/008813037,IC,2016-04-14T16:17:00,2016-04-14T16:17:00,87,75
http://irail.be/vehicle/IC2837,http://irail.be/stations/NMBS/008814001,IC,2016-04-14T16:22:00,2016-04-14T16:20:00,18,53
http://irail.be/vehicle/IC2837,http://irail.be/stations/NMBS/008892007,IC,2016-04-14T17:00:00,2016-04-14T16:53:00,15,160
http://irail.be/vehicle/IC2837,http://irail.be/stations/NMBS/008892031,IC,2016-04-14T17:03:00,2016-04-14T17:03:00,28,-20
http://irail.be/vehicle/IC2837,http://irail.be/stations/NMBS/008892056,IC,2016-04-14T17:07:00,2016-04-14T17:07:00,-52,-66
http://irail.be/vehicle/IC2837,http://irail.be/stations/NMBS/008891165,IC,2016-04-14T17:09:00,2016-04-14T17:09:00,-67,-52
http://irail.be/vehicle/IC2837,http://irail.be/stations/NMBS/008891157,IC,2016-04-14T17:10:00,2016-04-14T17:10:00,-4,-34
http://irail.be/vehicle/IC2837,http://irail.be/stations/NMBS/008891140,IC,2016-04-14T17:15:00,2016-04-14T17:13:00,62,-37
http://irail.be/vehicle/IC2837,http://irail.be/stations/NMBS/008891132,IC,2016-04-14T17:18:00,2016-04-14T17:18:00,41,36
http://irail.be/vehicle/IC2837,http://irail.be/stations/NMBS/008891124,IC,2016-04-14T17:20:00,2016-04-14T17:20:00,45,32
http://irail.be/vehicle/IC2837,http://irail.be/stations/NMBS/008891116,IC,2016-04-14T17:23:00,2016-04-14T17:23:00,38,38
http://irail.be/vehicle/IC2837,http://irail.be/stations/NMBS/008891009,IC,2016-04-14T17:29:00,2016-04-14T17:29:00,0,164
http://irail.be/vehicle/IC2837,http://irail.be/stations/NMBS/008811007,IC,2016-04-10T16:04:00,2016-04-10T16:04:00,-111,0
http://irail.be/vehicle/IC2837,http://irail.be/stations/NMBS/008812005,IC,2016-04-10T16:09:00,2016-04-10T16:07:00,1,9
http://irail.be/vehicle/IC2837,http://irail.be/stations/NMBS/008813045,IC,2016-04-10T16:11:00,2016-04-10T16:11:00,9,9
http://irail.be/vehicle/IC2837,http://irail.be/stations/NMBS/008813003,IC,2016-04-10T16:13:00,2016-04-10T16:12:00,50,39
http://irail.be/vehicle/IC2837,http://irail.be/stations/NMBS/008813037,IC,2016-04-10T16:14:00,2016-04-10T16:14:00,80,50
http://irail.be/vehicle/IC2837,http://irail.be/stations/NMBS/008814001,IC,2016-04-10T16:21:00,2016-04-10T16:17:00,144,52
http://irail.be/vehicle/IC2837,http://irail.be/stations/NMBS/008892007,IC,2016-04-10T16:50:00,2016-04-10T16:50:00,0,196
http://irail.be/vehicle/IC2837,http://irail.be/stations/NMBS/008819406,IC,2016-09-06T15:59:00,2016-09-06T15:59:00,32,
http://irail.be/vehicle/IC2837,http://irail.be/stations/NMBS/008811007,IC,2016-09-06T16:07:00,2016-09-06T16:07:00,11,11
http://irail.be/vehicle/IC2837,http://irail.be/stations/NMBS/008812005,IC,2016-09-06T16:12:00,2016-09-06T16:10:00,27,36
http://irail.be/vehicle/IC2837,http://irail.be/stations/NMBS/008813045,IC,2016-09-06T16:14:00,2016-09-06T16:14:00,29,29
http://irail.be/vehicle/IC2837,http://irail.be/stations/NMBS/008813003,IC,2016-09-06T16:16:00,2016-09-06T16:15:00,82,55
http://irail.be/vehicle/IC2837,http://irail.be/stations/NMBS/008813037,IC,2016-09-06T16:18:00,2016-09-06T16:18:00,45,45
http://irail.be/vehicle/IC2837,http://irail.be/stations/NMBS/008814001,IC,2016-09-06T16:22:00,2016-09-06T16:20:00,81,84
http://irail.be/vehicle/IC2837,http://irail.be/stations/NMBS/008892007,IC,2016-09-06T17:00:00,2016-09-06T16:53:00,32,5
http://irail.be/vehicle/IC2837,http://irail.be/stations/NMBS/008892031,IC,2016-09-06T17:03:00,2016-09-06T17:03:00,90,90
http://irail.be/vehicle/IC2837,http://irail.be/stations/NMBS/008892056,IC,2016-09-06T17:07:00,2016-09-06T17:07:00,3,3
http://irail.be/vehicle/IC2837,http://irail.be/stations/NMBS/008891165,IC,2016-09-06T17:08:00,2016-09-06T17:08:00,21,21
http://irail.be/vehicle/IC2837,http://irail.be/stations/NMBS/008891157,IC,2016-09-06T17:10:00,2016-09-06T17:10:00,-24,-24
http://irail.be/vehicle/IC2837,http://irail.be/stations/NMBS/008891140,IC,2016-09-06T17:15:00,2016-09-06T17:13:00,81,-47
http://irail.be/vehicle/IC2837,http://irail.be/stations/NMBS/008891132,IC,2016-09-06T17:18:00,2016-09-06T17:18:00,76,76
http://irail.be/vehicle/IC2837,http://irail.be/stations/NMBS/008891124,IC,2016-09-06T17:20:00,2016-09-06T17:20:00,72,72
http://irail.be/vehicle/IC2837,http://irail.be/stations/NMBS/008891116,IC,2016-09-06T17:23:00,2016-09-06T17:23:00,47,47
http://irail.be/vehicle/IC2837,http://irail.be/stations/NMBS/008891009,IC,2016-09-06T17:29:00,2016-09-06T17:29:00,,112
http://irail.be/vehicle/IC2837,NO-URI,IC,2016-03-14T15:59:00,2016-03-14T15:59:00,1,0
http://irail.be/vehicle/IC2837,http://irail.be/stations/NMBS/008811007,IC,2016-03-14T16:07:00,2016-03-14T16:07:00,-68,-93
http://irail.be/vehicle/IC2837,http://irail.be/stations/NMBS/008812005,IC,2016-03-14T16:12:00,2016-03-14T16:10:00,37,43
http://irail.be/vehicle/IC2837,http://irail.be/stations/NMBS/008813045,IC,2016-03-14T16:14:00,2016-03-14T16:14:00,39,40
http://irail.be/vehicle/IC2837,http://irail.be/stations/NMBS/008813003,IC,2016-03-14T16:16:00,2016-03-14T16:15:00,113,91
http://irail.be/vehicle/IC2837,http://irail.be/stations/NMBS/008813037,IC,2016-03-14T16:18:00,2016-03-14T16:18:00,82,113
http://irail.be/vehicle/IC2837,http://irail.be/stations/NMBS/008814001,IC,2016-03-14T16:22:00,2016-03-14T16:20:00,151,111
http://irail.be/vehicle/IC2837,http://irail.be/stations/NMBS/008892007,IC,2016-03-14T17:00:00,2016-03-14T16:53:00,25,4
http://irail.be/vehicle/IC2837,http://irail.be/stations/NMBS/008892031,IC,2016-03-14T17:03:00,2016-03-14T17:03:00,63,16
http://irail.be/vehicle/IC2837,http://irail.be/stations/NMBS/008892056,IC,2016-03-14T17:07:00,2016-03-14T17:07:00,-41,-43
http://irail.be/vehicle/IC2837,http://irail.be/stations/NMBS/008891165,IC,2016-03-14T17:08:00,2016-03-14T17:08:00,-26,-41
http://irail.be/vehicle/IC2837,http://irail.be/stations/NMBS/008891157,IC,2016-03-14T17:10:00,2016-03-14T17:10:00,-66,-71
http://irail.be/vehicle/IC2837,http://irail.be/stations/NMBS/008891140,IC,2016-03-14T17:15:00,2016-03-14T17:13:00,76,-63
http://irail.be/vehicle/IC2837,http://irail.be/stations/NMBS/008891132,IC,2016-03-14T17:18:00,2016-03-14T17:18:00,67,62
http://irail.be/vehicle/IC2837,http://irail.be/stations/NMBS/008891124,IC,2016-03-14T17:20:00,2016-03-14T17:20:00,62,51
http://irail.be/vehicle/IC2837,http://irail.be/stations/NMBS/008891116,IC,2016-03-14T17:23:00,2016-03-14T17:23:00,130,130
http://irail.be/vehicle/IC2837,http://irail.be/stations/NMBS/008891009,IC,2016-03-14T17:29:00,2016-03-14T17:29:00,0,120
http://irail.be/vehicle/IC2837,http://irail.be/stations/NMBS/008819406,IC,2016-10-31T15:59:00,2016-10-31T15:59:00,-6,
http://irail.be/vehicle/IC2837,http://irail.be/stations/NMBS/008811007,IC,2016-10-31T16:07:00,2016-10-31T16:07:00,1194,1194
http://irail.be/vehicle/IC2837,http://irail.be/stations/NMBS/008812005,IC,2016-10-31T16:12:00,2016-10-31T16:10:00,1301,1338
http://irail.be/vehicle/IC2837,http://irail.be/stations/NMBS/008813045,IC,2016-10-31T16:14:00,2016-10-31T16:14:00,1361,1361
http://irail.be/vehicle/IC2837,http://irail.be/stations/NMBS/008813003,IC,2016-10-31T16:16:00,2016-10-31T16:15:00,1559,1529
http://irail.be/vehicle/IC2837,http://irail.be/stations/NMBS/008813037,IC,2016-10-31T16:18:00,2016-10-31T16:18:00,1514,1514
http://irail.be/vehicle/IC2837,http://irail.be/stations/NMBS/008814001,IC,2016-10-31T16:22:00,2016-10-31T16:20:00,1654,1647
http://irail.be/vehicle/IC2837,http://irail.be/stations/NMBS/008892007,IC,2016-10-31T17:00:00,2016-10-31T16:53:00,1173,1513
http://irail.be/vehicle/IC2837,http://irail.be/stations/NMBS/008892031,IC,2016-10-31T17:03:00,2016-10-31T17:03:00,1322,1322
http://irail.be/vehicle/IC2837,http://irail.be/stations/NMBS/008892056,IC,2016-10-31T17:07:00,2016-10-31T17:07:00,1455,1455
http://irail.be/vehicle/IC2837,http://irail.be/stations/NMBS/008891165,IC,2016-10-31T17:08:00,2016-10-31T17:08:00,1506,1506
http://irail.be/vehicle/IC2837,http://irail.be/stations/NMBS/008891157,IC,2016-10-31T17:10:00,2016-10-31T17:10:00,1462,1462
http://irail.be/vehicle/IC2837,http://irail.be/stations/NMBS/008891140,IC,2016-10-31T17:15:00,2016-10-31T17:13:00,1402,1404
http://irail.be/vehicle/IC2837,http://irail.be/stations/NMBS/008891132,IC,2016-10-31T17:18:00,2016-10-31T17:18:00,1359,1359
http://irail.be/vehicle/IC2837,http://irail.be/stations/NMBS/008891124,IC,2016-10-31T17:20:00,2016-10-31T17:20:00,1353,1353
http://irail.be/vehicle/IC2837,http://irail.be/stations/NMBS/008891116,IC,2016-10-31T17:23:00,2016-10-31T17:23:00,1324,1324
http://irail.be/vehicle/IC2837,http://irail.be/stations/NMBS/008891009,IC,2016-10-31T17:29:00,2016-10-31T17:29:00,,1317
http://irail.be/vehicle/IC2837,http://irail.be/stations/NMBS/008819406,IC,2016-10-13T15:59:00,2016-10-13T15:59:00,69,
http://irail.be/vehicle/IC2837,http://irail.be/stations/NMBS/008811007,IC,2016-10-13T16:07:00,2016-10-13T16:07:00,205,205
http://irail.be/vehicle/IC2837,http://irail.be/stations/NMBS/008812005,IC,2016-10-13T16:12:00,2016-10-13T16:10:00,401,321
http://irail.be/vehicle/IC2837,http://irail.be/stations/NMBS/008813045,IC,2016-10-13T16:14:00,2016-10-13T16:14:00,488,488
http://irail.be/vehicle/IC2837,http://irail.be/stations/NMBS/008813003,IC,2016-10-13T16:16:00,2016-10-13T16:15:00,736,694
http://irail.be/vehicle/IC2837,http://irail.be/stations/NMBS/008813037,IC,2016-10-13T16:18:00,2016-10-13T16:18:00,689,689
http://irail.be/vehicle/IC2837,http://irail.be/stations/NMBS/008814001,IC,2016-10-13T16:22:00,2016-10-13T16:20:00,708,729
http://irail.be/vehicle/IC2837,http://irail.be/stations/NMBS/008892007,IC,2016-10-13T17:00:00,2016-10-13T16:53:00,233,445
http://irail.be/vehicle/IC2837,http://irail.be/stations/NMBS/008892031,IC,2016-10-13T17:03:00,2016-10-13T17:03:00,251,251
http://irail.be/vehicle/IC2837,http://irail.be/stations/NMBS/008892056,IC,2016-10-13T17:07:00,2016-10-13T17:07:00,153,153
http://irail.be/vehicle/IC2837,http://irail.be/stations/NMBS/008891165,IC,2016-10-13T17:08:00,2016-10-13T17:08:00,172,172
http://irail.be/vehicle/IC2837,http://irail.be/stations/NMBS/008891157,IC,2016-10-13T17:10:00,2016-10-13T17:10:00,131,131
http://irail.be/vehicle/IC2837,http://irail.be/stations/NMBS/008891140,IC,2016-10-13T17:15:00,2016-10-13T17:13:00,74,94
http://irail.be/vehicle/IC2837,http://irail.be/stations/NMBS/008891132,IC,2016-10-13T17:18:00,2016-10-13T17:18:00,35,35
http://irail.be/vehicle/IC2837,http://irail.be/stations/NMBS/008891124,IC,2016-10-13T17:20:00,2016-10-13T17:20:00,28,28
http://irail.be/vehicle/IC2837,http://irail.be/stations/NMBS/008891116,IC,2016-10-13T17:23:00,2016-10-13T17:23:00,-2,-2
http://irail.be/vehicle/IC2837,http://irail.be/stations/NMBS/008891009,IC,2016-10-13T17:29:00,2016-10-13T17:29:00,,-9
http://irail.be/vehicle/IC2837,http://irail.be/stations/NMBS/008819406,IC,2016-07-15T15:59:00,2016-07-15T15:59:00,59,
http://irail.be/vehicle/IC2837,http://irail.be/stations/NMBS/008811007,IC,2016-07-15T16:07:00,2016-07-15T16:07:00,17,17
http://irail.be/vehicle/IC2837,http://irail.be/stations/NMBS/008812005,IC,2016-07-15T16:12:00,2016-07-15T16:10:00,58,82
http://irail.be/vehicle/IC2837,http://irail.be/stations/NMBS/008813045,IC,2016-07-15T16:14:00,2016-07-15T16:14:00,74,74
http://irail.be/vehicle/IC2837,http://irail.be/stations/NMBS/008813003,IC,2016-07-15T16:16:00,2016-07-15T16:15:00,131,102
http://irail.be/vehicle/IC2837,http://irail.be/stations/NMBS/008813037,IC,2016-07-15T16:18:00,2016-07-15T16:18:00,99,99
http://irail.be/vehicle/IC2837,http://irail.be/stations/NMBS/008814001,IC,2016-07-15T16:22:00,2016-07-15T16:20:00,123,141
http://irail.be/vehicle/IC2837,http://irail.be/stations/NMBS/008892007,IC,2016-07-15T17:00:00,2016-07-15T16:53:00,37,11
http://irail.be/vehicle/IC2837,http://irail.be/stations/NMBS/008892031,IC,2016-07-15T17:03:00,2016-07-15T17:03:00,66,66
http://irail.be/vehicle/IC2837,http://irail.be/stations/NMBS/008892056,IC,2016-07-15T17:07:00,2016-07-15T17:07:00,-37,-37
http://irail.be/vehicle/IC2837,http://irail.be/stations/NMBS/008891165,IC,2016-07-15T17:08:00,2016-07-15T17:08:00,-21,-21
http://irail.be/vehicle/IC2837,http://irail.be/stations/NMBS/008891157,IC,2016-07-15T17:10:00,2016-07-15T17:10:00,-63,-63
http://irail.be/vehicle/IC2837,http://irail.be/stations/NMBS/008891140,IC,2016-07-15T17:15:00,2016-07-15T17:13:00,140,-13
http://irail.be/vehicle/IC2837,http://irail.be/stations/NMBS/008891132,IC,2016-07-15T17:18:00,2016-07-15T17:18:00,208,208
http://irail.be/vehicle/IC2837,http://irail.be/stations/NMBS/008891124,IC,2016-07-15T17:20:00,2016-07-15T17:20:00,203,203
http://irail.be/vehicle/IC2837,http://irail.be/stations/NMBS/008891116,IC,2016-07-15T17:23:00,2016-07-15T17:23:00,171,171
http://irail.be/vehicle/IC2837,http://irail.be/stations/NMBS/008891009,IC,2016-07-15T17:29:00,2016-07-15T17:29:00,,188
http://irail.be/vehicle/IC2837,http://irail.be/stations/NMBS/008819406,IC,2016-12-07T15:59:00,2016-12-07T15:59:00,186,
http://irail.be/vehicle/IC2837,http://irail.be/stations/NMBS/008811007,IC,2016-12-07T16:07:00,2016-12-07T16:07:00,137,137
http://irail.be/vehicle/IC2837,http://irail.be/stations/NMBS/008812005,IC,2016-12-07T16:12:00,2016-12-07T16:10:00,99,123
http://irail.be/vehicle/IC2837,http://irail.be/stations/NMBS/008813045,IC,2016-12-07T16:14:00,2016-12-07T16:14:00,94,94
http://irail.be/vehicle/IC2837,http://irail.be/stations/NMBS/008813003,IC,2016-12-07T16:16:00,2016-12-07T16:15:00,155,122
http://irail.be/vehicle/IC2837,http://irail.be/stations/NMBS/008813037,IC,2016-12-07T16:18:00,2016-12-07T16:18:00,155,155
http://irail.be/vehicle/IC2837,http://irail.be/stations/NMBS/008814001,IC,2016-12-07T16:22:00,2016-12-07T16:20:00,117,164
http://irail.be/vehicle/IC2837,http://irail.be/stations/NMBS/008892007,IC,2016-12-07T17:00:00,2016-12-07T16:53:00,51,-35
http://irail.be/vehicle/IC2837,http://irail.be/stations/NMBS/008892031,IC,2016-12-07T17:03:00,2016-12-07T17:03:00,33,33
http://irail.be/vehicle/IC2837,http://irail.be/stations/NMBS/008892056,IC,2016-12-07T17:07:00,2016-12-07T17:07:00,-20,-20
http://irail.be/vehicle/IC2837,http://irail.be/stations/NMBS/008891165,IC,2016-12-07T17:08:00,2016-12-07T17:08:00,-50,-50
http://irail.be/vehicle/IC2837,http://irail.be/stations/NMBS/008891157,IC,2016-12-07T17:10:00,2016-12-07T17:10:00,-72,-72
http://irail.be/vehicle/IC2837,http://irail.be/stations/NMBS/008891140,IC,2016-12-07T17:15:00,2016-12-07T17:13:00,94,-8
http://irail.be/vehicle/IC2837,http://irail.be/stations/NMBS/008891132,IC,2016-12-07T17:18:00,2016-12-07T17:18:00,41,41
http://irail.be/vehicle/IC2837,http://irail.be/stations/NMBS/008891124,IC,2016-12-07T17:20:00,2016-12-07T17:20:00,52,52
http://irail.be/vehicle/IC2837,http://irail.be/stations/NMBS/008891116,IC,2016-12-07T17:23:00,2016-12-07T17:23:00,205,205
http://irail.be/vehicle/IC2837,http://irail.be/stations/NMBS/008891009,IC,2016-12-07T17:29:00,2016-12-07T17:29:00,,176
http://irail.be/vehicle/IC2837,http://irail.be/stations/NMBS/008819406,IC,2016-12-18T15:56:00,2016-12-18T15:56:00,5,
http://irail.be/vehicle/IC2837,http://irail.be/stations/NMBS/008811007,IC,2016-12-18T16:03:00,2016-12-18T16:03:00,36,36
http://irail.be/vehicle/IC2837,http://irail.be/stations/NMBS/008812005,IC,2016-12-18T16:09:00,2016-12-18T16:06:00,30,29
http://irail.be/vehicle/IC2837,http://irail.be/stations/NMBS/008813045,IC,2016-12-18T16:11:00,2016-12-18T16:11:00,37,37
http://irail.be/vehicle/IC2837,http://irail.be/stations/NMBS/008813003,IC,2016-12-18T16:13:00,2016-12-18T16:12:00,177,112
http://irail.be/vehicle/IC2837,http://irail.be/stations/NMBS/008813037,IC,2016-12-18T16:14:00,2016-12-18T16:14:00,184,184
http://irail.be/vehicle/IC2837,http://irail.be/stations/NMBS/008814001,IC,2016-12-18T16:21:00,2016-12-18T16:17:00,96,190
http://irail.be/vehicle/IC2837,http://irail.be/stations/NMBS/008892007,IC,2016-12-18T16:50:00,2016-12-18T16:50:00,,-21
http://irail.be/vehicle/IC2837,http://irail.be/stations/NMBS/008819406,IC,2016-09-26T15:59:00,2016-09-26T15:59:00,12,
http://irail.be/vehicle/IC2837,http://irail.be/stations/NMBS/008811007,IC,2016-09-26T16:07:00,2016-09-26T16:07:00,211,211
http://irail.be/vehicle/IC2837,http://irail.be/stations/NMBS/008812005,IC,2016-09-26T16:12:00,2016-09-26T16:10:00,307,281
http://irail.be/vehicle/IC2837,http://irail.be/stations/NMBS/008813045,IC,2016-09-26T16:14:00,2016-09-26T16:14:00,325,325
http://irail.be/vehicle/IC2837,http://irail.be/stations/NMBS/008813003,IC,2016-09-26T16:16:00,2016-09-26T16:15:00,496,454
http://irail.be/vehicle/IC2837,http://irail.be/stations/NMBS/008813037,IC,2016-09-26T16:18:00,2016-09-26T16:18:00,451,451
http://irail.be/vehicle/IC2837,http://irail.be/stations/NMBS/008814001,IC,2016-09-26T16:22:00,2016-09-26T16:20:00,445,480
http://irail.be/vehicle/IC2837,http://irail.be/stations/NMBS/008892007,IC,2016-09-26T17:00:00,2016-09-26T16:53:00,125,447
http://irail.be/vehicle/IC2837,http://irail.be/stations/NMBS/008892031,IC,2016-09-26T17:03:00,2016-09-26T17:03:00,131,131
http://irail.be/vehicle/IC2837,http://irail.be/stations/NMBS/008892056,IC,2016-09-26T17:07:00,2016-09-26T17:07:00,35,35
http://irail.be/vehicle/IC2837,http://irail.be/stations/NMBS/008891165,IC,2016-09-26T17:08:00,2016-09-26T17:08:00,50,50
http://irail.be/vehicle/IC2837,http://irail.be/stations/NMBS/008891157,IC,2016-09-26T17:10:00,2016-09-26T17:10:00,9,9
http://irail.be/vehicle/IC2837,http://irail.be/stations/NMBS/008891140,IC,2016-09-26T17:15:00,2016-09-26T17:13:00,89,-48
http://irail.be/vehicle/IC2837,http://irail.be/stations/NMBS/008891132,IC,2016-09-26T17:18:00,2016-09-26T17:18:00,59,59
http://irail.be/vehicle/IC2837,http://irail.be/stations/NMBS/008891124,IC,2016-09-26T17:20:00,2016-09-26T17:20:00,796,615
http://irail.be/vehicle/IC2837,http://irail.be/stations/NMBS/008891116,IC,2016-09-26T17:23:00,2016-09-26T17:23:00,836,836
http://irail.be/vehicle/IC2837,http://irail.be/stations/NMBS/008891009,IC,2016-09-26T17:29:00,2016-09-26T17:29:00,,795
http://irail.be/vehicle/IC2837,http://irail.be/stations/NMBS/008819406,IC,2016-06-23T15:59:00,2016-06-23T15:59:00,27,
http://irail.be/vehicle/IC2837,http://irail.be/stations/NMBS/008811007,IC,2016-06-23T16:07:00,2016-06-23T16:07:00,96,96
http://irail.be/vehicle/IC2837,http://irail.be/stations/NMBS/008812005,IC,2016-06-23T16:12:00,2016-06-23T16:10:00,171,219
http://irail.be/vehicle/IC2837,http://irail.be/stations/NMBS/008813045,IC,2016-06-23T16:14:00,2016-06-23T16:14:00,182,182
http://irail.be/vehicle/IC2837,http://irail.be/stations/NMBS/008813003,IC,2016-06-23T16:16:00,2016-06-23T16:15:00,369,318
http://irail.be/vehicle/IC2837,http://irail.be/stations/NMBS/008813037,IC,2016-06-23T16:18:00,2016-06-23T16:18:00,327,327
http://irail.be/vehicle/IC2837,http://irail.be/stations/NMBS/008814001,IC,2016-06-23T16:22:00,2016-06-23T16:20:00,435,374
http://irail.be/vehicle/IC2837,http://irail.be/stations/NMBS/008892007,IC,2016-06-23T17:00:00,2016-06-23T16:53:00,27,299
http://irail.be/vehicle/IC2837,http://irail.be/stations/NMBS/008892031,IC,2016-06-23T17:03:00,2016-06-23T17:03:00,158,158
http://irail.be/vehicle/IC2837,http://irail.be/stations/NMBS/008892056,IC,2016-06-23T17:07:00,2016-06-23T17:07:00,68,68
http://irail.be/vehicle/IC2837,http://irail.be/stations/NMBS/008891165,IC,2016-06-23T17:08:00,2016-06-23T17:08:00,97,97
http://irail.be/vehicle/IC2837,http://irail.be/stations/NMBS/008891157,IC,2016-06-23T17:10:00,2016-06-23T17:10:00,60,60
http://irail.be/vehicle/IC2837,http://irail.be/stations/NMBS/008891140,IC,2016-06-23T17:15:00,2016-06-23T17:13:00,71,20
http://irail.be/vehicle/IC2837,http://irail.be/stations/NMBS/008891132,IC,2016-06-23T17:18:00,2016-06-23T17:18:00,43,43
http://irail.be/vehicle/IC2837,http://irail.be/stations/NMBS/008891124,IC,2016-06-23T17:20:00,2016-06-23T17:20:00,35,35
http://irail.be/vehicle/IC2837,http://irail.be/stations/NMBS/008891116,IC,2016-06-23T17:23:00,2016-06-23T17:23:00,35,35
http://irail.be/vehicle/IC2837,http://irail.be/stations/NMBS/008891009,IC,2016-06-23T17:29:00,2016-06-23T17:29:00,,171
http://irail.be/vehicle/IC2837,http://irail.be/stations/NMBS/008819406,IC,2016-10-03T15:59:00,2016-10-03T15:59:00,-2,
http://irail.be/vehicle/IC2837,http://irail.be/stations/NMBS/008811007,IC,2016-10-03T16:07:00,2016-10-03T16:07:00,55,55
http://irail.be/vehicle/IC2837,http://irail.be/stations/NMBS/008812005,IC,2016-10-03T16:12:00,2016-10-03T16:10:00,102,151
http://irail.be/vehicle/IC2837,http://irail.be/stations/NMBS/008813045,IC,2016-10-03T16:14:00,2016-10-03T16:14:00,102,102
http://irail.be/vehicle/IC2837,http://irail.be/stations/NMBS/008813003,IC,2016-10-03T16:16:00,2016-10-03T16:15:00,210,127
http://irail.be/vehicle/IC2837,http://irail.be/stations/NMBS/008813037,IC,2016-10-03T16:18:00,2016-10-03T16:18:00,167,167
http://irail.be/vehicle/IC2837,http://irail.be/stations/NMBS/008814001,IC,2016-10-03T16:22:00,2016-10-03T16:20:00,177,192
http://irail.be/vehicle/IC2837,http://irail.be/stations/NMBS/008892007,IC,2016-10-03T17:00:00,2016-10-03T16:53:00,19,-19
http://irail.be/vehicle/IC2837,http://irail.be/stations/NMBS/008892031,IC,2016-10-03T17:03:00,2016-10-03T17:03:00,37,37
http://irail.be/vehicle/IC2837,http://irail.be/stations/NMBS/008892056,IC,2016-10-03T17:07:00,2016-10-03T17:07:00,-64,-64
http://irail.be/vehicle/IC2837,http://irail.be/stations/NMBS/008891165,IC,2016-10-03T17:08:00,2016-10-03T17:08:00,-35,-35
http://irail.be/vehicle/IC2837,http://irail.be/stations/NMBS/008891157,IC,2016-10-03T17:10:00,2016-10-03T17:10:00,-27,-27
http://irail.be/vehicle/IC2837,http://irail.be/stations/NMBS/008891140,IC,2016-10-03T17:15:00,2016-10-03T17:13:00,58,-57
http://irail.be/vehicle/IC2837,http://irail.be/stations/NMBS/008891132,IC,2016-10-03T17:18:00,2016-10-03T17:18:00,52,52
http://irail.be/vehicle/IC2837,http://irail.be/stations/NMBS/008891124,IC,2016-10-03T17:20:00,2016-10-03T17:20:00,50,50
http://irail.be/vehicle/IC2837,http://irail.be/stations/NMBS/008891116,IC,2016-10-03T17:23:00,2016-10-03T17:23:00,29,29
http://irail.be/vehicle/IC2837,http://irail.be/stations/NMBS/008891009,IC,2016-10-03T17:29:00,2016-10-03T17:29:00,,17
http://irail.be/vehicle/IC2837,http://irail.be/stations/NMBS/008819406,IC,2016-07-27T15:59:00,2016-07-27T15:59:00,35,
http://irail.be/vehicle/IC2837,http://irail.be/stations/NMBS/008811007,IC,2016-07-27T16:07:00,2016-07-27T16:07:00,3,3
http://irail.be/vehicle/IC2837,http://irail.be/stations/NMBS/008812005,IC,2016-07-27T16:12:00,2016-07-27T16:10:00,164,6
http://irail.be/vehicle/IC2837,http://irail.be/stations/NMBS/008813045,IC,2016-07-27T16:14:00,2016-07-27T16:14:00,164,164
http://irail.be/vehicle/IC2837,http://irail.be/stations/NMBS/008813003,IC,2016-07-27T16:16:00,2016-07-27T16:15:00,258,189
http://irail.be/vehicle/IC2837,http://irail.be/stations/NMBS/008813037,IC,2016-07-27T16:18:00,2016-07-27T16:18:00,217,217
http://irail.be/vehicle/IC2837,http://irail.be/stations/NMBS/008814001,IC,2016-07-27T16:22:00,2016-07-27T16:20:00,256,247
http://irail.be/vehicle/IC2837,http://irail.be/stations/NMBS/008892007,IC,2016-07-27T17:00:00,2016-07-27T16:53:00,29,-71
http://irail.be/vehicle/IC2837,http://irail.be/stations/NMBS/008892031,IC,2016-07-27T17:03:00,2016-07-27T17:03:00,46,46
http://irail.be/vehicle/IC2837,http://irail.be/stations/NMBS/008892056,IC,2016-07-27T17:07:00,2016-07-27T17:07:00,-31,-31
http://irail.be/vehicle/IC2837,http://irail.be/stations/NMBS/008891165,IC,2016-07-27T17:08:00,2016-07-27T17:08:00,5,5
http://irail.be/vehicle/IC2837,http://irail.be/stations/NMBS/008891157,IC,2016-07-27T17:10:00,2016-07-27T17:10:00,-12,-12
http://irail.be/vehicle/IC2837,http://irail.be/stations/NMBS/008891140,IC,2016-07-27T17:15:00,2016-07-27T17:13:00,75,-38
http://irail.be/vehicle/IC2837,http://irail.be/stations/NMBS/008891132,IC,2016-07-27T17:18:00,2016-07-27T17:18:00,52,52
http://irail.be/vehicle/IC2837,http://irail.be/stations/NMBS/008891124,IC,2016-07-27T17:20:00,2016-07-27T17:20:00,56,56
http://irail.be/vehicle/IC2837,http://irail.be/stations/NMBS/008891116,IC,2016-07-27T17:23:00,2016-07-27T17:23:00,26,26
http://irail.be/vehicle/IC2837,http://irail.be/stations/NMBS/008891009,IC,2016-07-27T17:29:00,2016-07-27T17:29:00,,205
http://irail.be/vehicle/IC2837,NO-URI,IC,2016-02-23T15:59:00,2016-02-23T15:59:00,7,0
http://irail.be/vehicle/IC2837,http://irail.be/stations/NMBS/008811007,IC,2016-02-23T16:07:00,2016-02-23T16:07:00,-49,-75
http://irail.be/vehicle/IC2837,http://irail.be/stations/NMBS/008812005,IC,2016-02-23T16:12:00,2016-02-23T16:10:00,205,223
http://irail.be/vehicle/IC2837,http://irail.be/stations/NMBS/008813045,IC,2016-02-23T16:14:00,2016-02-23T16:14:00,209,211
http://irail.be/vehicle/IC2837,http://irail.be/stations/NMBS/008813003,IC,2016-02-23T16:16:00,2016-02-23T16:15:00,341,297
http://irail.be/vehicle/IC2837,http://irail.be/stations/NMBS/008813037,IC,2016-02-23T16:18:00,2016-02-23T16:18:00,300,341
http://irail.be/vehicle/IC2837,http://irail.be/stations/NMBS/008814001,IC,2016-02-23T16:22:00,2016-02-23T16:20:00,346,326
http://irail.be/vehicle/IC2837,http://irail.be/stations/NMBS/008892007,IC,2016-02-23T17:00:00,2016-02-23T16:53:00,13,234
http://irail.be/vehicle/IC2837,http://irail.be/stations/NMBS/008892031,IC,2016-02-23T17:03:00,2016-02-23T17:03:00,33,-16
http://irail.be/vehicle/IC2837,http://irail.be/stations/NMBS/008892056,IC,2016-02-23T17:07:00,2016-02-23T17:07:00,-63,-63
http://irail.be/vehicle/IC2837,http://irail.be/stations/NMBS/008891165,IC,2016-02-23T17:08:00,2016-02-23T17:08:00,-8,-63
http://irail.be/vehicle/IC2837,http://irail.be/stations/NMBS/008891157,IC,2016-02-23T17:10:00,2016-02-23T17:10:00,-19,-39
http://irail.be/vehicle/IC2837,http://irail.be/stations/NMBS/008891140,IC,2016-02-23T17:15:00,2016-02-23T17:13:00,65,-55
http://irail.be/vehicle/IC2837,http://irail.be/stations/NMBS/008891132,IC,2016-02-23T17:18:00,2016-02-23T17:18:00,51,43
http://irail.be/vehicle/IC2837,http://irail.be/stations/NMBS/008891124,IC,2016-02-23T17:20:00,2016-02-23T17:20:00,118,88
http://irail.be/vehicle/IC2837,http://irail.be/stations/NMBS/008891116,IC,2016-02-23T17:23:00,2016-02-23T17:23:00,130,130
http://irail.be/vehicle/IC2837,http://irail.be/stations/NMBS/008891009,IC,2016-02-23T17:29:00,2016-02-23T17:29:00,0,103
http://irail.be/vehicle/IC2837,http://irail.be/stations/NMBS/008819406,IC,2016-08-08T15:59:00,2016-08-08T15:59:00,52,
http://irail.be/vehicle/IC2837,http://irail.be/stations/NMBS/008811007,IC,2016-08-08T16:07:00,2016-08-08T16:07:00,88,88
http://irail.be/vehicle/IC2837,http://irail.be/stations/NMBS/008812005,IC,2016-08-08T16:12:00,2016-08-08T16:10:00,66,79
http://irail.be/vehicle/IC2837,http://irail.be/stations/NMBS/008813045,IC,2016-08-08T16:14:00,2016-08-08T16:14:00,73,73
http://irail.be/vehicle/IC2837,http://irail.be/stations/NMBS/008813003,IC,2016-08-08T16:16:00,2016-08-08T16:15:00,116,99
http://irail.be/vehicle/IC2837,http://irail.be/stations/NMBS/008813037,IC,2016-08-08T16:18:00,2016-08-08T16:18:00,83,83
http://irail.be/vehicle/IC2837,http://irail.be/stations/NMBS/008814001,IC,2016-08-08T16:22:00,2016-08-08T16:20:00,121,116
http://irail.be/vehicle/IC2837,http://irail.be/stations/NMBS/008892007,IC,2016-08-08T17:00:00,2016-08-08T16:53:00,10,160
http://irail.be/vehicle/IC2837,http://irail.be/stations/NMBS/008892031,IC,2016-08-08T17:03:00,2016-08-08T17:03:00,33,33
http://irail.be/vehicle/IC2837,http://irail.be/stations/NMBS/008892056,IC,2016-08-08T17:07:00,2016-08-08T17:07:00,-66,-66
http://irail.be/vehicle/IC2837,http://irail.be/stations/NMBS/008891165,IC,2016-08-08T17:08:00,2016-08-08T17:08:00,-49,-49
http://irail.be/vehicle/IC2837,http://irail.be/stations/NMBS/008891157,IC,2016-08-08T17:10:00,2016-08-08T17:10:00,-92,-92
http://irail.be/vehicle/IC2837,http://irail.be/stations/NMBS/008891140,IC,2016-08-08T17:15:00,2016-08-08T17:13:00,88,-51
http://irail.be/vehicle/IC2837,http://irail.be/stations/NMBS/008891132,IC,2016-08-08T17:18:00,2016-08-08T17:18:00,79,79
http://irail.be/vehicle/IC2837,http://irail.be/stations/NMBS/008891124,IC,2016-08-08T17:20:00,2016-08-08T17:20:00,76,76
http://irail.be/vehicle/IC2837,http://irail.be/stations/NMBS/008891116,IC,2016-08-08T17:23:00,2016-08-08T17:23:00,47,47
http://irail.be/vehicle/IC2837,http://irail.be/stations/NMBS/008891009,IC,2016-08-08T17:29:00,2016-08-08T17:29:00,,117
http://irail.be/vehicle/IC2837,NO-URI,IC,2016-01-12T15:59:00,2016-01-12T15:59:00,18,0
http://irail.be/vehicle/IC2837,http://irail.be/stations/NMBS/008811007,IC,2016-01-12T16:07:00,2016-01-12T16:07:00,-15,-42
http://irail.be/vehicle/IC2837,http://irail.be/stations/NMBS/008812005,IC,2016-01-12T16:12:00,2016-01-12T16:10:00,7,31
http://irail.be/vehicle/IC2837,http://irail.be/stations/NMBS/008813045,IC,2016-01-12T16:14:00,2016-01-12T16:14:00,12,12
http://irail.be/vehicle/IC2837,http://irail.be/stations/NMBS/008813003,IC,2016-01-12T16:16:00,2016-01-12T16:15:00,70,43
http://irail.be/vehicle/IC2837,http://irail.be/stations/NMBS/008813037,IC,2016-01-12T16:18:00,2016-01-12T16:18:00,40,70
http://irail.be/vehicle/IC2837,http://irail.be/stations/NMBS/008814001,IC,2016-01-12T16:22:00,2016-01-12T16:20:00,58,80
http://irail.be/vehicle/IC2837,http://irail.be/stations/NMBS/008892007,IC,2016-01-12T17:00:00,2016-01-12T16:55:00,75,269
http://irail.be/vehicle/IC2837,http://irail.be/stations/NMBS/008892031,IC,2016-01-12T17:03:00,2016-01-12T17:03:00,76,37
http://irail.be/vehicle/IC2837,http://irail.be/stations/NMBS/008892056,IC,2016-01-12T17:07:00,2016-01-12T17:07:00,-22,-29
http://irail.be/vehicle/IC2837,http://irail.be/stations/NMBS/008891165,IC,2016-01-12T17:08:00,2016-01-12T17:08:00,8,-22
http://irail.be/vehicle/IC2837,http://irail.be/stations/NMBS/008891157,IC,2016-01-12T17:10:00,2016-01-12T17:10:00,-17,-31
http://irail.be/vehicle/IC2837,http://irail.be/stations/NMBS/008891140,IC,2016-01-12T17:15:00,2016-01-12T17:13:00,54,-61
http://irail.be/vehicle/IC2837,http://irail.be/stations/NMBS/008891132,IC,2016-01-12T17:18:00,2016-01-12T17:18:00,48,42
http://irail.be/vehicle/IC2837,http://irail.be/stations/NMBS/008891124,IC,2016-01-12T17:20:00,2016-01-12T17:20:00,45,34
http://irail.be/vehicle/IC2837,http://irail.be/stations/NMBS/008891116,IC,2016-01-12T17:23:00,2016-01-12T17:23:00,94,94
http://irail.be/vehicle/IC2837,http://irail.be/stations/NMBS/008891009,IC,2016-01-12T17:29:00,2016-01-12T17:29:00,0,103
http://irail.be/vehicle/IC2837,http://irail.be/stations/NMBS/008819406,IC,2016-05-10T15:59:00,2016-05-10T15:59:00,48,0
http://irail.be/vehicle/IC2837,http://irail.be/stations/NMBS/008811007,IC,2016-05-10T16:07:00,2016-05-10T16:07:00,177,68
http://irail.be/vehicle/IC2837,http://irail.be/stations/NMBS/008812005,IC,2016-05-10T16:12:00,2016-05-10T16:10:00,168,200
http://irail.be/vehicle/IC2837,http://irail.be/stations/NMBS/008813045,IC,2016-05-10T16:14:00,2016-05-10T16:14:00,172,170
http://irail.be/vehicle/IC2837,http://irail.be/stations/NMBS/008813003,IC,2016-05-10T16:16:00,2016-05-10T16:15:00,280,233
http://irail.be/vehicle/IC2837,http://irail.be/stations/NMBS/008813037,IC,2016-05-10T16:18:00,2016-05-10T16:18:00,239,280
http://irail.be/vehicle/IC2837,http://irail.be/stations/NMBS/008814001,IC,2016-05-10T16:22:00,2016-05-10T16:20:00,327,275
http://irail.be/vehicle/IC2837,http://irail.be/stations/NMBS/008892007,IC,2016-05-10T17:00:00,2016-05-10T16:53:00,22,185
http://irail.be/vehicle/IC2837,http://irail.be/stations/NMBS/008892031,IC,2016-05-10T17:03:00,2016-05-10T17:03:00,88,21
http://irail.be/vehicle/IC2837,http://irail.be/stations/NMBS/008892056,IC,2016-05-10T17:07:00,2016-05-10T17:07:00,13,-2
http://irail.be/vehicle/IC2837,http://irail.be/stations/NMBS/008891165,IC,2016-05-10T17:08:00,2016-05-10T17:08:00,43,13
http://irail.be/vehicle/IC2837,http://irail.be/stations/NMBS/008891157,IC,2016-05-10T17:10:00,2016-05-10T17:10:00,10,0
http://irail.be/vehicle/IC2837,http://irail.be/stations/NMBS/008891140,IC,2016-05-10T17:15:00,2016-05-10T17:13:00,85,62
http://irail.be/vehicle/IC2837,http://irail.be/stations/NMBS/008891132,IC,2016-05-10T17:18:00,2016-05-10T17:18:00,107,97
http://irail.be/vehicle/IC2837,http://irail.be/stations/NMBS/008891124,IC,2016-05-10T17:20:00,2016-05-10T17:20:00,117,105
http://irail.be/vehicle/IC2837,http://irail.be/stations/NMBS/008891116,IC,2016-05-10T17:23:00,2016-05-10T17:23:00,92,92
http://irail.be/vehicle/IC2837,http://irail.be/stations/NMBS/008891009,IC,2016-05-10T17:29:00,2016-05-10T17:29:00,0,355
http://irail.be/vehicle/IC2837,NO-URI,IC,2016-02-18T15:59:00,2016-02-18T15:59:00,-11,0
http://irail.be/vehicle/IC2837,http://irail.be/stations/NMBS/008811007,IC,2016-02-18T16:07:00,2016-02-18T16:07:00,-57,-85
http://irail.be/vehicle/IC2837,http://irail.be/stations/NMBS/008812005,IC,2016-02-18T16:12:00,2016-02-18T16:10:00,3,58
http://irail.be/vehicle/IC2837,http://irail.be/stations/NMBS/008813045,IC,2016-02-18T16:14:00,2016-02-18T16:14:00,10,10
http://irail.be/vehicle/IC2837,http://irail.be/stations/NMBS/008813003,IC,2016-02-18T16:16:00,2016-02-18T16:15:00,42,35
http://irail.be/vehicle/IC2837,http://irail.be/stations/NMBS/008813037,IC,2016-02-18T16:18:00,2016-02-18T16:18:00,-5,42
http://irail.be/vehicle/IC2837,http://irail.be/stations/NMBS/008814001,IC,2016-02-18T16:22:00,2016-02-18T16:20:00,59,34
http://irail.be/vehicle/IC2837,http://irail.be/stations/NMBS/008892007,IC,2016-02-18T17:00:00,2016-02-18T16:53:00,25,13
http://irail.be/vehicle/IC2837,http://irail.be/stations/NMBS/008892031,IC,2016-02-18T17:03:00,2016-02-18T17:03:00,58,1
http://irail.be/vehicle/IC2837,http://irail.be/stations/NMBS/008892056,IC,2016-02-18T17:07:00,2016-02-18T17:07:00,-15,-30
http://irail.be/vehicle/IC2837,http://irail.be/stations/NMBS/008891165,IC,2016-02-18T17:08:00,2016-02-18T17:08:00,20,-15
http://irail.be/vehicle/IC2837,http://irail.be/stations/NMBS/008891157,IC,2016-02-18T17:10:00,2016-02-18T17:10:00,-3,-16
http://irail.be/vehicle/IC2837,http://irail.be/stations/NMBS/008891140,IC,2016-02-18T17:15:00,2016-02-18T17:13:00,51,-44
http://irail.be/vehicle/IC2837,http://irail.be/stations/NMBS/008891132,IC,2016-02-18T17:18:00,2016-02-18T17:18:00,45,39
http://irail.be/vehicle/IC2837,http://irail.be/stations/NMBS/008891124,IC,2016-02-18T17:20:00,2016-02-18T17:20:00,103,68
http://irail.be/vehicle/IC2837,http://irail.be/stations/NMBS/008891116,IC,2016-02-18T17:23:00,2016-02-18T17:23:00,91,91
http://irail.be/vehicle/IC2837,http://irail.be/stations/NMBS/008891009,IC,2016-02-18T17:29:00,2016-02-18T17:29:00,0,91
http://irail.be/vehicle/IC2837,NO-URI,IC,2016-01-27T15:59:00,2016-01-27T15:59:00,-6,0
http://irail.be/vehicle/IC2837,http://irail.be/stations/NMBS/008811007,IC,2016-01-27T16:07:00,2016-01-27T16:07:00,-13,-39
http://irail.be/vehicle/IC2837,http://irail.be/stations/NMBS/008812005,IC,2016-01-27T16:12:00,2016-01-27T16:10:00,28,82
http://irail.be/vehicle/IC2837,http://irail.be/stations/NMBS/008813045,IC,2016-01-27T16:14:00,2016-01-27T16:14:00,20,24
http://irail.be/vehicle/IC2837,http://irail.be/stations/NMBS/008813003,IC,2016-01-27T16:16:00,2016-01-27T16:15:00,166,147
http://irail.be/vehicle/IC2837,http://irail.be/stations/NMBS/008813037,IC,2016-01-27T16:17:00,2016-01-27T16:17:00,177,166
http://irail.be/vehicle/IC2837,http://irail.be/stations/NMBS/008814001,IC,2016-01-27T16:22:00,2016-01-27T16:20:00,192,192
http://irail.be/vehicle/IC2837,http://irail.be/stations/NMBS/008892007,IC,2016-01-27T17:00:00,2016-01-27T16:55:00,25,42
http://irail.be/vehicle/IC2837,http://irail.be/stations/NMBS/008892031,IC,2016-01-27T17:04:00,2016-01-27T17:04:00,3,5
http://irail.be/vehicle/IC2837,http://irail.be/stations/NMBS/008892056,IC,2016-01-27T17:07:00,2016-01-27T17:07:00,-21,-34
http://irail.be/vehicle/IC2837,http://irail.be/stations/NMBS/008891165,IC,2016-01-27T17:08:00,2016-01-27T17:08:00,21,-21
http://irail.be/vehicle/IC2837,http://irail.be/stations/NMBS/008891157,IC,2016-01-27T17:11:00,2016-01-27T17:11:00,-49,-70
http://irail.be/vehicle/IC2837,http://irail.be/stations/NMBS/008891140,IC,2016-01-27T17:15:00,2016-01-27T17:13:00,49,-23
http://irail.be/vehicle/IC2837,http://irail.be/stations/NMBS/008891132,IC,2016-01-27T17:18:00,2016-01-27T17:18:00,54,46
http://irail.be/vehicle/IC2837,http://irail.be/stations/NMBS/008891124,IC,2016-01-27T17:20:00,2016-01-27T17:20:00,80,57
http://irail.be/vehicle/IC2837,http://irail.be/stations/NMBS/008891116,IC,2016-01-27T17:24:00,2016-01-27T17:24:00,62,62
http://irail.be/vehicle/IC2837,http://irail.be/stations/NMBS/008891009,IC,2016-01-27T17:29:00,2016-01-27T17:29:00,0,76
http://irail.be/vehicle/IC2837,http://irail.be/stations/NMBS/008819406,IC,2016-05-24T15:59:00,2016-05-24T15:59:00,74,0
http://irail.be/vehicle/IC2837,http://irail.be/stations/NMBS/008811007,IC,2016-05-24T16:07:00,2016-05-24T16:07:00,196,81
http://irail.be/vehicle/IC2837,http://irail.be/stations/NMBS/008812005,IC,2016-05-24T16:12:00,2016-05-24T16:10:00,253,272
http://irail.be/vehicle/IC2837,http://irail.be/stations/NMBS/008813045,IC,2016-05-24T16:14:00,2016-05-24T16:14:00,263,262
http://irail.be/vehicle/IC2837,http://irail.be/stations/NMBS/008813003,IC,2016-05-24T16:16:00,2016-05-24T16:15:00,330,293
http://irail.be/vehicle/IC2837,http://irail.be/stations/NMBS/008813037,IC,2016-05-24T16:17:00,2016-05-24T16:17:00,289,270
http://irail.be/vehicle/IC2837,http://irail.be/stations/NMBS/008814001,IC,2016-05-24T16:22:00,2016-05-24T16:20:00,469,362
http://irail.be/vehicle/IC2837,http://irail.be/stations/NMBS/008892007,IC,2016-05-24T17:00:00,2016-05-24T16:53:00,1002,1328
http://irail.be/vehicle/IC2837,http://irail.be/stations/NMBS/008892031,IC,2016-05-24T17:03:00,2016-05-24T17:03:00,1216,1035
http://irail.be/vehicle/IC2837,http://irail.be/stations/NMBS/008892056,IC,2016-05-24T17:07:00,2016-05-24T17:07:00,1122,1118
http://irail.be/vehicle/IC2837,http://irail.be/stations/NMBS/008891165,IC,2016-05-24T17:09:00,2016-05-24T17:09:00,1138,1182
http://irail.be/vehicle/IC2837,http://irail.be/stations/NMBS/008891157,IC,2016-05-24T17:10:00,2016-05-24T17:10:00,1102,1093
http://irail.be/vehicle/IC2837,http://irail.be/stations/NMBS/008891140,IC,2016-05-24T17:15:00,2016-05-24T17:13:00,1049,1056
http://irail.be/vehicle/IC2837,http://irail.be/stations/NMBS/008891132,IC,2016-05-24T17:18:00,2016-05-24T17:18:00,1012,1009
http://irail.be/vehicle/IC2837,http://irail.be/stations/NMBS/008891124,IC,2016-05-24T17:20:00,2016-05-24T17:20:00,1004,994
http://irail.be/vehicle/IC2837,http://irail.be/stations/NMBS/008891116,IC,2016-05-24T17:23:00,2016-05-24T17:23:00,978,978
http://irail.be/vehicle/IC2837,http://irail.be/stations/NMBS/008891009,IC,2016-05-24T17:29:00,2016-05-24T17:29:00,0,995
http://irail.be/vehicle/IC2837,http://irail.be/stations/NMBS/008819406,IC,2016-07-23T15:57:00,2016-07-23T15:57:00,14,
http://irail.be/vehicle/IC2837,http://irail.be/stations/NMBS/008811007,IC,2016-07-23T16:04:00,2016-07-23T16:04:00,49,49
http://irail.be/vehicle/IC2837,http://irail.be/stations/NMBS/008812005,IC,2016-07-23T16:09:00,2016-07-23T16:07:00,20,58
http://irail.be/vehicle/IC2837,http://irail.be/stations/NMBS/008813045,IC,2016-07-23T16:11:00,2016-07-23T16:11:00,26,26
http://irail.be/vehicle/IC2837,http://irail.be/stations/NMBS/008813003,IC,2016-07-23T16:13:00,2016-07-23T16:12:00,65,56
http://irail.be/vehicle/IC2837,http://irail.be/stations/NMBS/008813037,IC,2016-07-23T16:14:00,2016-07-23T16:14:00,86,86
http://irail.be/vehicle/IC2837,http://irail.be/stations/NMBS/008814001,IC,2016-07-23T16:21:00,2016-07-23T16:17:00,62,115
http://irail.be/vehicle/IC2837,http://irail.be/stations/NMBS/008892007,IC,2016-07-23T16:50:00,2016-07-23T16:50:00,,1779
http://irail.be/vehicle/IC2837,http://irail.be/stations/NMBS/008819406,IC,2016-09-09T15:59:00,2016-09-09T15:59:00,34,
http://irail.be/vehicle/IC2837,http://irail.be/stations/NMBS/008811007,IC,2016-09-09T16:07:00,2016-09-09T16:07:00,15,15
http://irail.be/vehicle/IC2837,http://irail.be/stations/NMBS/008812005,IC,2016-09-09T16:12:00,2016-09-09T16:10:00,57,88
http://irail.be/vehicle/IC2837,http://irail.be/stations/NMBS/008813045,IC,2016-09-09T16:14:00,2016-09-09T16:14:00,65,65
http://irail.be/vehicle/IC2837,http://irail.be/stations/NMBS/008813003,IC,2016-09-09T16:16:00,2016-09-09T16:15:00,168,106
http://irail.be/vehicle/IC2837,http://irail.be/stations/NMBS/008813037,IC,2016-09-09T16:18:00,2016-09-09T16:18:00,141,141
http://irail.be/vehicle/IC2837,http://irail.be/stations/NMBS/008814001,IC,2016-09-09T16:22:00,2016-09-09T16:20:00,188,195
http://irail.be/vehicle/IC2837,http://irail.be/stations/NMBS/008892007,IC,2016-09-09T17:00:00,2016-09-09T16:53:00,40,157
http://irail.be/vehicle/IC2837,http://irail.be/stations/NMBS/008892031,IC,2016-09-09T17:03:00,2016-09-09T17:03:00,47,47
http://irail.be/vehicle/IC2837,http://irail.be/stations/NMBS/008892056,IC,2016-09-09T17:07:00,2016-09-09T17:07:00,-48,-48
http://irail.be/vehicle/IC2837,http://irail.be/stations/NMBS/008891165,IC,2016-09-09T17:08:00,2016-09-09T17:08:00,-17,-17
http://irail.be/vehicle/IC2837,http://irail.be/stations/NMBS/008891157,IC,2016-09-09T17:10:00,2016-09-09T17:10:00,-40,-40
http://irail.be/vehicle/IC2837,http://irail.be/stations/NMBS/008891140,IC,2016-09-09T17:15:00,2016-09-09T17:13:00,128,-61
http://irail.be/vehicle/IC2837,http://irail.be/stations/NMBS/008891132,IC,2016-09-09T17:18:00,2016-09-09T17:18:00,99,99
http://irail.be/vehicle/IC2837,http://irail.be/stations/NMBS/008891124,IC,2016-09-09T17:20:00,2016-09-09T17:20:00,89,89
http://irail.be/vehicle/IC2837,http://irail.be/stations/NMBS/008891116,IC,2016-09-09T17:23:00,2016-09-09T17:23:00,67,67
http://irail.be/vehicle/IC2837,http://irail.be/stations/NMBS/008891009,IC,2016-09-09T17:29:00,2016-09-09T17:29:00,,107
http://irail.be/vehicle/IC2837,http://irail.be/stations/NMBS/008819406,IC,2016-08-19T15:59:00,2016-08-19T15:59:00,60,
http://irail.be/vehicle/IC2837,http://irail.be/stations/NMBS/008811007,IC,2016-08-19T16:07:00,2016-08-19T16:07:00,-2,-2
http://irail.be/vehicle/IC2837,http://irail.be/stations/NMBS/008812005,IC,2016-08-19T16:12:00,2016-08-19T16:10:00,30,79
http://irail.be/vehicle/IC2837,http://irail.be/stations/NMBS/008813045,IC,2016-08-19T16:14:00,2016-08-19T16:14:00,31,31
http://irail.be/vehicle/IC2837,http://irail.be/stations/NMBS/008813003,IC,2016-08-19T16:16:00,2016-08-19T16:15:00,131,112
http://irail.be/vehicle/IC2837,http://irail.be/stations/NMBS/008813037,IC,2016-08-19T16:18:00,2016-08-19T16:18:00,92,92
http://irail.be/vehicle/IC2837,http://irail.be/stations/NMBS/008814001,IC,2016-08-19T16:22:00,2016-08-19T16:20:00,126,135
http://irail.be/vehicle/IC2837,http://irail.be/stations/NMBS/008892007,IC,2016-08-19T17:00:00,2016-08-19T16:53:00,37,-109
http://irail.be/vehicle/IC2837,http://irail.be/stations/NMBS/008892031,IC,2016-08-19T17:03:00,2016-08-19T17:03:00,48,48
http://irail.be/vehicle/IC2837,http://irail.be/stations/NMBS/008892056,IC,2016-08-19T17:07:00,2016-08-19T17:07:00,-51,-51
http://irail.be/vehicle/IC2837,http://irail.be/stations/NMBS/008891165,IC,2016-08-19T17:08:00,2016-08-19T17:08:00,-35,-35
http://irail.be/vehicle/IC2837,http://irail.be/stations/NMBS/008891157,IC,2016-08-19T17:10:00,2016-08-19T17:10:00,-74,-74
http://irail.be/vehicle/IC2837,http://irail.be/stations/NMBS/008891140,IC,2016-08-19T17:15:00,2016-08-19T17:13:00,63,-42
http://irail.be/vehicle/IC2837,http://irail.be/stations/NMBS/008891132,IC,2016-08-19T17:18:00,2016-08-19T17:18:00,38,38
http://irail.be/vehicle/IC2837,http://irail.be/stations/NMBS/008891124,IC,2016-08-19T17:20:00,2016-08-19T17:20:00,36,36
http://irail.be/vehicle/IC2837,http://irail.be/stations/NMBS/008891116,IC,2016-08-19T17:23:00,2016-08-19T17:23:00,103,103
http://irail.be/vehicle/IC2837,http://irail.be/stations/NMBS/008891009,IC,2016-08-19T17:29:00,2016-08-19T17:29:00,,144
http://irail.be/vehicle/IC2837,NO-URI,IC,2016-01-14T15:59:00,2016-01-14T15:59:00,47,0
http://irail.be/vehicle/IC2837,http://irail.be/stations/NMBS/008811007,IC,2016-01-14T16:07:00,2016-01-14T16:07:00,42,16
http://irail.be/vehicle/IC2837,http://irail.be/stations/NMBS/008812005,IC,2016-01-14T16:12:00,2016-01-14T16:10:00,189,108
http://irail.be/vehicle/IC2837,http://irail.be/stations/NMBS/008813045,IC,2016-01-14T16:14:00,2016-01-14T16:14:00,215,213
http://irail.be/vehicle/IC2837,http://irail.be/stations/NMBS/008813003,IC,2016-01-14T16:16:00,2016-01-14T16:15:00,271,249
http://irail.be/vehicle/IC2837,http://irail.be/stations/NMBS/008813037,IC,2016-01-14T16:18:00,2016-01-14T16:18:00,223,271
http://irail.be/vehicle/IC2837,http://irail.be/stations/NMBS/008814001,IC,2016-01-14T16:22:00,2016-01-14T16:20:00,291,317
http://irail.be/vehicle/IC2837,http://irail.be/stations/NMBS/008892007,IC,2016-01-14T17:00:00,2016-01-14T16:55:00,29,38
http://irail.be/vehicle/IC2837,http://irail.be/stations/NMBS/008892031,IC,2016-01-14T17:03:00,2016-01-14T17:03:00,35,-6
http://irail.be/vehicle/IC2837,http://irail.be/stations/NMBS/008892056,IC,2016-01-14T17:07:00,2016-01-14T17:07:00,-40,-55
http://irail.be/vehicle/IC2837,http://irail.be/stations/NMBS/008891165,IC,2016-01-14T17:08:00,2016-01-14T17:08:00,-8,-40
http://irail.be/vehicle/IC2837,http://irail.be/stations/NMBS/008891157,IC,2016-01-14T17:10:00,2016-01-14T17:10:00,-31,-45
http://irail.be/vehicle/IC2837,http://irail.be/stations/NMBS/008891140,IC,2016-01-14T17:15:00,2016-01-14T17:13:00,83,-43
http://irail.be/vehicle/IC2837,http://irail.be/stations/NMBS/008891132,IC,2016-01-14T17:18:00,2016-01-14T17:18:00,77,70
http://irail.be/vehicle/IC2837,http://irail.be/stations/NMBS/008891124,IC,2016-01-14T17:20:00,2016-01-14T17:20:00,71,60
http://irail.be/vehicle/IC2837,http://irail.be/stations/NMBS/008891116,IC,2016-01-14T17:23:00,2016-01-14T17:23:00,49,49
http://irail.be/vehicle/IC2837,http://irail.be/stations/NMBS/008891009,IC,2016-01-14T17:29:00,2016-01-14T17:29:00,0,83
http://irail.be/vehicle/IC2837,http://irail.be/stations/NMBS/008819406,IC,2016-04-08T15:57:00,2016-04-08T15:57:00,78,0
http://irail.be/vehicle/IC2837,http://irail.be/stations/NMBS/008811221,IC,2016-04-08T16:01:00,2016-04-08T16:01:00,98,98
http://irail.be/vehicle/IC2837,http://irail.be/stations/NMBS/008811213,IC,2016-04-08T16:03:00,2016-04-08T16:03:00,-26,-26
http://irail.be/vehicle/IC2837,http://irail.be/stations/NMBS/008811130,IC,2016-04-08T16:03:00,2016-04-08T16:03:00,300,240
http://irail.be/vehicle/IC2837,http://irail.be/stations/NMBS/008811007,IC,2016-04-08T16:06:00,2016-04-08T16:06:00,497,367
http://irail.be/vehicle/IC2837,http://irail.be/stations/NMBS/008812005,IC,2016-04-08T16:12:00,2016-04-08T16:10:00,516,554
http://irail.be/vehicle/IC2837,http://irail.be/stations/NMBS/008813045,IC,2016-04-08T16:14:00,2016-04-08T16:14:00,512,516
http://irail.be/vehicle/IC2837,http://irail.be/stations/NMBS/008813003,IC,2016-04-08T16:16:00,2016-04-08T16:15:00,552,539
http://irail.be/vehicle/IC2837,http://irail.be/stations/NMBS/008813037,IC,2016-04-08T16:17:00,2016-04-08T16:17:00,572,552
http://irail.be/vehicle/IC2837,http://irail.be/stations/NMBS/008814001,IC,2016-04-08T16:22:00,2016-04-08T16:20:00,512,549
http://irail.be/vehicle/IC2837,http://irail.be/stations/NMBS/008892007,IC,2016-04-08T17:00:00,2016-04-08T16:53:00,48,391
http://irail.be/vehicle/IC2837,http://irail.be/stations/NMBS/008892031,IC,2016-04-08T17:03:00,2016-04-08T17:03:00,75,21
http://irail.be/vehicle/IC2837,http://irail.be/stations/NMBS/008892056,IC,2016-04-08T17:07:00,2016-04-08T17:07:00,-8,-20
http://irail.be/vehicle/IC2837,http://irail.be/stations/NMBS/008891165,IC,2016-04-08T17:09:00,2016-04-08T17:09:00,-38,-8
http://irail.be/vehicle/IC2837,http://irail.be/stations/NMBS/008891157,IC,2016-04-08T17:10:00,2016-04-08T17:10:00,-11,-19
http://irail.be/vehicle/IC2837,http://irail.be/stations/NMBS/008891140,IC,2016-04-08T17:15:00,2016-04-08T17:13:00,70,-58
http://irail.be/vehicle/IC2837,http://irail.be/stations/NMBS/008891132,IC,2016-04-08T17:18:00,2016-04-08T17:18:00,62,54
http://irail.be/vehicle/IC2837,http://irail.be/stations/NMBS/008891124,IC,2016-04-08T17:20:00,2016-04-08T17:20:00,57,46
http://irail.be/vehicle/IC2837,http://irail.be/stations/NMBS/008891116,IC,2016-04-08T17:23:00,2016-04-08T17:23:00,39,39
http://irail.be/vehicle/IC2837,http://irail.be/stations/NMBS/008891009,IC,2016-04-08T17:29:00,2016-04-08T17:29:00,0,147
http://irail.be/vehicle/IC2837,http://irail.be/stations/NMBS/008819406,IC,2016-12-05T15:59:00,2016-12-05T15:59:00,-1,
http://irail.be/vehicle/IC2837,http://irail.be/stations/NMBS/008811007,IC,2016-12-05T16:07:00,2016-12-05T16:07:00,-35,-35
http://irail.be/vehicle/IC2837,http://irail.be/stations/NMBS/008812005,IC,2016-12-05T16:12:00,2016-12-05T16:10:00,24,-49
http://irail.be/vehicle/IC2837,http://irail.be/stations/NMBS/008813045,IC,2016-12-05T16:14:00,2016-12-05T16:14:00,31,31
http://irail.be/vehicle/IC2837,http://irail.be/stations/NMBS/008813003,IC,2016-12-05T16:16:00,2016-12-05T16:15:00,78,57
http://irail.be/vehicle/IC2837,http://irail.be/stations/NMBS/008813037,IC,2016-12-05T16:18:00,2016-12-05T16:18:00,78,78
http://irail.be/vehicle/IC2837,http://irail.be/stations/NMBS/008814001,IC,2016-12-05T16:22:00,2016-12-05T16:20:00,56,86
http://irail.be/vehicle/IC2837,http://irail.be/stations/NMBS/008892007,IC,2016-12-05T17:00:00,2016-12-05T16:53:00,31,-141
http://irail.be/vehicle/IC2837,http://irail.be/stations/NMBS/008892031,IC,2016-12-05T17:03:00,2016-12-05T17:03:00,60,60
http://irail.be/vehicle/IC2837,http://irail.be/stations/NMBS/008892056,IC,2016-12-05T17:07:00,2016-12-05T17:07:00,10,10
http://irail.be/vehicle/IC2837,http://irail.be/stations/NMBS/008891165,IC,2016-12-05T17:08:00,2016-12-05T17:08:00,-18,-18
http://irail.be/vehicle/IC2837,http://irail.be/stations/NMBS/008891157,IC,2016-12-05T17:10:00,2016-12-05T17:10:00,-30,-30
http://irail.be/vehicle/IC2837,http://irail.be/stations/NMBS/008891140,IC,2016-12-05T17:15:00,2016-12-05T17:13:00,97,-42
http://irail.be/vehicle/IC2837,http://irail.be/stations/NMBS/008891132,IC,2016-12-05T17:18:00,2016-12-05T17:18:00,77,77
http://irail.be/vehicle/IC2837,http://irail.be/stations/NMBS/008891124,IC,2016-12-05T17:20:00,2016-12-05T17:20:00,77,77
http://irail.be/vehicle/IC2837,http://irail.be/stations/NMBS/008891116,IC,2016-12-05T17:23:00,2016-12-05T17:23:00,149,149
http://irail.be/vehicle/IC2837,http://irail.be/stations/NMBS/008891009,IC,2016-12-05T17:29:00,2016-12-05T17:29:00,,96
http://irail.be/vehicle/IC2837,http://irail.be/stations/NMBS/008819406,IC,2016-04-24T15:57:00,2016-04-24T15:57:00,54,0
http://irail.be/vehicle/IC2837,http://irail.be/stations/NMBS/008811007,IC,2016-04-24T16:04:00,2016-04-24T16:04:00,57,24
http://irail.be/vehicle/IC2837,http://irail.be/stations/NMBS/008812005,IC,2016-04-24T16:09:00,2016-04-24T16:07:00,109,164
http://irail.be/vehicle/IC2837,http://irail.be/stations/NMBS/008813045,IC,2016-04-24T16:11:00,2016-04-24T16:11:00,105,107
http://irail.be/vehicle/IC2837,http://irail.be/stations/NMBS/008813003,IC,2016-04-24T16:13:00,2016-04-24T16:12:00,181,174
http://irail.be/vehicle/IC2837,http://irail.be/stations/NMBS/008813037,IC,2016-04-24T16:15:00,2016-04-24T16:15:00,134,181
http://irail.be/vehicle/IC2837,http://irail.be/stations/NMBS/008814001,IC,2016-04-24T16:21:00,2016-04-24T16:17:00,102,159
http://irail.be/vehicle/IC2837,http://irail.be/stations/NMBS/008892007,IC,2016-04-24T16:50:00,2016-04-24T16:50:00,0,26
http://irail.be/vehicle/IC2837,http://irail.be/stations/NMBS/008814001,IC,2016-03-26T16:21:00,2016-03-26T16:21:00,150,0
http://irail.be/vehicle/IC2837,http://irail.be/stations/NMBS/008892007,IC,2016-03-26T16:50:00,2016-03-26T16:50:00,0,27
http://irail.be/vehicle/IC2837,http://irail.be/stations/NMBS/008819406,IC,2016-08-24T15:59:00,2016-08-24T15:59:00,37,
http://irail.be/vehicle/IC2837,http://irail.be/stations/NMBS/008811007,IC,2016-08-24T16:07:00,2016-08-24T16:07:00,-8,-8
http://irail.be/vehicle/IC2837,http://irail.be/stations/NMBS/008812005,IC,2016-08-24T16:12:00,2016-08-24T16:10:00,43,65
http://irail.be/vehicle/IC2837,http://irail.be/stations/NMBS/008813045,IC,2016-08-24T16:14:00,2016-08-24T16:14:00,51,51
http://irail.be/vehicle/IC2837,http://irail.be/stations/NMBS/008813003,IC,2016-08-24T16:16:00,2016-08-24T16:15:00,119,89
http://irail.be/vehicle/IC2837,http://irail.be/stations/NMBS/008813037,IC,2016-08-24T16:18:00,2016-08-24T16:18:00,75,75
http://irail.be/vehicle/IC2837,http://irail.be/stations/NMBS/008814001,IC,2016-08-24T16:22:00,2016-08-24T16:20:00,97,109
http://irail.be/vehicle/IC2837,http://irail.be/stations/NMBS/008892007,IC,2016-08-24T17:00:00,2016-08-24T16:53:00,37,-87
http://irail.be/vehicle/IC2837,http://irail.be/stations/NMBS/008892031,IC,2016-08-24T17:03:00,2016-08-24T17:03:00,39,39
http://irail.be/vehicle/IC2837,http://irail.be/stations/NMBS/008892056,IC,2016-08-24T17:07:00,2016-08-24T17:07:00,-65,-65
http://irail.be/vehicle/IC2837,http://irail.be/stations/NMBS/008891165,IC,2016-08-24T17:08:00,2016-08-24T17:08:00,-50,-50
http://irail.be/vehicle/IC2837,http://irail.be/stations/NMBS/008891157,IC,2016-08-24T17:10:00,2016-08-24T17:10:00,-93,-93
http://irail.be/vehicle/IC2837,http://irail.be/stations/NMBS/008891140,IC,2016-08-24T17:15:00,2016-08-24T17:13:00,75,-53
http://irail.be/vehicle/IC2837,http://irail.be/stations/NMBS/008891132,IC,2016-08-24T17:18:00,2016-08-24T17:18:00,44,44
http://irail.be/vehicle/IC2837,http://irail.be/stations/NMBS/008891124,IC,2016-08-24T17:20:00,2016-08-24T17:20:00,34,34
http://irail.be/vehicle/IC2837,http://irail.be/stations/NMBS/008891116,IC,2016-08-24T17:23:00,2016-08-24T17:23:00,63,63
http://irail.be/vehicle/IC2837,http://irail.be/stations/NMBS/008891009,IC,2016-08-24T17:29:00,2016-08-24T17:29:00,,165
http://irail.be/vehicle/IC2837,http://irail.be/stations/NMBS/008819406,IC,2016-09-19T15:59:00,2016-09-19T15:59:00,3,
http://irail.be/vehicle/IC2837,http://irail.be/stations/NMBS/008811007,IC,2016-09-19T16:07:00,2016-09-19T16:07:00,15,15
http://irail.be/vehicle/IC2837,http://irail.be/stations/NMBS/008812005,IC,2016-09-19T16:12:00,2016-09-19T16:10:00,17,73
http://irail.be/vehicle/IC2837,http://irail.be/stations/NMBS/008813045,IC,2016-09-19T16:14:00,2016-09-19T16:14:00,36,36
http://irail.be/vehicle/IC2837,http://irail.be/stations/NMBS/008813003,IC,2016-09-19T16:16:00,2016-09-19T16:15:00,230,192
http://irail.be/vehicle/IC2837,http://irail.be/stations/NMBS/008813037,IC,2016-09-19T16:18:00,2016-09-19T16:18:00,195,195
http://irail.be/vehicle/IC2837,http://irail.be/stations/NMBS/008814001,IC,2016-09-19T16:22:00,2016-09-19T16:20:00,219,241
http://irail.be/vehicle/IC2837,http://irail.be/stations/NMBS/008892007,IC,2016-09-19T17:00:00,2016-09-19T16:53:00,23,284
http://irail.be/vehicle/IC2837,http://irail.be/stations/NMBS/008892031,IC,2016-09-19T17:03:00,2016-09-19T17:03:00,86,86
http://irail.be/vehicle/IC2837,http://irail.be/stations/NMBS/008892056,IC,2016-09-19T17:07:00,2016-09-19T17:07:00,25,25
http://irail.be/vehicle/IC2837,http://irail.be/stations/NMBS/008891165,IC,2016-09-19T17:08:00,2016-09-19T17:08:00,73,73
http://irail.be/vehicle/IC2837,http://irail.be/stations/NMBS/008891157,IC,2016-09-19T17:10:00,2016-09-19T17:10:00,65,65
http://irail.be/vehicle/IC2837,http://irail.be/stations/NMBS/008891140,IC,2016-09-19T17:15:00,2016-09-19T17:13:00,126,68
http://irail.be/vehicle/IC2837,http://irail.be/stations/NMBS/008891132,IC,2016-09-19T17:18:00,2016-09-19T17:18:00,154,154
http://irail.be/vehicle/IC2837,http://irail.be/stations/NMBS/008891124,IC,2016-09-19T17:20:00,2016-09-19T17:20:00,159,159
http://irail.be/vehicle/IC2837,http://irail.be/stations/NMBS/008891116,IC,2016-09-19T17:23:00,2016-09-19T17:23:00,170,170
http://irail.be/vehicle/IC2837,http://irail.be/stations/NMBS/008891009,IC,2016-09-19T17:29:00,2016-09-19T17:29:00,,214
http://irail.be/vehicle/IC2837,http://irail.be/stations/NMBS/008819406,IC,2016-06-09T15:59:00,2016-06-09T15:59:00,50,0
http://irail.be/vehicle/IC2837,http://irail.be/stations/NMBS/008811007,IC,2016-06-09T16:07:00,2016-06-09T16:07:00,104,77
http://irail.be/vehicle/IC2837,http://irail.be/stations/NMBS/008812005,IC,2016-06-09T16:12:00,2016-06-09T16:10:00,79,108
http://irail.be/vehicle/IC2837,http://irail.be/stations/NMBS/008813045,IC,2016-06-09T16:14:00,2016-06-09T16:14:00,96,94
http://irail.be/vehicle/IC2837,http://irail.be/stations/NMBS/008813003,IC,2016-06-09T16:16:00,2016-06-09T16:15:00,160,125
http://irail.be/vehicle/IC2837,http://irail.be/stations/NMBS/008813037,IC,2016-06-09T16:18:00,2016-06-09T16:18:00,129,160
http://irail.be/vehicle/IC2837,http://irail.be/stations/NMBS/008814001,IC,2016-06-09T16:22:00,2016-06-09T16:20:00,207,170
http://irail.be/vehicle/IC2837,http://irail.be/stations/NMBS/008892007,IC,2016-06-09T17:00:00,2016-06-09T16:53:00,47,33
http://irail.be/vehicle/IC2837,http://irail.be/stations/NMBS/008892031,IC,2016-06-09T17:03:00,2016-06-09T17:03:00,53,15
http://irail.be/vehicle/IC2837,http://irail.be/stations/NMBS/008892056,IC,2016-06-09T17:07:00,2016-06-09T17:07:00,-47,-53
http://irail.be/vehicle/IC2837,http://irail.be/stations/NMBS/008891165,IC,2016-06-09T17:08:00,2016-06-09T17:08:00,-28,-47
http://irail.be/vehicle/IC2837,http://irail.be/stations/NMBS/008891157,IC,2016-06-09T17:10:00,2016-06-09T17:10:00,-64,-72
http://irail.be/vehicle/IC2837,http://irail.be/stations/NMBS/008891140,IC,2016-06-09T17:15:00,2016-06-09T17:13:00,105,-35
http://irail.be/vehicle/IC2837,http://irail.be/stations/NMBS/008891132,IC,2016-06-09T17:18:00,2016-06-09T17:18:00,95,90
http://irail.be/vehicle/IC2837,http://irail.be/stations/NMBS/008891124,IC,2016-06-09T17:20:00,2016-06-09T17:20:00,89,78
http://irail.be/vehicle/IC2837,http://irail.be/stations/NMBS/008891116,IC,2016-06-09T17:23:00,2016-06-09T17:23:00,67,67
http://irail.be/vehicle/IC2837,http://irail.be/stations/NMBS/008891009,IC,2016-06-09T17:29:00,2016-06-09T17:29:00,0,70
http://irail.be/vehicle/IC2837,http://irail.be/stations/NMBS/008819406,IC,2016-07-03T15:57:00,2016-07-03T15:57:00,243,
http://irail.be/vehicle/IC2837,http://irail.be/stations/NMBS/008811007,IC,2016-07-03T16:04:00,2016-07-03T16:04:00,223,223
http://irail.be/vehicle/IC2837,http://irail.be/stations/NMBS/008812005,IC,2016-07-03T16:09:00,2016-07-03T16:07:00,229,283
http://irail.be/vehicle/IC2837,http://irail.be/stations/NMBS/008813045,IC,2016-07-03T16:11:00,2016-07-03T16:11:00,227,227
http://irail.be/vehicle/IC2837,http://irail.be/stations/NMBS/008813003,IC,2016-07-03T16:13:00,2016-07-03T16:12:00,284,252
http://irail.be/vehicle/IC2837,http://irail.be/stations/NMBS/008813037,IC,2016-07-03T16:14:00,2016-07-03T16:14:00,305,305
http://irail.be/vehicle/IC2837,http://irail.be/stations/NMBS/008814001,IC,2016-07-03T16:21:00,2016-07-03T16:17:00,165,283
http://irail.be/vehicle/IC2837,http://irail.be/stations/NMBS/008892007,IC,2016-07-03T16:50:00,2016-07-03T16:50:00,,327
http://irail.be/vehicle/IC2837,http://irail.be/stations/NMBS/008811007,IC,2016-04-18T16:07:00,2016-04-18T16:07:00,36,0
http://irail.be/vehicle/IC2837,http://irail.be/stations/NMBS/008812005,IC,2016-04-18T16:12:00,2016-04-18T16:10:00,302,213
http://irail.be/vehicle/IC2837,http://irail.be/stations/NMBS/008813045,IC,2016-04-18T16:14:00,2016-04-18T16:14:00,323,311
http://irail.be/vehicle/IC2837,http://irail.be/stations/NMBS/008813003,IC,2016-04-18T16:16:00,2016-04-18T16:15:00,430,394
http://irail.be/vehicle/IC2837,http://irail.be/stations/NMBS/008813037,IC,2016-04-18T16:18:00,2016-04-18T16:18:00,398,430
http://irail.be/vehicle/IC2837,http://irail.be/stations/NMBS/008814001,IC,2016-04-18T16:22:00,2016-04-18T16:20:00,533,457
http://irail.be/vehicle/IC2837,http://irail.be/stations/NMBS/008892007,IC,2016-04-18T17:00:00,2016-04-18T16:53:00,282,584
http://irail.be/vehicle/IC2837,http://irail.be/stations/NMBS/008892031,IC,2016-04-18T17:03:00,2016-04-18T17:03:00,289,248
http://irail.be/vehicle/IC2837,http://irail.be/stations/NMBS/008892056,IC,2016-04-18T17:07:00,2016-04-18T17:07:00,190,185
http://irail.be/vehicle/IC2837,http://irail.be/stations/NMBS/008891165,IC,2016-04-18T17:08:00,2016-04-18T17:08:00,205,190
http://irail.be/vehicle/IC2837,http://irail.be/stations/NMBS/008891157,IC,2016-04-18T17:10:00,2016-04-18T17:10:00,164,159
http://irail.be/vehicle/IC2837,http://irail.be/stations/NMBS/008891140,IC,2016-04-18T17:15:00,2016-04-18T17:13:00,127,122
http://irail.be/vehicle/IC2837,http://irail.be/stations/NMBS/008891132,IC,2016-04-18T17:18:00,2016-04-18T17:18:00,98,93
http://irail.be/vehicle/IC2837,http://irail.be/stations/NMBS/008891124,IC,2016-04-18T17:20:00,2016-04-18T17:20:00,90,80
http://irail.be/vehicle/IC2837,http://irail.be/stations/NMBS/008891116,IC,2016-04-18T17:23:00,2016-04-18T17:23:00,67,67
http://irail.be/vehicle/IC2837,http://irail.be/stations/NMBS/008891009,IC,2016-04-18T17:29:00,2016-04-18T17:29:00,0,235
http://irail.be/vehicle/IC2837,http://irail.be/stations/NMBS/008819406,IC,2016-06-16T15:59:00,2016-06-16T15:59:00,36,
http://irail.be/vehicle/IC2837,http://irail.be/stations/NMBS/008811007,IC,2016-06-16T16:07:00,2016-06-16T16:07:00,-10,-10
http://irail.be/vehicle/IC2837,http://irail.be/stations/NMBS/008812005,IC,2016-06-16T16:12:00,2016-06-16T16:10:00,42,97
http://irail.be/vehicle/IC2837,http://irail.be/stations/NMBS/008813045,IC,2016-06-16T16:14:00,2016-06-16T16:14:00,54,54
http://irail.be/vehicle/IC2837,http://irail.be/stations/NMBS/008813003,IC,2016-06-16T16:16:00,2016-06-16T16:15:00,122,99
http://irail.be/vehicle/IC2837,http://irail.be/stations/NMBS/008813037,IC,2016-06-16T16:18:00,2016-06-16T16:18:00,87,87
http://irail.be/vehicle/IC2837,http://irail.be/stations/NMBS/008814001,IC,2016-06-16T16:22:00,2016-06-16T16:20:00,250,130
http://irail.be/vehicle/IC2837,http://irail.be/stations/NMBS/008892007,IC,2016-06-16T17:00:00,2016-06-16T16:53:00,28,193
http://irail.be/vehicle/IC2837,http://irail.be/stations/NMBS/008892031,IC,2016-06-16T17:03:00,2016-06-16T17:03:00,64,64
http://irail.be/vehicle/IC2837,http://irail.be/stations/NMBS/008892056,IC,2016-06-16T17:07:00,2016-06-16T17:07:00,539,26
http://irail.be/vehicle/IC2837,http://irail.be/stations/NMBS/008891165,IC,2016-06-16T17:08:00,2016-06-16T17:08:00,901,901
http://irail.be/vehicle/IC2837,http://irail.be/stations/NMBS/008891157,IC,2016-06-16T17:10:00,2016-06-16T17:10:00,906,906
http://irail.be/vehicle/IC2837,http://irail.be/stations/NMBS/008891140,IC,2016-06-16T17:15:00,2016-06-16T17:13:00,861,868
http://irail.be/vehicle/IC2837,http://irail.be/stations/NMBS/008891132,IC,2016-06-16T17:18:00,2016-06-16T17:18:00,872,872
http://irail.be/vehicle/IC2837,http://irail.be/stations/NMBS/008891124,IC,2016-06-16T17:20:00,2016-06-16T17:20:00,876,876
http://irail.be/vehicle/IC2837,http://irail.be/stations/NMBS/008891116,IC,2016-06-16T17:23:00,2016-06-16T17:23:00,849,849
http://irail.be/vehicle/IC2837,http://irail.be/stations/NMBS/008891009,IC,2016-06-16T17:29:00,2016-06-16T17:29:00,,851
http://irail.be/vehicle/IC2837,http://irail.be/stations/NMBS/008819406,IC,2016-10-16T15:57:00,2016-10-16T15:57:00,1,
http://irail.be/vehicle/IC2837,http://irail.be/stations/NMBS/008811007,IC,2016-10-16T16:04:00,2016-10-16T16:04:00,13,13
http://irail.be/vehicle/IC2837,http://irail.be/stations/NMBS/008812005,IC,2016-10-16T16:09:00,2016-10-16T16:07:00,50,105
http://irail.be/vehicle/IC2837,http://irail.be/stations/NMBS/008813045,IC,2016-10-16T16:11:00,2016-10-16T16:11:00,44,44
http://irail.be/vehicle/IC2837,http://irail.be/stations/NMBS/008813003,IC,2016-10-16T16:13:00,2016-10-16T16:12:00,168,123
http://irail.be/vehicle/IC2837,http://irail.be/stations/NMBS/008813037,IC,2016-10-16T16:14:00,2016-10-16T16:14:00,188,188
http://irail.be/vehicle/IC2837,http://irail.be/stations/NMBS/008814001,IC,2016-10-16T16:17:00,2016-10-16T16:17:00,,177
http://irail.be/vehicle/IC2837,http://irail.be/stations/NMBS/008819406,IC,2016-12-22T15:59:00,2016-12-22T15:59:00,5,
http://irail.be/vehicle/IC2837,http://irail.be/stations/NMBS/008811007,IC,2016-12-22T16:07:00,2016-12-22T16:07:00,89,89
http://irail.be/vehicle/IC2837,http://irail.be/stations/NMBS/008812005,IC,2016-12-22T16:12:00,2016-12-22T16:10:00,41,73
http://irail.be/vehicle/IC2837,http://irail.be/stations/NMBS/008813045,IC,2016-12-22T16:14:00,2016-12-22T16:14:00,48,48
http://irail.be/vehicle/IC2837,http://irail.be/stations/NMBS/008813003,IC,2016-12-22T16:16:00,2016-12-22T16:15:00,173,157
http://irail.be/vehicle/IC2837,http://irail.be/stations/NMBS/008813037,IC,2016-12-22T16:18:00,2016-12-22T16:18:00,173,173
http://irail.be/vehicle/IC2837,http://irail.be/stations/NMBS/008814001,IC,2016-12-22T16:22:00,2016-12-22T16:20:00,223,178
http://irail.be/vehicle/IC2837,http://irail.be/stations/NMBS/008892007,IC,2016-12-22T17:00:00,2016-12-22T16:53:00,21,39
http://irail.be/vehicle/IC2837,http://irail.be/stations/NMBS/008892031,IC,2016-12-22T17:03:00,2016-12-22T17:03:00,47,47
http://irail.be/vehicle/IC2837,http://irail.be/stations/NMBS/008892056,IC,2016-12-22T17:07:00,2016-12-22T17:07:00,8,8
http://irail.be/vehicle/IC2837,http://irail.be/stations/NMBS/008891165,IC,2016-12-22T17:08:00,2016-12-22T17:08:00,-18,-18
http://irail.be/vehicle/IC2837,http://irail.be/stations/NMBS/008891157,IC,2016-12-22T17:10:00,2016-12-22T17:10:00,-32,-32
http://irail.be/vehicle/IC2837,http://irail.be/stations/NMBS/008891140,IC,2016-12-22T17:15:00,2016-12-22T17:13:00,79,-45
http://irail.be/vehicle/IC2837,http://irail.be/stations/NMBS/008891132,IC,2016-12-22T17:18:00,2016-12-22T17:18:00,61,61
http://irail.be/vehicle/IC2837,http://irail.be/stations/NMBS/008891124,IC,2016-12-22T17:20:00,2016-12-22T17:20:00,64,64
http://irail.be/vehicle/IC2837,http://irail.be/stations/NMBS/008891116,IC,2016-12-22T17:23:00,2016-12-22T17:23:00,42,42
http://irail.be/vehicle/IC2837,http://irail.be/stations/NMBS/008891009,IC,2016-12-22T17:29:00,2016-12-22T17:29:00,,-5
http://irail.be/vehicle/IC2837,http://irail.be/stations/NMBS/008819406,IC,2016-11-08T15:59:00,2016-11-08T15:59:00,17,
http://irail.be/vehicle/IC2837,http://irail.be/stations/NMBS/008811007,IC,2016-11-08T16:07:00,2016-11-08T16:07:00,-58,-58
http://irail.be/vehicle/IC2837,http://irail.be/stations/NMBS/008812005,IC,2016-11-08T16:12:00,2016-11-08T16:10:00,21,17
http://irail.be/vehicle/IC2837,http://irail.be/stations/NMBS/008813045,IC,2016-11-08T16:14:00,2016-11-08T16:14:00,21,21
http://irail.be/vehicle/IC2837,http://irail.be/stations/NMBS/008813003,IC,2016-11-08T16:16:00,2016-11-08T16:15:00,77,50
http://irail.be/vehicle/IC2837,http://irail.be/stations/NMBS/008813037,IC,2016-11-08T16:18:00,2016-11-08T16:18:00,35,35
http://irail.be/vehicle/IC2837,http://irail.be/stations/NMBS/008814001,IC,2016-11-08T16:22:00,2016-11-08T16:20:00,57,67
http://irail.be/vehicle/IC2837,http://irail.be/stations/NMBS/008892007,IC,2016-11-08T17:00:00,2016-11-08T16:53:00,26,-14
http://irail.be/vehicle/IC2837,http://irail.be/stations/NMBS/008892031,IC,2016-11-08T17:03:00,2016-11-08T17:03:00,47,47
http://irail.be/vehicle/IC2837,http://irail.be/stations/NMBS/008892056,IC,2016-11-08T17:07:00,2016-11-08T17:07:00,-20,-20
http://irail.be/vehicle/IC2837,http://irail.be/stations/NMBS/008891165,IC,2016-11-08T17:08:00,2016-11-08T17:08:00,20,20
http://irail.be/vehicle/IC2837,http://irail.be/stations/NMBS/008891157,IC,2016-11-08T17:10:00,2016-11-08T17:10:00,5,5
http://irail.be/vehicle/IC2837,http://irail.be/stations/NMBS/008891140,IC,2016-11-08T17:15:00,2016-11-08T17:13:00,61,-28
http://irail.be/vehicle/IC2837,http://irail.be/stations/NMBS/008891132,IC,2016-11-08T17:18:00,2016-11-08T17:18:00,55,55
http://irail.be/vehicle/IC2837,http://irail.be/stations/NMBS/008891124,IC,2016-11-08T17:20:00,2016-11-08T17:20:00,65,65
http://irail.be/vehicle/IC2837,http://irail.be/stations/NMBS/008891116,IC,2016-11-08T17:23:00,2016-11-08T17:23:00,59,59
http://irail.be/vehicle/IC2837,http://irail.be/stations/NMBS/008891009,IC,2016-11-08T17:29:00,2016-11-08T17:29:00,,140
http://irail.be/vehicle/IC2837,http://irail.be/stations/NMBS/008819406,IC,2016-11-17T15:59:00,2016-11-17T15:59:00,26,
http://irail.be/vehicle/IC2837,http://irail.be/stations/NMBS/008811007,IC,2016-11-17T16:07:00,2016-11-17T16:07:00,23,23
http://irail.be/vehicle/IC2837,http://irail.be/stations/NMBS/008812005,IC,2016-11-17T16:12:00,2016-11-17T16:10:00,109,124
http://irail.be/vehicle/IC2837,http://irail.be/stations/NMBS/008813045,IC,2016-11-17T16:14:00,2016-11-17T16:14:00,106,106
http://irail.be/vehicle/IC2837,http://irail.be/stations/NMBS/008813003,IC,2016-11-17T16:16:00,2016-11-17T16:15:00,225,191
http://irail.be/vehicle/IC2837,http://irail.be/stations/NMBS/008813037,IC,2016-11-17T16:18:00,2016-11-17T16:18:00,225,225
http://irail.be/vehicle/IC2837,http://irail.be/stations/NMBS/008814001,IC,2016-11-17T16:22:00,2016-11-17T16:20:00,204,237
http://irail.be/vehicle/IC2837,http://irail.be/stations/NMBS/008892007,IC,2016-11-17T17:00:00,2016-11-17T16:53:00,20,241
http://irail.be/vehicle/IC2837,http://irail.be/stations/NMBS/008892031,IC,2016-11-17T17:03:00,2016-11-17T17:03:00,58,58
http://irail.be/vehicle/IC2837,http://irail.be/stations/NMBS/008892056,IC,2016-11-17T17:07:00,2016-11-17T17:07:00,21,21
http://irail.be/vehicle/IC2837,http://irail.be/stations/NMBS/008891165,IC,2016-11-17T17:08:00,2016-11-17T17:08:00,0,0
http://irail.be/vehicle/IC2837,http://irail.be/stations/NMBS/008891157,IC,2016-11-17T17:10:00,2016-11-17T17:10:00,9,9
http://irail.be/vehicle/IC2837,http://irail.be/stations/NMBS/008891140,IC,2016-11-17T17:15:00,2016-11-17T17:13:00,123,92
http://irail.be/vehicle/IC2837,http://irail.be/stations/NMBS/008891132,IC,2016-11-17T17:18:00,2016-11-17T17:18:00,104,104
http://irail.be/vehicle/IC2837,http://irail.be/stations/NMBS/008891124,IC,2016-11-17T17:20:00,2016-11-17T17:20:00,196,196
http://irail.be/vehicle/IC2837,http://irail.be/stations/NMBS/008891116,IC,2016-11-17T17:23:00,2016-11-17T17:23:00,420,420
http://irail.be/vehicle/IC2837,http://irail.be/stations/NMBS/008891009,IC,2016-11-17T17:29:00,2016-11-17T17:29:00,,535
http://irail.be/vehicle/IC2837,http://irail.be/stations/NMBS/008819406,IC,2016-05-17T15:59:00,2016-05-17T15:59:00,47,0
http://irail.be/vehicle/IC2837,http://irail.be/stations/NMBS/008811007,IC,2016-05-17T16:07:00,2016-05-17T16:07:00,-9,-38
http://irail.be/vehicle/IC2837,http://irail.be/stations/NMBS/008812005,IC,2016-05-17T16:12:00,2016-05-17T16:10:00,48,81
http://irail.be/vehicle/IC2837,http://irail.be/stations/NMBS/008813045,IC,2016-05-17T16:14:00,2016-05-17T16:14:00,53,52
http://irail.be/vehicle/IC2837,http://irail.be/stations/NMBS/008813003,IC,2016-05-17T16:16:00,2016-05-17T16:15:00,104,80
http://irail.be/vehicle/IC2837,http://irail.be/stations/NMBS/008813037,IC,2016-05-17T16:18:00,2016-05-17T16:18:00,66,104
http://irail.be/vehicle/IC2837,http://irail.be/stations/NMBS/008814001,IC,2016-05-17T16:22:00,2016-05-17T16:20:00,137,138
http://irail.be/vehicle/IC2837,http://irail.be/stations/NMBS/008892007,IC,2016-05-17T17:00:00,2016-05-17T16:53:00,20,-8
http://irail.be/vehicle/IC2837,http://irail.be/stations/NMBS/008892031,IC,2016-05-17T17:03:00,2016-05-17T17:03:00,59,4
http://irail.be/vehicle/IC2837,http://irail.be/stations/NMBS/008892056,IC,2016-05-17T17:07:00,2016-05-17T17:07:00,-12,-31
http://irail.be/vehicle/IC2837,http://irail.be/stations/NMBS/008891165,IC,2016-05-17T17:08:00,2016-05-17T17:08:00,39,-12
http://irail.be/vehicle/IC2837,http://irail.be/stations/NMBS/008891157,IC,2016-05-17T17:10:00,2016-05-17T17:10:00,31,10
http://irail.be/vehicle/IC2837,http://irail.be/stations/NMBS/008891140,IC,2016-05-17T17:15:00,2016-05-17T17:13:00,69,3
http://irail.be/vehicle/IC2837,http://irail.be/stations/NMBS/008891132,IC,2016-05-17T17:18:00,2016-05-17T17:18:00,66,59
http://irail.be/vehicle/IC2837,http://irail.be/stations/NMBS/008891124,IC,2016-05-17T17:20:00,2016-05-17T17:20:00,80,64
http://irail.be/vehicle/IC2837,http://irail.be/stations/NMBS/008891116,IC,2016-05-17T17:23:00,2016-05-17T17:23:00,74,74
http://irail.be/vehicle/IC2837,http://irail.be/stations/NMBS/008891009,IC,2016-05-17T17:29:00,2016-05-17T17:29:00,0,64
http://irail.be/vehicle/IC2837,http://irail.be/stations/NMBS/008819406,IC,2016-06-25T15:57:00,2016-06-25T15:57:00,9,
http://irail.be/vehicle/IC2837,http://irail.be/stations/NMBS/008811007,IC,2016-06-25T16:04:00,2016-06-25T16:04:00,-10,-10
http://irail.be/vehicle/IC2837,http://irail.be/stations/NMBS/008812005,IC,2016-06-25T16:09:00,2016-06-25T16:07:00,9,-18
http://irail.be/vehicle/IC2837,http://irail.be/stations/NMBS/008813045,IC,2016-06-25T16:11:00,2016-06-25T16:11:00,1,1
http://irail.be/vehicle/IC2837,http://irail.be/stations/NMBS/008813003,IC,2016-06-25T16:13:00,2016-06-25T16:12:00,38,58
http://irail.be/vehicle/IC2837,http://irail.be/stations/NMBS/008813037,IC,2016-06-25T16:14:00,2016-06-25T16:14:00,44,44
http://irail.be/vehicle/IC2837,http://irail.be/stations/NMBS/008814001,IC,2016-06-25T16:21:00,2016-06-25T16:17:00,59,4
http://irail.be/vehicle/IC2837,http://irail.be/stations/NMBS/008892007,IC,2016-06-25T16:50:00,2016-06-25T16:50:00,,-64
http://irail.be/vehicle/IC2837,NO-URI,IC,2016-02-09T15:59:00,2016-02-09T15:59:00,120,0
http://irail.be/vehicle/IC2837,http://irail.be/stations/NMBS/008811007,IC,2016-02-09T16:07:00,2016-02-09T16:07:00,629,603
http://irail.be/vehicle/IC2837,http://irail.be/stations/NMBS/008812005,IC,2016-02-09T16:12:00,2016-02-09T16:10:00,602,636
http://irail.be/vehicle/IC2837,http://irail.be/stations/NMBS/008813045,IC,2016-02-09T16:14:00,2016-02-09T16:14:00,616,604
http://irail.be/vehicle/IC2837,http://irail.be/stations/NMBS/008813003,IC,2016-02-09T16:16:00,2016-02-09T16:15:00,815,764
http://irail.be/vehicle/IC2837,http://irail.be/stations/NMBS/008813037,IC,2016-02-09T16:18:00,2016-02-09T16:18:00,772,815
http://irail.be/vehicle/IC2837,http://irail.be/stations/NMBS/008814001,IC,2016-02-09T16:22:00,2016-02-09T16:20:00,841,803
http://irail.be/vehicle/IC2837,http://irail.be/stations/NMBS/008892007,IC,2016-02-09T17:00:00,2016-02-09T16:53:00,364,687
http://irail.be/vehicle/IC2837,http://irail.be/stations/NMBS/008892031,IC,2016-02-09T17:03:00,2016-02-09T17:03:00,368,328
http://irail.be/vehicle/IC2837,http://irail.be/stations/NMBS/008892056,IC,2016-02-09T17:07:00,2016-02-09T17:07:00,266,263
http://irail.be/vehicle/IC2837,http://irail.be/stations/NMBS/008891165,IC,2016-02-09T17:08:00,2016-02-09T17:08:00,283,266
http://irail.be/vehicle/IC2837,http://irail.be/stations/NMBS/008891157,IC,2016-02-09T17:10:00,2016-02-09T17:10:00,239,236
http://irail.be/vehicle/IC2837,http://irail.be/stations/NMBS/008891140,IC,2016-02-09T17:15:00,2016-02-09T17:13:00,173,186
http://irail.be/vehicle/IC2837,http://irail.be/stations/NMBS/008891132,IC,2016-02-09T17:18:00,2016-02-09T17:18:00,152,148
http://irail.be/vehicle/IC2837,http://irail.be/stations/NMBS/008891124,IC,2016-02-09T17:20:00,2016-02-09T17:20:00,145,135
http://irail.be/vehicle/IC2837,http://irail.be/stations/NMBS/008891116,IC,2016-02-09T17:23:00,2016-02-09T17:23:00,116,116
http://irail.be/vehicle/IC2837,http://irail.be/stations/NMBS/008891009,IC,2016-02-09T17:29:00,2016-02-09T17:29:00,0,92
http://irail.be/vehicle/IC2837,http://irail.be/stations/NMBS/008819406,IC,2016-05-18T15:59:00,2016-05-18T15:59:00,47,0
http://irail.be/vehicle/IC2837,http://irail.be/stations/NMBS/008811007,IC,2016-05-18T16:07:00,2016-05-18T16:07:00,14,-15
http://irail.be/vehicle/IC2837,http://irail.be/stations/NMBS/008812005,IC,2016-05-18T16:12:00,2016-05-18T16:10:00,34,65
http://irail.be/vehicle/IC2837,http://irail.be/stations/NMBS/008813045,IC,2016-05-18T16:14:00,2016-05-18T16:14:00,37,39
http://irail.be/vehicle/IC2837,http://irail.be/stations/NMBS/008813003,IC,2016-05-18T16:16:00,2016-05-18T16:15:00,83,61
http://irail.be/vehicle/IC2837,http://irail.be/stations/NMBS/008813037,IC,2016-05-18T16:18:00,2016-05-18T16:18:00,48,83
http://irail.be/vehicle/IC2837,http://irail.be/stations/NMBS/008814001,IC,2016-05-18T16:22:00,2016-05-18T16:20:00,58,76
http://irail.be/vehicle/IC2837,http://irail.be/stations/NMBS/008892007,IC,2016-05-18T17:00:00,2016-05-18T16:53:00,41,-23
http://irail.be/vehicle/IC2837,http://irail.be/stations/NMBS/008892031,IC,2016-05-18T17:03:00,2016-05-18T17:03:00,80,18
http://irail.be/vehicle/IC2837,http://irail.be/stations/NMBS/008892056,IC,2016-05-18T17:07:00,2016-05-18T17:07:00,41,14
http://irail.be/vehicle/IC2837,http://irail.be/stations/NMBS/008891165,IC,2016-05-18T17:08:00,2016-05-18T17:08:00,94,41
http://irail.be/vehicle/IC2837,http://irail.be/stations/NMBS/008891157,IC,2016-05-18T17:10:00,2016-05-18T17:10:00,79,63
http://irail.be/vehicle/IC2837,http://irail.be/stations/NMBS/008891140,IC,2016-05-18T17:15:00,2016-05-18T17:13:00,82,40
http://irail.be/vehicle/IC2837,http://irail.be/stations/NMBS/008891132,IC,2016-05-18T17:18:00,2016-05-18T17:18:00,79,71
http://irail.be/vehicle/IC2837,http://irail.be/stations/NMBS/008891124,IC,2016-05-18T17:20:00,2016-05-18T17:20:00,80,70
http://irail.be/vehicle/IC2837,http://irail.be/stations/NMBS/008891116,IC,2016-05-18T17:23:00,2016-05-18T17:23:00,411,411
http://irail.be/vehicle/IC2837,http://irail.be/stations/NMBS/008891009,IC,2016-05-18T17:29:00,2016-05-18T17:29:00,0,397
http://irail.be/vehicle/IC2837,NO-URI,IC,2016-02-29T15:59:00,2016-02-29T15:59:00,46,0
http://irail.be/vehicle/IC2837,http://irail.be/stations/NMBS/008811007,IC,2016-02-29T16:07:00,2016-02-29T16:07:00,-22,-48
http://irail.be/vehicle/IC2837,http://irail.be/stations/NMBS/008812005,IC,2016-02-29T16:12:00,2016-02-29T16:10:00,2,17
http://irail.be/vehicle/IC2837,http://irail.be/stations/NMBS/008813045,IC,2016-02-29T16:14:00,2016-02-29T16:14:00,9,6
http://irail.be/vehicle/IC2837,http://irail.be/stations/NMBS/008813003,IC,2016-02-29T16:16:00,2016-02-29T16:15:00,58,36
http://irail.be/vehicle/IC2837,http://irail.be/stations/NMBS/008813037,IC,2016-02-29T16:18:00,2016-02-29T16:18:00,11,58
http://irail.be/vehicle/IC2837,http://irail.be/stations/NMBS/008814001,IC,2016-02-29T16:22:00,2016-02-29T16:20:00,123,119
http://irail.be/vehicle/IC2837,http://irail.be/stations/NMBS/008892007,IC,2016-02-29T17:00:00,2016-02-29T16:53:00,21,-13
http://irail.be/vehicle/IC2837,http://irail.be/stations/NMBS/008892031,IC,2016-02-29T17:03:00,2016-02-29T17:03:00,51,-5
http://irail.be/vehicle/IC2837,http://irail.be/stations/NMBS/008892056,IC,2016-02-29T17:07:00,2016-02-29T17:07:00,-20,-35
http://irail.be/vehicle/IC2837,http://irail.be/stations/NMBS/008891165,IC,2016-02-29T17:08:00,2016-02-29T17:08:00,18,-20
http://irail.be/vehicle/IC2837,http://irail.be/stations/NMBS/008891157,IC,2016-02-29T17:10:00,2016-02-29T17:10:00,-5,-17
http://irail.be/vehicle/IC2837,http://irail.be/stations/NMBS/008891140,IC,2016-02-29T17:15:00,2016-02-29T17:13:00,60,26
http://irail.be/vehicle/IC2837,http://irail.be/stations/NMBS/008891132,IC,2016-02-29T17:18:00,2016-02-29T17:18:00,59,49
http://irail.be/vehicle/IC2837,http://irail.be/stations/NMBS/008891124,IC,2016-02-29T17:20:00,2016-02-29T17:20:00,79,63
http://irail.be/vehicle/IC2837,http://irail.be/stations/NMBS/008891116,IC,2016-02-29T17:23:00,2016-02-29T17:23:00,58,58
http://irail.be/vehicle/IC2837,http://irail.be/stations/NMBS/008891009,IC,2016-02-29T17:29:00,2016-02-29T17:29:00,0,46
http://irail.be/vehicle/IC2837,http://irail.be/stations/NMBS/008819406,IC,2016-07-22T15:59:00,2016-07-22T15:59:00,19,
http://irail.be/vehicle/IC2837,http://irail.be/stations/NMBS/008811007,IC,2016-07-22T16:07:00,2016-07-22T16:07:00,28,28
http://irail.be/vehicle/IC2837,http://irail.be/stations/NMBS/008812005,IC,2016-07-22T16:12:00,2016-07-22T16:10:00,97,139
http://irail.be/vehicle/IC2837,http://irail.be/stations/NMBS/008813045,IC,2016-07-22T16:14:00,2016-07-22T16:14:00,108,108
http://irail.be/vehicle/IC2837,http://irail.be/stations/NMBS/008813003,IC,2016-07-22T16:16:00,2016-07-22T16:15:00,181,134
http://irail.be/vehicle/IC2837,http://irail.be/stations/NMBS/008813037,IC,2016-07-22T16:18:00,2016-07-22T16:18:00,136,136
http://irail.be/vehicle/IC2837,http://irail.be/stations/NMBS/008814001,IC,2016-07-22T16:22:00,2016-07-22T16:20:00,159,184
http://irail.be/vehicle/IC2837,http://irail.be/stations/NMBS/008892007,IC,2016-07-22T17:00:00,2016-07-22T16:53:00,36,-41
http://irail.be/vehicle/IC2837,http://irail.be/stations/NMBS/008892031,IC,2016-07-22T17:03:00,2016-07-22T17:03:00,46,46
http://irail.be/vehicle/IC2837,http://irail.be/stations/NMBS/008892056,IC,2016-07-22T17:07:00,2016-07-22T17:07:00,-59,-59
http://irail.be/vehicle/IC2837,http://irail.be/stations/NMBS/008891165,IC,2016-07-22T17:08:00,2016-07-22T17:08:00,-41,-41
http://irail.be/vehicle/IC2837,http://irail.be/stations/NMBS/008891157,IC,2016-07-22T17:10:00,2016-07-22T17:10:00,-86,-86
http://irail.be/vehicle/IC2837,http://irail.be/stations/NMBS/008891140,IC,2016-07-22T17:15:00,2016-07-22T17:13:00,74,-43
http://irail.be/vehicle/IC2837,http://irail.be/stations/NMBS/008891132,IC,2016-07-22T17:18:00,2016-07-22T17:18:00,34,34
http://irail.be/vehicle/IC2837,http://irail.be/stations/NMBS/008891124,IC,2016-07-22T17:20:00,2016-07-22T17:20:00,25,25
http://irail.be/vehicle/IC2837,http://irail.be/stations/NMBS/008891116,IC,2016-07-22T17:23:00,2016-07-22T17:23:00,-6,-6
http://irail.be/vehicle/IC2837,http://irail.be/stations/NMBS/008891009,IC,2016-07-22T17:29:00,2016-07-22T17:29:00,,66
http://irail.be/vehicle/IC2837,http://irail.be/stations/NMBS/008819406,IC,2016-08-06T15:57:00,2016-08-06T15:57:00,59,
http://irail.be/vehicle/IC2837,http://irail.be/stations/NMBS/008811007,IC,2016-08-06T16:04:00,2016-08-06T16:04:00,65,65
http://irail.be/vehicle/IC2837,http://irail.be/stations/NMBS/008812005,IC,2016-08-06T16:09:00,2016-08-06T16:07:00,22,70
http://irail.be/vehicle/IC2837,http://irail.be/stations/NMBS/008813045,IC,2016-08-06T16:11:00,2016-08-06T16:11:00,26,26
http://irail.be/vehicle/IC2837,http://irail.be/stations/NMBS/008813003,IC,2016-08-06T16:13:00,2016-08-06T16:12:00,117,119
http://irail.be/vehicle/IC2837,http://irail.be/stations/NMBS/008813037,IC,2016-08-06T16:14:00,2016-08-06T16:14:00,130,130
http://irail.be/vehicle/IC2837,http://irail.be/stations/NMBS/008814001,IC,2016-08-06T16:21:00,2016-08-06T16:17:00,57,114
http://irail.be/vehicle/IC2837,http://irail.be/stations/NMBS/008892007,IC,2016-08-06T16:50:00,2016-08-06T16:50:00,,34
http://irail.be/vehicle/IC2837,http://irail.be/stations/NMBS/008819406,IC,2016-09-16T15:59:00,2016-09-16T15:59:00,412,
http://irail.be/vehicle/IC2837,http://irail.be/stations/NMBS/008811221,IC,2016-09-16T16:03:00,2016-09-16T16:03:00,449,449
http://irail.be/vehicle/IC2837,http://irail.be/stations/NMBS/008811213,IC,2016-09-16T16:05:00,2016-09-16T16:05:00,449,449
http://irail.be/vehicle/IC2837,http://irail.be/stations/NMBS/008811130,IC,2016-09-16T16:05:00,2016-09-16T16:05:00,449,449
http://irail.be/vehicle/IC2837,http://irail.be/stations/NMBS/008811007,IC,2016-09-16T16:08:00,2016-09-16T16:08:00,365,365
http://irail.be/vehicle/IC2837,http://irail.be/stations/NMBS/008812005,IC,2016-09-16T16:14:00,2016-09-16T16:12:00,564,460
http://irail.be/vehicle/IC2837,http://irail.be/stations/NMBS/008813045,IC,2016-09-16T16:16:00,2016-09-16T16:16:00,580,580
http://irail.be/vehicle/IC2837,http://irail.be/stations/NMBS/008813003,IC,2016-09-16T16:18:00,2016-09-16T16:17:00,674,621
http://irail.be/vehicle/IC2837,http://irail.be/stations/NMBS/008813037,IC,2016-09-16T16:20:00,2016-09-16T16:20:00,647,647
http://irail.be/vehicle/IC2837,http://irail.be/stations/NMBS/008814001,IC,2016-09-16T16:24:00,2016-09-16T16:22:00,732,754
http://irail.be/vehicle/IC2837,http://irail.be/stations/NMBS/008892007,IC,2016-09-16T17:02:00,2016-09-16T16:55:00,351,637
http://irail.be/vehicle/IC2837,http://irail.be/stations/NMBS/008892031,IC,2016-09-16T17:05:00,2016-09-16T17:05:00,336,336
http://irail.be/vehicle/IC2837,http://irail.be/stations/NMBS/008892056,IC,2016-09-16T17:09:00,2016-09-16T17:09:00,237,237
http://irail.be/vehicle/IC2837,http://irail.be/stations/NMBS/008891165,IC,2016-09-16T17:10:00,2016-09-16T17:10:00,253,253
http://irail.be/vehicle/IC2837,http://irail.be/stations/NMBS/008891157,IC,2016-09-16T17:12:00,2016-09-16T17:12:00,207,207
http://irail.be/vehicle/IC2837,http://irail.be/stations/NMBS/008891140,IC,2016-09-16T17:17:00,2016-09-16T17:15:00,139,142
http://irail.be/vehicle/IC2837,http://irail.be/stations/NMBS/008891132,IC,2016-09-16T17:20:00,2016-09-16T17:20:00,102,102
http://irail.be/vehicle/IC2837,http://irail.be/stations/NMBS/008891124,IC,2016-09-16T17:22:00,2016-09-16T17:22:00,96,96
http://irail.be/vehicle/IC2837,http://irail.be/stations/NMBS/008891116,IC,2016-09-16T17:25:00,2016-09-16T17:25:00,70,70
http://irail.be/vehicle/IC2837,http://irail.be/stations/NMBS/008891009,IC,2016-09-16T17:31:00,2016-09-16T17:31:00,,78
http://irail.be/vehicle/IC2837,http://irail.be/stations/NMBS/008819406,IC,2016-07-07T15:59:00,2016-07-07T15:59:00,72,
http://irail.be/vehicle/IC2837,http://irail.be/stations/NMBS/008811007,IC,2016-07-07T16:07:00,2016-07-07T16:07:00,25,25
http://irail.be/vehicle/IC2837,http://irail.be/stations/NMBS/008812005,IC,2016-07-07T16:12:00,2016-07-07T16:10:00,66,119
http://irail.be/vehicle/IC2837,http://irail.be/stations/NMBS/008813045,IC,2016-07-07T16:14:00,2016-07-07T16:14:00,74,74
http://irail.be/vehicle/IC2837,http://irail.be/stations/NMBS/008813003,IC,2016-07-07T16:16:00,2016-07-07T16:15:00,211,164
http://irail.be/vehicle/IC2837,http://irail.be/stations/NMBS/008813037,IC,2016-07-07T16:18:00,2016-07-07T16:18:00,182,182
http://irail.be/vehicle/IC2837,http://irail.be/stations/NMBS/008814001,IC,2016-07-07T16:22:00,2016-07-07T16:20:00,262,234
http://irail.be/vehicle/IC2837,http://irail.be/stations/NMBS/008892007,IC,2016-07-07T17:00:00,2016-07-07T16:53:00,77,221
http://irail.be/vehicle/IC2837,http://irail.be/stations/NMBS/008892031,IC,2016-07-07T17:03:00,2016-07-07T17:03:00,71,71
http://irail.be/vehicle/IC2837,http://irail.be/stations/NMBS/008892056,IC,2016-07-07T17:07:00,2016-07-07T17:07:00,-30,-30
http://irail.be/vehicle/IC2837,http://irail.be/stations/NMBS/008891165,IC,2016-07-07T17:08:00,2016-07-07T17:08:00,-13,-13
http://irail.be/vehicle/IC2837,http://irail.be/stations/NMBS/008891157,IC,2016-07-07T17:10:00,2016-07-07T17:10:00,-55,-55
http://irail.be/vehicle/IC2837,http://irail.be/stations/NMBS/008891140,IC,2016-07-07T17:15:00,2016-07-07T17:13:00,47,-69
http://irail.be/vehicle/IC2837,http://irail.be/stations/NMBS/008891132,IC,2016-07-07T17:18:00,2016-07-07T17:18:00,6,6
http://irail.be/vehicle/IC2837,http://irail.be/stations/NMBS/008891124,IC,2016-07-07T17:20:00,2016-07-07T17:20:00,0,0
http://irail.be/vehicle/IC2837,http://irail.be/stations/NMBS/008891116,IC,2016-07-07T17:23:00,2016-07-07T17:23:00,83,83
http://irail.be/vehicle/IC2837,http://irail.be/stations/NMBS/008891009,IC,2016-07-07T17:29:00,2016-07-07T17:29:00,,122
http://irail.be/vehicle/IC2837,http://irail.be/stations/NMBS/008814001,IC,2016-03-30T16:22:00,2016-03-30T16:22:00,253,0
http://irail.be/vehicle/IC2837,http://irail.be/stations/NMBS/008892007,IC,2016-03-30T17:00:00,2016-03-30T16:53:00,29,112
http://irail.be/vehicle/IC2837,http://irail.be/stations/NMBS/008892031,IC,2016-03-30T17:03:00,2016-03-30T17:03:00,18,-20
http://irail.be/vehicle/IC2837,http://irail.be/stations/NMBS/008892056,IC,2016-03-30T17:07:00,2016-03-30T17:07:00,-64,-78
http://irail.be/vehicle/IC2837,http://irail.be/stations/NMBS/008891165,IC,2016-03-30T17:09:00,2016-03-30T17:09:00,-26,-4
http://irail.be/vehicle/IC2837,http://irail.be/stations/NMBS/008891157,IC,2016-03-30T17:10:00,2016-03-30T17:10:00,-59,-68
http://irail.be/vehicle/IC2837,http://irail.be/stations/NMBS/008891140,IC,2016-03-30T17:15:00,2016-03-30T17:13:00,40,-73
http://irail.be/vehicle/IC2837,http://irail.be/stations/NMBS/008891132,IC,2016-03-30T17:18:00,2016-03-30T17:18:00,3,-4
http://irail.be/vehicle/IC2837,http://irail.be/stations/NMBS/008891124,IC,2016-03-30T17:20:00,2016-03-30T17:20:00,15,-1
http://irail.be/vehicle/IC2837,http://irail.be/stations/NMBS/008891116,IC,2016-03-30T17:23:00,2016-03-30T17:23:00,12,12
http://irail.be/vehicle/IC2837,http://irail.be/stations/NMBS/008891009,IC,2016-03-30T17:29:00,2016-03-30T17:29:00,0,142
http://irail.be/vehicle/IC2837,http://irail.be/stations/NMBS/008819406,IC,2016-05-11T15:59:00,2016-05-11T15:59:00,64,0
http://irail.be/vehicle/IC2837,http://irail.be/stations/NMBS/008811007,IC,2016-05-11T16:07:00,2016-05-11T16:07:00,14,-12
http://irail.be/vehicle/IC2837,http://irail.be/stations/NMBS/008812005,IC,2016-05-11T16:12:00,2016-05-11T16:10:00,24,67
http://irail.be/vehicle/IC2837,http://irail.be/stations/NMBS/008813045,IC,2016-05-11T16:14:00,2016-05-11T16:14:00,28,28
http://irail.be/vehicle/IC2837,http://irail.be/stations/NMBS/008813003,IC,2016-05-11T16:16:00,2016-05-11T16:15:00,78,54
http://irail.be/vehicle/IC2837,http://irail.be/stations/NMBS/008813037,IC,2016-05-11T16:18:00,2016-05-11T16:18:00,39,78
http://irail.be/vehicle/IC2837,http://irail.be/stations/NMBS/008814001,IC,2016-05-11T16:22:00,2016-05-11T16:20:00,124,74
http://irail.be/vehicle/IC2837,http://irail.be/stations/NMBS/008892007,IC,2016-05-11T17:00:00,2016-05-11T16:53:00,466,798
http://irail.be/vehicle/IC2837,http://irail.be/stations/NMBS/008892031,IC,2016-05-11T17:03:00,2016-05-11T17:03:00,457,420
http://irail.be/vehicle/IC2837,http://irail.be/stations/NMBS/008892056,IC,2016-05-11T17:07:00,2016-05-11T17:07:00,357,354
http://irail.be/vehicle/IC2837,http://irail.be/stations/NMBS/008891165,IC,2016-05-11T17:08:00,2016-05-11T17:08:00,375,357
http://irail.be/vehicle/IC2837,http://irail.be/stations/NMBS/008891157,IC,2016-05-11T17:10:00,2016-05-11T17:10:00,332,328
http://irail.be/vehicle/IC2837,http://irail.be/stations/NMBS/008891140,IC,2016-05-11T17:15:00,2016-05-11T17:13:00,268,294
http://irail.be/vehicle/IC2837,http://irail.be/stations/NMBS/008891132,IC,2016-05-11T17:18:00,2016-05-11T17:18:00,237,235
http://irail.be/vehicle/IC2837,http://irail.be/stations/NMBS/008891124,IC,2016-05-11T17:20:00,2016-05-11T17:20:00,272,246
http://irail.be/vehicle/IC2837,http://irail.be/stations/NMBS/008891116,IC,2016-05-11T17:23:00,2016-05-11T17:23:00,390,390
http://irail.be/vehicle/IC2837,http://irail.be/stations/NMBS/008891009,IC,2016-05-11T17:29:00,2016-05-11T17:29:00,0,563
http://irail.be/vehicle/IC2837,http://irail.be/stations/NMBS/008819406,IC,2016-05-15T15:57:00,2016-05-15T15:57:00,177,0
http://irail.be/vehicle/IC2837,http://irail.be/stations/NMBS/008811007,IC,2016-05-15T16:04:00,2016-05-15T16:04:00,252,221
http://irail.be/vehicle/IC2837,http://irail.be/stations/NMBS/008812005,IC,2016-05-15T16:09:00,2016-05-15T16:07:00,274,327
http://irail.be/vehicle/IC2837,http://irail.be/stations/NMBS/008813045,IC,2016-05-15T16:11:00,2016-05-15T16:11:00,292,292
http://irail.be/vehicle/IC2837,http://irail.be/stations/NMBS/008813003,IC,2016-05-15T16:13:00,2016-05-15T16:12:00,361,330
http://irail.be/vehicle/IC2837,http://irail.be/stations/NMBS/008813037,IC,2016-05-15T16:15:00,2016-05-15T16:15:00,350,361
http://irail.be/vehicle/IC2837,http://irail.be/stations/NMBS/008814001,IC,2016-05-15T16:21:00,2016-05-15T16:17:00,335,415
http://irail.be/vehicle/IC2837,http://irail.be/stations/NMBS/008892007,IC,2016-05-15T16:50:00,2016-05-15T16:50:00,0,388
http://irail.be/vehicle/IC2837,http://irail.be/stations/NMBS/008814001,IC,2016-04-02T16:21:00,2016-04-02T16:21:00,101,0
http://irail.be/vehicle/IC2837,http://irail.be/stations/NMBS/008892007,IC,2016-04-02T16:50:00,2016-04-02T16:50:00,0,1339
http://irail.be/vehicle/IC2837,NO-URI,IC,2016-02-27T15:57:00,2016-02-27T15:57:00,8,0
http://irail.be/vehicle/IC2837,http://irail.be/stations/NMBS/008811007,IC,2016-02-27T16:04:00,2016-02-27T16:04:00,7,-20
http://irail.be/vehicle/IC2837,http://irail.be/stations/NMBS/008812005,IC,2016-02-27T16:09:00,2016-02-27T16:07:00,18,71
http://irail.be/vehicle/IC2837,http://irail.be/stations/NMBS/008813045,IC,2016-02-27T16:11:00,2016-02-27T16:11:00,21,20
http://irail.be/vehicle/IC2837,http://irail.be/stations/NMBS/008813003,IC,2016-02-27T16:13:00,2016-02-27T16:12:00,137,136
http://irail.be/vehicle/IC2837,http://irail.be/stations/NMBS/008813037,IC,2016-02-27T16:14:00,2016-02-27T16:14:00,145,146
http://irail.be/vehicle/IC2837,http://irail.be/stations/NMBS/008814001,IC,2016-02-27T16:21:00,2016-02-27T16:17:00,57,102
http://irail.be/vehicle/IC2837,http://irail.be/stations/NMBS/008895836,IC,2016-02-27T16:34:00,2016-02-27T16:34:00,6,6
http://irail.be/vehicle/IC2837,http://irail.be/stations/NMBS/008895802,IC,2016-02-27T16:38:00,2016-02-27T16:38:00,-28,-78
http://irail.be/vehicle/IC2837,http://irail.be/stations/NMBS/008895091,IC,2016-02-27T16:43:00,2016-02-27T16:43:00,-110,-110
http://irail.be/vehicle/IC2837,http://irail.be/stations/NMBS/008895000,IC,2016-02-27T16:46:00,2016-02-27T16:46:00,-163,-168
http://irail.be/vehicle/IC2837,http://irail.be/stations/NMBS/008895067,IC,2016-02-27T16:51:00,2016-02-27T16:51:00,-163,-163
http://irail.be/vehicle/IC2837,http://irail.be/stations/NMBS/008893583,IC,2016-02-27T16:54:00,2016-02-27T16:54:00,-163,-163
http://irail.be/vehicle/IC2837,http://irail.be/stations/NMBS/008893542,IC,2016-02-27T16:58:00,2016-02-27T16:58:00,-471,-472
http://irail.be/vehicle/IC2837,http://irail.be/stations/NMBS/008893559,IC,2016-02-27T17:01:00,2016-02-27T17:01:00,-570,-569
http://irail.be/vehicle/IC2837,http://irail.be/stations/NMBS/008893567,IC,2016-02-27T17:04:00,2016-02-27T17:04:00,-524,-547
http://irail.be/vehicle/IC2837,http://irail.be/stations/NMBS/008893039,IC,2016-02-27T17:06:00,2016-02-27T17:06:00,-516,-516
http://irail.be/vehicle/IC2837,http://irail.be/stations/NMBS/008893013,IC,2016-02-27T17:07:00,2016-02-27T17:07:00,-532,-529
http://irail.be/vehicle/IC2837,http://irail.be/stations/NMBS/008892007,IC,2016-02-27T17:12:00,2016-02-27T17:12:00,0,820
http://irail.be/vehicle/IC2837,http://irail.be/stations/NMBS/008819406,IC,2016-07-12T15:59:00,2016-07-12T15:59:00,3,
http://irail.be/vehicle/IC2837,http://irail.be/stations/NMBS/008811007,IC,2016-07-12T16:07:00,2016-07-12T16:07:00,96,96
http://irail.be/vehicle/IC2837,http://irail.be/stations/NMBS/008812005,IC,2016-07-12T16:12:00,2016-07-12T16:10:00,177,234
http://irail.be/vehicle/IC2837,http://irail.be/stations/NMBS/008813045,IC,2016-07-12T16:14:00,2016-07-12T16:14:00,185,185
http://irail.be/vehicle/IC2837,http://irail.be/stations/NMBS/008813003,IC,2016-07-12T16:16:00,2016-07-12T16:15:00,218,211
http://irail.be/vehicle/IC2837,http://irail.be/stations/NMBS/008813037,IC,2016-07-12T16:18:00,2016-07-12T16:18:00,175,175
http://irail.be/vehicle/IC2837,http://irail.be/stations/NMBS/008814001,IC,2016-07-12T16:22:00,2016-07-12T16:20:00,199,216
http://irail.be/vehicle/IC2837,http://irail.be/stations/NMBS/008892007,IC,2016-07-12T17:00:00,2016-07-12T16:53:00,15,72
http://irail.be/vehicle/IC2837,http://irail.be/stations/NMBS/008892031,IC,2016-07-12T17:03:00,2016-07-12T17:03:00,67,67
http://irail.be/vehicle/IC2837,http://irail.be/stations/NMBS/008892056,IC,2016-07-12T17:07:00,2016-07-12T17:07:00,-17,-17
http://irail.be/vehicle/IC2837,http://irail.be/stations/NMBS/008891165,IC,2016-07-12T17:08:00,2016-07-12T17:08:00,24,24
http://irail.be/vehicle/IC2837,http://irail.be/stations/NMBS/008891157,IC,2016-07-12T17:10:00,2016-07-12T17:10:00,11,11
http://irail.be/vehicle/IC2837,http://irail.be/stations/NMBS/008891140,IC,2016-07-12T17:15:00,2016-07-12T17:13:00,61,0
http://irail.be/vehicle/IC2837,http://irail.be/stations/NMBS/008891132,IC,2016-07-12T17:18:00,2016-07-12T17:18:00,26,26
http://irail.be/vehicle/IC2837,http://irail.be/stations/NMBS/008891124,IC,2016-07-12T17:20:00,2016-07-12T17:20:00,25,25
http://irail.be/vehicle/IC2837,http://irail.be/stations/NMBS/008891116,IC,2016-07-12T17:23:00,2016-07-12T17:23:00,118,118
http://irail.be/vehicle/IC2837,http://irail.be/stations/NMBS/008891009,IC,2016-07-12T17:29:00,2016-07-12T17:29:00,,110
http://irail.be/vehicle/IC2837,http://irail.be/stations/NMBS/008819406,IC,2016-07-26T15:59:00,2016-07-26T15:59:00,54,
http://irail.be/vehicle/IC2837,http://irail.be/stations/NMBS/008811007,IC,2016-07-26T16:07:00,2016-07-26T16:07:00,20,20
http://irail.be/vehicle/IC2837,http://irail.be/stations/NMBS/008812005,IC,2016-07-26T16:12:00,2016-07-26T16:10:00,13,71
http://irail.be/vehicle/IC2837,http://irail.be/stations/NMBS/008813045,IC,2016-07-26T16:14:00,2016-07-26T16:14:00,24,24
http://irail.be/vehicle/IC2837,http://irail.be/stations/NMBS/008813003,IC,2016-07-26T16:16:00,2016-07-26T16:15:00,58,55
http://irail.be/vehicle/IC2837,http://irail.be/stations/NMBS/008813037,IC,2016-07-26T16:18:00,2016-07-26T16:18:00,25,25
http://irail.be/vehicle/IC2837,http://irail.be/stations/NMBS/008814001,IC,2016-07-26T16:22:00,2016-07-26T16:20:00,54,59
http://irail.be/vehicle/IC2837,http://irail.be/stations/NMBS/008892007,IC,2016-07-26T17:00:00,2016-07-26T16:53:00,24,64
http://irail.be/vehicle/IC2837,http://irail.be/stations/NMBS/008892031,IC,2016-07-26T17:03:00,2016-07-26T17:03:00,52,52
http://irail.be/vehicle/IC2837,http://irail.be/stations/NMBS/008892056,IC,2016-07-26T17:07:00,2016-07-26T17:07:00,-49,-49
http://irail.be/vehicle/IC2837,http://irail.be/stations/NMBS/008891165,IC,2016-07-26T17:08:00,2016-07-26T17:08:00,-31,-31
http://irail.be/vehicle/IC2837,http://irail.be/stations/NMBS/008891157,IC,2016-07-26T17:10:00,2016-07-26T17:10:00,-73,-73
http://irail.be/vehicle/IC2837,http://irail.be/stations/NMBS/008891140,IC,2016-07-26T17:15:00,2016-07-26T17:13:00,64,-36
http://irail.be/vehicle/IC2837,http://irail.be/stations/NMBS/008891132,IC,2016-07-26T17:18:00,2016-07-26T17:18:00,31,31
http://irail.be/vehicle/IC2837,http://irail.be/stations/NMBS/008891124,IC,2016-07-26T17:20:00,2016-07-26T17:20:00,21,21
http://irail.be/vehicle/IC2837,http://irail.be/stations/NMBS/008891116,IC,2016-07-26T17:23:00,2016-07-26T17:23:00,106,106
http://irail.be/vehicle/IC2837,http://irail.be/stations/NMBS/008891009,IC,2016-07-26T17:29:00,2016-07-26T17:29:00,,97
http://irail.be/vehicle/IC2837,NO-URI,IC,2016-03-03T15:59:00,2016-03-03T15:59:00,2,0
http://irail.be/vehicle/IC2837,http://irail.be/stations/NMBS/008811007,IC,2016-03-03T16:07:00,2016-03-03T16:07:00,-42,-69
http://irail.be/vehicle/IC2837,http://irail.be/stations/NMBS/008812005,IC,2016-03-03T16:12:00,2016-03-03T16:10:00,3,51
http://irail.be/vehicle/IC2837,http://irail.be/stations/NMBS/008813045,IC,2016-03-03T16:14:00,2016-03-03T16:14:00,14,14
http://irail.be/vehicle/IC2837,http://irail.be/stations/NMBS/008813003,IC,2016-03-03T16:16:00,2016-03-03T16:15:00,128,95
http://irail.be/vehicle/IC2837,http://irail.be/stations/NMBS/008813037,IC,2016-03-03T16:18:00,2016-03-03T16:18:00,87,128
http://irail.be/vehicle/IC2837,http://irail.be/stations/NMBS/008814001,IC,2016-03-03T16:22:00,2016-03-03T16:20:00,93,114
http://irail.be/vehicle/IC2837,http://irail.be/stations/NMBS/008892007,IC,2016-03-03T17:00:00,2016-03-03T16:53:00,47,268
http://irail.be/vehicle/IC2837,http://irail.be/stations/NMBS/008892031,IC,2016-03-03T17:03:00,2016-03-03T17:03:00,49,11
http://irail.be/vehicle/IC2837,http://irail.be/stations/NMBS/008892056,IC,2016-03-03T17:07:00,2016-03-03T17:07:00,-56,-58
http://irail.be/vehicle/IC2837,http://irail.be/stations/NMBS/008891165,IC,2016-03-03T17:08:00,2016-03-03T17:08:00,-43,-56
http://irail.be/vehicle/IC2837,http://irail.be/stations/NMBS/008891157,IC,2016-03-03T17:10:00,2016-03-03T17:10:00,-87,-90
http://irail.be/vehicle/IC2837,http://irail.be/stations/NMBS/008891140,IC,2016-03-03T17:15:00,2016-03-03T17:13:00,66,-57
http://irail.be/vehicle/IC2837,http://irail.be/stations/NMBS/008891132,IC,2016-03-03T17:18:00,2016-03-03T17:18:00,30,28
http://irail.be/vehicle/IC2837,http://irail.be/stations/NMBS/008891124,IC,2016-03-03T17:20:00,2016-03-03T17:20:00,21,11
http://irail.be/vehicle/IC2837,http://irail.be/stations/NMBS/008891116,IC,2016-03-03T17:23:00,2016-03-03T17:23:00,-8,-8
http://irail.be/vehicle/IC2837,http://irail.be/stations/NMBS/008891009,IC,2016-03-03T17:29:00,2016-03-03T17:29:00,0,63
http://irail.be/vehicle/IC2837,NO-URI,IC,2016-02-10T15:59:00,2016-02-10T15:59:00,17,0
http://irail.be/vehicle/IC2837,http://irail.be/stations/NMBS/008811007,IC,2016-02-10T16:07:00,2016-02-10T16:07:00,-20,-47
http://irail.be/vehicle/IC2837,http://irail.be/stations/NMBS/008812005,IC,2016-02-10T16:12:00,2016-02-10T16:10:00,-6,-15
http://irail.be/vehicle/IC2837,http://irail.be/stations/NMBS/008813045,IC,2016-02-10T16:14:00,2016-02-10T16:14:00,-7,-8
http://irail.be/vehicle/IC2837,http://irail.be/stations/NMBS/008813003,IC,2016-02-10T16:16:00,2016-02-10T16:15:00,42,22
http://irail.be/vehicle/IC2837,http://irail.be/stations/NMBS/008813037,IC,2016-02-10T16:18:00,2016-02-10T16:18:00,4,42
http://irail.be/vehicle/IC2837,http://irail.be/stations/NMBS/008814001,IC,2016-02-10T16:22:00,2016-02-10T16:20:00,63,36
http://irail.be/vehicle/IC2837,http://irail.be/stations/NMBS/008892007,IC,2016-02-10T17:00:00,2016-02-10T16:53:00,36,-43
http://irail.be/vehicle/IC2837,http://irail.be/stations/NMBS/008892031,IC,2016-02-10T17:03:00,2016-02-10T17:03:00,76,19
http://irail.be/vehicle/IC2837,http://irail.be/stations/NMBS/008892056,IC,2016-02-10T17:07:00,2016-02-10T17:07:00,-21,-25
http://irail.be/vehicle/IC2837,http://irail.be/stations/NMBS/008891165,IC,2016-02-10T17:08:00,2016-02-10T17:08:00,1,-21
http://irail.be/vehicle/IC2837,http://irail.be/stations/NMBS/008891157,IC,2016-02-10T17:10:00,2016-02-10T17:10:00,-29,-40
http://irail.be/vehicle/IC2837,http://irail.be/stations/NMBS/008891140,IC,2016-02-10T17:15:00,2016-02-10T17:13:00,62,24
http://irail.be/vehicle/IC2837,http://irail.be/stations/NMBS/008891132,IC,2016-02-10T17:18:00,2016-02-10T17:18:00,56,49
http://irail.be/vehicle/IC2837,http://irail.be/stations/NMBS/008891124,IC,2016-02-10T17:20:00,2016-02-10T17:20:00,57,44
http://irail.be/vehicle/IC2837,http://irail.be/stations/NMBS/008891116,IC,2016-02-10T17:23:00,2016-02-10T17:23:00,119,119
http://irail.be/vehicle/IC2837,http://irail.be/stations/NMBS/008891009,IC,2016-02-10T17:29:00,2016-02-10T17:29:00,0,223
http://irail.be/vehicle/IC2837,http://irail.be/stations/NMBS/008819406,IC,2016-05-21T15:57:00,2016-05-21T15:57:00,40,0
http://irail.be/vehicle/IC2837,http://irail.be/stations/NMBS/008811007,IC,2016-05-21T16:04:00,2016-05-21T16:04:00,46,16
http://irail.be/vehicle/IC2837,http://irail.be/stations/NMBS/008812005,IC,2016-05-21T16:09:00,2016-05-21T16:07:00,0,43
http://irail.be/vehicle/IC2837,http://irail.be/stations/NMBS/008813045,IC,2016-05-21T16:11:00,2016-05-21T16:11:00,-4,-6
http://irail.be/vehicle/IC2837,http://irail.be/stations/NMBS/008813003,IC,2016-05-21T16:13:00,2016-05-21T16:12:00,12,27
http://irail.be/vehicle/IC2837,http://irail.be/stations/NMBS/008813037,IC,2016-05-21T16:14:00,2016-05-21T16:14:00,23,12
http://irail.be/vehicle/IC2837,http://irail.be/stations/NMBS/008814001,IC,2016-05-21T16:17:00,2016-05-21T16:17:00,0,-8
http://irail.be/vehicle/IC2837,http://irail.be/stations/NMBS/008819406,IC,2016-10-29T15:57:00,2016-10-29T15:57:00,41,
http://irail.be/vehicle/IC2837,http://irail.be/stations/NMBS/008811007,IC,2016-10-29T16:04:00,2016-10-29T16:04:00,22,22
http://irail.be/vehicle/IC2837,http://irail.be/stations/NMBS/008812005,IC,2016-10-29T16:09:00,2016-10-29T16:07:00,13,9
http://irail.be/vehicle/IC2837,http://irail.be/stations/NMBS/008813045,IC,2016-10-29T16:11:00,2016-10-29T16:11:00,11,11
http://irail.be/vehicle/IC2837,http://irail.be/stations/NMBS/008813003,IC,2016-10-29T16:13:00,2016-10-29T16:12:00,80,67
http://irail.be/vehicle/IC2837,http://irail.be/stations/NMBS/008813037,IC,2016-10-29T16:14:00,2016-10-29T16:14:00,87,87
http://irail.be/vehicle/IC2837,http://irail.be/stations/NMBS/008814001,IC,2016-10-29T16:21:00,2016-10-29T16:17:00,45,48
http://irail.be/vehicle/IC2837,http://irail.be/stations/NMBS/008892007,IC,2016-10-29T16:50:00,2016-10-29T16:50:00,,-229
http://irail.be/vehicle/IC2837,NO-URI,IC,2016-01-04T15:59:00,2016-01-04T15:59:00,6,0
http://irail.be/vehicle/IC2837,http://irail.be/stations/NMBS/008811007,IC,2016-01-04T16:07:00,2016-01-04T16:07:00,96,-9
http://irail.be/vehicle/IC2837,http://irail.be/stations/NMBS/008812005,IC,2016-01-04T16:12:00,2016-01-04T16:10:00,163,195
http://irail.be/vehicle/IC2837,http://irail.be/stations/NMBS/008813045,IC,2016-01-04T16:14:00,2016-01-04T16:14:00,168,170
http://irail.be/vehicle/IC2837,http://irail.be/stations/NMBS/008813003,IC,2016-01-04T16:16:00,2016-01-04T16:15:00,231,190
http://irail.be/vehicle/IC2837,http://irail.be/stations/NMBS/008813037,IC,2016-01-04T16:18:00,2016-01-04T16:18:00,192,231
http://irail.be/vehicle/IC2837,http://irail.be/stations/NMBS/008814001,IC,2016-01-04T16:22:00,2016-01-04T16:20:00,239,228
http://irail.be/vehicle/IC2837,http://irail.be/stations/NMBS/008892007,IC,2016-01-04T17:00:00,2016-01-04T16:55:00,47,83
http://irail.be/vehicle/IC2837,http://irail.be/stations/NMBS/008892031,IC,2016-01-04T17:03:00,2016-01-04T17:03:00,109,36
http://irail.be/vehicle/IC2837,http://irail.be/stations/NMBS/008892056,IC,2016-01-04T17:07:00,2016-01-04T17:07:00,68,43
http://irail.be/vehicle/IC2837,http://irail.be/stations/NMBS/008891165,IC,2016-01-04T17:08:00,2016-01-04T17:08:00,126,68
http://irail.be/vehicle/IC2837,http://irail.be/stations/NMBS/008891157,IC,2016-01-04T17:10:00,2016-01-04T17:10:00,119,97
http://irail.be/vehicle/IC2837,http://irail.be/stations/NMBS/008891140,IC,2016-01-04T17:15:00,2016-01-04T17:13:00,116,94
http://irail.be/vehicle/IC2837,http://irail.be/stations/NMBS/008891132,IC,2016-01-04T17:18:00,2016-01-04T17:18:00,121,105
http://irail.be/vehicle/IC2837,http://irail.be/stations/NMBS/008891124,IC,2016-01-04T17:20:00,2016-01-04T17:20:00,158,139
http://irail.be/vehicle/IC2837,http://irail.be/stations/NMBS/008891116,IC,2016-01-04T17:23:00,2016-01-04T17:23:00,162,162
http://irail.be/vehicle/IC2837,http://irail.be/stations/NMBS/008891009,IC,2016-01-04T17:29:00,2016-01-04T17:29:00,0,143
http://irail.be/vehicle/IC2837,http://irail.be/stations/NMBS/008819406,IC,2016-09-24T15:57:00,2016-09-24T15:57:00,5,
http://irail.be/vehicle/IC2837,http://irail.be/stations/NMBS/008811007,IC,2016-09-24T16:04:00,2016-09-24T16:04:00,3,3
http://irail.be/vehicle/IC2837,http://irail.be/stations/NMBS/008812005,IC,2016-09-24T16:09:00,2016-09-24T16:07:00,8,-1
http://irail.be/vehicle/IC2837,http://irail.be/stations/NMBS/008813045,IC,2016-09-24T16:11:00,2016-09-24T16:11:00,0,0
http://irail.be/vehicle/IC2837,http://irail.be/stations/NMBS/008813003,IC,2016-09-24T16:13:00,2016-09-24T16:12:00,47,40
http://irail.be/vehicle/IC2837,http://irail.be/stations/NMBS/008813037,IC,2016-09-24T16:14:00,2016-09-24T16:14:00,56,56
http://irail.be/vehicle/IC2837,http://irail.be/stations/NMBS/008814001,IC,2016-09-24T16:17:00,2016-09-24T16:17:00,,18
