http://irail.be/vehicle/IC938,http://irail.be/stations/NMBS/008863008,IC,2016-12-08T16:38:00,2016-12-08T16:38:00,67,
http://irail.be/vehicle/IC938,http://irail.be/stations/NMBS/008861119,IC,2016-12-08T16:42:03,2016-12-08T16:42:03,16,16
http://irail.be/vehicle/IC938,http://irail.be/stations/NMBS/008861127,IC,2016-12-08T16:43:00,2016-12-08T16:43:00,17,17
http://irail.be/vehicle/IC938,http://irail.be/stations/NMBS/008861135,IC,2016-12-08T16:46:00,2016-12-08T16:46:00,17,17
http://irail.be/vehicle/IC938,http://irail.be/stations/NMBS/008861143,IC,2016-12-08T16:49:00,2016-12-08T16:49:00,-78,-78
http://irail.be/vehicle/IC938,http://irail.be/stations/NMBS/008861150,IC,2016-12-08T16:51:00,2016-12-08T16:51:00,-85,-85
http://irail.be/vehicle/IC938,NO-URI,IC,2016-12-08T16:51:00,2016-12-08T16:51:00,-85,-85
http://irail.be/vehicle/IC938,http://irail.be/stations/NMBS/008861168,IC,2016-12-08T16:52:00,2016-12-08T16:52:00,-86,-86
http://irail.be/vehicle/IC938,http://irail.be/stations/NMBS/008874724,IC,2016-12-08T16:52:00,2016-12-08T16:52:00,-99,-99
http://irail.be/vehicle/IC938,NO-URI,IC,2016-12-08T16:54:00,2016-12-08T16:54:00,-99,-99
http://irail.be/vehicle/IC938,http://irail.be/stations/NMBS/008874716,IC,2016-12-08T16:55:00,2016-12-08T16:55:00,-12,-12
http://irail.be/vehicle/IC938,http://irail.be/stations/NMBS/008874609,IC,2016-12-08T16:58:00,2016-12-08T16:57:00,64,4
http://irail.be/vehicle/IC938,http://irail.be/stations/NMBS/008874583,IC,2016-12-08T16:59:00,2016-12-08T16:59:00,64,64
http://irail.be/vehicle/IC938,http://irail.be/stations/NMBS/008874567,IC,2016-12-08T17:01:00,2016-12-08T17:01:00,11,11
http://irail.be/vehicle/IC938,http://irail.be/stations/NMBS/008874559,IC,2016-12-08T17:02:00,2016-12-08T17:02:00,11,11
http://irail.be/vehicle/IC938,NO-URI,IC,2016-12-08T17:03:00,2016-12-08T17:03:00,0,0
http://irail.be/vehicle/IC938,http://irail.be/stations/NMBS/008874005,IC,2016-12-08T17:03:00,2016-12-08T17:03:00,8,8
http://irail.be/vehicle/IC938,http://irail.be/stations/NMBS/008874054,IC,2016-12-08T17:06:00,2016-12-08T17:06:00,-40,-40
http://irail.be/vehicle/IC938,http://irail.be/stations/NMBS/008872009,IC,2016-12-08T17:11:00,2016-12-08T17:08:00,12,-55
http://irail.be/vehicle/IC938,http://irail.be/stations/NMBS/008871100,IC,2016-12-08T17:15:00,2016-12-08T17:15:00,38,38
http://irail.be/vehicle/IC938,http://irail.be/stations/NMBS/008871514,IC,2016-12-08T17:18:00,2016-12-08T17:18:00,52,52
http://irail.be/vehicle/IC938,http://irail.be/stations/NMBS/008871415,IC,2016-12-08T17:20:00,2016-12-08T17:20:00,52,52
http://irail.be/vehicle/IC938,http://irail.be/stations/NMBS/008882248,IC,2016-12-08T17:21:00,2016-12-08T17:21:00,97,97
http://irail.be/vehicle/IC938,http://irail.be/stations/NMBS/008882230,IC,2016-12-08T17:22:00,2016-12-08T17:22:00,112,112
http://irail.be/vehicle/IC938,http://irail.be/stations/NMBS/008882206,IC,2016-12-08T17:28:00,2016-12-08T17:27:00,43,70
http://irail.be/vehicle/IC938,http://irail.be/stations/NMBS/008881463,IC,2016-12-08T17:32:00,2016-12-08T17:32:00,32,32
http://irail.be/vehicle/IC938,http://irail.be/stations/NMBS/008881455,IC,2016-12-08T17:33:00,2016-12-08T17:33:00,21,21
http://irail.be/vehicle/IC938,http://irail.be/stations/NMBS/008881430,IC,2016-12-08T17:34:00,2016-12-08T17:34:00,21,21
http://irail.be/vehicle/IC938,NO-URI,IC,2016-12-08T17:36:00,2016-12-08T17:36:00,21,21
http://irail.be/vehicle/IC938,http://irail.be/stations/NMBS/008881406,IC,2016-12-08T17:37:00,2016-12-08T17:37:00,-4,-4
http://irail.be/vehicle/IC938,http://irail.be/stations/NMBS/008881315,IC,2016-12-08T17:40:00,2016-12-08T17:40:00,30,30
http://irail.be/vehicle/IC938,http://irail.be/stations/NMBS/008881000,IC,2016-12-08T17:45:00,2016-12-08T17:42:00,30,30
http://irail.be/vehicle/IC938,http://irail.be/stations/NMBS/008884566,IC,2016-12-08T17:50:00,2016-12-08T17:50:00,30,30
http://irail.be/vehicle/IC938,http://irail.be/stations/NMBS/008884541,IC,2016-12-08T17:51:00,2016-12-08T17:51:00,-37,-37
http://irail.be/vehicle/IC938,http://irail.be/stations/NMBS/008884004,IC,2016-12-08T17:54:00,2016-12-08T17:53:00,-40,-40
http://irail.be/vehicle/IC938,http://irail.be/stations/NMBS/008884632,IC,2016-12-08T17:58:00,2016-12-08T17:58:00,-40,-40
http://irail.be/vehicle/IC938,http://irail.be/stations/NMBS/008884640,IC,2016-12-08T17:59:00,2016-12-08T17:59:00,17,17
http://irail.be/vehicle/IC938,http://irail.be/stations/NMBS/008884715,IC,2016-12-08T18:01:00,2016-12-08T18:01:00,17,17
http://irail.be/vehicle/IC938,http://irail.be/stations/NMBS/008884855,IC,2016-12-08T18:03:00,2016-12-08T18:03:00,31,31
http://irail.be/vehicle/IC938,http://irail.be/stations/NMBS/008884889,IC,2016-12-08T18:06:00,2016-12-08T18:06:00,31,31
http://irail.be/vehicle/IC938,http://irail.be/stations/NMBS/008885530,IC,2016-12-08T18:08:00,2016-12-08T18:08:00,31,31
http://irail.be/vehicle/IC938,http://irail.be/stations/NMBS/008885522,IC,2016-12-08T18:09:00,2016-12-08T18:09:00,45,45
http://irail.be/vehicle/IC938,http://irail.be/stations/NMBS/008885001,IC,2016-12-08T18:19:00,2016-12-08T18:15:00,125,257
http://irail.be/vehicle/IC938,http://irail.be/stations/NMBS/008885068,IC,2016-12-08T18:23:00,2016-12-08T18:23:00,149,114
http://irail.be/vehicle/IC938,http://irail.be/stations/NMBS/008885753,IC,2016-12-08T18:33:00,2016-12-08T18:33:00,133,133
http://irail.be/vehicle/IC938,http://irail.be/stations/NMBS/008885704,IC,2016-12-08T18:37:00,2016-12-08T18:37:00,,133
http://irail.be/vehicle/IC938,http://irail.be/stations/NMBS/008863008,IC,2016-07-06T16:38:00,2016-07-06T16:38:00,21,
http://irail.be/vehicle/IC938,http://irail.be/stations/NMBS/008861119,IC,2016-07-06T16:41:00,2016-07-06T16:41:00,57,57
http://irail.be/vehicle/IC938,http://irail.be/stations/NMBS/008861127,IC,2016-07-06T16:43:00,2016-07-06T16:43:00,26,26
http://irail.be/vehicle/IC938,http://irail.be/stations/NMBS/008861135,IC,2016-07-06T16:46:00,2016-07-06T16:46:00,19,19
http://irail.be/vehicle/IC938,http://irail.be/stations/NMBS/008861143,IC,2016-07-06T16:49:00,2016-07-06T16:49:00,-58,-58
http://irail.be/vehicle/IC938,http://irail.be/stations/NMBS/008861150,IC,2016-07-06T16:51:00,2016-07-06T16:51:00,-58,-58
http://irail.be/vehicle/IC938,NO-URI,IC,2016-07-06T16:51:00,2016-07-06T16:51:00,-3,-3
http://irail.be/vehicle/IC938,http://irail.be/stations/NMBS/008861168,IC,2016-07-06T16:52:00,2016-07-06T16:52:00,-3,-3
http://irail.be/vehicle/IC938,http://irail.be/stations/NMBS/008874724,IC,2016-07-06T16:52:00,2016-07-06T16:52:00,13,13
http://irail.be/vehicle/IC938,NO-URI,IC,2016-07-06T16:54:00,2016-07-06T16:54:00,-72,-72
http://irail.be/vehicle/IC938,http://irail.be/stations/NMBS/008874716,IC,2016-07-06T16:55:00,2016-07-06T16:55:00,4,4
http://irail.be/vehicle/IC938,http://irail.be/stations/NMBS/008874609,IC,2016-07-06T16:58:00,2016-07-06T16:57:00,43,38
http://irail.be/vehicle/IC938,http://irail.be/stations/NMBS/008874583,IC,2016-07-06T17:00:00,2016-07-06T17:00:00,43,43
http://irail.be/vehicle/IC938,http://irail.be/stations/NMBS/008874567,IC,2016-07-06T17:01:00,2016-07-06T17:01:00,43,43
http://irail.be/vehicle/IC938,http://irail.be/stations/NMBS/008874559,IC,2016-07-06T17:02:00,2016-07-06T17:02:00,12,12
http://irail.be/vehicle/IC938,NO-URI,IC,2016-07-06T17:03:00,2016-07-06T17:03:00,12,12
http://irail.be/vehicle/IC938,http://irail.be/stations/NMBS/008874005,IC,2016-07-06T17:03:00,2016-07-06T17:03:00,26,26
http://irail.be/vehicle/IC938,http://irail.be/stations/NMBS/008874054,IC,2016-07-06T17:06:00,2016-07-06T17:06:00,7,7
http://irail.be/vehicle/IC938,http://irail.be/stations/NMBS/008872009,IC,2016-07-06T17:11:00,2016-07-06T17:08:00,25,59
http://irail.be/vehicle/IC938,http://irail.be/stations/NMBS/008871100,IC,2016-07-06T17:15:00,2016-07-06T17:15:00,-1,-1
http://irail.be/vehicle/IC938,http://irail.be/stations/NMBS/008871514,IC,2016-07-06T17:19:00,2016-07-06T17:19:00,-5,-5
http://irail.be/vehicle/IC938,http://irail.be/stations/NMBS/008871415,IC,2016-07-06T17:20:00,2016-07-06T17:20:00,-22,-22
http://irail.be/vehicle/IC938,http://irail.be/stations/NMBS/008882248,IC,2016-07-06T17:22:00,2016-07-06T17:22:00,-22,-22
http://irail.be/vehicle/IC938,http://irail.be/stations/NMBS/008882230,IC,2016-07-06T17:23:00,2016-07-06T17:23:00,-22,-22
http://irail.be/vehicle/IC938,http://irail.be/stations/NMBS/008882206,IC,2016-07-06T17:28:00,2016-07-06T17:27:00,53,20
http://irail.be/vehicle/IC938,http://irail.be/stations/NMBS/008881463,IC,2016-07-06T17:32:00,2016-07-06T17:32:00,44,44
http://irail.be/vehicle/IC938,http://irail.be/stations/NMBS/008881455,IC,2016-07-06T17:33:00,2016-07-06T17:33:00,44,44
http://irail.be/vehicle/IC938,http://irail.be/stations/NMBS/008881430,IC,2016-07-06T17:35:00,2016-07-06T17:35:00,44,44
http://irail.be/vehicle/IC938,NO-URI,IC,2016-07-06T17:36:00,2016-07-06T17:36:00,29,29
http://irail.be/vehicle/IC938,http://irail.be/stations/NMBS/008881406,IC,2016-07-06T17:37:00,2016-07-06T17:37:00,-31,-31
http://irail.be/vehicle/IC938,http://irail.be/stations/NMBS/008881315,IC,2016-07-06T17:39:00,2016-07-06T17:39:00,-31,-31
http://irail.be/vehicle/IC938,http://irail.be/stations/NMBS/008881000,IC,2016-07-06T17:45:00,2016-07-06T17:42:00,160,238
http://irail.be/vehicle/IC938,http://irail.be/stations/NMBS/008884566,IC,2016-07-06T17:50:00,2016-07-06T17:50:00,98,98
http://irail.be/vehicle/IC938,http://irail.be/stations/NMBS/008884541,IC,2016-07-06T17:51:00,2016-07-06T17:51:00,90,90
http://irail.be/vehicle/IC938,http://irail.be/stations/NMBS/008884004,IC,2016-07-06T17:54:00,2016-07-06T17:53:00,89,84
http://irail.be/vehicle/IC938,http://irail.be/stations/NMBS/008884632,IC,2016-07-06T17:59:00,2016-07-06T17:59:00,89,89
http://irail.be/vehicle/IC938,http://irail.be/stations/NMBS/008884640,IC,2016-07-06T18:00:00,2016-07-06T18:00:00,89,89
http://irail.be/vehicle/IC938,http://irail.be/stations/NMBS/008884715,IC,2016-07-06T18:01:00,2016-07-06T18:01:00,59,59
http://irail.be/vehicle/IC938,http://irail.be/stations/NMBS/008884855,IC,2016-07-06T18:04:00,2016-07-06T18:04:00,59,59
http://irail.be/vehicle/IC938,http://irail.be/stations/NMBS/008884889,IC,2016-07-06T18:06:00,2016-07-06T18:06:00,59,59
http://irail.be/vehicle/IC938,http://irail.be/stations/NMBS/008885530,IC,2016-07-06T18:08:00,2016-07-06T18:08:00,-1,-1
http://irail.be/vehicle/IC938,http://irail.be/stations/NMBS/008885522,IC,2016-07-06T18:09:00,2016-07-06T18:09:00,51,51
http://irail.be/vehicle/IC938,http://irail.be/stations/NMBS/008885001,IC,2016-07-06T18:19:00,2016-07-06T18:15:00,67,15
http://irail.be/vehicle/IC938,http://irail.be/stations/NMBS/008885068,IC,2016-07-06T18:23:00,2016-07-06T18:23:00,86,32
http://irail.be/vehicle/IC938,http://irail.be/stations/NMBS/008885753,IC,2016-07-06T18:33:00,2016-07-06T18:33:00,0,-94
http://irail.be/vehicle/IC938,http://irail.be/stations/NMBS/008885704,IC,2016-07-06T18:37:00,2016-07-06T18:37:00,,95
http://irail.be/vehicle/IC938,http://irail.be/stations/NMBS/008863008,IC,2016-03-04T16:38:00,2016-03-04T16:38:00,25,0
http://irail.be/vehicle/IC938,http://irail.be/stations/NMBS/008861119,IC,2016-03-04T16:41:00,2016-03-04T16:41:00,58,58
http://irail.be/vehicle/IC938,http://irail.be/stations/NMBS/008861127,IC,2016-03-04T16:43:00,2016-03-04T16:43:00,16,-2
http://irail.be/vehicle/IC938,http://irail.be/stations/NMBS/008861135,IC,2016-03-04T16:46:00,2016-03-04T16:46:00,-15,16
http://irail.be/vehicle/IC938,http://irail.be/stations/NMBS/008861143,IC,2016-03-04T16:49:00,2016-03-04T16:49:00,-102,-102
http://irail.be/vehicle/IC938,http://irail.be/stations/NMBS/008861150,IC,2016-03-04T16:51:00,2016-03-04T16:51:00,-102,-102
http://irail.be/vehicle/IC938,NO-URI,IC,2016-03-04T16:51:00,2016-03-04T16:51:00,-75,-76
http://irail.be/vehicle/IC938,http://irail.be/stations/NMBS/008861168,IC,2016-03-04T16:52:00,2016-03-04T16:52:00,-75,-75
http://irail.be/vehicle/IC938,http://irail.be/stations/NMBS/008874724,IC,2016-03-04T16:52:00,2016-03-04T16:52:00,-69,-75
http://irail.be/vehicle/IC938,NO-URI,IC,2016-03-04T16:54:00,2016-03-04T16:54:00,-163,-166
http://irail.be/vehicle/IC938,http://irail.be/stations/NMBS/008874716,IC,2016-03-04T16:55:00,2016-03-04T16:55:00,-106,-106
http://irail.be/vehicle/IC938,http://irail.be/stations/NMBS/008874609,IC,2016-03-04T16:58:00,2016-03-04T16:57:00,47,13
http://irail.be/vehicle/IC938,http://irail.be/stations/NMBS/008874583,IC,2016-03-04T17:00:00,2016-03-04T17:00:00,47,47
http://irail.be/vehicle/IC938,http://irail.be/stations/NMBS/008874567,IC,2016-03-04T17:01:00,2016-03-04T17:01:00,47,47
http://irail.be/vehicle/IC938,http://irail.be/stations/NMBS/008874559,IC,2016-03-04T17:02:00,2016-03-04T17:02:00,50,50
http://irail.be/vehicle/IC938,http://irail.be/stations/NMBS/008874005,IC,2016-03-04T17:03:00,2016-03-04T17:03:00,72,62
http://irail.be/vehicle/IC938,http://irail.be/stations/NMBS/008874054,IC,2016-03-04T17:06:00,2016-03-04T17:06:00,47,35
http://irail.be/vehicle/IC938,http://irail.be/stations/NMBS/008872009,IC,2016-03-04T17:11:00,2016-03-04T17:08:00,59,89
http://irail.be/vehicle/IC938,http://irail.be/stations/NMBS/008871100,IC,2016-03-04T17:15:00,2016-03-04T17:15:00,54,19
http://irail.be/vehicle/IC938,http://irail.be/stations/NMBS/008871514,IC,2016-03-04T17:19:00,2016-03-04T17:19:00,49,49
http://irail.be/vehicle/IC938,http://irail.be/stations/NMBS/008871415,IC,2016-03-04T17:20:00,2016-03-04T17:20:00,49,53
http://irail.be/vehicle/IC938,http://irail.be/stations/NMBS/008882248,IC,2016-03-04T17:22:00,2016-03-04T17:22:00,49,49
http://irail.be/vehicle/IC938,http://irail.be/stations/NMBS/008882230,IC,2016-03-04T17:23:00,2016-03-04T17:23:00,49,49
http://irail.be/vehicle/IC938,http://irail.be/stations/NMBS/008882206,IC,2016-03-04T17:28:00,2016-03-04T17:27:00,66,-3
http://irail.be/vehicle/IC938,http://irail.be/stations/NMBS/008881463,IC,2016-03-04T17:32:00,2016-03-04T17:32:00,68,68
http://irail.be/vehicle/IC938,http://irail.be/stations/NMBS/008881455,IC,2016-03-04T17:33:00,2016-03-04T17:33:00,68,68
http://irail.be/vehicle/IC938,http://irail.be/stations/NMBS/008881430,IC,2016-03-04T17:35:00,2016-03-04T17:35:00,68,68
http://irail.be/vehicle/IC938,NO-URI,IC,2016-03-04T17:36:00,2016-03-04T17:36:00,148,146
http://irail.be/vehicle/IC938,http://irail.be/stations/NMBS/008881406,IC,2016-03-04T17:37:00,2016-03-04T17:37:00,88,88
http://irail.be/vehicle/IC938,http://irail.be/stations/NMBS/008881315,IC,2016-03-04T17:39:00,2016-03-04T17:39:00,88,88
http://irail.be/vehicle/IC938,http://irail.be/stations/NMBS/008881000,IC,2016-03-04T17:45:00,2016-03-04T17:42:00,188,197
http://irail.be/vehicle/IC938,http://irail.be/stations/NMBS/008884566,IC,2016-03-04T17:50:00,2016-03-04T17:50:00,130,128
http://irail.be/vehicle/IC938,http://irail.be/stations/NMBS/008884541,IC,2016-03-04T17:51:00,2016-03-04T17:51:00,120,120
http://irail.be/vehicle/IC938,http://irail.be/stations/NMBS/008884004,IC,2016-03-04T17:54:00,2016-03-04T17:53:00,184,133
http://irail.be/vehicle/IC938,http://irail.be/stations/NMBS/008884632,IC,2016-03-04T17:59:00,2016-03-04T17:59:00,184,184
http://irail.be/vehicle/IC938,http://irail.be/stations/NMBS/008884640,IC,2016-03-04T18:00:00,2016-03-04T18:00:00,184,184
http://irail.be/vehicle/IC938,http://irail.be/stations/NMBS/008884715,IC,2016-03-04T18:01:00,2016-03-04T18:01:00,159,154
http://irail.be/vehicle/IC938,http://irail.be/stations/NMBS/008884855,IC,2016-03-04T18:04:00,2016-03-04T18:04:00,159,159
http://irail.be/vehicle/IC938,http://irail.be/stations/NMBS/008884889,IC,2016-03-04T18:06:00,2016-03-04T18:06:00,159,159
http://irail.be/vehicle/IC938,http://irail.be/stations/NMBS/008885530,IC,2016-03-04T18:08:00,2016-03-04T18:08:00,99,99
http://irail.be/vehicle/IC938,http://irail.be/stations/NMBS/008885522,IC,2016-03-04T18:09:00,2016-03-04T18:09:00,319,154
http://irail.be/vehicle/IC938,http://irail.be/stations/NMBS/008885001,IC,2016-03-04T18:19:00,2016-03-04T18:15:00,467,363
http://irail.be/vehicle/IC938,http://irail.be/stations/NMBS/008885068,IC,2016-03-04T18:23:00,2016-03-04T18:23:00,655,609
http://irail.be/vehicle/IC938,http://irail.be/stations/NMBS/008885753,IC,2016-03-04T18:33:00,2016-03-04T18:33:00,475,475
http://irail.be/vehicle/IC938,http://irail.be/stations/NMBS/008885704,IC,2016-03-04T18:37:00,2016-03-04T18:37:00,0,627
http://irail.be/vehicle/IC938,http://irail.be/stations/NMBS/008863008,IC,2016-12-15T16:38:00,2016-12-15T16:38:00,94,
http://irail.be/vehicle/IC938,http://irail.be/stations/NMBS/008861119,IC,2016-12-15T16:41:00,2016-12-15T16:41:00,110,110
http://irail.be/vehicle/IC938,http://irail.be/stations/NMBS/008861127,IC,2016-12-15T16:43:00,2016-12-15T16:43:00,63,63
http://irail.be/vehicle/IC938,http://irail.be/stations/NMBS/008861135,IC,2016-12-15T16:46:00,2016-12-15T16:46:00,63,63
http://irail.be/vehicle/IC938,http://irail.be/stations/NMBS/008861143,IC,2016-12-15T16:49:00,2016-12-15T16:49:00,-4,-4
http://irail.be/vehicle/IC938,http://irail.be/stations/NMBS/008861150,IC,2016-12-15T16:51:00,2016-12-15T16:51:00,112,112
http://irail.be/vehicle/IC938,NO-URI,IC,2016-12-15T16:51:00,2016-12-15T16:51:00,112,112
http://irail.be/vehicle/IC938,http://irail.be/stations/NMBS/008861168,IC,2016-12-15T16:52:00,2016-12-15T16:52:00,119,119
http://irail.be/vehicle/IC938,http://irail.be/stations/NMBS/008874724,IC,2016-12-15T16:52:00,2016-12-15T16:52:00,126,126
http://irail.be/vehicle/IC938,NO-URI,IC,2016-12-15T16:54:00,2016-12-15T16:54:00,126,126
http://irail.be/vehicle/IC938,http://irail.be/stations/NMBS/008874716,IC,2016-12-15T16:55:00,2016-12-15T16:55:00,120,120
http://irail.be/vehicle/IC938,http://irail.be/stations/NMBS/008874609,IC,2016-12-15T16:58:00,2016-12-15T16:57:00,120,120
http://irail.be/vehicle/IC938,http://irail.be/stations/NMBS/008874583,IC,2016-12-15T17:00:00,2016-12-15T17:00:00,120,120
http://irail.be/vehicle/IC938,http://irail.be/stations/NMBS/008874567,IC,2016-12-15T17:01:00,2016-12-15T17:01:00,120,120
http://irail.be/vehicle/IC938,http://irail.be/stations/NMBS/008874559,IC,2016-12-15T17:02:00,2016-12-15T17:02:00,120,120
http://irail.be/vehicle/IC938,http://irail.be/stations/NMBS/008874005,IC,2016-12-15T17:03:00,2016-12-15T17:03:00,120,120
http://irail.be/vehicle/IC938,http://irail.be/stations/NMBS/008874054,IC,2016-12-15T17:06:00,2016-12-15T17:06:00,120,120
http://irail.be/vehicle/IC938,http://irail.be/stations/NMBS/008872009,IC,2016-12-15T17:11:00,2016-12-15T17:08:00,119,120
http://irail.be/vehicle/IC938,http://irail.be/stations/NMBS/008871100,IC,2016-12-15T17:15:00,2016-12-15T17:15:00,104,104
http://irail.be/vehicle/IC938,http://irail.be/stations/NMBS/008871514,IC,2016-12-15T17:19:00,2016-12-15T17:19:00,69,69
http://irail.be/vehicle/IC938,http://irail.be/stations/NMBS/008871415,IC,2016-12-15T17:20:00,2016-12-15T17:20:00,90,90
http://irail.be/vehicle/IC938,http://irail.be/stations/NMBS/008882248,IC,2016-12-15T17:22:00,2016-12-15T17:22:00,79,79
http://irail.be/vehicle/IC938,http://irail.be/stations/NMBS/008882230,IC,2016-12-15T17:23:00,2016-12-15T17:23:00,132,132
http://irail.be/vehicle/IC938,http://irail.be/stations/NMBS/008882206,IC,2016-12-15T17:28:00,2016-12-15T17:27:00,72,98
http://irail.be/vehicle/IC938,http://irail.be/stations/NMBS/008881463,IC,2016-12-15T17:32:00,2016-12-15T17:32:00,69,69
http://irail.be/vehicle/IC938,http://irail.be/stations/NMBS/008881455,IC,2016-12-15T17:33:00,2016-12-15T17:33:00,54,54
http://irail.be/vehicle/IC938,http://irail.be/stations/NMBS/008881430,IC,2016-12-15T17:35:00,2016-12-15T17:35:00,54,54
http://irail.be/vehicle/IC938,NO-URI,IC,2016-12-15T17:36:00,2016-12-15T17:36:00,54,54
http://irail.be/vehicle/IC938,http://irail.be/stations/NMBS/008881406,IC,2016-12-15T17:37:00,2016-12-15T17:37:00,37,37
http://irail.be/vehicle/IC938,http://irail.be/stations/NMBS/008881315,IC,2016-12-15T17:39:00,2016-12-15T17:39:00,136,136
http://irail.be/vehicle/IC938,http://irail.be/stations/NMBS/008881000,IC,2016-12-15T17:45:00,2016-12-15T17:42:00,78,136
http://irail.be/vehicle/IC938,http://irail.be/stations/NMBS/008884566,IC,2016-12-15T17:50:00,2016-12-15T17:50:00,78,78
http://irail.be/vehicle/IC938,http://irail.be/stations/NMBS/008884541,IC,2016-12-15T17:51:00,2016-12-15T17:51:00,31,31
http://irail.be/vehicle/IC938,http://irail.be/stations/NMBS/008884004,IC,2016-12-15T17:54:00,2016-12-15T17:53:00,-7,22
http://irail.be/vehicle/IC938,http://irail.be/stations/NMBS/008884632,IC,2016-12-15T17:59:00,2016-12-15T17:59:00,-7,-7
http://irail.be/vehicle/IC938,http://irail.be/stations/NMBS/008884640,IC,2016-12-15T18:00:00,2016-12-15T18:00:00,47,47
http://irail.be/vehicle/IC938,http://irail.be/stations/NMBS/008884715,IC,2016-12-15T18:01:00,2016-12-15T18:01:00,47,47
http://irail.be/vehicle/IC938,http://irail.be/stations/NMBS/008884855,IC,2016-12-15T18:04:00,2016-12-15T18:04:00,49,49
http://irail.be/vehicle/IC938,http://irail.be/stations/NMBS/008884889,IC,2016-12-15T18:06:00,2016-12-15T18:06:00,35,35
http://irail.be/vehicle/IC938,http://irail.be/stations/NMBS/008885530,IC,2016-12-15T18:08:00,2016-12-15T18:08:00,35,35
http://irail.be/vehicle/IC938,http://irail.be/stations/NMBS/008885522,IC,2016-12-15T18:09:00,2016-12-15T18:09:00,38,38
http://irail.be/vehicle/IC938,http://irail.be/stations/NMBS/008885001,IC,2016-12-15T18:19:00,2016-12-15T18:15:00,125,104
http://irail.be/vehicle/IC938,http://irail.be/stations/NMBS/008885068,IC,2016-12-15T18:23:00,2016-12-15T18:23:00,143,107
http://irail.be/vehicle/IC938,http://irail.be/stations/NMBS/008885753,IC,2016-12-15T18:33:00,2016-12-15T18:33:00,106,106
http://irail.be/vehicle/IC938,http://irail.be/stations/NMBS/008885704,IC,2016-12-15T18:37:00,2016-12-15T18:37:00,,106
http://irail.be/vehicle/IC938,http://irail.be/stations/NMBS/008863008,IC,2016-03-01T16:38:00,2016-03-01T16:38:00,45,0
http://irail.be/vehicle/IC938,http://irail.be/stations/NMBS/008861119,IC,2016-03-01T16:41:00,2016-03-01T16:41:00,135,135
http://irail.be/vehicle/IC938,http://irail.be/stations/NMBS/008861127,IC,2016-03-01T16:43:00,2016-03-01T16:43:00,98,82
http://irail.be/vehicle/IC938,http://irail.be/stations/NMBS/008861135,IC,2016-03-01T16:46:00,2016-03-01T16:46:00,65,98
http://irail.be/vehicle/IC938,http://irail.be/stations/NMBS/008861143,IC,2016-03-01T16:49:00,2016-03-01T16:49:00,-12,-12
http://irail.be/vehicle/IC938,http://irail.be/stations/NMBS/008861150,IC,2016-03-01T16:51:00,2016-03-01T16:51:00,-12,-12
http://irail.be/vehicle/IC938,NO-URI,IC,2016-03-01T16:51:00,2016-03-01T16:51:00,35,30
http://irail.be/vehicle/IC938,http://irail.be/stations/NMBS/008861168,IC,2016-03-01T16:52:00,2016-03-01T16:52:00,35,35
http://irail.be/vehicle/IC938,http://irail.be/stations/NMBS/008874724,IC,2016-03-01T16:52:00,2016-03-01T16:52:00,43,35
http://irail.be/vehicle/IC938,NO-URI,IC,2016-03-01T16:54:00,2016-03-01T16:54:00,-54,-54
http://irail.be/vehicle/IC938,http://irail.be/stations/NMBS/008874716,IC,2016-03-01T16:55:00,2016-03-01T16:55:00,-37,-37
http://irail.be/vehicle/IC938,http://irail.be/stations/NMBS/008874609,IC,2016-03-01T16:58:00,2016-03-01T16:57:00,98,60
http://irail.be/vehicle/IC938,http://irail.be/stations/NMBS/008874583,IC,2016-03-01T17:00:00,2016-03-01T17:00:00,98,98
http://irail.be/vehicle/IC938,http://irail.be/stations/NMBS/008874567,IC,2016-03-01T17:01:00,2016-03-01T17:01:00,98,98
http://irail.be/vehicle/IC938,http://irail.be/stations/NMBS/008874559,IC,2016-03-01T17:02:00,2016-03-01T17:02:00,73,73
http://irail.be/vehicle/IC938,http://irail.be/stations/NMBS/008874005,IC,2016-03-01T17:03:00,2016-03-01T17:03:00,91,83
http://irail.be/vehicle/IC938,http://irail.be/stations/NMBS/008874054,IC,2016-03-01T17:06:00,2016-03-01T17:06:00,60,49
http://irail.be/vehicle/IC938,http://irail.be/stations/NMBS/008872009,IC,2016-03-01T17:11:00,2016-03-01T17:08:00,115,103
http://irail.be/vehicle/IC938,http://irail.be/stations/NMBS/008871100,IC,2016-03-01T17:15:00,2016-03-01T17:15:00,138,91
http://irail.be/vehicle/IC938,http://irail.be/stations/NMBS/008871514,IC,2016-03-01T17:19:00,2016-03-01T17:19:00,138,138
http://irail.be/vehicle/IC938,http://irail.be/stations/NMBS/008871415,IC,2016-03-01T17:20:00,2016-03-01T17:20:00,153,137
http://irail.be/vehicle/IC938,http://irail.be/stations/NMBS/008882248,IC,2016-03-01T17:22:00,2016-03-01T17:22:00,153,153
http://irail.be/vehicle/IC938,http://irail.be/stations/NMBS/008882230,IC,2016-03-01T17:23:00,2016-03-01T17:23:00,153,153
http://irail.be/vehicle/IC938,http://irail.be/stations/NMBS/008882206,IC,2016-03-01T17:28:00,2016-03-01T17:27:00,183,118
http://irail.be/vehicle/IC938,http://irail.be/stations/NMBS/008881463,IC,2016-03-01T17:32:00,2016-03-01T17:32:00,178,178
http://irail.be/vehicle/IC938,http://irail.be/stations/NMBS/008881455,IC,2016-03-01T17:33:00,2016-03-01T17:33:00,178,178
http://irail.be/vehicle/IC938,http://irail.be/stations/NMBS/008881430,IC,2016-03-01T17:35:00,2016-03-01T17:35:00,178,178
http://irail.be/vehicle/IC938,NO-URI,IC,2016-03-01T17:36:00,2016-03-01T17:36:00,182,176
http://irail.be/vehicle/IC938,http://irail.be/stations/NMBS/008881406,IC,2016-03-01T17:37:00,2016-03-01T17:37:00,122,122
http://irail.be/vehicle/IC938,http://irail.be/stations/NMBS/008881315,IC,2016-03-01T17:39:00,2016-03-01T17:39:00,122,122
http://irail.be/vehicle/IC938,http://irail.be/stations/NMBS/008881000,IC,2016-03-01T17:45:00,2016-03-01T17:42:00,166,205
http://irail.be/vehicle/IC938,http://irail.be/stations/NMBS/008884566,IC,2016-03-01T17:50:00,2016-03-01T17:50:00,121,106
http://irail.be/vehicle/IC938,http://irail.be/stations/NMBS/008884541,IC,2016-03-01T17:51:00,2016-03-01T17:51:00,111,111
http://irail.be/vehicle/IC938,http://irail.be/stations/NMBS/008884004,IC,2016-03-01T17:54:00,2016-03-01T17:53:00,155,111
http://irail.be/vehicle/IC938,http://irail.be/stations/NMBS/008884632,IC,2016-03-01T17:59:00,2016-03-01T17:59:00,155,155
http://irail.be/vehicle/IC938,http://irail.be/stations/NMBS/008884640,IC,2016-03-01T18:00:00,2016-03-01T18:00:00,155,155
http://irail.be/vehicle/IC938,http://irail.be/stations/NMBS/008884715,IC,2016-03-01T18:01:00,2016-03-01T18:01:00,155,147
http://irail.be/vehicle/IC938,http://irail.be/stations/NMBS/008884855,IC,2016-03-01T18:04:00,2016-03-01T18:04:00,155,155
http://irail.be/vehicle/IC938,http://irail.be/stations/NMBS/008884889,IC,2016-03-01T18:06:00,2016-03-01T18:06:00,155,155
http://irail.be/vehicle/IC938,http://irail.be/stations/NMBS/008885530,IC,2016-03-01T18:08:00,2016-03-01T18:08:00,95,95
http://irail.be/vehicle/IC938,http://irail.be/stations/NMBS/008885522,IC,2016-03-01T18:09:00,2016-03-01T18:09:00,376,153
http://irail.be/vehicle/IC938,http://irail.be/stations/NMBS/008885001,IC,2016-03-01T18:19:00,2016-03-01T18:15:00,467,392
http://irail.be/vehicle/IC938,http://irail.be/stations/NMBS/008885068,IC,2016-03-01T18:23:00,2016-03-01T18:23:00,464,427
http://irail.be/vehicle/IC938,http://irail.be/stations/NMBS/008885753,IC,2016-03-01T18:33:00,2016-03-01T18:33:00,284,284
http://irail.be/vehicle/IC938,http://irail.be/stations/NMBS/008885704,IC,2016-03-01T18:37:00,2016-03-01T18:37:00,0,491
http://irail.be/vehicle/IC938,http://irail.be/stations/NMBS/008863008,IC,2016-11-30T16:38:00,2016-11-30T16:38:00,146,
http://irail.be/vehicle/IC938,http://irail.be/stations/NMBS/008861119,IC,2016-11-30T16:41:00,2016-11-30T16:41:00,198,198
http://irail.be/vehicle/IC938,http://irail.be/stations/NMBS/008861127,IC,2016-11-30T16:43:00,2016-11-30T16:43:00,163,163
http://irail.be/vehicle/IC938,http://irail.be/stations/NMBS/008861135,IC,2016-11-30T16:46:00,2016-11-30T16:46:00,163,163
http://irail.be/vehicle/IC938,http://irail.be/stations/NMBS/008861143,IC,2016-11-30T16:49:00,2016-11-30T16:49:00,75,75
http://irail.be/vehicle/IC938,http://irail.be/stations/NMBS/008861150,IC,2016-11-30T16:51:00,2016-11-30T16:51:00,76,76
http://irail.be/vehicle/IC938,NO-URI,IC,2016-11-30T16:51:00,2016-11-30T16:51:00,76,76
http://irail.be/vehicle/IC938,http://irail.be/stations/NMBS/008861168,IC,2016-11-30T16:52:00,2016-11-30T16:52:00,75,75
http://irail.be/vehicle/IC938,http://irail.be/stations/NMBS/008874724,IC,2016-11-30T16:52:00,2016-11-30T16:52:00,62,62
http://irail.be/vehicle/IC938,NO-URI,IC,2016-11-30T16:54:00,2016-11-30T16:54:00,62,62
http://irail.be/vehicle/IC938,http://irail.be/stations/NMBS/008874716,IC,2016-11-30T16:55:00,2016-11-30T16:55:00,3,3
http://irail.be/vehicle/IC938,http://irail.be/stations/NMBS/008874609,IC,2016-11-30T16:58:00,2016-11-30T16:57:00,132,5
http://irail.be/vehicle/IC938,http://irail.be/stations/NMBS/008874583,IC,2016-11-30T17:00:00,2016-11-30T17:00:00,132,132
http://irail.be/vehicle/IC938,http://irail.be/stations/NMBS/008874567,IC,2016-11-30T17:01:00,2016-11-30T17:01:00,136,136
http://irail.be/vehicle/IC938,http://irail.be/stations/NMBS/008874559,IC,2016-11-30T17:02:00,2016-11-30T17:02:00,136,136
http://irail.be/vehicle/IC938,NO-URI,IC,2016-11-30T17:03:00,2016-11-30T17:03:00,130,130
http://irail.be/vehicle/IC938,http://irail.be/stations/NMBS/008874005,IC,2016-11-30T17:03:00,2016-11-30T17:03:00,138,138
http://irail.be/vehicle/IC938,http://irail.be/stations/NMBS/008874054,IC,2016-11-30T17:06:00,2016-11-30T17:06:00,97,97
http://irail.be/vehicle/IC938,http://irail.be/stations/NMBS/008872009,IC,2016-11-30T17:11:00,2016-11-30T17:08:00,86,84
http://irail.be/vehicle/IC938,http://irail.be/stations/NMBS/008871100,IC,2016-11-30T17:15:00,2016-11-30T17:15:00,177,177
http://irail.be/vehicle/IC938,http://irail.be/stations/NMBS/008871514,IC,2016-11-30T17:19:00,2016-11-30T17:19:00,197,197
http://irail.be/vehicle/IC938,http://irail.be/stations/NMBS/008871415,IC,2016-11-30T17:20:00,2016-11-30T17:20:00,197,197
http://irail.be/vehicle/IC938,http://irail.be/stations/NMBS/008882248,IC,2016-11-30T17:22:00,2016-11-30T17:22:00,187,187
http://irail.be/vehicle/IC938,http://irail.be/stations/NMBS/008882230,IC,2016-11-30T17:23:00,2016-11-30T17:23:00,225,225
http://irail.be/vehicle/IC938,http://irail.be/stations/NMBS/008882206,IC,2016-11-30T17:28:00,2016-11-30T17:27:00,180,198
http://irail.be/vehicle/IC938,http://irail.be/stations/NMBS/008881463,IC,2016-11-30T17:32:00,2016-11-30T17:32:00,170,170
http://irail.be/vehicle/IC938,http://irail.be/stations/NMBS/008881455,IC,2016-11-30T17:33:00,2016-11-30T17:33:00,161,161
http://irail.be/vehicle/IC938,http://irail.be/stations/NMBS/008881430,IC,2016-11-30T17:35:00,2016-11-30T17:35:00,161,161
http://irail.be/vehicle/IC938,NO-URI,IC,2016-11-30T17:36:00,2016-11-30T17:36:00,161,161
http://irail.be/vehicle/IC938,http://irail.be/stations/NMBS/008881406,IC,2016-11-30T17:37:00,2016-11-30T17:37:00,148,148
http://irail.be/vehicle/IC938,http://irail.be/stations/NMBS/008881315,IC,2016-11-30T17:39:00,2016-11-30T17:39:00,228,228
http://irail.be/vehicle/IC938,http://irail.be/stations/NMBS/008881000,IC,2016-11-30T17:45:00,2016-11-30T17:42:00,211,228
http://irail.be/vehicle/IC938,http://irail.be/stations/NMBS/008884566,IC,2016-11-30T17:50:00,2016-11-30T17:50:00,211,211
http://irail.be/vehicle/IC938,http://irail.be/stations/NMBS/008884541,IC,2016-11-30T17:51:00,2016-11-30T17:51:00,133,133
http://irail.be/vehicle/IC938,http://irail.be/stations/NMBS/008884004,IC,2016-11-30T17:54:00,2016-11-30T17:53:00,144,185
http://irail.be/vehicle/IC938,http://irail.be/stations/NMBS/008884632,IC,2016-11-30T17:59:00,2016-11-30T17:59:00,144,144
http://irail.be/vehicle/IC938,http://irail.be/stations/NMBS/008884640,IC,2016-11-30T18:00:00,2016-11-30T18:00:00,202,202
http://irail.be/vehicle/IC938,http://irail.be/stations/NMBS/008884715,IC,2016-11-30T18:01:00,2016-11-30T18:01:00,202,202
http://irail.be/vehicle/IC938,http://irail.be/stations/NMBS/008884855,IC,2016-11-30T18:04:00,2016-11-30T18:04:00,212,212
http://irail.be/vehicle/IC938,http://irail.be/stations/NMBS/008884889,IC,2016-11-30T18:06:00,2016-11-30T18:06:00,212,212
http://irail.be/vehicle/IC938,http://irail.be/stations/NMBS/008885530,IC,2016-11-30T18:08:00,2016-11-30T18:08:00,212,212
http://irail.be/vehicle/IC938,http://irail.be/stations/NMBS/008885522,IC,2016-11-30T18:09:00,2016-11-30T18:09:00,215,215
http://irail.be/vehicle/IC938,http://irail.be/stations/NMBS/008885001,IC,2016-11-30T18:19:00,2016-11-30T18:15:00,83,148
http://irail.be/vehicle/IC938,http://irail.be/stations/NMBS/008885068,IC,2016-11-30T18:23:00,2016-11-30T18:23:00,113,77
http://irail.be/vehicle/IC938,http://irail.be/stations/NMBS/008885753,IC,2016-11-30T18:33:00,2016-11-30T18:33:00,139,113
http://irail.be/vehicle/IC938,http://irail.be/stations/NMBS/008885704,IC,2016-11-30T18:37:00,2016-11-30T18:37:00,,139
http://irail.be/vehicle/IC938,http://irail.be/stations/NMBS/008863008,IC,2016-09-22T16:38:00,2016-09-22T16:38:00,21,
http://irail.be/vehicle/IC938,http://irail.be/stations/NMBS/008861119,IC,2016-09-22T16:41:00,2016-09-22T16:41:00,50,50
http://irail.be/vehicle/IC938,http://irail.be/stations/NMBS/008861127,IC,2016-09-22T16:43:00,2016-09-22T16:43:00,4,4
http://irail.be/vehicle/IC938,http://irail.be/stations/NMBS/008861135,IC,2016-09-22T16:46:00,2016-09-22T16:46:00,-35,-35
http://irail.be/vehicle/IC938,http://irail.be/stations/NMBS/008861143,IC,2016-09-22T16:49:00,2016-09-22T16:49:00,-122,-122
http://irail.be/vehicle/IC938,http://irail.be/stations/NMBS/008861150,IC,2016-09-22T16:51:00,2016-09-22T16:51:00,-122,-122
http://irail.be/vehicle/IC938,NO-URI,IC,2016-09-22T16:51:00,2016-09-22T16:51:00,-88,-88
http://irail.be/vehicle/IC938,http://irail.be/stations/NMBS/008861168,IC,2016-09-22T16:52:00,2016-09-22T16:52:00,-88,-88
http://irail.be/vehicle/IC938,http://irail.be/stations/NMBS/008874724,IC,2016-09-22T16:52:00,2016-09-22T16:52:00,-83,-83
http://irail.be/vehicle/IC938,NO-URI,IC,2016-09-22T16:54:00,2016-09-22T16:54:00,-177,-177
http://irail.be/vehicle/IC938,http://irail.be/stations/NMBS/008874716,IC,2016-09-22T16:55:00,2016-09-22T16:55:00,-121,-121
http://irail.be/vehicle/IC938,http://irail.be/stations/NMBS/008874609,IC,2016-09-22T16:58:00,2016-09-22T16:57:00,62,26
http://irail.be/vehicle/IC938,http://irail.be/stations/NMBS/008874583,IC,2016-09-22T17:00:00,2016-09-22T17:00:00,62,62
http://irail.be/vehicle/IC938,http://irail.be/stations/NMBS/008874567,IC,2016-09-22T17:01:00,2016-09-22T17:01:00,62,62
http://irail.be/vehicle/IC938,http://irail.be/stations/NMBS/008874559,IC,2016-09-22T17:02:00,2016-09-22T17:02:00,39,39
http://irail.be/vehicle/IC938,NO-URI,IC,2016-09-22T17:03:00,2016-09-22T17:03:00,39,39
http://irail.be/vehicle/IC938,http://irail.be/stations/NMBS/008874005,IC,2016-09-22T17:03:00,2016-09-22T17:03:00,52,52
http://irail.be/vehicle/IC938,http://irail.be/stations/NMBS/008874054,IC,2016-09-22T17:06:00,2016-09-22T17:06:00,13,13
http://irail.be/vehicle/IC938,http://irail.be/stations/NMBS/008872009,IC,2016-09-22T17:11:00,2016-09-22T17:08:00,29,61
http://irail.be/vehicle/IC938,http://irail.be/stations/NMBS/008871100,IC,2016-09-22T17:15:00,2016-09-22T17:15:00,180,180
http://irail.be/vehicle/IC938,http://irail.be/stations/NMBS/008871514,IC,2016-09-22T17:19:00,2016-09-22T17:19:00,181,181
http://irail.be/vehicle/IC938,http://irail.be/stations/NMBS/008871415,IC,2016-09-22T17:20:00,2016-09-22T17:20:00,161,161
http://irail.be/vehicle/IC938,http://irail.be/stations/NMBS/008882248,IC,2016-09-22T17:22:00,2016-09-22T17:22:00,161,161
http://irail.be/vehicle/IC938,http://irail.be/stations/NMBS/008882230,IC,2016-09-22T17:23:00,2016-09-22T17:23:00,161,161
http://irail.be/vehicle/IC938,http://irail.be/stations/NMBS/008882206,IC,2016-09-22T17:28:00,2016-09-22T17:27:00,189,134
http://irail.be/vehicle/IC938,http://irail.be/stations/NMBS/008881463,IC,2016-09-22T17:32:00,2016-09-22T17:32:00,181,181
http://irail.be/vehicle/IC938,http://irail.be/stations/NMBS/008881455,IC,2016-09-22T17:33:00,2016-09-22T17:33:00,181,181
http://irail.be/vehicle/IC938,http://irail.be/stations/NMBS/008881430,IC,2016-09-22T17:35:00,2016-09-22T17:35:00,181,181
http://irail.be/vehicle/IC938,NO-URI,IC,2016-09-22T17:36:00,2016-09-22T17:36:00,171,171
http://irail.be/vehicle/IC938,http://irail.be/stations/NMBS/008881406,IC,2016-09-22T17:37:00,2016-09-22T17:37:00,111,111
http://irail.be/vehicle/IC938,http://irail.be/stations/NMBS/008881315,IC,2016-09-22T17:39:00,2016-09-22T17:39:00,111,111
http://irail.be/vehicle/IC938,http://irail.be/stations/NMBS/008881000,IC,2016-09-22T17:45:00,2016-09-22T17:42:00,86,163
http://irail.be/vehicle/IC938,http://irail.be/stations/NMBS/008884566,IC,2016-09-22T17:50:00,2016-09-22T17:50:00,41,41
http://irail.be/vehicle/IC938,http://irail.be/stations/NMBS/008884541,IC,2016-09-22T17:51:00,2016-09-22T17:51:00,32,32
http://irail.be/vehicle/IC938,http://irail.be/stations/NMBS/008884004,IC,2016-09-22T17:54:00,2016-09-22T17:53:00,86,40
http://irail.be/vehicle/IC938,http://irail.be/stations/NMBS/008884632,IC,2016-09-22T17:59:00,2016-09-22T17:59:00,86,86
http://irail.be/vehicle/IC938,http://irail.be/stations/NMBS/008884640,IC,2016-09-22T18:00:00,2016-09-22T18:00:00,86,86
http://irail.be/vehicle/IC938,http://irail.be/stations/NMBS/008884715,IC,2016-09-22T18:01:00,2016-09-22T18:01:00,84,84
http://irail.be/vehicle/IC938,http://irail.be/stations/NMBS/008884855,IC,2016-09-22T18:04:00,2016-09-22T18:04:00,84,84
http://irail.be/vehicle/IC938,http://irail.be/stations/NMBS/008884889,IC,2016-09-22T18:06:00,2016-09-22T18:06:00,84,84
http://irail.be/vehicle/IC938,http://irail.be/stations/NMBS/008885530,IC,2016-09-22T18:08:00,2016-09-22T18:08:00,24,24
http://irail.be/vehicle/IC938,http://irail.be/stations/NMBS/008885522,IC,2016-09-22T18:09:00,2016-09-22T18:09:00,91,91
http://irail.be/vehicle/IC938,http://irail.be/stations/NMBS/008885001,IC,2016-09-22T18:19:00,2016-09-22T18:15:00,53,55
http://irail.be/vehicle/IC938,http://irail.be/stations/NMBS/008885068,IC,2016-09-22T18:23:00,2016-09-22T18:23:00,93,50
http://irail.be/vehicle/IC938,http://irail.be/stations/NMBS/008885753,IC,2016-09-22T18:33:00,2016-09-22T18:33:00,0,-87
http://irail.be/vehicle/IC938,http://irail.be/stations/NMBS/008885704,IC,2016-09-22T18:37:00,2016-09-22T18:37:00,,168
http://irail.be/vehicle/IC938,http://irail.be/stations/NMBS/008863008,IC,2016-08-29T16:38:00,2016-08-29T16:38:00,17,
http://irail.be/vehicle/IC938,http://irail.be/stations/NMBS/008861119,IC,2016-08-29T16:41:00,2016-08-29T16:41:00,28,28
http://irail.be/vehicle/IC938,http://irail.be/stations/NMBS/008861127,IC,2016-08-29T16:43:00,2016-08-29T16:43:00,-12,-12
http://irail.be/vehicle/IC938,http://irail.be/stations/NMBS/008861135,IC,2016-08-29T16:46:00,2016-08-29T16:46:00,-44,-44
http://irail.be/vehicle/IC938,http://irail.be/stations/NMBS/008861143,IC,2016-08-29T16:49:00,2016-08-29T16:49:00,-124,-124
http://irail.be/vehicle/IC938,http://irail.be/stations/NMBS/008861150,IC,2016-08-29T16:51:00,2016-08-29T16:51:00,-124,-124
http://irail.be/vehicle/IC938,NO-URI,IC,2016-08-29T16:51:00,2016-08-29T16:51:00,-88,-88
http://irail.be/vehicle/IC938,http://irail.be/stations/NMBS/008861168,IC,2016-08-29T16:52:00,2016-08-29T16:52:00,-88,-88
http://irail.be/vehicle/IC938,http://irail.be/stations/NMBS/008874724,IC,2016-08-29T16:52:00,2016-08-29T16:52:00,-81,-81
http://irail.be/vehicle/IC938,NO-URI,IC,2016-08-29T16:54:00,2016-08-29T16:54:00,-169,-169
http://irail.be/vehicle/IC938,http://irail.be/stations/NMBS/008874716,IC,2016-08-29T16:55:00,2016-08-29T16:55:00,-86,-86
http://irail.be/vehicle/IC938,http://irail.be/stations/NMBS/008874609,IC,2016-08-29T16:58:00,2016-08-29T16:57:00,8,-47
http://irail.be/vehicle/IC938,http://irail.be/stations/NMBS/008874583,IC,2016-08-29T17:00:00,2016-08-29T17:00:00,8,8
http://irail.be/vehicle/IC938,http://irail.be/stations/NMBS/008874567,IC,2016-08-29T17:01:00,2016-08-29T17:01:00,8,8
http://irail.be/vehicle/IC938,http://irail.be/stations/NMBS/008874559,IC,2016-08-29T17:02:00,2016-08-29T17:02:00,-21,-21
http://irail.be/vehicle/IC938,NO-URI,IC,2016-08-29T17:03:00,2016-08-29T17:03:00,-21,-21
http://irail.be/vehicle/IC938,http://irail.be/stations/NMBS/008874005,IC,2016-08-29T17:03:00,2016-08-29T17:03:00,-6,-6
http://irail.be/vehicle/IC938,http://irail.be/stations/NMBS/008874054,IC,2016-08-29T17:06:00,2016-08-29T17:06:00,-46,-46
http://irail.be/vehicle/IC938,http://irail.be/stations/NMBS/008872009,IC,2016-08-29T17:11:00,2016-08-29T17:08:00,7,0
http://irail.be/vehicle/IC938,http://irail.be/stations/NMBS/008871100,IC,2016-08-29T17:15:00,2016-08-29T17:15:00,111,111
http://irail.be/vehicle/IC938,http://irail.be/stations/NMBS/008871514,IC,2016-08-29T17:19:00,2016-08-29T17:19:00,116,116
http://irail.be/vehicle/IC938,http://irail.be/stations/NMBS/008871415,IC,2016-08-29T17:20:00,2016-08-29T17:20:00,133,133
http://irail.be/vehicle/IC938,http://irail.be/stations/NMBS/008882248,IC,2016-08-29T17:22:00,2016-08-29T17:22:00,133,133
http://irail.be/vehicle/IC938,http://irail.be/stations/NMBS/008882230,IC,2016-08-29T17:23:00,2016-08-29T17:23:00,133,133
http://irail.be/vehicle/IC938,http://irail.be/stations/NMBS/008882206,IC,2016-08-29T17:28:00,2016-08-29T17:27:00,123,82
http://irail.be/vehicle/IC938,http://irail.be/stations/NMBS/008881463,IC,2016-08-29T17:32:00,2016-08-29T17:32:00,108,108
http://irail.be/vehicle/IC938,http://irail.be/stations/NMBS/008881455,IC,2016-08-29T17:33:00,2016-08-29T17:33:00,108,108
http://irail.be/vehicle/IC938,http://irail.be/stations/NMBS/008881430,IC,2016-08-29T17:35:00,2016-08-29T17:35:00,108,108
http://irail.be/vehicle/IC938,NO-URI,IC,2016-08-29T17:36:00,2016-08-29T17:36:00,100,100
http://irail.be/vehicle/IC938,http://irail.be/stations/NMBS/008881406,IC,2016-08-29T17:37:00,2016-08-29T17:37:00,40,40
http://irail.be/vehicle/IC938,http://irail.be/stations/NMBS/008881315,IC,2016-08-29T17:39:00,2016-08-29T17:39:00,40,40
http://irail.be/vehicle/IC938,http://irail.be/stations/NMBS/008881000,IC,2016-08-29T17:45:00,2016-08-29T17:42:00,116,103
http://irail.be/vehicle/IC938,http://irail.be/stations/NMBS/008884566,IC,2016-08-29T17:50:00,2016-08-29T17:50:00,63,63
http://irail.be/vehicle/IC938,http://irail.be/stations/NMBS/008884541,IC,2016-08-29T17:51:00,2016-08-29T17:51:00,52,52
http://irail.be/vehicle/IC938,http://irail.be/stations/NMBS/008884004,IC,2016-08-29T17:54:00,2016-08-29T17:53:00,116,109
http://irail.be/vehicle/IC938,http://irail.be/stations/NMBS/008884632,IC,2016-08-29T17:59:00,2016-08-29T17:59:00,116,116
http://irail.be/vehicle/IC938,http://irail.be/stations/NMBS/008884640,IC,2016-08-29T18:00:00,2016-08-29T18:00:00,116,116
http://irail.be/vehicle/IC938,http://irail.be/stations/NMBS/008884715,IC,2016-08-29T18:01:00,2016-08-29T18:01:00,93,93
http://irail.be/vehicle/IC938,http://irail.be/stations/NMBS/008884855,IC,2016-08-29T18:04:00,2016-08-29T18:04:00,93,93
http://irail.be/vehicle/IC938,http://irail.be/stations/NMBS/008884889,IC,2016-08-29T18:06:00,2016-08-29T18:06:00,93,93
http://irail.be/vehicle/IC938,http://irail.be/stations/NMBS/008885530,IC,2016-08-29T18:08:00,2016-08-29T18:08:00,33,33
http://irail.be/vehicle/IC938,http://irail.be/stations/NMBS/008885522,IC,2016-08-29T18:09:00,2016-08-29T18:09:00,80,80
http://irail.be/vehicle/IC938,http://irail.be/stations/NMBS/008885001,IC,2016-08-29T18:19:00,2016-08-29T18:15:00,97,80
http://irail.be/vehicle/IC938,http://irail.be/stations/NMBS/008885068,IC,2016-08-29T18:23:00,2016-08-29T18:23:00,101,55
http://irail.be/vehicle/IC938,http://irail.be/stations/NMBS/008885753,IC,2016-08-29T18:33:00,2016-08-29T18:33:00,0,-79
http://irail.be/vehicle/IC938,http://irail.be/stations/NMBS/008885704,IC,2016-08-29T18:37:00,2016-08-29T18:37:00,,47
http://irail.be/vehicle/IC938,http://irail.be/stations/NMBS/008863008,IC,2016-03-25T16:38:00,2016-03-25T16:38:00,19,0
http://irail.be/vehicle/IC938,http://irail.be/stations/NMBS/008861119,IC,2016-03-25T16:41:00,2016-03-25T16:41:00,167,167
http://irail.be/vehicle/IC938,http://irail.be/stations/NMBS/008861127,IC,2016-03-25T16:43:00,2016-03-25T16:43:00,116,100
http://irail.be/vehicle/IC938,http://irail.be/stations/NMBS/008861135,IC,2016-03-25T16:46:00,2016-03-25T16:46:00,81,116
http://irail.be/vehicle/IC938,http://irail.be/stations/NMBS/008861143,IC,2016-03-25T16:49:00,2016-03-25T16:49:00,-7,-7
http://irail.be/vehicle/IC938,http://irail.be/stations/NMBS/008861150,IC,2016-03-25T16:51:00,2016-03-25T16:51:00,-7,-7
http://irail.be/vehicle/IC938,NO-URI,IC,2016-03-25T16:51:00,2016-03-25T16:51:00,29,24
http://irail.be/vehicle/IC938,http://irail.be/stations/NMBS/008861168,IC,2016-03-25T16:52:00,2016-03-25T16:52:00,29,29
http://irail.be/vehicle/IC938,http://irail.be/stations/NMBS/008874724,IC,2016-03-25T16:52:00,2016-03-25T16:52:00,37,29
http://irail.be/vehicle/IC938,NO-URI,IC,2016-03-25T16:54:00,2016-03-25T16:54:00,-58,-60
http://irail.be/vehicle/IC938,http://irail.be/stations/NMBS/008874716,IC,2016-03-25T16:55:00,2016-03-25T16:55:00,-44,-44
http://irail.be/vehicle/IC938,http://irail.be/stations/NMBS/008874609,IC,2016-03-25T16:58:00,2016-03-25T16:57:00,71,-28
http://irail.be/vehicle/IC938,http://irail.be/stations/NMBS/008874583,IC,2016-03-25T17:00:00,2016-03-25T17:00:00,71,71
http://irail.be/vehicle/IC938,http://irail.be/stations/NMBS/008874567,IC,2016-03-25T17:01:00,2016-03-25T17:01:00,71,71
http://irail.be/vehicle/IC938,http://irail.be/stations/NMBS/008874559,IC,2016-03-25T17:02:00,2016-03-25T17:02:00,58,58
http://irail.be/vehicle/IC938,http://irail.be/stations/NMBS/008874005,IC,2016-03-25T17:03:00,2016-03-25T17:03:00,71,65
http://irail.be/vehicle/IC938,http://irail.be/stations/NMBS/008874054,IC,2016-03-25T17:06:00,2016-03-25T17:06:00,31,23
http://irail.be/vehicle/IC938,http://irail.be/stations/NMBS/008872009,IC,2016-03-25T17:11:00,2016-03-25T17:08:00,14,62
http://irail.be/vehicle/IC938,http://irail.be/stations/NMBS/008871100,IC,2016-03-25T17:15:00,2016-03-25T17:15:00,12,-22
http://irail.be/vehicle/IC938,http://irail.be/stations/NMBS/008871514,IC,2016-03-25T17:19:00,2016-03-25T17:19:00,13,13
http://irail.be/vehicle/IC938,http://irail.be/stations/NMBS/008871415,IC,2016-03-25T17:20:00,2016-03-25T17:20:00,5,-1
http://irail.be/vehicle/IC938,http://irail.be/stations/NMBS/008882248,IC,2016-03-25T17:22:00,2016-03-25T17:22:00,5,5
http://irail.be/vehicle/IC938,http://irail.be/stations/NMBS/008882230,IC,2016-03-25T17:23:00,2016-03-25T17:23:00,5,5
http://irail.be/vehicle/IC938,http://irail.be/stations/NMBS/008882206,IC,2016-03-25T17:28:00,2016-03-25T17:27:00,32,-16
http://irail.be/vehicle/IC938,http://irail.be/stations/NMBS/008881463,IC,2016-03-25T17:32:00,2016-03-25T17:32:00,46,46
http://irail.be/vehicle/IC938,http://irail.be/stations/NMBS/008881455,IC,2016-03-25T17:33:00,2016-03-25T17:33:00,46,46
http://irail.be/vehicle/IC938,http://irail.be/stations/NMBS/008881430,IC,2016-03-25T17:35:00,2016-03-25T17:35:00,46,46
http://irail.be/vehicle/IC938,NO-URI,IC,2016-03-25T17:36:00,2016-03-25T17:36:00,72,65
http://irail.be/vehicle/IC938,http://irail.be/stations/NMBS/008881406,IC,2016-03-25T17:37:00,2016-03-25T17:37:00,12,12
http://irail.be/vehicle/IC938,http://irail.be/stations/NMBS/008881315,IC,2016-03-25T17:39:00,2016-03-25T17:39:00,12,12
http://irail.be/vehicle/IC938,http://irail.be/stations/NMBS/008881000,IC,2016-03-25T17:45:00,2016-03-25T17:42:00,116,151
http://irail.be/vehicle/IC938,http://irail.be/stations/NMBS/008884566,IC,2016-03-25T17:50:00,2016-03-25T17:50:00,56,56
http://irail.be/vehicle/IC938,http://irail.be/stations/NMBS/008884541,IC,2016-03-25T17:51:00,2016-03-25T17:51:00,44,44
http://irail.be/vehicle/IC938,http://irail.be/stations/NMBS/008884004,IC,2016-03-25T17:54:00,2016-03-25T17:53:00,81,56
http://irail.be/vehicle/IC938,http://irail.be/stations/NMBS/008884632,IC,2016-03-25T17:59:00,2016-03-25T17:59:00,81,81
http://irail.be/vehicle/IC938,http://irail.be/stations/NMBS/008884640,IC,2016-03-25T18:00:00,2016-03-25T18:00:00,81,81
http://irail.be/vehicle/IC938,http://irail.be/stations/NMBS/008884715,IC,2016-03-25T18:01:00,2016-03-25T18:01:00,47,41
http://irail.be/vehicle/IC938,http://irail.be/stations/NMBS/008884855,IC,2016-03-25T18:04:00,2016-03-25T18:04:00,47,47
http://irail.be/vehicle/IC938,http://irail.be/stations/NMBS/008884889,IC,2016-03-25T18:06:00,2016-03-25T18:06:00,47,47
http://irail.be/vehicle/IC938,http://irail.be/stations/NMBS/008885530,IC,2016-03-25T18:08:00,2016-03-25T18:08:00,-13,-13
http://irail.be/vehicle/IC938,http://irail.be/stations/NMBS/008885522,IC,2016-03-25T18:09:00,2016-03-25T18:09:00,276,24
http://irail.be/vehicle/IC938,http://irail.be/stations/NMBS/008885001,IC,2016-03-25T18:19:00,2016-03-25T18:15:00,441,305
http://irail.be/vehicle/IC938,http://irail.be/stations/NMBS/008885068,IC,2016-03-25T18:23:00,2016-03-25T18:23:00,597,552
http://irail.be/vehicle/IC938,http://irail.be/stations/NMBS/008885753,IC,2016-03-25T18:33:00,2016-03-25T18:33:00,417,417
http://irail.be/vehicle/IC938,http://irail.be/stations/NMBS/008885704,IC,2016-03-25T18:37:00,2016-03-25T18:37:00,0,512
http://irail.be/vehicle/IC938,http://irail.be/stations/NMBS/008863008,IC,2016-07-29T16:38:00,2016-07-29T16:38:00,40,
http://irail.be/vehicle/IC938,http://irail.be/stations/NMBS/008861119,IC,2016-07-29T16:41:00,2016-07-29T16:41:00,78,78
http://irail.be/vehicle/IC938,http://irail.be/stations/NMBS/008861127,IC,2016-07-29T16:43:00,2016-07-29T16:43:00,29,29
http://irail.be/vehicle/IC938,http://irail.be/stations/NMBS/008861135,IC,2016-07-29T16:46:00,2016-07-29T16:46:00,-6,-6
http://irail.be/vehicle/IC938,http://irail.be/stations/NMBS/008861143,IC,2016-07-29T16:49:00,2016-07-29T16:49:00,0,0
http://irail.be/vehicle/IC938,http://irail.be/stations/NMBS/008861150,IC,2016-07-29T16:51:00,2016-07-29T16:51:00,0,0
http://irail.be/vehicle/IC938,NO-URI,IC,2016-07-29T16:51:00,2016-07-29T16:51:00,95,95
http://irail.be/vehicle/IC938,http://irail.be/stations/NMBS/008861168,IC,2016-07-29T16:52:00,2016-07-29T16:52:00,95,95
http://irail.be/vehicle/IC938,http://irail.be/stations/NMBS/008874724,IC,2016-07-29T16:52:00,2016-07-29T16:52:00,101,101
http://irail.be/vehicle/IC938,NO-URI,IC,2016-07-29T16:54:00,2016-07-29T16:54:00,8,8
http://irail.be/vehicle/IC938,http://irail.be/stations/NMBS/008874716,IC,2016-07-29T16:55:00,2016-07-29T16:55:00,25,25
http://irail.be/vehicle/IC938,http://irail.be/stations/NMBS/008874609,IC,2016-07-29T16:58:00,2016-07-29T16:57:00,251,168
http://irail.be/vehicle/IC938,http://irail.be/stations/NMBS/008874583,IC,2016-07-29T17:00:00,2016-07-29T17:00:00,251,251
http://irail.be/vehicle/IC938,http://irail.be/stations/NMBS/008874567,IC,2016-07-29T17:01:00,2016-07-29T17:01:00,251,251
http://irail.be/vehicle/IC938,http://irail.be/stations/NMBS/008874559,IC,2016-07-29T17:02:00,2016-07-29T17:02:00,221,221
http://irail.be/vehicle/IC938,NO-URI,IC,2016-07-29T17:03:00,2016-07-29T17:03:00,221,221
http://irail.be/vehicle/IC938,http://irail.be/stations/NMBS/008874005,IC,2016-07-29T17:03:00,2016-07-29T17:03:00,233,233
http://irail.be/vehicle/IC938,http://irail.be/stations/NMBS/008874054,IC,2016-07-29T17:06:00,2016-07-29T17:06:00,188,188
http://irail.be/vehicle/IC938,http://irail.be/stations/NMBS/008872009,IC,2016-07-29T17:11:00,2016-07-29T17:08:00,134,215
http://irail.be/vehicle/IC938,http://irail.be/stations/NMBS/008871100,IC,2016-07-29T17:15:00,2016-07-29T17:15:00,110,110
http://irail.be/vehicle/IC938,http://irail.be/stations/NMBS/008871514,IC,2016-07-29T17:19:00,2016-07-29T17:19:00,108,108
http://irail.be/vehicle/IC938,http://irail.be/stations/NMBS/008871415,IC,2016-07-29T17:20:00,2016-07-29T17:20:00,88,88
http://irail.be/vehicle/IC938,http://irail.be/stations/NMBS/008882248,IC,2016-07-29T17:22:00,2016-07-29T17:22:00,88,88
http://irail.be/vehicle/IC938,http://irail.be/stations/NMBS/008882230,IC,2016-07-29T17:23:00,2016-07-29T17:23:00,88,88
http://irail.be/vehicle/IC938,http://irail.be/stations/NMBS/008882206,IC,2016-07-29T17:28:00,2016-07-29T17:27:00,78,63
http://irail.be/vehicle/IC938,http://irail.be/stations/NMBS/008881463,IC,2016-07-29T17:32:00,2016-07-29T17:32:00,72,72
http://irail.be/vehicle/IC938,http://irail.be/stations/NMBS/008881455,IC,2016-07-29T17:33:00,2016-07-29T17:33:00,72,72
http://irail.be/vehicle/IC938,http://irail.be/stations/NMBS/008881430,IC,2016-07-29T17:35:00,2016-07-29T17:35:00,72,72
http://irail.be/vehicle/IC938,NO-URI,IC,2016-07-29T17:36:00,2016-07-29T17:36:00,73,73
http://irail.be/vehicle/IC938,http://irail.be/stations/NMBS/008881406,IC,2016-07-29T17:37:00,2016-07-29T17:37:00,13,13
http://irail.be/vehicle/IC938,http://irail.be/stations/NMBS/008881315,IC,2016-07-29T17:39:00,2016-07-29T17:39:00,13,13
http://irail.be/vehicle/IC938,http://irail.be/stations/NMBS/008881000,IC,2016-07-29T17:45:00,2016-07-29T17:42:00,30,115
http://irail.be/vehicle/IC938,http://irail.be/stations/NMBS/008884566,IC,2016-07-29T17:50:00,2016-07-29T17:50:00,-10,-10
http://irail.be/vehicle/IC938,http://irail.be/stations/NMBS/008884541,IC,2016-07-29T17:51:00,2016-07-29T17:51:00,-10,-10
http://irail.be/vehicle/IC938,http://irail.be/stations/NMBS/008884004,IC,2016-07-29T17:54:00,2016-07-29T17:53:00,55,39
http://irail.be/vehicle/IC938,http://irail.be/stations/NMBS/008884632,IC,2016-07-29T17:59:00,2016-07-29T17:59:00,55,55
http://irail.be/vehicle/IC938,http://irail.be/stations/NMBS/008884640,IC,2016-07-29T18:00:00,2016-07-29T18:00:00,55,55
http://irail.be/vehicle/IC938,http://irail.be/stations/NMBS/008884715,IC,2016-07-29T18:01:00,2016-07-29T18:01:00,32,32
http://irail.be/vehicle/IC938,http://irail.be/stations/NMBS/008884855,IC,2016-07-29T18:04:00,2016-07-29T18:04:00,32,32
http://irail.be/vehicle/IC938,http://irail.be/stations/NMBS/008884889,IC,2016-07-29T18:06:00,2016-07-29T18:06:00,32,32
http://irail.be/vehicle/IC938,http://irail.be/stations/NMBS/008885530,IC,2016-07-29T18:08:00,2016-07-29T18:08:00,-28,-28
http://irail.be/vehicle/IC938,http://irail.be/stations/NMBS/008885522,IC,2016-07-29T18:09:00,2016-07-29T18:09:00,30,30
http://irail.be/vehicle/IC938,http://irail.be/stations/NMBS/008885001,IC,2016-07-29T18:19:00,2016-07-29T18:15:00,223,170
http://irail.be/vehicle/IC938,http://irail.be/stations/NMBS/008885068,IC,2016-07-29T18:23:00,2016-07-29T18:23:00,200,171
http://irail.be/vehicle/IC938,http://irail.be/stations/NMBS/008885753,IC,2016-07-29T18:33:00,2016-07-29T18:33:00,20,20
http://irail.be/vehicle/IC938,http://irail.be/stations/NMBS/008885704,IC,2016-07-29T18:37:00,2016-07-29T18:37:00,,116
http://irail.be/vehicle/IC938,http://irail.be/stations/NMBS/008863008,IC,2016-03-02T16:38:00,2016-03-02T16:38:00,14,0
http://irail.be/vehicle/IC938,http://irail.be/stations/NMBS/008861119,IC,2016-03-02T16:41:00,2016-03-02T16:41:00,47,47
http://irail.be/vehicle/IC938,http://irail.be/stations/NMBS/008861127,IC,2016-03-02T16:43:00,2016-03-02T16:43:00,-5,-20
http://irail.be/vehicle/IC938,http://irail.be/stations/NMBS/008861135,IC,2016-03-02T16:46:00,2016-03-02T16:46:00,-44,-5
http://irail.be/vehicle/IC938,http://irail.be/stations/NMBS/008861143,IC,2016-03-02T16:49:00,2016-03-02T16:49:00,-133,-133
http://irail.be/vehicle/IC938,http://irail.be/stations/NMBS/008861150,IC,2016-03-02T16:51:00,2016-03-02T16:51:00,-133,-133
http://irail.be/vehicle/IC938,NO-URI,IC,2016-03-02T16:51:00,2016-03-02T16:51:00,-65,-78
http://irail.be/vehicle/IC938,http://irail.be/stations/NMBS/008861168,IC,2016-03-02T16:52:00,2016-03-02T16:52:00,-65,-65
http://irail.be/vehicle/IC938,http://irail.be/stations/NMBS/008874724,IC,2016-03-02T16:52:00,2016-03-02T16:52:00,-12,-65
http://irail.be/vehicle/IC938,NO-URI,IC,2016-03-02T16:54:00,2016-03-02T16:54:00,-90,-109
http://irail.be/vehicle/IC938,http://irail.be/stations/NMBS/008874716,IC,2016-03-02T16:55:00,2016-03-02T16:55:00,-9,-9
http://irail.be/vehicle/IC938,http://irail.be/stations/NMBS/008874609,IC,2016-03-02T16:58:00,2016-03-02T16:57:00,178,169
http://irail.be/vehicle/IC938,http://irail.be/stations/NMBS/008874583,IC,2016-03-02T17:00:00,2016-03-02T17:00:00,178,178
http://irail.be/vehicle/IC938,http://irail.be/stations/NMBS/008874567,IC,2016-03-02T17:01:00,2016-03-02T17:01:00,178,178
http://irail.be/vehicle/IC938,http://irail.be/stations/NMBS/008874559,IC,2016-03-02T17:02:00,2016-03-02T17:02:00,154,154
http://irail.be/vehicle/IC938,http://irail.be/stations/NMBS/008874005,IC,2016-03-02T17:03:00,2016-03-02T17:03:00,169,163
http://irail.be/vehicle/IC938,http://irail.be/stations/NMBS/008874054,IC,2016-03-02T17:06:00,2016-03-02T17:06:00,126,120
http://irail.be/vehicle/IC938,http://irail.be/stations/NMBS/008872009,IC,2016-03-02T17:11:00,2016-03-02T17:08:00,96,154
http://irail.be/vehicle/IC938,http://irail.be/stations/NMBS/008871100,IC,2016-03-02T17:15:00,2016-03-02T17:15:00,71,39
http://irail.be/vehicle/IC938,http://irail.be/stations/NMBS/008871514,IC,2016-03-02T17:19:00,2016-03-02T17:19:00,69,69
http://irail.be/vehicle/IC938,http://irail.be/stations/NMBS/008871415,IC,2016-03-02T17:20:00,2016-03-02T17:20:00,67,60
http://irail.be/vehicle/IC938,http://irail.be/stations/NMBS/008882248,IC,2016-03-02T17:22:00,2016-03-02T17:22:00,67,67
http://irail.be/vehicle/IC938,http://irail.be/stations/NMBS/008882230,IC,2016-03-02T17:23:00,2016-03-02T17:23:00,67,67
http://irail.be/vehicle/IC938,http://irail.be/stations/NMBS/008882206,IC,2016-03-02T17:28:00,2016-03-02T17:27:00,63,36
http://irail.be/vehicle/IC938,http://irail.be/stations/NMBS/008881463,IC,2016-03-02T17:32:00,2016-03-02T17:32:00,65,65
http://irail.be/vehicle/IC938,http://irail.be/stations/NMBS/008881455,IC,2016-03-02T17:33:00,2016-03-02T17:33:00,65,65
http://irail.be/vehicle/IC938,http://irail.be/stations/NMBS/008881430,IC,2016-03-02T17:35:00,2016-03-02T17:35:00,65,65
http://irail.be/vehicle/IC938,NO-URI,IC,2016-03-02T17:36:00,2016-03-02T17:36:00,53,51
http://irail.be/vehicle/IC938,http://irail.be/stations/NMBS/008881406,IC,2016-03-02T17:37:00,2016-03-02T17:37:00,-7,-7
http://irail.be/vehicle/IC938,http://irail.be/stations/NMBS/008881315,IC,2016-03-02T17:39:00,2016-03-02T17:39:00,-7,-7
http://irail.be/vehicle/IC938,http://irail.be/stations/NMBS/008881000,IC,2016-03-02T17:45:00,2016-03-02T17:42:00,38,91
http://irail.be/vehicle/IC938,http://irail.be/stations/NMBS/008884566,IC,2016-03-02T17:50:00,2016-03-02T17:50:00,-30,-22
http://irail.be/vehicle/IC938,http://irail.be/stations/NMBS/008884541,IC,2016-03-02T17:51:00,2016-03-02T17:51:00,-40,-40
http://irail.be/vehicle/IC938,http://irail.be/stations/NMBS/008884004,IC,2016-03-02T17:54:00,2016-03-02T17:53:00,16,-34
http://irail.be/vehicle/IC938,http://irail.be/stations/NMBS/008884632,IC,2016-03-02T17:59:00,2016-03-02T17:59:00,16,16
http://irail.be/vehicle/IC938,http://irail.be/stations/NMBS/008884640,IC,2016-03-02T18:00:00,2016-03-02T18:00:00,16,16
http://irail.be/vehicle/IC938,http://irail.be/stations/NMBS/008884715,IC,2016-03-02T18:01:00,2016-03-02T18:01:00,-8,-14
http://irail.be/vehicle/IC938,http://irail.be/stations/NMBS/008884855,IC,2016-03-02T18:04:00,2016-03-02T18:04:00,-8,-8
http://irail.be/vehicle/IC938,http://irail.be/stations/NMBS/008884889,IC,2016-03-02T18:06:00,2016-03-02T18:06:00,-8,-8
http://irail.be/vehicle/IC938,http://irail.be/stations/NMBS/008885530,IC,2016-03-02T18:08:00,2016-03-02T18:08:00,-8,-8
http://irail.be/vehicle/IC938,http://irail.be/stations/NMBS/008885522,IC,2016-03-02T18:09:00,2016-03-02T18:09:00,75,-27
http://irail.be/vehicle/IC938,http://irail.be/stations/NMBS/008885001,IC,2016-03-02T18:19:00,2016-03-02T18:15:00,37,71
http://irail.be/vehicle/IC938,http://irail.be/stations/NMBS/008885068,IC,2016-03-02T18:23:00,2016-03-02T18:23:00,32,-1
http://irail.be/vehicle/IC938,http://irail.be/stations/NMBS/008885753,IC,2016-03-02T18:33:00,2016-03-02T18:33:00,0,-148
http://irail.be/vehicle/IC938,http://irail.be/stations/NMBS/008885704,IC,2016-03-02T18:37:00,2016-03-02T18:37:00,0,7
http://irail.be/vehicle/IC938,http://irail.be/stations/NMBS/008863008,IC,2016-10-27T16:38:00,2016-10-27T16:38:00,25,
http://irail.be/vehicle/IC938,http://irail.be/stations/NMBS/008861119,IC,2016-10-27T16:41:00,2016-10-27T16:41:00,77,77
http://irail.be/vehicle/IC938,http://irail.be/stations/NMBS/008861127,IC,2016-10-27T16:43:00,2016-10-27T16:43:00,29,29
http://irail.be/vehicle/IC938,http://irail.be/stations/NMBS/008861135,IC,2016-10-27T16:46:00,2016-10-27T16:46:00,0,0
http://irail.be/vehicle/IC938,http://irail.be/stations/NMBS/008861143,IC,2016-10-27T16:49:00,2016-10-27T16:49:00,-83,-83
http://irail.be/vehicle/IC938,http://irail.be/stations/NMBS/008861150,IC,2016-10-27T16:51:00,2016-10-27T16:51:00,-83,-83
http://irail.be/vehicle/IC938,NO-URI,IC,2016-10-27T16:51:00,2016-10-27T16:51:00,68,68
http://irail.be/vehicle/IC938,http://irail.be/stations/NMBS/008861168,IC,2016-10-27T16:52:00,2016-10-27T16:52:00,68,68
http://irail.be/vehicle/IC938,http://irail.be/stations/NMBS/008874724,IC,2016-10-27T16:52:00,2016-10-27T16:52:00,210,210
http://irail.be/vehicle/IC938,NO-URI,IC,2016-10-27T16:54:00,2016-10-27T16:54:00,127,127
http://irail.be/vehicle/IC938,http://irail.be/stations/NMBS/008874716,IC,2016-10-27T16:55:00,2016-10-27T16:55:00,145,145
http://irail.be/vehicle/IC938,http://irail.be/stations/NMBS/008874609,IC,2016-10-27T16:58:00,2016-10-27T16:57:00,233,204
http://irail.be/vehicle/IC938,http://irail.be/stations/NMBS/008874583,IC,2016-10-27T17:00:00,2016-10-27T17:00:00,233,233
http://irail.be/vehicle/IC938,http://irail.be/stations/NMBS/008874567,IC,2016-10-27T17:01:00,2016-10-27T17:01:00,233,233
http://irail.be/vehicle/IC938,http://irail.be/stations/NMBS/008874559,IC,2016-10-27T17:02:00,2016-10-27T17:02:00,222,222
http://irail.be/vehicle/IC938,NO-URI,IC,2016-10-27T17:03:00,2016-10-27T17:03:00,222,222
http://irail.be/vehicle/IC938,http://irail.be/stations/NMBS/008874005,IC,2016-10-27T17:03:00,2016-10-27T17:03:00,249,249
http://irail.be/vehicle/IC938,http://irail.be/stations/NMBS/008874054,IC,2016-10-27T17:06:00,2016-10-27T17:06:00,218,218
http://irail.be/vehicle/IC938,http://irail.be/stations/NMBS/008872009,IC,2016-10-27T17:11:00,2016-10-27T17:08:00,894,287
http://irail.be/vehicle/IC938,http://irail.be/stations/NMBS/008871100,IC,2016-10-27T17:15:00,2016-10-27T17:15:00,951,951
http://irail.be/vehicle/IC938,http://irail.be/stations/NMBS/008871514,IC,2016-10-27T17:19:00,2016-10-27T17:19:00,1022,1022
http://irail.be/vehicle/IC938,http://irail.be/stations/NMBS/008871415,IC,2016-10-27T17:20:00,2016-10-27T17:20:00,1042,1042
http://irail.be/vehicle/IC938,http://irail.be/stations/NMBS/008882248,IC,2016-10-27T17:22:00,2016-10-27T17:22:00,1042,1042
http://irail.be/vehicle/IC938,http://irail.be/stations/NMBS/008882230,IC,2016-10-27T17:23:00,2016-10-27T17:23:00,1042,1042
http://irail.be/vehicle/IC938,http://irail.be/stations/NMBS/008882206,IC,2016-10-27T17:28:00,2016-10-27T17:27:00,988,977
http://irail.be/vehicle/IC938,http://irail.be/stations/NMBS/008881463,IC,2016-10-27T17:32:00,2016-10-27T17:32:00,984,984
http://irail.be/vehicle/IC938,http://irail.be/stations/NMBS/008881455,IC,2016-10-27T17:33:00,2016-10-27T17:33:00,984,984
http://irail.be/vehicle/IC938,http://irail.be/stations/NMBS/008881430,IC,2016-10-27T17:35:00,2016-10-27T17:35:00,984,984
http://irail.be/vehicle/IC938,NO-URI,IC,2016-10-27T17:36:00,2016-10-27T17:36:00,972,972
http://irail.be/vehicle/IC938,http://irail.be/stations/NMBS/008881406,IC,2016-10-27T17:37:00,2016-10-27T17:37:00,912,912
http://irail.be/vehicle/IC938,http://irail.be/stations/NMBS/008881315,IC,2016-10-27T17:39:00,2016-10-27T17:39:00,912,912
http://irail.be/vehicle/IC938,http://irail.be/stations/NMBS/008881000,IC,2016-10-27T17:45:00,2016-10-27T17:42:00,929,983
http://irail.be/vehicle/IC938,http://irail.be/stations/NMBS/008884566,IC,2016-10-27T17:50:00,2016-10-27T17:50:00,901,901
http://irail.be/vehicle/IC938,http://irail.be/stations/NMBS/008884541,IC,2016-10-27T17:51:00,2016-10-27T17:51:00,890,890
http://irail.be/vehicle/IC938,http://irail.be/stations/NMBS/008884004,IC,2016-10-27T17:54:00,2016-10-27T17:53:00,964,951
http://irail.be/vehicle/IC938,http://irail.be/stations/NMBS/008884632,IC,2016-10-27T17:59:00,2016-10-27T17:59:00,964,964
http://irail.be/vehicle/IC938,http://irail.be/stations/NMBS/008884640,IC,2016-10-27T18:00:00,2016-10-27T18:00:00,964,964
http://irail.be/vehicle/IC938,http://irail.be/stations/NMBS/008884715,IC,2016-10-27T18:01:00,2016-10-27T18:01:00,955,955
http://irail.be/vehicle/IC938,http://irail.be/stations/NMBS/008884855,IC,2016-10-27T18:04:00,2016-10-27T18:04:00,955,955
http://irail.be/vehicle/IC938,http://irail.be/stations/NMBS/008884889,IC,2016-10-27T18:06:00,2016-10-27T18:06:00,955,955
http://irail.be/vehicle/IC938,http://irail.be/stations/NMBS/008885530,IC,2016-10-27T18:08:00,2016-10-27T18:08:00,895,895
http://irail.be/vehicle/IC938,http://irail.be/stations/NMBS/008885522,IC,2016-10-27T18:09:00,2016-10-27T18:09:00,955,955
http://irail.be/vehicle/IC938,http://irail.be/stations/NMBS/008885001,IC,2016-10-27T18:19:00,2016-10-27T18:15:00,841,955
http://irail.be/vehicle/IC938,http://irail.be/stations/NMBS/008885068,IC,2016-10-27T18:23:00,2016-10-27T18:23:00,875,824
http://irail.be/vehicle/IC938,http://irail.be/stations/NMBS/008885753,IC,2016-10-27T18:33:00,2016-10-27T18:33:00,695,695
http://irail.be/vehicle/IC938,http://irail.be/stations/NMBS/008885704,IC,2016-10-27T18:37:00,2016-10-27T18:37:00,,846
http://irail.be/vehicle/IC938,http://irail.be/stations/NMBS/008863008,IC,2016-04-21T16:38:00,2016-04-21T16:38:00,627,0
http://irail.be/vehicle/IC938,http://irail.be/stations/NMBS/008861119,IC,2016-04-21T16:41:00,2016-04-21T16:41:00,655,655
http://irail.be/vehicle/IC938,http://irail.be/stations/NMBS/008861127,IC,2016-04-21T16:43:00,2016-04-21T16:43:00,607,590
http://irail.be/vehicle/IC938,http://irail.be/stations/NMBS/008861135,IC,2016-04-21T16:46:00,2016-04-21T16:46:00,572,607
http://irail.be/vehicle/IC938,http://irail.be/stations/NMBS/008861143,IC,2016-04-21T16:49:00,2016-04-21T16:49:00,484,484
http://irail.be/vehicle/IC938,http://irail.be/stations/NMBS/008861150,IC,2016-04-21T16:51:00,2016-04-21T16:51:00,484,484
http://irail.be/vehicle/IC938,NO-URI,IC,2016-04-21T16:51:00,2016-04-21T16:51:00,514,512
http://irail.be/vehicle/IC938,http://irail.be/stations/NMBS/008861168,IC,2016-04-21T16:52:00,2016-04-21T16:52:00,514,514
http://irail.be/vehicle/IC938,http://irail.be/stations/NMBS/008874724,IC,2016-04-21T16:52:00,2016-04-21T16:52:00,522,514
http://irail.be/vehicle/IC938,NO-URI,IC,2016-04-21T16:54:00,2016-04-21T16:54:00,426,425
http://irail.be/vehicle/IC938,http://irail.be/stations/NMBS/008874716,IC,2016-04-21T16:55:00,2016-04-21T16:55:00,437,437
http://irail.be/vehicle/IC938,http://irail.be/stations/NMBS/008874609,IC,2016-04-21T16:58:00,2016-04-21T16:57:00,462,449
http://irail.be/vehicle/IC938,http://irail.be/stations/NMBS/008874583,IC,2016-04-21T17:00:00,2016-04-21T17:00:00,462,462
http://irail.be/vehicle/IC938,http://irail.be/stations/NMBS/008874567,IC,2016-04-21T17:01:00,2016-04-21T17:01:00,462,462
http://irail.be/vehicle/IC938,http://irail.be/stations/NMBS/008874559,IC,2016-04-21T17:02:00,2016-04-21T17:02:00,447,447
http://irail.be/vehicle/IC938,http://irail.be/stations/NMBS/008874005,IC,2016-04-21T17:03:00,2016-04-21T17:03:00,460,455
http://irail.be/vehicle/IC938,http://irail.be/stations/NMBS/008874054,IC,2016-04-21T17:06:00,2016-04-21T17:06:00,414,410
http://irail.be/vehicle/IC938,http://irail.be/stations/NMBS/008872009,IC,2016-04-21T17:11:00,2016-04-21T17:08:00,369,431
http://irail.be/vehicle/IC938,http://irail.be/stations/NMBS/008871100,IC,2016-04-21T17:15:00,2016-04-21T17:15:00,347,309
http://irail.be/vehicle/IC938,http://irail.be/stations/NMBS/008871514,IC,2016-04-21T17:19:00,2016-04-21T17:19:00,346,346
http://irail.be/vehicle/IC938,http://irail.be/stations/NMBS/008871415,IC,2016-04-21T17:20:00,2016-04-21T17:20:00,355,351
http://irail.be/vehicle/IC938,http://irail.be/stations/NMBS/008882248,IC,2016-04-21T17:22:00,2016-04-21T17:22:00,355,355
http://irail.be/vehicle/IC938,http://irail.be/stations/NMBS/008882230,IC,2016-04-21T17:23:00,2016-04-21T17:23:00,355,355
http://irail.be/vehicle/IC938,http://irail.be/stations/NMBS/008882206,IC,2016-04-21T17:28:00,2016-04-21T17:27:00,342,314
http://irail.be/vehicle/IC938,http://irail.be/stations/NMBS/008881463,IC,2016-04-21T17:32:00,2016-04-21T17:32:00,329,329
http://irail.be/vehicle/IC938,http://irail.be/stations/NMBS/008881455,IC,2016-04-21T17:33:00,2016-04-21T17:33:00,329,329
http://irail.be/vehicle/IC938,http://irail.be/stations/NMBS/008881430,IC,2016-04-21T17:35:00,2016-04-21T17:35:00,329,329
http://irail.be/vehicle/IC938,NO-URI,IC,2016-04-21T17:36:00,2016-04-21T17:36:00,433,429
http://irail.be/vehicle/IC938,http://irail.be/stations/NMBS/008881406,IC,2016-04-21T17:37:00,2016-04-21T17:37:00,373,373
http://irail.be/vehicle/IC938,http://irail.be/stations/NMBS/008881315,IC,2016-04-21T17:39:00,2016-04-21T17:39:00,373,373
http://irail.be/vehicle/IC938,http://irail.be/stations/NMBS/008881000,IC,2016-04-21T17:45:00,2016-04-21T17:42:00,381,454
http://irail.be/vehicle/IC938,http://irail.be/stations/NMBS/008884566,IC,2016-04-21T17:50:00,2016-04-21T17:50:00,350,321
http://irail.be/vehicle/IC938,http://irail.be/stations/NMBS/008884541,IC,2016-04-21T17:51:00,2016-04-21T17:51:00,346,346
http://irail.be/vehicle/IC938,http://irail.be/stations/NMBS/008884004,IC,2016-04-21T17:54:00,2016-04-21T17:53:00,377,359
http://irail.be/vehicle/IC938,http://irail.be/stations/NMBS/008884632,IC,2016-04-21T17:59:00,2016-04-21T17:59:00,377,377
http://irail.be/vehicle/IC938,http://irail.be/stations/NMBS/008884640,IC,2016-04-21T18:00:00,2016-04-21T18:00:00,377,377
http://irail.be/vehicle/IC938,http://irail.be/stations/NMBS/008884715,IC,2016-04-21T18:01:00,2016-04-21T18:01:00,453,438
http://irail.be/vehicle/IC938,http://irail.be/stations/NMBS/008884855,IC,2016-04-21T18:04:00,2016-04-21T18:04:00,453,453
http://irail.be/vehicle/IC938,http://irail.be/stations/NMBS/008884889,IC,2016-04-21T18:06:00,2016-04-21T18:06:00,453,453
http://irail.be/vehicle/IC938,http://irail.be/stations/NMBS/008885530,IC,2016-04-21T18:08:00,2016-04-21T18:08:00,393,393
http://irail.be/vehicle/IC938,http://irail.be/stations/NMBS/008885522,IC,2016-04-21T18:09:00,2016-04-21T18:09:00,470,453
http://irail.be/vehicle/IC938,http://irail.be/stations/NMBS/008885001,IC,2016-04-21T18:19:00,2016-04-21T18:15:00,566,487
http://irail.be/vehicle/IC938,http://irail.be/stations/NMBS/008885068,IC,2016-04-21T18:23:00,2016-04-21T18:23:00,685,644
http://irail.be/vehicle/IC938,http://irail.be/stations/NMBS/008885753,IC,2016-04-21T18:33:00,2016-04-21T18:33:00,505,505
http://irail.be/vehicle/IC938,http://irail.be/stations/NMBS/008885704,IC,2016-04-21T18:37:00,2016-04-21T18:37:00,0,778
http://irail.be/vehicle/IC938,http://irail.be/stations/NMBS/008863008,IC,2016-10-28T16:38:00,2016-10-28T16:38:00,51,
http://irail.be/vehicle/IC938,http://irail.be/stations/NMBS/008861119,IC,2016-10-28T16:41:00,2016-10-28T16:41:00,66,66
http://irail.be/vehicle/IC938,http://irail.be/stations/NMBS/008861127,IC,2016-10-28T16:43:00,2016-10-28T16:43:00,19,19
http://irail.be/vehicle/IC938,http://irail.be/stations/NMBS/008861135,IC,2016-10-28T16:46:00,2016-10-28T16:46:00,-17,-17
http://irail.be/vehicle/IC938,http://irail.be/stations/NMBS/008861143,IC,2016-10-28T16:49:00,2016-10-28T16:49:00,-102,-102
http://irail.be/vehicle/IC938,http://irail.be/stations/NMBS/008861150,IC,2016-10-28T16:51:00,2016-10-28T16:51:00,-102,-102
http://irail.be/vehicle/IC938,NO-URI,IC,2016-10-28T16:51:00,2016-10-28T16:51:00,59,59
http://irail.be/vehicle/IC938,http://irail.be/stations/NMBS/008861168,IC,2016-10-28T16:52:00,2016-10-28T16:52:00,59,59
http://irail.be/vehicle/IC938,http://irail.be/stations/NMBS/008874724,IC,2016-10-28T16:52:00,2016-10-28T16:52:00,164,164
http://irail.be/vehicle/IC938,NO-URI,IC,2016-10-28T16:54:00,2016-10-28T16:54:00,109,109
http://irail.be/vehicle/IC938,http://irail.be/stations/NMBS/008874716,IC,2016-10-28T16:55:00,2016-10-28T16:55:00,132,132
http://irail.be/vehicle/IC938,http://irail.be/stations/NMBS/008874609,IC,2016-10-28T16:58:00,2016-10-28T16:57:00,177,146
http://irail.be/vehicle/IC938,http://irail.be/stations/NMBS/008874583,IC,2016-10-28T17:00:00,2016-10-28T17:00:00,177,177
http://irail.be/vehicle/IC938,http://irail.be/stations/NMBS/008874567,IC,2016-10-28T17:01:00,2016-10-28T17:01:00,177,177
http://irail.be/vehicle/IC938,http://irail.be/stations/NMBS/008874559,IC,2016-10-28T17:02:00,2016-10-28T17:02:00,152,152
http://irail.be/vehicle/IC938,NO-URI,IC,2016-10-28T17:03:00,2016-10-28T17:03:00,152,152
http://irail.be/vehicle/IC938,http://irail.be/stations/NMBS/008874005,IC,2016-10-28T17:03:00,2016-10-28T17:03:00,166,166
http://irail.be/vehicle/IC938,http://irail.be/stations/NMBS/008874054,IC,2016-10-28T17:06:00,2016-10-28T17:06:00,123,123
http://irail.be/vehicle/IC938,http://irail.be/stations/NMBS/008872009,IC,2016-10-28T17:11:00,2016-10-28T17:08:00,123,143
http://irail.be/vehicle/IC938,http://irail.be/stations/NMBS/008871100,IC,2016-10-28T17:15:00,2016-10-28T17:15:00,176,176
http://irail.be/vehicle/IC938,http://irail.be/stations/NMBS/008871514,IC,2016-10-28T17:19:00,2016-10-28T17:19:00,179,179
http://irail.be/vehicle/IC938,http://irail.be/stations/NMBS/008871415,IC,2016-10-28T17:20:00,2016-10-28T17:20:00,156,156
http://irail.be/vehicle/IC938,http://irail.be/stations/NMBS/008882248,IC,2016-10-28T17:22:00,2016-10-28T17:22:00,156,156
http://irail.be/vehicle/IC938,http://irail.be/stations/NMBS/008882230,IC,2016-10-28T17:23:00,2016-10-28T17:23:00,156,156
http://irail.be/vehicle/IC938,http://irail.be/stations/NMBS/008882206,IC,2016-10-28T17:28:00,2016-10-28T17:27:00,159,99
http://irail.be/vehicle/IC938,http://irail.be/stations/NMBS/008881463,IC,2016-10-28T17:32:00,2016-10-28T17:32:00,150,150
http://irail.be/vehicle/IC938,http://irail.be/stations/NMBS/008881455,IC,2016-10-28T17:33:00,2016-10-28T17:33:00,150,150
http://irail.be/vehicle/IC938,http://irail.be/stations/NMBS/008881430,IC,2016-10-28T17:35:00,2016-10-28T17:35:00,150,150
http://irail.be/vehicle/IC938,NO-URI,IC,2016-10-28T17:36:00,2016-10-28T17:36:00,134,134
http://irail.be/vehicle/IC938,http://irail.be/stations/NMBS/008881406,IC,2016-10-28T17:37:00,2016-10-28T17:37:00,74,74
http://irail.be/vehicle/IC938,http://irail.be/stations/NMBS/008881315,IC,2016-10-28T17:39:00,2016-10-28T17:39:00,74,74
http://irail.be/vehicle/IC938,http://irail.be/stations/NMBS/008881000,IC,2016-10-28T17:45:00,2016-10-28T17:42:00,50,120
http://irail.be/vehicle/IC938,http://irail.be/stations/NMBS/008884566,IC,2016-10-28T17:50:00,2016-10-28T17:50:00,24,24
http://irail.be/vehicle/IC938,http://irail.be/stations/NMBS/008884541,IC,2016-10-28T17:51:00,2016-10-28T17:51:00,16,16
http://irail.be/vehicle/IC938,http://irail.be/stations/NMBS/008884004,IC,2016-10-28T17:54:00,2016-10-28T17:53:00,100,12
http://irail.be/vehicle/IC938,http://irail.be/stations/NMBS/008884632,IC,2016-10-28T17:59:00,2016-10-28T17:59:00,100,100
http://irail.be/vehicle/IC938,http://irail.be/stations/NMBS/008884640,IC,2016-10-28T18:00:00,2016-10-28T18:00:00,100,100
http://irail.be/vehicle/IC938,http://irail.be/stations/NMBS/008884715,IC,2016-10-28T18:01:00,2016-10-28T18:01:00,97,97
http://irail.be/vehicle/IC938,http://irail.be/stations/NMBS/008884855,IC,2016-10-28T18:04:00,2016-10-28T18:04:00,97,97
http://irail.be/vehicle/IC938,http://irail.be/stations/NMBS/008884889,IC,2016-10-28T18:06:00,2016-10-28T18:06:00,97,97
http://irail.be/vehicle/IC938,http://irail.be/stations/NMBS/008885530,IC,2016-10-28T18:08:00,2016-10-28T18:08:00,37,37
http://irail.be/vehicle/IC938,http://irail.be/stations/NMBS/008885522,IC,2016-10-28T18:09:00,2016-10-28T18:09:00,71,71
http://irail.be/vehicle/IC938,http://irail.be/stations/NMBS/008885001,IC,2016-10-28T18:19:00,2016-10-28T18:15:00,85,21
http://irail.be/vehicle/IC938,http://irail.be/stations/NMBS/008885068,IC,2016-10-28T18:23:00,2016-10-28T18:23:00,90,37
http://irail.be/vehicle/IC938,http://irail.be/stations/NMBS/008885753,IC,2016-10-28T18:33:00,2016-10-28T18:33:00,0,-90
http://irail.be/vehicle/IC938,http://irail.be/stations/NMBS/008885704,IC,2016-10-28T18:37:00,2016-10-28T18:37:00,,86
http://irail.be/vehicle/IC938,http://irail.be/stations/NMBS/008863008,IC,2016-08-23T16:38:00,2016-08-23T16:38:00,25,
http://irail.be/vehicle/IC938,http://irail.be/stations/NMBS/008861119,IC,2016-08-23T16:41:00,2016-08-23T16:41:00,42,42
http://irail.be/vehicle/IC938,http://irail.be/stations/NMBS/008861127,IC,2016-08-23T16:43:00,2016-08-23T16:43:00,-7,-7
http://irail.be/vehicle/IC938,http://irail.be/stations/NMBS/008861135,IC,2016-08-23T16:46:00,2016-08-23T16:46:00,-35,-35
http://irail.be/vehicle/IC938,http://irail.be/stations/NMBS/008861143,IC,2016-08-23T16:49:00,2016-08-23T16:49:00,-117,-117
http://irail.be/vehicle/IC938,http://irail.be/stations/NMBS/008861150,IC,2016-08-23T16:51:00,2016-08-23T16:51:00,-117,-117
http://irail.be/vehicle/IC938,NO-URI,IC,2016-08-23T16:51:00,2016-08-23T16:51:00,-70,-70
http://irail.be/vehicle/IC938,http://irail.be/stations/NMBS/008861168,IC,2016-08-23T16:52:00,2016-08-23T16:52:00,-70,-70
http://irail.be/vehicle/IC938,http://irail.be/stations/NMBS/008874724,IC,2016-08-23T16:52:00,2016-08-23T16:52:00,-59,-59
http://irail.be/vehicle/IC938,NO-URI,IC,2016-08-23T16:54:00,2016-08-23T16:54:00,-145,-145
http://irail.be/vehicle/IC938,http://irail.be/stations/NMBS/008874716,IC,2016-08-23T16:55:00,2016-08-23T16:55:00,-60,-60
http://irail.be/vehicle/IC938,http://irail.be/stations/NMBS/008874609,IC,2016-08-23T16:58:00,2016-08-23T16:57:00,23,0
http://irail.be/vehicle/IC938,http://irail.be/stations/NMBS/008874583,IC,2016-08-23T16:59:00,2016-08-23T16:59:00,-37,-37
http://irail.be/vehicle/IC938,http://irail.be/stations/NMBS/008874567,IC,2016-08-23T17:01:00,2016-08-23T17:01:00,23,23
http://irail.be/vehicle/IC938,http://irail.be/stations/NMBS/008874559,IC,2016-08-23T17:02:00,2016-08-23T17:02:00,-3,-3
http://irail.be/vehicle/IC938,NO-URI,IC,2016-08-23T17:03:00,2016-08-23T17:03:00,-3,-3
http://irail.be/vehicle/IC938,http://irail.be/stations/NMBS/008874005,IC,2016-08-23T17:03:00,2016-08-23T17:03:00,10,10
http://irail.be/vehicle/IC938,http://irail.be/stations/NMBS/008874054,IC,2016-08-23T17:06:00,2016-08-23T17:06:00,-29,-29
http://irail.be/vehicle/IC938,http://irail.be/stations/NMBS/008872009,IC,2016-08-23T17:11:00,2016-08-23T17:08:00,13,7
http://irail.be/vehicle/IC938,http://irail.be/stations/NMBS/008871100,IC,2016-08-23T17:15:00,2016-08-23T17:15:00,2,2
http://irail.be/vehicle/IC938,http://irail.be/stations/NMBS/008871514,IC,2016-08-23T17:18:00,2016-08-23T17:18:00,-60,-60
http://irail.be/vehicle/IC938,http://irail.be/stations/NMBS/008871415,IC,2016-08-23T17:20:00,2016-08-23T17:20:00,-15,-15
http://irail.be/vehicle/IC938,http://irail.be/stations/NMBS/008882248,IC,2016-08-23T17:21:00,2016-08-23T17:21:00,-75,-75
http://irail.be/vehicle/IC938,http://irail.be/stations/NMBS/008882230,IC,2016-08-23T17:22:00,2016-08-23T17:22:00,-75,-75
http://irail.be/vehicle/IC938,http://irail.be/stations/NMBS/008882206,IC,2016-08-23T17:28:00,2016-08-23T17:27:00,0,-63
http://irail.be/vehicle/IC938,http://irail.be/stations/NMBS/008881463,IC,2016-08-23T17:32:00,2016-08-23T17:32:00,6,6
http://irail.be/vehicle/IC938,http://irail.be/stations/NMBS/008881455,IC,2016-08-23T17:33:00,2016-08-23T17:33:00,6,6
http://irail.be/vehicle/IC938,http://irail.be/stations/NMBS/008881430,IC,2016-08-23T17:34:00,2016-08-23T17:34:00,-54,-54
http://irail.be/vehicle/IC938,NO-URI,IC,2016-08-23T17:36:00,2016-08-23T17:36:00,84,84
http://irail.be/vehicle/IC938,http://irail.be/stations/NMBS/008881406,IC,2016-08-23T17:37:00,2016-08-23T17:37:00,24,24
http://irail.be/vehicle/IC938,http://irail.be/stations/NMBS/008881315,IC,2016-08-23T17:40:00,2016-08-23T17:40:00,84,84
http://irail.be/vehicle/IC938,http://irail.be/stations/NMBS/008881000,IC,2016-08-23T17:45:00,2016-08-23T17:42:00,948,270
http://irail.be/vehicle/IC938,http://irail.be/stations/NMBS/008881125,IC,2016-08-23T17:49:00,2016-08-23T17:49:00,995,995
http://irail.be/vehicle/IC938,http://irail.be/stations/NMBS/008881158,IC,2016-08-23T17:51:00,2016-08-23T17:51:00,995,995
http://irail.be/vehicle/IC938,http://irail.be/stations/NMBS/008881166,IC,2016-08-23T17:53:00,2016-08-23T17:53:00,1100,1100
http://irail.be/vehicle/IC938,http://irail.be/stations/NMBS/008881190,IC,2016-08-23T17:56:00,2016-08-23T17:56:00,1155,1155
http://irail.be/vehicle/IC938,http://irail.be/stations/NMBS/008886074,IC,2016-08-23T17:59:00,2016-08-23T17:59:00,1155,1155
http://irail.be/vehicle/IC938,http://irail.be/stations/NMBS/008886066,IC,2016-08-23T18:01:00,2016-08-23T18:01:00,998,998
http://irail.be/vehicle/IC938,http://irail.be/stations/NMBS/008886058,IC,2016-08-23T18:02:00,2016-08-23T18:02:00,998,998
http://irail.be/vehicle/IC938,http://irail.be/stations/NMBS/008886041,IC,2016-08-23T18:05:00,2016-08-23T18:05:00,998,998
http://irail.be/vehicle/IC938,http://irail.be/stations/NMBS/008886009,IC,2016-08-23T18:07:00,2016-08-23T18:07:00,930,930
http://irail.be/vehicle/IC938,http://irail.be/stations/NMBS/008886348,IC,2016-08-23T18:16:00,2016-08-23T18:16:00,748,748
http://irail.be/vehicle/IC938,NO-URI,IC,2016-08-23T18:25:00,2016-08-23T18:25:00,506,506
http://irail.be/vehicle/IC938,http://irail.be/stations/NMBS/008885001,IC,2016-08-23T18:30:00,2016-08-23T18:30:00,,1443
http://irail.be/vehicle/IC938,http://irail.be/stations/NMBS/008863008,IC,2016-11-10T16:38:00,2016-11-10T16:38:00,25,
http://irail.be/vehicle/IC938,http://irail.be/stations/NMBS/008861119,IC,2016-11-10T16:41:00,2016-11-10T16:41:00,87,87
http://irail.be/vehicle/IC938,http://irail.be/stations/NMBS/008861127,IC,2016-11-10T16:43:00,2016-11-10T16:43:00,51,51
http://irail.be/vehicle/IC938,http://irail.be/stations/NMBS/008861135,IC,2016-11-10T16:46:00,2016-11-10T16:46:00,39,39
http://irail.be/vehicle/IC938,http://irail.be/stations/NMBS/008861143,IC,2016-11-10T16:49:00,2016-11-10T16:49:00,-43,-43
http://irail.be/vehicle/IC938,http://irail.be/stations/NMBS/008861150,IC,2016-11-10T16:51:00,2016-11-10T16:51:00,-43,-43
http://irail.be/vehicle/IC938,NO-URI,IC,2016-11-10T16:51:00,2016-11-10T16:51:00,2,2
http://irail.be/vehicle/IC938,http://irail.be/stations/NMBS/008861168,IC,2016-11-10T16:52:00,2016-11-10T16:52:00,2,2
http://irail.be/vehicle/IC938,http://irail.be/stations/NMBS/008874724,IC,2016-11-10T16:52:00,2016-11-10T16:52:00,14,14
http://irail.be/vehicle/IC938,NO-URI,IC,2016-11-10T16:54:00,2016-11-10T16:54:00,-70,-70
http://irail.be/vehicle/IC938,http://irail.be/stations/NMBS/008874716,IC,2016-11-10T16:55:00,2016-11-10T16:55:00,16,16
http://irail.be/vehicle/IC938,http://irail.be/stations/NMBS/008874609,IC,2016-11-10T16:58:00,2016-11-10T16:57:00,66,48
http://irail.be/vehicle/IC938,http://irail.be/stations/NMBS/008874583,IC,2016-11-10T17:00:00,2016-11-10T17:00:00,66,66
http://irail.be/vehicle/IC938,http://irail.be/stations/NMBS/008874567,IC,2016-11-10T17:01:00,2016-11-10T17:01:00,66,66
http://irail.be/vehicle/IC938,http://irail.be/stations/NMBS/008874559,IC,2016-11-10T17:02:00,2016-11-10T17:02:00,39,39
http://irail.be/vehicle/IC938,NO-URI,IC,2016-11-10T17:03:00,2016-11-10T17:03:00,39,39
http://irail.be/vehicle/IC938,http://irail.be/stations/NMBS/008874005,IC,2016-11-10T17:03:00,2016-11-10T17:03:00,48,48
http://irail.be/vehicle/IC938,http://irail.be/stations/NMBS/008874054,IC,2016-11-10T17:06:00,2016-11-10T17:06:00,-3,-3
http://irail.be/vehicle/IC938,http://irail.be/stations/NMBS/008872009,IC,2016-11-10T17:11:00,2016-11-10T17:08:00,37,67
http://irail.be/vehicle/IC938,http://irail.be/stations/NMBS/008871100,IC,2016-11-10T17:15:00,2016-11-10T17:15:00,76,76
http://irail.be/vehicle/IC938,http://irail.be/stations/NMBS/008871514,IC,2016-11-10T17:19:00,2016-11-10T17:19:00,80,80
http://irail.be/vehicle/IC938,http://irail.be/stations/NMBS/008871415,IC,2016-11-10T17:20:00,2016-11-10T17:20:00,60,60
http://irail.be/vehicle/IC938,http://irail.be/stations/NMBS/008882248,IC,2016-11-10T17:22:00,2016-11-10T17:22:00,60,60
http://irail.be/vehicle/IC938,http://irail.be/stations/NMBS/008882230,IC,2016-11-10T17:23:00,2016-11-10T17:23:00,60,60
http://irail.be/vehicle/IC938,http://irail.be/stations/NMBS/008882206,IC,2016-11-10T17:28:00,2016-11-10T17:27:00,64,23
http://irail.be/vehicle/IC938,http://irail.be/stations/NMBS/008881463,IC,2016-11-10T17:32:00,2016-11-10T17:32:00,76,76
http://irail.be/vehicle/IC938,http://irail.be/stations/NMBS/008881455,IC,2016-11-10T17:33:00,2016-11-10T17:33:00,76,76
http://irail.be/vehicle/IC938,http://irail.be/stations/NMBS/008881430,IC,2016-11-10T17:35:00,2016-11-10T17:35:00,76,76
http://irail.be/vehicle/IC938,NO-URI,IC,2016-11-10T17:36:00,2016-11-10T17:36:00,64,64
http://irail.be/vehicle/IC938,http://irail.be/stations/NMBS/008881406,IC,2016-11-10T17:37:00,2016-11-10T17:37:00,4,4
http://irail.be/vehicle/IC938,http://irail.be/stations/NMBS/008881315,IC,2016-11-10T17:39:00,2016-11-10T17:39:00,4,4
http://irail.be/vehicle/IC938,http://irail.be/stations/NMBS/008881000,IC,2016-11-10T17:45:00,2016-11-10T17:42:00,76,76
http://irail.be/vehicle/IC938,http://irail.be/stations/NMBS/008884566,IC,2016-11-10T17:50:00,2016-11-10T17:50:00,25,25
http://irail.be/vehicle/IC938,http://irail.be/stations/NMBS/008884541,IC,2016-11-10T17:51:00,2016-11-10T17:51:00,16,16
http://irail.be/vehicle/IC938,http://irail.be/stations/NMBS/008884004,IC,2016-11-10T17:54:00,2016-11-10T17:53:00,64,28
http://irail.be/vehicle/IC938,http://irail.be/stations/NMBS/008884632,IC,2016-11-10T17:59:00,2016-11-10T17:59:00,64,64
http://irail.be/vehicle/IC938,http://irail.be/stations/NMBS/008884640,IC,2016-11-10T18:00:00,2016-11-10T18:00:00,64,64
http://irail.be/vehicle/IC938,http://irail.be/stations/NMBS/008884715,IC,2016-11-10T18:01:00,2016-11-10T18:01:00,52,52
http://irail.be/vehicle/IC938,http://irail.be/stations/NMBS/008884855,IC,2016-11-10T18:04:00,2016-11-10T18:04:00,52,52
http://irail.be/vehicle/IC938,http://irail.be/stations/NMBS/008884889,IC,2016-11-10T18:06:00,2016-11-10T18:06:00,52,52
http://irail.be/vehicle/IC938,http://irail.be/stations/NMBS/008885530,IC,2016-11-10T18:08:00,2016-11-10T18:08:00,-8,-8
http://irail.be/vehicle/IC938,http://irail.be/stations/NMBS/008885522,IC,2016-11-10T18:09:00,2016-11-10T18:09:00,35,35
http://irail.be/vehicle/IC938,http://irail.be/stations/NMBS/008885001,IC,2016-11-10T18:19:00,2016-11-10T18:15:00,56,31
http://irail.be/vehicle/IC938,http://irail.be/stations/NMBS/008885068,IC,2016-11-10T18:23:00,2016-11-10T18:23:00,73,19
http://irail.be/vehicle/IC938,http://irail.be/stations/NMBS/008885753,IC,2016-11-10T18:33:00,2016-11-10T18:33:00,0,-107
http://irail.be/vehicle/IC938,http://irail.be/stations/NMBS/008885704,IC,2016-11-10T18:37:00,2016-11-10T18:37:00,,18
http://irail.be/vehicle/IC938,http://irail.be/stations/NMBS/008863008,IC,2016-10-05T16:38:00,2016-10-05T16:38:00,68,
http://irail.be/vehicle/IC938,http://irail.be/stations/NMBS/008861119,IC,2016-10-05T16:41:00,2016-10-05T16:41:00,99,99
http://irail.be/vehicle/IC938,http://irail.be/stations/NMBS/008861127,IC,2016-10-05T16:43:00,2016-10-05T16:43:00,47,47
http://irail.be/vehicle/IC938,http://irail.be/stations/NMBS/008861135,IC,2016-10-05T16:46:00,2016-10-05T16:46:00,9,9
http://irail.be/vehicle/IC938,http://irail.be/stations/NMBS/008861143,IC,2016-10-05T16:49:00,2016-10-05T16:49:00,-80,-80
http://irail.be/vehicle/IC938,http://irail.be/stations/NMBS/008861150,IC,2016-10-05T16:51:00,2016-10-05T16:51:00,-80,-80
http://irail.be/vehicle/IC938,NO-URI,IC,2016-10-05T16:51:00,2016-10-05T16:51:00,-44,-44
http://irail.be/vehicle/IC938,http://irail.be/stations/NMBS/008861168,IC,2016-10-05T16:52:00,2016-10-05T16:52:00,-44,-44
http://irail.be/vehicle/IC938,http://irail.be/stations/NMBS/008874724,IC,2016-10-05T16:52:00,2016-10-05T16:52:00,-33,-33
http://irail.be/vehicle/IC938,NO-URI,IC,2016-10-05T16:54:00,2016-10-05T16:54:00,-123,-123
http://irail.be/vehicle/IC938,http://irail.be/stations/NMBS/008874716,IC,2016-10-05T16:55:00,2016-10-05T16:55:00,-35,-35
http://irail.be/vehicle/IC938,http://irail.be/stations/NMBS/008874609,IC,2016-10-05T16:58:00,2016-10-05T16:57:00,62,-8
http://irail.be/vehicle/IC938,http://irail.be/stations/NMBS/008874583,IC,2016-10-05T17:00:00,2016-10-05T17:00:00,62,62
http://irail.be/vehicle/IC938,http://irail.be/stations/NMBS/008874567,IC,2016-10-05T17:01:00,2016-10-05T17:01:00,62,62
http://irail.be/vehicle/IC938,http://irail.be/stations/NMBS/008874559,IC,2016-10-05T17:02:00,2016-10-05T17:02:00,40,40
http://irail.be/vehicle/IC938,NO-URI,IC,2016-10-05T17:03:00,2016-10-05T17:03:00,40,40
http://irail.be/vehicle/IC938,http://irail.be/stations/NMBS/008874005,IC,2016-10-05T17:03:00,2016-10-05T17:03:00,51,51
http://irail.be/vehicle/IC938,http://irail.be/stations/NMBS/008874054,IC,2016-10-05T17:06:00,2016-10-05T17:06:00,2,2
http://irail.be/vehicle/IC938,http://irail.be/stations/NMBS/008872009,IC,2016-10-05T17:11:00,2016-10-05T17:08:00,694,51
http://irail.be/vehicle/IC938,http://irail.be/stations/NMBS/008871100,IC,2016-10-05T17:15:00,2016-10-05T17:15:00,723,723
http://irail.be/vehicle/IC938,http://irail.be/stations/NMBS/008871514,IC,2016-10-05T17:19:00,2016-10-05T17:19:00,790,790
http://irail.be/vehicle/IC938,http://irail.be/stations/NMBS/008871415,IC,2016-10-05T17:20:00,2016-10-05T17:20:00,803,803
http://irail.be/vehicle/IC938,http://irail.be/stations/NMBS/008882248,IC,2016-10-05T17:22:00,2016-10-05T17:22:00,803,803
http://irail.be/vehicle/IC938,http://irail.be/stations/NMBS/008882230,IC,2016-10-05T17:23:00,2016-10-05T17:23:00,803,803
http://irail.be/vehicle/IC938,http://irail.be/stations/NMBS/008882206,IC,2016-10-05T17:28:00,2016-10-05T17:27:00,775,748
http://irail.be/vehicle/IC938,http://irail.be/stations/NMBS/008881463,IC,2016-10-05T17:32:00,2016-10-05T17:32:00,774,774
http://irail.be/vehicle/IC938,http://irail.be/stations/NMBS/008881455,IC,2016-10-05T17:33:00,2016-10-05T17:33:00,774,774
http://irail.be/vehicle/IC938,http://irail.be/stations/NMBS/008881430,IC,2016-10-05T17:35:00,2016-10-05T17:35:00,774,774
http://irail.be/vehicle/IC938,NO-URI,IC,2016-10-05T17:36:00,2016-10-05T17:36:00,768,768
http://irail.be/vehicle/IC938,http://irail.be/stations/NMBS/008881406,IC,2016-10-05T17:37:00,2016-10-05T17:37:00,708,708
http://irail.be/vehicle/IC938,http://irail.be/stations/NMBS/008881315,IC,2016-10-05T17:39:00,2016-10-05T17:39:00,708,708
http://irail.be/vehicle/IC938,http://irail.be/stations/NMBS/008881000,IC,2016-10-05T17:45:00,2016-10-05T17:42:00,695,765
http://irail.be/vehicle/IC938,http://irail.be/stations/NMBS/008884566,IC,2016-10-05T17:50:00,2016-10-05T17:50:00,641,641
http://irail.be/vehicle/IC938,http://irail.be/stations/NMBS/008884541,IC,2016-10-05T17:51:00,2016-10-05T17:51:00,630,630
http://irail.be/vehicle/IC938,http://irail.be/stations/NMBS/008884004,IC,2016-10-05T17:54:00,2016-10-05T17:53:00,642,624
http://irail.be/vehicle/IC938,http://irail.be/stations/NMBS/008884632,IC,2016-10-05T17:59:00,2016-10-05T17:59:00,642,642
http://irail.be/vehicle/IC938,http://irail.be/stations/NMBS/008884640,IC,2016-10-05T18:00:00,2016-10-05T18:00:00,642,642
http://irail.be/vehicle/IC938,http://irail.be/stations/NMBS/008884715,IC,2016-10-05T18:01:00,2016-10-05T18:01:00,614,614
http://irail.be/vehicle/IC938,http://irail.be/stations/NMBS/008884855,IC,2016-10-05T18:04:00,2016-10-05T18:04:00,614,614
http://irail.be/vehicle/IC938,http://irail.be/stations/NMBS/008884889,IC,2016-10-05T18:06:00,2016-10-05T18:06:00,614,614
http://irail.be/vehicle/IC938,http://irail.be/stations/NMBS/008885530,IC,2016-10-05T18:08:00,2016-10-05T18:08:00,554,554
http://irail.be/vehicle/IC938,http://irail.be/stations/NMBS/008885522,IC,2016-10-05T18:09:00,2016-10-05T18:09:00,603,603
http://irail.be/vehicle/IC938,http://irail.be/stations/NMBS/008885001,IC,2016-10-05T18:19:00,2016-10-05T18:15:00,517,653
http://irail.be/vehicle/IC938,http://irail.be/stations/NMBS/008885068,IC,2016-10-05T18:23:00,2016-10-05T18:23:00,622,583
http://irail.be/vehicle/IC938,http://irail.be/stations/NMBS/008885753,IC,2016-10-05T18:33:00,2016-10-05T18:33:00,442,442
http://irail.be/vehicle/IC938,http://irail.be/stations/NMBS/008885704,IC,2016-10-05T18:37:00,2016-10-05T18:37:00,,886
http://irail.be/vehicle/IC938,http://irail.be/stations/NMBS/008863008,IC,2016-04-22T16:38:00,2016-04-22T16:38:00,87,0
http://irail.be/vehicle/IC938,http://irail.be/stations/NMBS/008861119,IC,2016-04-22T16:41:00,2016-04-22T16:41:00,105,105
http://irail.be/vehicle/IC938,http://irail.be/stations/NMBS/008861127,IC,2016-04-22T16:43:00,2016-04-22T16:43:00,51,37
http://irail.be/vehicle/IC938,http://irail.be/stations/NMBS/008861135,IC,2016-04-22T16:46:00,2016-04-22T16:46:00,7,51
http://irail.be/vehicle/IC938,http://irail.be/stations/NMBS/008861143,IC,2016-04-22T16:49:00,2016-04-22T16:49:00,-83,-83
http://irail.be/vehicle/IC938,http://irail.be/stations/NMBS/008861150,IC,2016-04-22T16:51:00,2016-04-22T16:51:00,-83,-83
http://irail.be/vehicle/IC938,NO-URI,IC,2016-04-22T16:51:00,2016-04-22T16:51:00,-58,-58
http://irail.be/vehicle/IC938,http://irail.be/stations/NMBS/008861168,IC,2016-04-22T16:52:00,2016-04-22T16:52:00,-58,-58
http://irail.be/vehicle/IC938,http://irail.be/stations/NMBS/008874724,IC,2016-04-22T16:52:00,2016-04-22T16:52:00,-30,-58
http://irail.be/vehicle/IC938,NO-URI,IC,2016-04-22T16:54:00,2016-04-22T16:54:00,368,-127
http://irail.be/vehicle/IC938,http://irail.be/stations/NMBS/008874716,IC,2016-04-22T16:55:00,2016-04-22T16:55:00,401,401
http://irail.be/vehicle/IC938,http://irail.be/stations/NMBS/008874609,IC,2016-04-22T16:58:00,2016-04-22T16:57:00,406,401
http://irail.be/vehicle/IC938,http://irail.be/stations/NMBS/008874583,IC,2016-04-22T17:00:00,2016-04-22T17:00:00,406,406
http://irail.be/vehicle/IC938,http://irail.be/stations/NMBS/008874567,IC,2016-04-22T17:01:00,2016-04-22T17:01:00,406,406
http://irail.be/vehicle/IC938,http://irail.be/stations/NMBS/008874559,IC,2016-04-22T17:02:00,2016-04-22T17:02:00,434,434
http://irail.be/vehicle/IC938,http://irail.be/stations/NMBS/008874005,IC,2016-04-22T17:03:00,2016-04-22T17:03:00,443,440
http://irail.be/vehicle/IC938,http://irail.be/stations/NMBS/008874054,IC,2016-04-22T17:06:00,2016-04-22T17:06:00,392,389
http://irail.be/vehicle/IC938,http://irail.be/stations/NMBS/008872009,IC,2016-04-22T17:11:00,2016-04-22T17:08:00,391,439
http://irail.be/vehicle/IC938,http://irail.be/stations/NMBS/008871100,IC,2016-04-22T17:15:00,2016-04-22T17:15:00,362,333
http://irail.be/vehicle/IC938,http://irail.be/stations/NMBS/008871514,IC,2016-04-22T17:19:00,2016-04-22T17:19:00,356,356
http://irail.be/vehicle/IC938,http://irail.be/stations/NMBS/008871415,IC,2016-04-22T17:20:00,2016-04-22T17:20:00,331,333
http://irail.be/vehicle/IC938,http://irail.be/stations/NMBS/008882248,IC,2016-04-22T17:22:00,2016-04-22T17:22:00,331,331
http://irail.be/vehicle/IC938,http://irail.be/stations/NMBS/008882230,IC,2016-04-22T17:23:00,2016-04-22T17:23:00,331,331
http://irail.be/vehicle/IC938,http://irail.be/stations/NMBS/008882206,IC,2016-04-22T17:28:00,2016-04-22T17:27:00,312,258
http://irail.be/vehicle/IC938,http://irail.be/stations/NMBS/008881463,IC,2016-04-22T17:32:00,2016-04-22T17:32:00,292,292
http://irail.be/vehicle/IC938,http://irail.be/stations/NMBS/008881455,IC,2016-04-22T17:33:00,2016-04-22T17:33:00,292,292
http://irail.be/vehicle/IC938,http://irail.be/stations/NMBS/008881430,IC,2016-04-22T17:35:00,2016-04-22T17:35:00,292,292
http://irail.be/vehicle/IC938,NO-URI,IC,2016-04-22T17:36:00,2016-04-22T17:36:00,351,350
http://irail.be/vehicle/IC938,http://irail.be/stations/NMBS/008881406,IC,2016-04-22T17:37:00,2016-04-22T17:37:00,291,291
http://irail.be/vehicle/IC938,http://irail.be/stations/NMBS/008881315,IC,2016-04-22T17:39:00,2016-04-22T17:39:00,291,291
http://irail.be/vehicle/IC938,http://irail.be/stations/NMBS/008881000,IC,2016-04-22T17:45:00,2016-04-22T17:42:00,283,318
http://irail.be/vehicle/IC938,http://irail.be/stations/NMBS/008884566,IC,2016-04-22T17:50:00,2016-04-22T17:50:00,247,223
http://irail.be/vehicle/IC938,http://irail.be/stations/NMBS/008884541,IC,2016-04-22T17:51:00,2016-04-22T17:51:00,236,236
http://irail.be/vehicle/IC938,http://irail.be/stations/NMBS/008884004,IC,2016-04-22T17:54:00,2016-04-22T17:53:00,307,244
http://irail.be/vehicle/IC938,http://irail.be/stations/NMBS/008884632,IC,2016-04-22T17:59:00,2016-04-22T17:59:00,307,307
http://irail.be/vehicle/IC938,http://irail.be/stations/NMBS/008884640,IC,2016-04-22T18:00:00,2016-04-22T18:00:00,307,307
http://irail.be/vehicle/IC938,http://irail.be/stations/NMBS/008884715,IC,2016-04-22T18:01:00,2016-04-22T18:01:00,304,291
http://irail.be/vehicle/IC938,http://irail.be/stations/NMBS/008884855,IC,2016-04-22T18:04:00,2016-04-22T18:04:00,304,304
http://irail.be/vehicle/IC938,http://irail.be/stations/NMBS/008884889,IC,2016-04-22T18:06:00,2016-04-22T18:06:00,304,304
http://irail.be/vehicle/IC938,http://irail.be/stations/NMBS/008885530,IC,2016-04-22T18:08:00,2016-04-22T18:08:00,244,244
http://irail.be/vehicle/IC938,http://irail.be/stations/NMBS/008885522,IC,2016-04-22T18:09:00,2016-04-22T18:09:00,309,296
http://irail.be/vehicle/IC938,http://irail.be/stations/NMBS/008885001,IC,2016-04-22T18:19:00,2016-04-22T18:15:00,469,403
http://irail.be/vehicle/IC938,http://irail.be/stations/NMBS/008885068,IC,2016-04-22T18:23:00,2016-04-22T18:23:00,600,560
http://irail.be/vehicle/IC938,http://irail.be/stations/NMBS/008885753,IC,2016-04-22T18:33:00,2016-04-22T18:33:00,420,420
http://irail.be/vehicle/IC938,http://irail.be/stations/NMBS/008885704,IC,2016-04-22T18:37:00,2016-04-22T18:37:00,0,591
http://irail.be/vehicle/IC938,http://irail.be/stations/NMBS/008863008,IC,2016-10-07T16:38:00,2016-10-07T16:38:00,23,
http://irail.be/vehicle/IC938,http://irail.be/stations/NMBS/008861119,IC,2016-10-07T16:41:00,2016-10-07T16:41:00,58,58
http://irail.be/vehicle/IC938,http://irail.be/stations/NMBS/008861127,IC,2016-10-07T16:43:00,2016-10-07T16:43:00,34,34
http://irail.be/vehicle/IC938,http://irail.be/stations/NMBS/008861135,IC,2016-10-07T16:46:00,2016-10-07T16:46:00,39,39
http://irail.be/vehicle/IC938,http://irail.be/stations/NMBS/008861143,IC,2016-10-07T16:49:00,2016-10-07T16:49:00,-35,-35
http://irail.be/vehicle/IC938,http://irail.be/stations/NMBS/008861150,IC,2016-10-07T16:51:00,2016-10-07T16:51:00,-35,-35
http://irail.be/vehicle/IC938,NO-URI,IC,2016-10-07T16:51:00,2016-10-07T16:51:00,36,36
http://irail.be/vehicle/IC938,http://irail.be/stations/NMBS/008861168,IC,2016-10-07T16:52:00,2016-10-07T16:52:00,36,36
http://irail.be/vehicle/IC938,http://irail.be/stations/NMBS/008874724,IC,2016-10-07T16:52:00,2016-10-07T16:52:00,59,59
http://irail.be/vehicle/IC938,NO-URI,IC,2016-10-07T16:54:00,2016-10-07T16:54:00,-27,-27
http://irail.be/vehicle/IC938,http://irail.be/stations/NMBS/008874716,IC,2016-10-07T16:55:00,2016-10-07T16:55:00,-3,-3
http://irail.be/vehicle/IC938,http://irail.be/stations/NMBS/008874609,IC,2016-10-07T16:58:00,2016-10-07T16:57:00,56,23
http://irail.be/vehicle/IC938,http://irail.be/stations/NMBS/008874583,IC,2016-10-07T17:00:00,2016-10-07T17:00:00,56,56
http://irail.be/vehicle/IC938,http://irail.be/stations/NMBS/008874567,IC,2016-10-07T17:01:00,2016-10-07T17:01:00,56,56
http://irail.be/vehicle/IC938,http://irail.be/stations/NMBS/008874559,IC,2016-10-07T17:02:00,2016-10-07T17:02:00,31,31
http://irail.be/vehicle/IC938,NO-URI,IC,2016-10-07T17:03:00,2016-10-07T17:03:00,31,31
http://irail.be/vehicle/IC938,http://irail.be/stations/NMBS/008874005,IC,2016-10-07T17:03:00,2016-10-07T17:03:00,47,47
http://irail.be/vehicle/IC938,http://irail.be/stations/NMBS/008874054,IC,2016-10-07T17:06:00,2016-10-07T17:06:00,2,2
http://irail.be/vehicle/IC938,http://irail.be/stations/NMBS/008872009,IC,2016-10-07T17:11:00,2016-10-07T17:08:00,461,77
http://irail.be/vehicle/IC938,http://irail.be/stations/NMBS/008871100,IC,2016-10-07T17:15:00,2016-10-07T17:15:00,510,510
http://irail.be/vehicle/IC938,http://irail.be/stations/NMBS/008871514,IC,2016-10-07T17:19:00,2016-10-07T17:19:00,588,588
http://irail.be/vehicle/IC938,http://irail.be/stations/NMBS/008871415,IC,2016-10-07T17:20:00,2016-10-07T17:20:00,599,599
http://irail.be/vehicle/IC938,http://irail.be/stations/NMBS/008882248,IC,2016-10-07T17:22:00,2016-10-07T17:22:00,599,599
http://irail.be/vehicle/IC938,http://irail.be/stations/NMBS/008882230,IC,2016-10-07T17:23:00,2016-10-07T17:23:00,599,599
http://irail.be/vehicle/IC938,http://irail.be/stations/NMBS/008882206,IC,2016-10-07T17:28:00,2016-10-07T17:27:00,646,632
http://irail.be/vehicle/IC938,http://irail.be/stations/NMBS/008881463,IC,2016-10-07T17:32:00,2016-10-07T17:32:00,636,636
http://irail.be/vehicle/IC938,http://irail.be/stations/NMBS/008881455,IC,2016-10-07T17:33:00,2016-10-07T17:33:00,636,636
http://irail.be/vehicle/IC938,http://irail.be/stations/NMBS/008881430,IC,2016-10-07T17:35:00,2016-10-07T17:35:00,636,636
http://irail.be/vehicle/IC938,NO-URI,IC,2016-10-07T17:36:00,2016-10-07T17:36:00,631,631
http://irail.be/vehicle/IC938,http://irail.be/stations/NMBS/008881406,IC,2016-10-07T17:37:00,2016-10-07T17:37:00,571,571
http://irail.be/vehicle/IC938,http://irail.be/stations/NMBS/008881315,IC,2016-10-07T17:39:00,2016-10-07T17:39:00,571,571
http://irail.be/vehicle/IC938,http://irail.be/stations/NMBS/008881000,IC,2016-10-07T17:45:00,2016-10-07T17:42:00,595,654
http://irail.be/vehicle/IC938,http://irail.be/stations/NMBS/008884566,IC,2016-10-07T17:50:00,2016-10-07T17:50:00,559,559
http://irail.be/vehicle/IC938,http://irail.be/stations/NMBS/008884541,IC,2016-10-07T17:51:00,2016-10-07T17:51:00,547,547
http://irail.be/vehicle/IC938,http://irail.be/stations/NMBS/008884004,IC,2016-10-07T17:54:00,2016-10-07T17:53:00,546,540
http://irail.be/vehicle/IC938,http://irail.be/stations/NMBS/008884632,IC,2016-10-07T17:59:00,2016-10-07T17:59:00,546,546
http://irail.be/vehicle/IC938,http://irail.be/stations/NMBS/008884640,IC,2016-10-07T18:00:00,2016-10-07T18:00:00,546,546
http://irail.be/vehicle/IC938,http://irail.be/stations/NMBS/008884715,IC,2016-10-07T18:01:00,2016-10-07T18:01:00,527,527
http://irail.be/vehicle/IC938,http://irail.be/stations/NMBS/008884855,IC,2016-10-07T18:04:00,2016-10-07T18:04:00,527,527
http://irail.be/vehicle/IC938,http://irail.be/stations/NMBS/008884889,IC,2016-10-07T18:06:00,2016-10-07T18:06:00,527,527
http://irail.be/vehicle/IC938,http://irail.be/stations/NMBS/008885530,IC,2016-10-07T18:08:00,2016-10-07T18:08:00,467,467
http://irail.be/vehicle/IC938,http://irail.be/stations/NMBS/008885522,IC,2016-10-07T18:09:00,2016-10-07T18:09:00,525,525
http://irail.be/vehicle/IC938,http://irail.be/stations/NMBS/008885001,IC,2016-10-07T18:19:00,2016-10-07T18:15:00,390,517
http://irail.be/vehicle/IC938,http://irail.be/stations/NMBS/008885068,IC,2016-10-07T18:23:00,2016-10-07T18:23:00,378,350
http://irail.be/vehicle/IC938,http://irail.be/stations/NMBS/008885753,IC,2016-10-07T18:33:00,2016-10-07T18:33:00,198,198
http://irail.be/vehicle/IC938,http://irail.be/stations/NMBS/008885704,IC,2016-10-07T18:37:00,2016-10-07T18:37:00,,443
http://irail.be/vehicle/IC938,http://irail.be/stations/NMBS/008863008,IC,2016-08-11T16:38:00,2016-08-11T16:38:00,8,
http://irail.be/vehicle/IC938,http://irail.be/stations/NMBS/008861119,IC,2016-08-11T16:41:00,2016-08-11T16:41:00,43,43
http://irail.be/vehicle/IC938,http://irail.be/stations/NMBS/008861127,IC,2016-08-11T16:43:00,2016-08-11T16:43:00,-5,-5
http://irail.be/vehicle/IC938,http://irail.be/stations/NMBS/008861135,IC,2016-08-11T16:46:00,2016-08-11T16:46:00,-36,-36
http://irail.be/vehicle/IC938,http://irail.be/stations/NMBS/008861143,IC,2016-08-11T16:49:00,2016-08-11T16:49:00,-122,-122
http://irail.be/vehicle/IC938,http://irail.be/stations/NMBS/008861150,IC,2016-08-11T16:51:00,2016-08-11T16:51:00,-122,-122
http://irail.be/vehicle/IC938,NO-URI,IC,2016-08-11T16:51:00,2016-08-11T16:51:00,-85,-85
http://irail.be/vehicle/IC938,http://irail.be/stations/NMBS/008861168,IC,2016-08-11T16:52:00,2016-08-11T16:52:00,-85,-85
http://irail.be/vehicle/IC938,http://irail.be/stations/NMBS/008874724,IC,2016-08-11T16:52:00,2016-08-11T16:52:00,-82,-82
http://irail.be/vehicle/IC938,NO-URI,IC,2016-08-11T16:54:00,2016-08-11T16:54:00,-174,-174
http://irail.be/vehicle/IC938,http://irail.be/stations/NMBS/008874716,IC,2016-08-11T16:55:00,2016-08-11T16:55:00,-84,-84
http://irail.be/vehicle/IC938,http://irail.be/stations/NMBS/008874609,IC,2016-08-11T16:58:00,2016-08-11T16:57:00,72,78
http://irail.be/vehicle/IC938,http://irail.be/stations/NMBS/008874583,IC,2016-08-11T17:00:00,2016-08-11T17:00:00,72,72
http://irail.be/vehicle/IC938,http://irail.be/stations/NMBS/008874567,IC,2016-08-11T17:01:00,2016-08-11T17:01:00,72,72
http://irail.be/vehicle/IC938,http://irail.be/stations/NMBS/008874559,IC,2016-08-11T17:02:00,2016-08-11T17:02:00,59,59
http://irail.be/vehicle/IC938,NO-URI,IC,2016-08-11T17:03:00,2016-08-11T17:03:00,59,59
http://irail.be/vehicle/IC938,http://irail.be/stations/NMBS/008874005,IC,2016-08-11T17:03:00,2016-08-11T17:03:00,73,73
http://irail.be/vehicle/IC938,http://irail.be/stations/NMBS/008874054,IC,2016-08-11T17:06:00,2016-08-11T17:06:00,60,60
http://irail.be/vehicle/IC938,http://irail.be/stations/NMBS/008872009,IC,2016-08-11T17:11:00,2016-08-11T17:08:00,353,126
http://irail.be/vehicle/IC938,http://irail.be/stations/NMBS/008871100,IC,2016-08-11T17:15:00,2016-08-11T17:15:00,337,337
http://irail.be/vehicle/IC938,http://irail.be/stations/NMBS/008871514,IC,2016-08-11T17:19:00,2016-08-11T17:19:00,335,335
http://irail.be/vehicle/IC938,http://irail.be/stations/NMBS/008871415,IC,2016-08-11T17:20:00,2016-08-11T17:20:00,325,325
http://irail.be/vehicle/IC938,http://irail.be/stations/NMBS/008882248,IC,2016-08-11T17:22:00,2016-08-11T17:22:00,325,325
http://irail.be/vehicle/IC938,http://irail.be/stations/NMBS/008882230,IC,2016-08-11T17:23:00,2016-08-11T17:23:00,325,325
http://irail.be/vehicle/IC938,http://irail.be/stations/NMBS/008882206,IC,2016-08-11T17:28:00,2016-08-11T17:27:00,315,308
http://irail.be/vehicle/IC938,http://irail.be/stations/NMBS/008881463,IC,2016-08-11T17:32:00,2016-08-11T17:32:00,305,305
http://irail.be/vehicle/IC938,http://irail.be/stations/NMBS/008881455,IC,2016-08-11T17:33:00,2016-08-11T17:33:00,305,305
http://irail.be/vehicle/IC938,http://irail.be/stations/NMBS/008881430,IC,2016-08-11T17:35:00,2016-08-11T17:35:00,305,305
http://irail.be/vehicle/IC938,NO-URI,IC,2016-08-11T17:36:00,2016-08-11T17:36:00,294,294
http://irail.be/vehicle/IC938,http://irail.be/stations/NMBS/008881406,IC,2016-08-11T17:37:00,2016-08-11T17:37:00,234,234
http://irail.be/vehicle/IC938,http://irail.be/stations/NMBS/008881315,IC,2016-08-11T17:39:00,2016-08-11T17:39:00,234,234
http://irail.be/vehicle/IC938,http://irail.be/stations/NMBS/008881000,IC,2016-08-11T17:45:00,2016-08-11T17:42:00,192,284
http://irail.be/vehicle/IC938,http://irail.be/stations/NMBS/008884566,IC,2016-08-11T17:50:00,2016-08-11T17:50:00,161,161
http://irail.be/vehicle/IC938,http://irail.be/stations/NMBS/008884541,IC,2016-08-11T17:51:00,2016-08-11T17:51:00,155,155
http://irail.be/vehicle/IC938,http://irail.be/stations/NMBS/008884004,IC,2016-08-11T17:54:00,2016-08-11T17:53:00,174,170
http://irail.be/vehicle/IC938,http://irail.be/stations/NMBS/008884632,IC,2016-08-11T17:59:00,2016-08-11T17:59:00,174,174
http://irail.be/vehicle/IC938,http://irail.be/stations/NMBS/008884640,IC,2016-08-11T18:00:00,2016-08-11T18:00:00,174,174
http://irail.be/vehicle/IC938,http://irail.be/stations/NMBS/008884715,IC,2016-08-11T18:01:00,2016-08-11T18:01:00,152,152
http://irail.be/vehicle/IC938,http://irail.be/stations/NMBS/008884855,IC,2016-08-11T18:04:00,2016-08-11T18:04:00,152,152
http://irail.be/vehicle/IC938,http://irail.be/stations/NMBS/008884889,IC,2016-08-11T18:06:00,2016-08-11T18:06:00,152,152
http://irail.be/vehicle/IC938,http://irail.be/stations/NMBS/008885530,IC,2016-08-11T18:08:00,2016-08-11T18:08:00,92,92
http://irail.be/vehicle/IC938,http://irail.be/stations/NMBS/008885522,IC,2016-08-11T18:09:00,2016-08-11T18:09:00,152,152
http://irail.be/vehicle/IC938,http://irail.be/stations/NMBS/008885001,IC,2016-08-11T18:19:00,2016-08-11T18:15:00,122,127
http://irail.be/vehicle/IC938,http://irail.be/stations/NMBS/008885068,IC,2016-08-11T18:23:00,2016-08-11T18:23:00,128,105
http://irail.be/vehicle/IC938,http://irail.be/stations/NMBS/008885753,IC,2016-08-11T18:33:00,2016-08-11T18:33:00,0,-52
http://irail.be/vehicle/IC938,http://irail.be/stations/NMBS/008885704,IC,2016-08-11T18:37:00,2016-08-11T18:37:00,,47
http://irail.be/vehicle/IC938,http://irail.be/stations/NMBS/008863008,IC,2016-01-29T16:38:00,2016-01-29T16:38:00,13,0
http://irail.be/vehicle/IC938,http://irail.be/stations/NMBS/008861119,IC,2016-01-29T16:41:00,2016-01-29T16:41:00,44,44
http://irail.be/vehicle/IC938,http://irail.be/stations/NMBS/008861127,IC,2016-01-29T16:43:00,2016-01-29T16:43:00,-5,-5
http://irail.be/vehicle/IC938,http://irail.be/stations/NMBS/008861135,IC,2016-01-29T16:46:00,2016-01-29T16:46:00,-35,-35
http://irail.be/vehicle/IC938,http://irail.be/stations/NMBS/008861143,IC,2016-01-29T16:49:00,2016-01-29T16:49:00,-108,-108
http://irail.be/vehicle/IC938,http://irail.be/stations/NMBS/008861150,IC,2016-01-29T16:51:00,2016-01-29T16:51:00,-108,-108
http://irail.be/vehicle/IC938,NO-URI,IC,2016-01-29T16:51:00,2016-01-29T16:51:00,0,0
http://irail.be/vehicle/IC938,http://irail.be/stations/NMBS/008861168,IC,2016-01-29T16:52:00,2016-01-29T16:52:00,0,0
http://irail.be/vehicle/IC938,http://irail.be/stations/NMBS/008874724,IC,2016-01-29T16:52:00,2016-01-29T16:52:00,11,11
http://irail.be/vehicle/IC938,NO-URI,IC,2016-01-29T16:54:00,2016-01-29T16:54:00,-77,-77
http://irail.be/vehicle/IC938,http://irail.be/stations/NMBS/008874716,IC,2016-01-29T16:55:00,2016-01-29T16:55:00,-5,-5
http://irail.be/vehicle/IC938,http://irail.be/stations/NMBS/008874609,IC,2016-01-29T16:58:00,2016-01-29T16:57:00,68,25
http://irail.be/vehicle/IC938,http://irail.be/stations/NMBS/008874583,IC,2016-01-29T17:00:00,2016-01-29T17:00:00,68,68
http://irail.be/vehicle/IC938,http://irail.be/stations/NMBS/008874567,IC,2016-01-29T17:01:00,2016-01-29T17:01:00,68,68
http://irail.be/vehicle/IC938,http://irail.be/stations/NMBS/008874559,IC,2016-01-29T17:02:00,2016-01-29T17:02:00,47,47
http://irail.be/vehicle/IC938,http://irail.be/stations/NMBS/008874005,IC,2016-01-29T17:03:00,2016-01-29T17:03:00,58,58
http://irail.be/vehicle/IC938,http://irail.be/stations/NMBS/008874054,IC,2016-01-29T17:06:00,2016-01-29T17:06:00,10,10
http://irail.be/vehicle/IC938,http://irail.be/stations/NMBS/008872009,IC,2016-01-29T17:11:00,2016-01-29T17:08:00,19,23
http://irail.be/vehicle/IC938,http://irail.be/stations/NMBS/008871100,IC,2016-01-29T17:15:00,2016-01-29T17:15:00,1,1
http://irail.be/vehicle/IC938,http://irail.be/stations/NMBS/008871514,IC,2016-01-29T17:19:00,2016-01-29T17:19:00,-2,-2
http://irail.be/vehicle/IC938,http://irail.be/stations/NMBS/008871415,IC,2016-01-29T17:20:00,2016-01-29T17:20:00,-9,-9
http://irail.be/vehicle/IC938,http://irail.be/stations/NMBS/008882248,IC,2016-01-29T17:22:00,2016-01-29T17:22:00,-9,-9
http://irail.be/vehicle/IC938,http://irail.be/stations/NMBS/008882230,IC,2016-01-29T17:23:00,2016-01-29T17:23:00,-9,-9
http://irail.be/vehicle/IC938,http://irail.be/stations/NMBS/008882206,IC,2016-01-29T17:28:00,2016-01-29T17:27:00,22,-57
http://irail.be/vehicle/IC938,http://irail.be/stations/NMBS/008881463,IC,2016-01-29T17:32:00,2016-01-29T17:32:00,24,24
http://irail.be/vehicle/IC938,http://irail.be/stations/NMBS/008881455,IC,2016-01-29T17:33:00,2016-01-29T17:33:00,24,24
http://irail.be/vehicle/IC938,http://irail.be/stations/NMBS/008881430,IC,2016-01-29T17:35:00,2016-01-29T17:35:00,24,24
http://irail.be/vehicle/IC938,NO-URI,IC,2016-01-29T17:36:00,2016-01-29T17:36:00,26,26
http://irail.be/vehicle/IC938,http://irail.be/stations/NMBS/008881406,IC,2016-01-29T17:37:00,2016-01-29T17:37:00,-34,-34
http://irail.be/vehicle/IC938,http://irail.be/stations/NMBS/008881315,IC,2016-01-29T17:39:00,2016-01-29T17:39:00,-34,-34
http://irail.be/vehicle/IC938,http://irail.be/stations/NMBS/008881000,IC,2016-01-29T17:45:00,2016-01-29T17:42:00,56,92
http://irail.be/vehicle/IC938,http://irail.be/stations/NMBS/008884566,IC,2016-01-29T17:50:00,2016-01-29T17:50:00,-2,-2
http://irail.be/vehicle/IC938,http://irail.be/stations/NMBS/008884541,IC,2016-01-29T17:51:00,2016-01-29T17:51:00,-13,-13
http://irail.be/vehicle/IC938,http://irail.be/stations/NMBS/008884004,IC,2016-01-29T17:54:00,2016-01-29T17:53:00,65,8
http://irail.be/vehicle/IC938,http://irail.be/stations/NMBS/008884632,IC,2016-01-29T17:59:00,2016-01-29T17:59:00,65,65
http://irail.be/vehicle/IC938,http://irail.be/stations/NMBS/008884640,IC,2016-01-29T18:00:00,2016-01-29T18:00:00,65,65
http://irail.be/vehicle/IC938,http://irail.be/stations/NMBS/008884715,IC,2016-01-29T18:01:00,2016-01-29T18:01:00,318,125
http://irail.be/vehicle/IC938,http://irail.be/stations/NMBS/008884855,IC,2016-01-29T18:04:00,2016-01-29T18:04:00,318,318
http://irail.be/vehicle/IC938,http://irail.be/stations/NMBS/008884889,IC,2016-01-29T18:06:00,2016-01-29T18:06:00,318,318
http://irail.be/vehicle/IC938,http://irail.be/stations/NMBS/008885530,IC,2016-01-29T18:08:00,2016-01-29T18:08:00,258,258
http://irail.be/vehicle/IC938,http://irail.be/stations/NMBS/008885522,IC,2016-01-29T18:09:00,2016-01-29T18:09:00,891,730
http://irail.be/vehicle/IC938,http://irail.be/stations/NMBS/008885001,IC,2016-01-29T18:19:00,2016-01-29T18:15:00,972,885
http://irail.be/vehicle/IC938,http://irail.be/stations/NMBS/008885068,IC,2016-01-29T18:23:00,2016-01-29T18:23:00,1086,1022
http://irail.be/vehicle/IC938,http://irail.be/stations/NMBS/008885753,IC,2016-01-29T18:33:00,2016-01-29T18:33:00,906,906
http://irail.be/vehicle/IC938,http://irail.be/stations/NMBS/008885704,IC,2016-01-29T18:37:00,2016-01-29T18:37:00,0,1047
http://irail.be/vehicle/IC938,http://irail.be/stations/NMBS/008863008,IC,2016-03-08T16:38:00,2016-03-08T16:38:00,92,0
http://irail.be/vehicle/IC938,http://irail.be/stations/NMBS/008861119,IC,2016-03-08T16:41:00,2016-03-08T16:41:00,117,117
http://irail.be/vehicle/IC938,http://irail.be/stations/NMBS/008861127,IC,2016-03-08T16:43:00,2016-03-08T16:43:00,72,56
http://irail.be/vehicle/IC938,http://irail.be/stations/NMBS/008861135,IC,2016-03-08T16:46:00,2016-03-08T16:46:00,40,72
http://irail.be/vehicle/IC938,http://irail.be/stations/NMBS/008861143,IC,2016-03-08T16:49:00,2016-03-08T16:49:00,-47,-47
http://irail.be/vehicle/IC938,http://irail.be/stations/NMBS/008861150,IC,2016-03-08T16:51:00,2016-03-08T16:51:00,-47,-47
http://irail.be/vehicle/IC938,NO-URI,IC,2016-03-08T16:51:00,2016-03-08T16:51:00,61,2
http://irail.be/vehicle/IC938,http://irail.be/stations/NMBS/008861168,IC,2016-03-08T16:52:00,2016-03-08T16:52:00,61,61
http://irail.be/vehicle/IC938,http://irail.be/stations/NMBS/008874724,IC,2016-03-08T16:52:00,2016-03-08T16:52:00,100,61
http://irail.be/vehicle/IC938,NO-URI,IC,2016-03-08T16:54:00,2016-03-08T16:54:00,14,3
http://irail.be/vehicle/IC938,http://irail.be/stations/NMBS/008874716,IC,2016-03-08T16:55:00,2016-03-08T16:55:00,94,94
http://irail.be/vehicle/IC938,http://irail.be/stations/NMBS/008874609,IC,2016-03-08T16:58:00,2016-03-08T16:57:00,375,291
http://irail.be/vehicle/IC938,http://irail.be/stations/NMBS/008874583,IC,2016-03-08T17:00:00,2016-03-08T17:00:00,375,375
http://irail.be/vehicle/IC938,http://irail.be/stations/NMBS/008874567,IC,2016-03-08T17:01:00,2016-03-08T17:01:00,375,375
http://irail.be/vehicle/IC938,http://irail.be/stations/NMBS/008874559,IC,2016-03-08T17:02:00,2016-03-08T17:02:00,358,358
http://irail.be/vehicle/IC938,http://irail.be/stations/NMBS/008874005,IC,2016-03-08T17:03:00,2016-03-08T17:03:00,388,373
http://irail.be/vehicle/IC938,http://irail.be/stations/NMBS/008874054,IC,2016-03-08T17:06:00,2016-03-08T17:06:00,359,348
http://irail.be/vehicle/IC938,http://irail.be/stations/NMBS/008872009,IC,2016-03-08T17:11:00,2016-03-08T17:08:00,305,386
http://irail.be/vehicle/IC938,http://irail.be/stations/NMBS/008871100,IC,2016-03-08T17:15:00,2016-03-08T17:15:00,291,252
http://irail.be/vehicle/IC938,http://irail.be/stations/NMBS/008871514,IC,2016-03-08T17:19:00,2016-03-08T17:19:00,289,289
http://irail.be/vehicle/IC938,http://irail.be/stations/NMBS/008871415,IC,2016-03-08T17:20:00,2016-03-08T17:20:00,281,284
http://irail.be/vehicle/IC938,http://irail.be/stations/NMBS/008882248,IC,2016-03-08T17:22:00,2016-03-08T17:22:00,281,281
http://irail.be/vehicle/IC938,http://irail.be/stations/NMBS/008882230,IC,2016-03-08T17:23:00,2016-03-08T17:23:00,281,281
http://irail.be/vehicle/IC938,http://irail.be/stations/NMBS/008882206,IC,2016-03-08T17:28:00,2016-03-08T17:27:00,288,246
http://irail.be/vehicle/IC938,http://irail.be/stations/NMBS/008881463,IC,2016-03-08T17:32:00,2016-03-08T17:32:00,278,278
http://irail.be/vehicle/IC938,http://irail.be/stations/NMBS/008881455,IC,2016-03-08T17:33:00,2016-03-08T17:33:00,278,278
http://irail.be/vehicle/IC938,http://irail.be/stations/NMBS/008881430,IC,2016-03-08T17:35:00,2016-03-08T17:35:00,278,278
http://irail.be/vehicle/IC938,NO-URI,IC,2016-03-08T17:36:00,2016-03-08T17:36:00,286,280
http://irail.be/vehicle/IC938,http://irail.be/stations/NMBS/008881406,IC,2016-03-08T17:37:00,2016-03-08T17:37:00,226,226
http://irail.be/vehicle/IC938,http://irail.be/stations/NMBS/008881315,IC,2016-03-08T17:39:00,2016-03-08T17:39:00,226,226
http://irail.be/vehicle/IC938,http://irail.be/stations/NMBS/008881000,IC,2016-03-08T17:45:00,2016-03-08T17:42:00,260,331
http://irail.be/vehicle/IC938,http://irail.be/stations/NMBS/008884566,IC,2016-03-08T17:50:00,2016-03-08T17:50:00,191,200
http://irail.be/vehicle/IC938,http://irail.be/stations/NMBS/008884541,IC,2016-03-08T17:51:00,2016-03-08T17:51:00,191,191
http://irail.be/vehicle/IC938,http://irail.be/stations/NMBS/008884004,IC,2016-03-08T17:54:00,2016-03-08T17:53:00,131,131
http://irail.be/vehicle/IC938,http://irail.be/stations/NMBS/008884632,IC,2016-03-08T17:59:00,2016-03-08T17:59:00,131,131
http://irail.be/vehicle/IC938,http://irail.be/stations/NMBS/008884640,IC,2016-03-08T18:00:00,2016-03-08T18:00:00,131,131
http://irail.be/vehicle/IC938,http://irail.be/stations/NMBS/008884715,IC,2016-03-08T18:01:00,2016-03-08T18:01:00,139,134
http://irail.be/vehicle/IC938,http://irail.be/stations/NMBS/008884855,IC,2016-03-08T18:04:00,2016-03-08T18:04:00,139,139
http://irail.be/vehicle/IC938,http://irail.be/stations/NMBS/008884889,IC,2016-03-08T18:06:00,2016-03-08T18:06:00,139,139
http://irail.be/vehicle/IC938,http://irail.be/stations/NMBS/008885530,IC,2016-03-08T18:08:00,2016-03-08T18:08:00,79,79
http://irail.be/vehicle/IC938,http://irail.be/stations/NMBS/008885522,IC,2016-03-08T18:09:00,2016-03-08T18:09:00,218,109
http://irail.be/vehicle/IC938,http://irail.be/stations/NMBS/008885001,IC,2016-03-08T18:19:00,2016-03-08T18:15:00,413,232
http://irail.be/vehicle/IC938,http://irail.be/stations/NMBS/008885068,IC,2016-03-08T18:23:00,2016-03-08T18:23:00,558,509
http://irail.be/vehicle/IC938,http://irail.be/stations/NMBS/008885753,IC,2016-03-08T18:33:00,2016-03-08T18:33:00,378,378
http://irail.be/vehicle/IC938,http://irail.be/stations/NMBS/008885704,IC,2016-03-08T18:37:00,2016-03-08T18:37:00,0,538
http://irail.be/vehicle/IC938,http://irail.be/stations/NMBS/008863008,IC,2016-02-25T16:38:00,2016-02-25T16:38:00,28,0
http://irail.be/vehicle/IC938,http://irail.be/stations/NMBS/008861119,IC,2016-02-25T16:41:00,2016-02-25T16:41:00,50,50
http://irail.be/vehicle/IC938,http://irail.be/stations/NMBS/008861127,IC,2016-02-25T16:43:00,2016-02-25T16:43:00,-3,-18
http://irail.be/vehicle/IC938,http://irail.be/stations/NMBS/008861135,IC,2016-02-25T16:46:00,2016-02-25T16:46:00,-47,-3
http://irail.be/vehicle/IC938,http://irail.be/stations/NMBS/008861143,IC,2016-02-25T16:49:00,2016-02-25T16:49:00,-138,-138
http://irail.be/vehicle/IC938,http://irail.be/stations/NMBS/008861150,IC,2016-02-25T16:51:00,2016-02-25T16:51:00,-138,-138
http://irail.be/vehicle/IC938,NO-URI,IC,2016-02-25T16:51:00,2016-02-25T16:51:00,-74,-93
http://irail.be/vehicle/IC938,http://irail.be/stations/NMBS/008861168,IC,2016-02-25T16:52:00,2016-02-25T16:52:00,-74,-74
http://irail.be/vehicle/IC938,http://irail.be/stations/NMBS/008874724,IC,2016-02-25T16:52:00,2016-02-25T16:52:00,-21,-74
http://irail.be/vehicle/IC938,NO-URI,IC,2016-02-25T16:54:00,2016-02-25T16:54:00,-90,-118
http://irail.be/vehicle/IC938,http://irail.be/stations/NMBS/008874716,IC,2016-02-25T16:55:00,2016-02-25T16:55:00,-14,-14
http://irail.be/vehicle/IC938,http://irail.be/stations/NMBS/008874609,IC,2016-02-25T16:58:00,2016-02-25T16:57:00,149,129
http://irail.be/vehicle/IC938,http://irail.be/stations/NMBS/008874583,IC,2016-02-25T17:00:00,2016-02-25T17:00:00,0,0
http://irail.be/vehicle/IC938,http://irail.be/stations/NMBS/008874567,IC,2016-02-25T17:01:00,2016-02-25T17:01:00,0,0
http://irail.be/vehicle/IC938,http://irail.be/stations/NMBS/008874559,IC,2016-02-25T17:02:00,2016-02-25T17:02:00,122,122
http://irail.be/vehicle/IC938,http://irail.be/stations/NMBS/008874005,IC,2016-02-25T17:03:00,2016-02-25T17:03:00,131,128
http://irail.be/vehicle/IC938,http://irail.be/stations/NMBS/008874054,IC,2016-02-25T17:06:00,2016-02-25T17:06:00,80,76
http://irail.be/vehicle/IC938,http://irail.be/stations/NMBS/008872009,IC,2016-02-25T17:11:00,2016-02-25T17:08:00,37,116
http://irail.be/vehicle/IC938,http://irail.be/stations/NMBS/008871100,IC,2016-02-25T17:15:00,2016-02-25T17:15:00,8,-21
http://irail.be/vehicle/IC938,http://irail.be/stations/NMBS/008871514,IC,2016-02-25T17:19:00,2016-02-25T17:19:00,6,6
http://irail.be/vehicle/IC938,http://irail.be/stations/NMBS/008871415,IC,2016-02-25T17:20:00,2016-02-25T17:20:00,-13,-12
http://irail.be/vehicle/IC938,http://irail.be/stations/NMBS/008882248,IC,2016-02-25T17:22:00,2016-02-25T17:22:00,-13,-13
http://irail.be/vehicle/IC938,http://irail.be/stations/NMBS/008882230,IC,2016-02-25T17:23:00,2016-02-25T17:23:00,0,0
http://irail.be/vehicle/IC938,http://irail.be/stations/NMBS/008882206,IC,2016-02-25T17:28:00,2016-02-25T17:27:00,2,-81
http://irail.be/vehicle/IC938,http://irail.be/stations/NMBS/008881463,IC,2016-02-25T17:32:00,2016-02-25T17:32:00,-16,-16
http://irail.be/vehicle/IC938,http://irail.be/stations/NMBS/008881455,IC,2016-02-25T17:33:00,2016-02-25T17:33:00,-16,-16
http://irail.be/vehicle/IC938,http://irail.be/stations/NMBS/008881430,IC,2016-02-25T17:35:00,2016-02-25T17:35:00,0,0
http://irail.be/vehicle/IC938,NO-URI,IC,2016-02-25T17:36:00,2016-02-25T17:36:00,-32,-33
http://irail.be/vehicle/IC938,http://irail.be/stations/NMBS/008881406,IC,2016-02-25T17:37:00,2016-02-25T17:37:00,-32,-32
http://irail.be/vehicle/IC938,http://irail.be/stations/NMBS/008881315,IC,2016-02-25T17:39:00,2016-02-25T17:39:00,0,0
http://irail.be/vehicle/IC938,http://irail.be/stations/NMBS/008881000,IC,2016-02-25T17:45:00,2016-02-25T17:42:00,45,-46
http://irail.be/vehicle/IC938,http://irail.be/stations/NMBS/008884566,IC,2016-02-25T17:50:00,2016-02-25T17:50:00,8,-15
http://irail.be/vehicle/IC938,http://irail.be/stations/NMBS/008884541,IC,2016-02-25T17:51:00,2016-02-25T17:51:00,-4,-4
http://irail.be/vehicle/IC938,http://irail.be/stations/NMBS/008884004,IC,2016-02-25T17:54:00,2016-02-25T17:53:00,86,55
http://irail.be/vehicle/IC938,http://irail.be/stations/NMBS/008884632,IC,2016-02-25T17:59:00,2016-02-25T17:59:00,0,0
http://irail.be/vehicle/IC938,http://irail.be/stations/NMBS/008884640,IC,2016-02-25T18:00:00,2016-02-25T18:00:00,0,0
http://irail.be/vehicle/IC938,http://irail.be/stations/NMBS/008884715,IC,2016-02-25T18:01:00,2016-02-25T18:01:00,56,51
http://irail.be/vehicle/IC938,http://irail.be/stations/NMBS/008884855,IC,2016-02-25T18:04:00,2016-02-25T18:04:00,56,56
http://irail.be/vehicle/IC938,http://irail.be/stations/NMBS/008884889,IC,2016-02-25T18:06:00,2016-02-25T18:06:00,0,0
http://irail.be/vehicle/IC938,http://irail.be/stations/NMBS/008885530,IC,2016-02-25T18:08:00,2016-02-25T18:08:00,0,0
http://irail.be/vehicle/IC938,http://irail.be/stations/NMBS/008885522,IC,2016-02-25T18:09:00,2016-02-25T18:09:00,-4,-4
http://irail.be/vehicle/IC938,http://irail.be/stations/NMBS/008885001,IC,2016-02-25T18:19:00,2016-02-25T18:15:00,1134,986
http://irail.be/vehicle/IC938,http://irail.be/stations/NMBS/008885068,IC,2016-02-25T18:23:00,2016-02-25T18:23:00,1272,1234
http://irail.be/vehicle/IC938,http://irail.be/stations/NMBS/008885753,IC,2016-02-25T18:33:00,2016-02-25T18:33:00,0,0
http://irail.be/vehicle/IC938,http://irail.be/stations/NMBS/008885704,IC,2016-02-25T18:37:00,2016-02-25T18:37:00,0,1189
http://irail.be/vehicle/IC938,http://irail.be/stations/NMBS/008863008,IC,2016-03-24T16:38:00,2016-03-24T16:38:00,28,0
http://irail.be/vehicle/IC938,http://irail.be/stations/NMBS/008861119,IC,2016-03-24T16:41:00,2016-03-24T16:41:00,107,107
http://irail.be/vehicle/IC938,http://irail.be/stations/NMBS/008861127,IC,2016-03-24T16:43:00,2016-03-24T16:43:00,52,38
http://irail.be/vehicle/IC938,http://irail.be/stations/NMBS/008861135,IC,2016-03-24T16:46:00,2016-03-24T16:46:00,11,52
http://irail.be/vehicle/IC938,http://irail.be/stations/NMBS/008861143,IC,2016-03-24T16:49:00,2016-03-24T16:49:00,-79,-79
http://irail.be/vehicle/IC938,http://irail.be/stations/NMBS/008861150,IC,2016-03-24T16:51:00,2016-03-24T16:51:00,-79,-79
http://irail.be/vehicle/IC938,NO-URI,IC,2016-03-24T16:51:00,2016-03-24T16:51:00,149,66
http://irail.be/vehicle/IC938,http://irail.be/stations/NMBS/008861168,IC,2016-03-24T16:52:00,2016-03-24T16:52:00,149,149
http://irail.be/vehicle/IC938,http://irail.be/stations/NMBS/008874724,IC,2016-03-24T16:52:00,2016-03-24T16:52:00,341,149
http://irail.be/vehicle/IC938,NO-URI,IC,2016-03-24T16:54:00,2016-03-24T16:54:00,263,244
http://irail.be/vehicle/IC938,http://irail.be/stations/NMBS/008874716,IC,2016-03-24T16:55:00,2016-03-24T16:55:00,283,283
http://irail.be/vehicle/IC938,http://irail.be/stations/NMBS/008874609,IC,2016-03-24T16:58:00,2016-03-24T16:57:00,373,361
http://irail.be/vehicle/IC938,http://irail.be/stations/NMBS/008874583,IC,2016-03-24T17:00:00,2016-03-24T17:00:00,373,373
http://irail.be/vehicle/IC938,http://irail.be/stations/NMBS/008874567,IC,2016-03-24T17:01:00,2016-03-24T17:01:00,373,373
http://irail.be/vehicle/IC938,http://irail.be/stations/NMBS/008874559,IC,2016-03-24T17:02:00,2016-03-24T17:02:00,364,364
http://irail.be/vehicle/IC938,http://irail.be/stations/NMBS/008874005,IC,2016-03-24T17:03:00,2016-03-24T17:03:00,377,371
http://irail.be/vehicle/IC938,http://irail.be/stations/NMBS/008874054,IC,2016-03-24T17:06:00,2016-03-24T17:06:00,331,324
http://irail.be/vehicle/IC938,http://irail.be/stations/NMBS/008872009,IC,2016-03-24T17:11:00,2016-03-24T17:08:00,303,360
http://irail.be/vehicle/IC938,http://irail.be/stations/NMBS/008871100,IC,2016-03-24T17:15:00,2016-03-24T17:15:00,286,252
http://irail.be/vehicle/IC938,http://irail.be/stations/NMBS/008871514,IC,2016-03-24T17:19:00,2016-03-24T17:19:00,283,283
http://irail.be/vehicle/IC938,http://irail.be/stations/NMBS/008871415,IC,2016-03-24T17:20:00,2016-03-24T17:20:00,263,265
http://irail.be/vehicle/IC938,http://irail.be/stations/NMBS/008882248,IC,2016-03-24T17:22:00,2016-03-24T17:22:00,263,263
http://irail.be/vehicle/IC938,http://irail.be/stations/NMBS/008882230,IC,2016-03-24T17:23:00,2016-03-24T17:23:00,263,263
http://irail.be/vehicle/IC938,http://irail.be/stations/NMBS/008882206,IC,2016-03-24T17:28:00,2016-03-24T17:27:00,228,198
http://irail.be/vehicle/IC938,http://irail.be/stations/NMBS/008881463,IC,2016-03-24T17:32:00,2016-03-24T17:32:00,226,226
http://irail.be/vehicle/IC938,http://irail.be/stations/NMBS/008881455,IC,2016-03-24T17:33:00,2016-03-24T17:33:00,226,226
http://irail.be/vehicle/IC938,http://irail.be/stations/NMBS/008881430,IC,2016-03-24T17:35:00,2016-03-24T17:35:00,226,226
http://irail.be/vehicle/IC938,NO-URI,IC,2016-03-24T17:36:00,2016-03-24T17:36:00,211,209
http://irail.be/vehicle/IC938,http://irail.be/stations/NMBS/008881406,IC,2016-03-24T17:37:00,2016-03-24T17:37:00,151,151
http://irail.be/vehicle/IC938,http://irail.be/stations/NMBS/008881315,IC,2016-03-24T17:39:00,2016-03-24T17:39:00,151,151
http://irail.be/vehicle/IC938,http://irail.be/stations/NMBS/008881000,IC,2016-03-24T17:45:00,2016-03-24T17:42:00,139,228
http://irail.be/vehicle/IC938,http://irail.be/stations/NMBS/008884566,IC,2016-03-24T17:50:00,2016-03-24T17:50:00,75,79
http://irail.be/vehicle/IC938,http://irail.be/stations/NMBS/008884541,IC,2016-03-24T17:51:00,2016-03-24T17:51:00,65,65
http://irail.be/vehicle/IC938,http://irail.be/stations/NMBS/008884004,IC,2016-03-24T17:54:00,2016-03-24T17:53:00,88,69
http://irail.be/vehicle/IC938,http://irail.be/stations/NMBS/008884632,IC,2016-03-24T17:59:00,2016-03-24T17:59:00,88,88
http://irail.be/vehicle/IC938,http://irail.be/stations/NMBS/008884640,IC,2016-03-24T18:00:00,2016-03-24T18:00:00,88,88
http://irail.be/vehicle/IC938,http://irail.be/stations/NMBS/008884715,IC,2016-03-24T18:01:00,2016-03-24T18:01:00,52,48
http://irail.be/vehicle/IC938,http://irail.be/stations/NMBS/008884855,IC,2016-03-24T18:04:00,2016-03-24T18:04:00,52,52
http://irail.be/vehicle/IC938,http://irail.be/stations/NMBS/008884889,IC,2016-03-24T18:06:00,2016-03-24T18:06:00,52,52
http://irail.be/vehicle/IC938,http://irail.be/stations/NMBS/008885530,IC,2016-03-24T18:08:00,2016-03-24T18:08:00,-8,-8
http://irail.be/vehicle/IC938,http://irail.be/stations/NMBS/008885522,IC,2016-03-24T18:09:00,2016-03-24T18:09:00,36,28
http://irail.be/vehicle/IC938,http://irail.be/stations/NMBS/008885001,IC,2016-03-24T18:19:00,2016-03-24T18:15:00,67,99
http://irail.be/vehicle/IC938,http://irail.be/stations/NMBS/008885068,IC,2016-03-24T18:23:00,2016-03-24T18:23:00,75,41
http://irail.be/vehicle/IC938,http://irail.be/stations/NMBS/008885753,IC,2016-03-24T18:33:00,2016-03-24T18:33:00,0,-105
http://irail.be/vehicle/IC938,http://irail.be/stations/NMBS/008885704,IC,2016-03-24T18:37:00,2016-03-24T18:37:00,0,103
http://irail.be/vehicle/IC938,http://irail.be/stations/NMBS/008863008,IC,2016-12-20T16:38:00,2016-12-20T16:38:00,79,
http://irail.be/vehicle/IC938,http://irail.be/stations/NMBS/008861119,IC,2016-12-20T16:41:00,2016-12-20T16:41:00,98,98
http://irail.be/vehicle/IC938,http://irail.be/stations/NMBS/008861127,IC,2016-12-20T16:43:00,2016-12-20T16:43:00,44,44
http://irail.be/vehicle/IC938,http://irail.be/stations/NMBS/008861135,IC,2016-12-20T16:46:00,2016-12-20T16:46:00,44,44
http://irail.be/vehicle/IC938,http://irail.be/stations/NMBS/008861143,IC,2016-12-20T16:49:00,2016-12-20T16:49:00,-33,-33
http://irail.be/vehicle/IC938,http://irail.be/stations/NMBS/008861150,IC,2016-12-20T16:51:00,2016-12-20T16:51:00,-26,-26
http://irail.be/vehicle/IC938,NO-URI,IC,2016-12-20T16:51:00,2016-12-20T16:51:00,-26,-26
http://irail.be/vehicle/IC938,http://irail.be/stations/NMBS/008861168,IC,2016-12-20T16:52:00,2016-12-20T16:52:00,-26,-26
http://irail.be/vehicle/IC938,http://irail.be/stations/NMBS/008874724,IC,2016-12-20T16:52:00,2016-12-20T16:52:00,-37,-37
http://irail.be/vehicle/IC938,NO-URI,IC,2016-12-20T16:54:00,2016-12-20T16:54:00,-37,-37
http://irail.be/vehicle/IC938,http://irail.be/stations/NMBS/008874716,IC,2016-12-20T16:55:00,2016-12-20T16:55:00,-32,-32
http://irail.be/vehicle/IC938,http://irail.be/stations/NMBS/008874609,IC,2016-12-20T16:58:00,2016-12-20T16:57:00,73,6
http://irail.be/vehicle/IC938,http://irail.be/stations/NMBS/008874583,IC,2016-12-20T17:00:00,2016-12-20T17:00:00,73,73
http://irail.be/vehicle/IC938,http://irail.be/stations/NMBS/008874567,IC,2016-12-20T17:01:00,2016-12-20T17:01:00,69,69
http://irail.be/vehicle/IC938,http://irail.be/stations/NMBS/008874559,IC,2016-12-20T17:02:00,2016-12-20T17:02:00,69,69
http://irail.be/vehicle/IC938,http://irail.be/stations/NMBS/008874005,IC,2016-12-20T17:03:00,2016-12-20T17:03:00,65,65
http://irail.be/vehicle/IC938,http://irail.be/stations/NMBS/008874054,IC,2016-12-20T17:06:00,2016-12-20T17:06:00,20,20
http://irail.be/vehicle/IC938,http://irail.be/stations/NMBS/008872009,IC,2016-12-20T17:11:00,2016-12-20T17:08:00,109,10
http://irail.be/vehicle/IC938,http://irail.be/stations/NMBS/008871100,IC,2016-12-20T17:15:00,2016-12-20T17:15:00,74,74
http://irail.be/vehicle/IC938,http://irail.be/stations/NMBS/008871514,IC,2016-12-20T17:19:00,2016-12-20T17:19:00,46,46
http://irail.be/vehicle/IC938,http://irail.be/stations/NMBS/008871415,IC,2016-12-20T17:20:00,2016-12-20T17:20:00,70,70
http://irail.be/vehicle/IC938,http://irail.be/stations/NMBS/008882248,IC,2016-12-20T17:22:00,2016-12-20T17:22:00,65,65
http://irail.be/vehicle/IC938,http://irail.be/stations/NMBS/008882230,IC,2016-12-20T17:23:00,2016-12-20T17:23:00,110,110
http://irail.be/vehicle/IC938,http://irail.be/stations/NMBS/008882206,IC,2016-12-20T17:28:00,2016-12-20T17:27:00,74,82
http://irail.be/vehicle/IC938,http://irail.be/stations/NMBS/008881463,IC,2016-12-20T17:32:00,2016-12-20T17:32:00,54,54
http://irail.be/vehicle/IC938,http://irail.be/stations/NMBS/008881455,IC,2016-12-20T17:33:00,2016-12-20T17:33:00,40,40
http://irail.be/vehicle/IC938,http://irail.be/stations/NMBS/008881430,IC,2016-12-20T17:35:00,2016-12-20T17:35:00,40,40
http://irail.be/vehicle/IC938,NO-URI,IC,2016-12-20T17:36:00,2016-12-20T17:36:00,40,40
http://irail.be/vehicle/IC938,http://irail.be/stations/NMBS/008881406,IC,2016-12-20T17:37:00,2016-12-20T17:37:00,27,27
http://irail.be/vehicle/IC938,http://irail.be/stations/NMBS/008881315,IC,2016-12-20T17:39:00,2016-12-20T17:39:00,103,103
http://irail.be/vehicle/IC938,http://irail.be/stations/NMBS/008881000,IC,2016-12-20T17:45:00,2016-12-20T17:42:00,62,103
http://irail.be/vehicle/IC938,http://irail.be/stations/NMBS/008884566,IC,2016-12-20T17:50:00,2016-12-20T17:50:00,62,62
http://irail.be/vehicle/IC938,http://irail.be/stations/NMBS/008884541,IC,2016-12-20T17:51:00,2016-12-20T17:51:00,36,36
http://irail.be/vehicle/IC938,http://irail.be/stations/NMBS/008884004,IC,2016-12-20T17:54:00,2016-12-20T17:53:00,20,66
http://irail.be/vehicle/IC938,http://irail.be/stations/NMBS/008884632,IC,2016-12-20T17:59:00,2016-12-20T17:59:00,20,20
http://irail.be/vehicle/IC938,http://irail.be/stations/NMBS/008884640,IC,2016-12-20T18:00:00,2016-12-20T18:00:00,157,157
http://irail.be/vehicle/IC938,http://irail.be/stations/NMBS/008884715,IC,2016-12-20T18:01:00,2016-12-20T18:01:00,157,157
http://irail.be/vehicle/IC938,http://irail.be/stations/NMBS/008884855,IC,2016-12-20T18:04:00,2016-12-20T18:04:00,232,232
http://irail.be/vehicle/IC938,http://irail.be/stations/NMBS/008884889,IC,2016-12-20T18:06:00,2016-12-20T18:06:00,369,369
http://irail.be/vehicle/IC938,http://irail.be/stations/NMBS/008885530,IC,2016-12-20T18:08:00,2016-12-20T18:08:00,369,369
http://irail.be/vehicle/IC938,http://irail.be/stations/NMBS/008885522,IC,2016-12-20T18:09:00,2016-12-20T18:09:00,399,399
http://irail.be/vehicle/IC938,http://irail.be/stations/NMBS/008885001,IC,2016-12-20T18:19:00,2016-12-20T18:15:00,341,340
http://irail.be/vehicle/IC938,http://irail.be/stations/NMBS/008885068,IC,2016-12-20T18:23:00,2016-12-20T18:23:00,335,328
http://irail.be/vehicle/IC938,http://irail.be/stations/NMBS/008885753,IC,2016-12-20T18:33:00,2016-12-20T18:33:00,398,135
http://irail.be/vehicle/IC938,http://irail.be/stations/NMBS/008885704,IC,2016-12-20T18:37:00,2016-12-20T18:37:00,,398
http://irail.be/vehicle/IC938,http://irail.be/stations/NMBS/008863008,IC,2016-07-13T16:38:00,2016-07-13T16:38:00,10,
http://irail.be/vehicle/IC938,http://irail.be/stations/NMBS/008861119,IC,2016-07-13T16:41:00,2016-07-13T16:41:00,51,51
http://irail.be/vehicle/IC938,http://irail.be/stations/NMBS/008861127,IC,2016-07-13T16:43:00,2016-07-13T16:43:00,9,9
http://irail.be/vehicle/IC938,http://irail.be/stations/NMBS/008861135,IC,2016-07-13T16:46:00,2016-07-13T16:46:00,-26,-26
http://irail.be/vehicle/IC938,http://irail.be/stations/NMBS/008861143,IC,2016-07-13T16:49:00,2016-07-13T16:49:00,-112,-112
http://irail.be/vehicle/IC938,http://irail.be/stations/NMBS/008861150,IC,2016-07-13T16:51:00,2016-07-13T16:51:00,-112,-112
http://irail.be/vehicle/IC938,NO-URI,IC,2016-07-13T16:51:00,2016-07-13T16:51:00,-51,-51
http://irail.be/vehicle/IC938,http://irail.be/stations/NMBS/008861168,IC,2016-07-13T16:52:00,2016-07-13T16:52:00,-51,-51
http://irail.be/vehicle/IC938,http://irail.be/stations/NMBS/008874724,IC,2016-07-13T16:52:00,2016-07-13T16:52:00,-46,-46
http://irail.be/vehicle/IC938,NO-URI,IC,2016-07-13T16:54:00,2016-07-13T16:54:00,-140,-140
http://irail.be/vehicle/IC938,http://irail.be/stations/NMBS/008874716,IC,2016-07-13T16:55:00,2016-07-13T16:55:00,-90,-90
http://irail.be/vehicle/IC938,http://irail.be/stations/NMBS/008874609,IC,2016-07-13T16:58:00,2016-07-13T16:57:00,68,40
http://irail.be/vehicle/IC938,http://irail.be/stations/NMBS/008874583,IC,2016-07-13T17:00:00,2016-07-13T17:00:00,68,68
http://irail.be/vehicle/IC938,http://irail.be/stations/NMBS/008874567,IC,2016-07-13T17:01:00,2016-07-13T17:01:00,68,68
http://irail.be/vehicle/IC938,http://irail.be/stations/NMBS/008874559,IC,2016-07-13T17:02:00,2016-07-13T17:02:00,45,45
http://irail.be/vehicle/IC938,NO-URI,IC,2016-07-13T17:03:00,2016-07-13T17:03:00,45,45
http://irail.be/vehicle/IC938,http://irail.be/stations/NMBS/008874005,IC,2016-07-13T17:03:00,2016-07-13T17:03:00,58,58
http://irail.be/vehicle/IC938,http://irail.be/stations/NMBS/008874054,IC,2016-07-13T17:06:00,2016-07-13T17:06:00,13,13
http://irail.be/vehicle/IC938,http://irail.be/stations/NMBS/008872009,IC,2016-07-13T17:11:00,2016-07-13T17:08:00,53,41
http://irail.be/vehicle/IC938,http://irail.be/stations/NMBS/008871100,IC,2016-07-13T17:15:00,2016-07-13T17:15:00,27,27
http://irail.be/vehicle/IC938,http://irail.be/stations/NMBS/008871514,IC,2016-07-13T17:19:00,2016-07-13T17:19:00,24,24
http://irail.be/vehicle/IC938,http://irail.be/stations/NMBS/008871415,IC,2016-07-13T17:20:00,2016-07-13T17:20:00,1,1
http://irail.be/vehicle/IC938,http://irail.be/stations/NMBS/008882248,IC,2016-07-13T17:22:00,2016-07-13T17:22:00,1,1
http://irail.be/vehicle/IC938,http://irail.be/stations/NMBS/008882230,IC,2016-07-13T17:23:00,2016-07-13T17:23:00,1,1
http://irail.be/vehicle/IC938,http://irail.be/stations/NMBS/008882206,IC,2016-07-13T17:28:00,2016-07-13T17:27:00,-11,-29
http://irail.be/vehicle/IC938,http://irail.be/stations/NMBS/008881463,IC,2016-07-13T17:32:00,2016-07-13T17:32:00,-25,-25
http://irail.be/vehicle/IC938,http://irail.be/stations/NMBS/008881455,IC,2016-07-13T17:33:00,2016-07-13T17:33:00,-25,-25
http://irail.be/vehicle/IC938,http://irail.be/stations/NMBS/008881430,IC,2016-07-13T17:35:00,2016-07-13T17:35:00,-25,-25
http://irail.be/vehicle/IC938,NO-URI,IC,2016-07-13T17:36:00,2016-07-13T17:36:00,-36,-36
http://irail.be/vehicle/IC938,http://irail.be/stations/NMBS/008881406,IC,2016-07-13T17:37:00,2016-07-13T17:37:00,-36,-36
http://irail.be/vehicle/IC938,http://irail.be/stations/NMBS/008881315,IC,2016-07-13T17:39:00,2016-07-13T17:39:00,-36,-36
http://irail.be/vehicle/IC938,http://irail.be/stations/NMBS/008881000,IC,2016-07-13T17:45:00,2016-07-13T17:42:00,29,-46
http://irail.be/vehicle/IC938,http://irail.be/stations/NMBS/008884566,IC,2016-07-13T17:50:00,2016-07-13T17:50:00,-10,-10
http://irail.be/vehicle/IC938,http://irail.be/stations/NMBS/008884541,IC,2016-07-13T17:51:00,2016-07-13T17:51:00,-15,-15
http://irail.be/vehicle/IC938,http://irail.be/stations/NMBS/008884004,IC,2016-07-13T17:54:00,2016-07-13T17:53:00,43,-4
http://irail.be/vehicle/IC938,http://irail.be/stations/NMBS/008884632,IC,2016-07-13T17:59:00,2016-07-13T17:59:00,43,43
http://irail.be/vehicle/IC938,http://irail.be/stations/NMBS/008884640,IC,2016-07-13T18:00:00,2016-07-13T18:00:00,43,43
http://irail.be/vehicle/IC938,http://irail.be/stations/NMBS/008884715,IC,2016-07-13T18:01:00,2016-07-13T18:01:00,24,24
http://irail.be/vehicle/IC938,http://irail.be/stations/NMBS/008884855,IC,2016-07-13T18:04:00,2016-07-13T18:04:00,24,24
http://irail.be/vehicle/IC938,http://irail.be/stations/NMBS/008884889,IC,2016-07-13T18:06:00,2016-07-13T18:06:00,24,24
http://irail.be/vehicle/IC938,http://irail.be/stations/NMBS/008885530,IC,2016-07-13T18:08:00,2016-07-13T18:08:00,-36,-36
http://irail.be/vehicle/IC938,http://irail.be/stations/NMBS/008885522,IC,2016-07-13T18:09:00,2016-07-13T18:09:00,71,71
http://irail.be/vehicle/IC938,http://irail.be/stations/NMBS/008885001,IC,2016-07-13T18:19:00,2016-07-13T18:15:00,75,103
http://irail.be/vehicle/IC938,http://irail.be/stations/NMBS/008885068,IC,2016-07-13T18:23:00,2016-07-13T18:23:00,60,31
http://irail.be/vehicle/IC938,http://irail.be/stations/NMBS/008885753,IC,2016-07-13T18:33:00,2016-07-13T18:33:00,0,-120
http://irail.be/vehicle/IC938,http://irail.be/stations/NMBS/008885704,IC,2016-07-13T18:37:00,2016-07-13T18:37:00,,61
http://irail.be/vehicle/IC938,http://irail.be/stations/NMBS/008863008,IC,2016-10-06T16:38:00,2016-10-06T16:38:00,57,
http://irail.be/vehicle/IC938,http://irail.be/stations/NMBS/008861119,IC,2016-10-06T16:41:00,2016-10-06T16:41:00,88,88
http://irail.be/vehicle/IC938,http://irail.be/stations/NMBS/008861127,IC,2016-10-06T16:43:00,2016-10-06T16:43:00,38,38
http://irail.be/vehicle/IC938,http://irail.be/stations/NMBS/008861135,IC,2016-10-06T16:46:00,2016-10-06T16:46:00,3,3
http://irail.be/vehicle/IC938,http://irail.be/stations/NMBS/008861143,IC,2016-10-06T16:49:00,2016-10-06T16:49:00,-85,-85
http://irail.be/vehicle/IC938,http://irail.be/stations/NMBS/008861150,IC,2016-10-06T16:51:00,2016-10-06T16:51:00,-85,-85
http://irail.be/vehicle/IC938,NO-URI,IC,2016-10-06T16:51:00,2016-10-06T16:51:00,-58,-58
http://irail.be/vehicle/IC938,http://irail.be/stations/NMBS/008861168,IC,2016-10-06T16:52:00,2016-10-06T16:52:00,-58,-58
http://irail.be/vehicle/IC938,http://irail.be/stations/NMBS/008874724,IC,2016-10-06T16:52:00,2016-10-06T16:52:00,-52,-52
http://irail.be/vehicle/IC938,NO-URI,IC,2016-10-06T16:54:00,2016-10-06T16:54:00,-146,-146
http://irail.be/vehicle/IC938,http://irail.be/stations/NMBS/008874716,IC,2016-10-06T16:55:00,2016-10-06T16:55:00,-59,-59
http://irail.be/vehicle/IC938,http://irail.be/stations/NMBS/008874609,IC,2016-10-06T16:58:00,2016-10-06T16:57:00,31,-5
http://irail.be/vehicle/IC938,http://irail.be/stations/NMBS/008874583,IC,2016-10-06T17:00:00,2016-10-06T17:00:00,31,31
http://irail.be/vehicle/IC938,http://irail.be/stations/NMBS/008874567,IC,2016-10-06T17:01:00,2016-10-06T17:01:00,31,31
http://irail.be/vehicle/IC938,http://irail.be/stations/NMBS/008874559,IC,2016-10-06T17:02:00,2016-10-06T17:02:00,7,7
http://irail.be/vehicle/IC938,NO-URI,IC,2016-10-06T17:03:00,2016-10-06T17:03:00,7,7
http://irail.be/vehicle/IC938,http://irail.be/stations/NMBS/008874005,IC,2016-10-06T17:03:00,2016-10-06T17:03:00,19,19
http://irail.be/vehicle/IC938,http://irail.be/stations/NMBS/008874054,IC,2016-10-06T17:06:00,2016-10-06T17:06:00,-14,-14
http://irail.be/vehicle/IC938,http://irail.be/stations/NMBS/008872009,IC,2016-10-06T17:11:00,2016-10-06T17:08:00,403,48
http://irail.be/vehicle/IC938,http://irail.be/stations/NMBS/008871100,IC,2016-10-06T17:15:00,2016-10-06T17:15:00,451,451
http://irail.be/vehicle/IC938,http://irail.be/stations/NMBS/008871514,IC,2016-10-06T17:19:00,2016-10-06T17:19:00,516,516
http://irail.be/vehicle/IC938,http://irail.be/stations/NMBS/008871415,IC,2016-10-06T17:20:00,2016-10-06T17:20:00,526,526
http://irail.be/vehicle/IC938,http://irail.be/stations/NMBS/008882248,IC,2016-10-06T17:22:00,2016-10-06T17:22:00,526,526
http://irail.be/vehicle/IC938,http://irail.be/stations/NMBS/008882230,IC,2016-10-06T17:23:00,2016-10-06T17:23:00,526,526
http://irail.be/vehicle/IC938,http://irail.be/stations/NMBS/008882206,IC,2016-10-06T17:28:00,2016-10-06T17:27:00,476,468
http://irail.be/vehicle/IC938,http://irail.be/stations/NMBS/008881463,IC,2016-10-06T17:32:00,2016-10-06T17:32:00,461,461
http://irail.be/vehicle/IC938,http://irail.be/stations/NMBS/008881455,IC,2016-10-06T17:33:00,2016-10-06T17:33:00,461,461
http://irail.be/vehicle/IC938,http://irail.be/stations/NMBS/008881430,IC,2016-10-06T17:35:00,2016-10-06T17:35:00,461,461
http://irail.be/vehicle/IC938,NO-URI,IC,2016-10-06T17:36:00,2016-10-06T17:36:00,447,447
http://irail.be/vehicle/IC938,http://irail.be/stations/NMBS/008881406,IC,2016-10-06T17:37:00,2016-10-06T17:37:00,387,387
http://irail.be/vehicle/IC938,http://irail.be/stations/NMBS/008881315,IC,2016-10-06T17:39:00,2016-10-06T17:39:00,387,387
http://irail.be/vehicle/IC938,http://irail.be/stations/NMBS/008881000,IC,2016-10-06T17:45:00,2016-10-06T17:42:00,350,447
http://irail.be/vehicle/IC938,http://irail.be/stations/NMBS/008884566,IC,2016-10-06T17:50:00,2016-10-06T17:50:00,316,316
http://irail.be/vehicle/IC938,http://irail.be/stations/NMBS/008884541,IC,2016-10-06T17:51:00,2016-10-06T17:51:00,311,311
http://irail.be/vehicle/IC938,http://irail.be/stations/NMBS/008884004,IC,2016-10-06T17:54:00,2016-10-06T17:53:00,327,319
http://irail.be/vehicle/IC938,http://irail.be/stations/NMBS/008884632,IC,2016-10-06T17:59:00,2016-10-06T17:59:00,327,327
http://irail.be/vehicle/IC938,http://irail.be/stations/NMBS/008884640,IC,2016-10-06T18:00:00,2016-10-06T18:00:00,327,327
http://irail.be/vehicle/IC938,http://irail.be/stations/NMBS/008884715,IC,2016-10-06T18:01:00,2016-10-06T18:01:00,314,314
http://irail.be/vehicle/IC938,http://irail.be/stations/NMBS/008884855,IC,2016-10-06T18:04:00,2016-10-06T18:04:00,314,314
http://irail.be/vehicle/IC938,http://irail.be/stations/NMBS/008884889,IC,2016-10-06T18:06:00,2016-10-06T18:06:00,314,314
http://irail.be/vehicle/IC938,http://irail.be/stations/NMBS/008885530,IC,2016-10-06T18:08:00,2016-10-06T18:08:00,254,254
http://irail.be/vehicle/IC938,http://irail.be/stations/NMBS/008885522,IC,2016-10-06T18:09:00,2016-10-06T18:09:00,302,302
http://irail.be/vehicle/IC938,http://irail.be/stations/NMBS/008885001,IC,2016-10-06T18:19:00,2016-10-06T18:15:00,104,262
http://irail.be/vehicle/IC938,http://irail.be/stations/NMBS/008885068,IC,2016-10-06T18:23:00,2016-10-06T18:23:00,92,67
http://irail.be/vehicle/IC938,http://irail.be/stations/NMBS/008885753,IC,2016-10-06T18:33:00,2016-10-06T18:33:00,0,-88
http://irail.be/vehicle/IC938,http://irail.be/stations/NMBS/008885704,IC,2016-10-06T18:37:00,2016-10-06T18:37:00,,135
http://irail.be/vehicle/IC938,http://irail.be/stations/NMBS/008863008,IC,2016-10-12T16:38:00,2016-10-12T16:38:00,66,
http://irail.be/vehicle/IC938,http://irail.be/stations/NMBS/008861119,IC,2016-10-12T16:41:00,2016-10-12T16:41:00,141,141
http://irail.be/vehicle/IC938,http://irail.be/stations/NMBS/008861127,IC,2016-10-12T16:43:00,2016-10-12T16:43:00,79,79
http://irail.be/vehicle/IC938,http://irail.be/stations/NMBS/008861135,IC,2016-10-12T16:46:00,2016-10-12T16:46:00,37,37
http://irail.be/vehicle/IC938,http://irail.be/stations/NMBS/008861143,IC,2016-10-12T16:49:00,2016-10-12T16:49:00,-53,-53
http://irail.be/vehicle/IC938,http://irail.be/stations/NMBS/008861150,IC,2016-10-12T16:51:00,2016-10-12T16:51:00,-53,-53
http://irail.be/vehicle/IC938,NO-URI,IC,2016-10-12T16:51:00,2016-10-12T16:51:00,-27,-27
http://irail.be/vehicle/IC938,http://irail.be/stations/NMBS/008861168,IC,2016-10-12T16:52:00,2016-10-12T16:52:00,-27,-27
http://irail.be/vehicle/IC938,http://irail.be/stations/NMBS/008874724,IC,2016-10-12T16:52:00,2016-10-12T16:52:00,-24,-24
http://irail.be/vehicle/IC938,NO-URI,IC,2016-10-12T16:54:00,2016-10-12T16:54:00,-121,-121
http://irail.be/vehicle/IC938,http://irail.be/stations/NMBS/008874716,IC,2016-10-12T16:55:00,2016-10-12T16:55:00,-53,-53
http://irail.be/vehicle/IC938,http://irail.be/stations/NMBS/008874609,IC,2016-10-12T16:58:00,2016-10-12T16:57:00,113,95
http://irail.be/vehicle/IC938,http://irail.be/stations/NMBS/008874583,IC,2016-10-12T17:00:00,2016-10-12T17:00:00,113,113
http://irail.be/vehicle/IC938,http://irail.be/stations/NMBS/008874567,IC,2016-10-12T17:01:00,2016-10-12T17:01:00,113,113
http://irail.be/vehicle/IC938,http://irail.be/stations/NMBS/008874559,IC,2016-10-12T17:02:00,2016-10-12T17:02:00,89,89
http://irail.be/vehicle/IC938,NO-URI,IC,2016-10-12T17:03:00,2016-10-12T17:03:00,89,89
http://irail.be/vehicle/IC938,http://irail.be/stations/NMBS/008874005,IC,2016-10-12T17:03:00,2016-10-12T17:03:00,99,99
http://irail.be/vehicle/IC938,http://irail.be/stations/NMBS/008874054,IC,2016-10-12T17:06:00,2016-10-12T17:06:00,50,50
http://irail.be/vehicle/IC938,http://irail.be/stations/NMBS/008872009,IC,2016-10-12T17:11:00,2016-10-12T17:08:00,553,115
http://irail.be/vehicle/IC938,http://irail.be/stations/NMBS/008871100,IC,2016-10-12T17:15:00,2016-10-12T17:15:00,573,573
http://irail.be/vehicle/IC938,http://irail.be/stations/NMBS/008871514,IC,2016-10-12T17:19:00,2016-10-12T17:19:00,639,639
http://irail.be/vehicle/IC938,http://irail.be/stations/NMBS/008871415,IC,2016-10-12T17:20:00,2016-10-12T17:20:00,644,644
http://irail.be/vehicle/IC938,http://irail.be/stations/NMBS/008882248,IC,2016-10-12T17:22:00,2016-10-12T17:22:00,644,644
http://irail.be/vehicle/IC938,http://irail.be/stations/NMBS/008882230,IC,2016-10-12T17:23:00,2016-10-12T17:23:00,644,644
http://irail.be/vehicle/IC938,http://irail.be/stations/NMBS/008882206,IC,2016-10-12T17:28:00,2016-10-12T17:27:00,701,667
http://irail.be/vehicle/IC938,http://irail.be/stations/NMBS/008881463,IC,2016-10-12T17:32:00,2016-10-12T17:32:00,711,711
http://irail.be/vehicle/IC938,http://irail.be/stations/NMBS/008881455,IC,2016-10-12T17:33:00,2016-10-12T17:33:00,711,711
http://irail.be/vehicle/IC938,http://irail.be/stations/NMBS/008881430,IC,2016-10-12T17:35:00,2016-10-12T17:35:00,711,711
http://irail.be/vehicle/IC938,NO-URI,IC,2016-10-12T17:36:00,2016-10-12T17:36:00,695,695
http://irail.be/vehicle/IC938,http://irail.be/stations/NMBS/008881406,IC,2016-10-12T17:37:00,2016-10-12T17:37:00,635,635
http://irail.be/vehicle/IC938,http://irail.be/stations/NMBS/008881315,IC,2016-10-12T17:39:00,2016-10-12T17:39:00,635,635
http://irail.be/vehicle/IC938,http://irail.be/stations/NMBS/008881000,IC,2016-10-12T17:45:00,2016-10-12T17:42:00,594,663
http://irail.be/vehicle/IC938,http://irail.be/stations/NMBS/008884566,IC,2016-10-12T17:50:00,2016-10-12T17:50:00,548,548
http://irail.be/vehicle/IC938,http://irail.be/stations/NMBS/008884541,IC,2016-10-12T17:51:00,2016-10-12T17:51:00,548,548
http://irail.be/vehicle/IC938,http://irail.be/stations/NMBS/008884004,IC,2016-10-12T17:54:00,2016-10-12T17:53:00,598,563
http://irail.be/vehicle/IC938,http://irail.be/stations/NMBS/008884632,IC,2016-10-12T17:59:00,2016-10-12T17:59:00,598,598
http://irail.be/vehicle/IC938,http://irail.be/stations/NMBS/008884640,IC,2016-10-12T18:00:00,2016-10-12T18:00:00,598,598
http://irail.be/vehicle/IC938,http://irail.be/stations/NMBS/008884715,IC,2016-10-12T18:01:00,2016-10-12T18:01:00,599,599
http://irail.be/vehicle/IC938,http://irail.be/stations/NMBS/008884855,IC,2016-10-12T18:04:00,2016-10-12T18:04:00,599,599
http://irail.be/vehicle/IC938,http://irail.be/stations/NMBS/008884889,IC,2016-10-12T18:06:00,2016-10-12T18:06:00,599,599
http://irail.be/vehicle/IC938,http://irail.be/stations/NMBS/008885530,IC,2016-10-12T18:08:00,2016-10-12T18:08:00,539,539
http://irail.be/vehicle/IC938,http://irail.be/stations/NMBS/008885522,IC,2016-10-12T18:09:00,2016-10-12T18:09:00,584,584
http://irail.be/vehicle/IC938,http://irail.be/stations/NMBS/008885001,IC,2016-10-12T18:19:00,2016-10-12T18:15:00,429,567
http://irail.be/vehicle/IC938,http://irail.be/stations/NMBS/008885068,IC,2016-10-12T18:23:00,2016-10-12T18:23:00,444,395
http://irail.be/vehicle/IC938,http://irail.be/stations/NMBS/008885753,IC,2016-10-12T18:33:00,2016-10-12T18:33:00,264,264
http://irail.be/vehicle/IC938,http://irail.be/stations/NMBS/008885704,IC,2016-10-12T18:37:00,2016-10-12T18:37:00,,489
http://irail.be/vehicle/IC938,http://irail.be/stations/NMBS/008863008,IC,2016-10-10T16:38:00,2016-10-10T16:38:00,432,
http://irail.be/vehicle/IC938,http://irail.be/stations/NMBS/008861119,IC,2016-10-10T16:41:00,2016-10-10T16:41:00,446,446
http://irail.be/vehicle/IC938,http://irail.be/stations/NMBS/008861127,IC,2016-10-10T16:43:00,2016-10-10T16:43:00,393,393
http://irail.be/vehicle/IC938,http://irail.be/stations/NMBS/008861135,IC,2016-10-10T16:46:00,2016-10-10T16:46:00,349,349
http://irail.be/vehicle/IC938,http://irail.be/stations/NMBS/008861143,IC,2016-10-10T16:49:00,2016-10-10T16:49:00,259,259
http://irail.be/vehicle/IC938,http://irail.be/stations/NMBS/008861150,IC,2016-10-10T16:51:00,2016-10-10T16:51:00,259,259
http://irail.be/vehicle/IC938,NO-URI,IC,2016-10-10T16:51:00,2016-10-10T16:51:00,285,285
http://irail.be/vehicle/IC938,http://irail.be/stations/NMBS/008861168,IC,2016-10-10T16:52:00,2016-10-10T16:52:00,285,285
http://irail.be/vehicle/IC938,http://irail.be/stations/NMBS/008874724,IC,2016-10-10T16:52:00,2016-10-10T16:52:00,290,290
http://irail.be/vehicle/IC938,NO-URI,IC,2016-10-10T16:54:00,2016-10-10T16:54:00,194,194
http://irail.be/vehicle/IC938,http://irail.be/stations/NMBS/008874716,IC,2016-10-10T16:55:00,2016-10-10T16:55:00,204,204
http://irail.be/vehicle/IC938,http://irail.be/stations/NMBS/008874609,IC,2016-10-10T16:58:00,2016-10-10T16:57:00,254,210
http://irail.be/vehicle/IC938,http://irail.be/stations/NMBS/008874583,IC,2016-10-10T17:00:00,2016-10-10T17:00:00,254,254
http://irail.be/vehicle/IC938,http://irail.be/stations/NMBS/008874567,IC,2016-10-10T17:01:00,2016-10-10T17:01:00,254,254
http://irail.be/vehicle/IC938,http://irail.be/stations/NMBS/008874559,IC,2016-10-10T17:02:00,2016-10-10T17:02:00,227,227
http://irail.be/vehicle/IC938,NO-URI,IC,2016-10-10T17:03:00,2016-10-10T17:03:00,227,227
http://irail.be/vehicle/IC938,http://irail.be/stations/NMBS/008874005,IC,2016-10-10T17:03:00,2016-10-10T17:03:00,235,235
http://irail.be/vehicle/IC938,http://irail.be/stations/NMBS/008874054,IC,2016-10-10T17:06:00,2016-10-10T17:06:00,183,183
http://irail.be/vehicle/IC938,http://irail.be/stations/NMBS/008872009,IC,2016-10-10T17:11:00,2016-10-10T17:08:00,810,220
http://irail.be/vehicle/IC938,http://irail.be/stations/NMBS/008871100,IC,2016-10-10T17:15:00,2016-10-10T17:15:00,829,829
http://irail.be/vehicle/IC938,http://irail.be/stations/NMBS/008871514,IC,2016-10-10T17:19:00,2016-10-10T17:19:00,888,888
http://irail.be/vehicle/IC938,http://irail.be/stations/NMBS/008871415,IC,2016-10-10T17:20:00,2016-10-10T17:20:00,891,891
http://irail.be/vehicle/IC938,http://irail.be/stations/NMBS/008882248,IC,2016-10-10T17:22:00,2016-10-10T17:22:00,891,891
http://irail.be/vehicle/IC938,http://irail.be/stations/NMBS/008882230,IC,2016-10-10T17:23:00,2016-10-10T17:23:00,891,891
http://irail.be/vehicle/IC938,http://irail.be/stations/NMBS/008882206,IC,2016-10-10T17:28:00,2016-10-10T17:27:00,853,819
http://irail.be/vehicle/IC938,http://irail.be/stations/NMBS/008881463,IC,2016-10-10T17:32:00,2016-10-10T17:32:00,835,835
http://irail.be/vehicle/IC938,http://irail.be/stations/NMBS/008881455,IC,2016-10-10T17:33:00,2016-10-10T17:33:00,835,835
http://irail.be/vehicle/IC938,http://irail.be/stations/NMBS/008881430,IC,2016-10-10T17:35:00,2016-10-10T17:35:00,835,835
http://irail.be/vehicle/IC938,NO-URI,IC,2016-10-10T17:36:00,2016-10-10T17:36:00,811,811
http://irail.be/vehicle/IC938,http://irail.be/stations/NMBS/008881406,IC,2016-10-10T17:37:00,2016-10-10T17:37:00,751,751
http://irail.be/vehicle/IC938,http://irail.be/stations/NMBS/008881315,IC,2016-10-10T17:39:00,2016-10-10T17:39:00,751,751
http://irail.be/vehicle/IC938,http://irail.be/stations/NMBS/008881000,IC,2016-10-10T17:45:00,2016-10-10T17:42:00,705,780
http://irail.be/vehicle/IC938,http://irail.be/stations/NMBS/008884566,IC,2016-10-10T17:50:00,2016-10-10T17:50:00,641,641
http://irail.be/vehicle/IC938,http://irail.be/stations/NMBS/008884541,IC,2016-10-10T17:51:00,2016-10-10T17:51:00,628,628
http://irail.be/vehicle/IC938,http://irail.be/stations/NMBS/008884004,IC,2016-10-10T17:54:00,2016-10-10T17:53:00,699,678
http://irail.be/vehicle/IC938,http://irail.be/stations/NMBS/008884632,IC,2016-10-10T17:59:00,2016-10-10T17:59:00,699,699
http://irail.be/vehicle/IC938,http://irail.be/stations/NMBS/008884640,IC,2016-10-10T18:00:00,2016-10-10T18:00:00,699,699
http://irail.be/vehicle/IC938,http://irail.be/stations/NMBS/008884715,IC,2016-10-10T18:01:00,2016-10-10T18:01:00,665,665
http://irail.be/vehicle/IC938,http://irail.be/stations/NMBS/008884855,IC,2016-10-10T18:04:00,2016-10-10T18:04:00,665,665
http://irail.be/vehicle/IC938,http://irail.be/stations/NMBS/008884889,IC,2016-10-10T18:06:00,2016-10-10T18:06:00,665,665
http://irail.be/vehicle/IC938,http://irail.be/stations/NMBS/008885530,IC,2016-10-10T18:08:00,2016-10-10T18:08:00,605,605
http://irail.be/vehicle/IC938,http://irail.be/stations/NMBS/008885522,IC,2016-10-10T18:09:00,2016-10-10T18:09:00,644,644
http://irail.be/vehicle/IC938,http://irail.be/stations/NMBS/008885001,IC,2016-10-10T18:19:00,2016-10-10T18:15:00,462,607
http://irail.be/vehicle/IC938,http://irail.be/stations/NMBS/008885068,IC,2016-10-10T18:23:00,2016-10-10T18:23:00,484,440
http://irail.be/vehicle/IC938,http://irail.be/stations/NMBS/008885753,IC,2016-10-10T18:33:00,2016-10-10T18:33:00,304,304
http://irail.be/vehicle/IC938,http://irail.be/stations/NMBS/008885704,IC,2016-10-10T18:37:00,2016-10-10T18:37:00,,546
http://irail.be/vehicle/IC938,http://irail.be/stations/NMBS/008863008,IC,2016-11-23T16:38:00,2016-11-23T16:38:00,77,
http://irail.be/vehicle/IC938,http://irail.be/stations/NMBS/008861119,IC,2016-11-23T16:41:00,2016-11-23T16:41:00,78,78
http://irail.be/vehicle/IC938,http://irail.be/stations/NMBS/008861127,IC,2016-11-23T16:43:08,2016-11-23T16:43:08,23,23
http://irail.be/vehicle/IC938,http://irail.be/stations/NMBS/008861135,IC,2016-11-23T16:46:00,2016-11-23T16:46:00,23,23
http://irail.be/vehicle/IC938,http://irail.be/stations/NMBS/008861143,IC,2016-11-23T16:49:00,2016-11-23T16:49:00,-63,-63
http://irail.be/vehicle/IC938,http://irail.be/stations/NMBS/008861150,IC,2016-11-23T16:51:00,2016-11-23T16:51:00,-60,-60
http://irail.be/vehicle/IC938,NO-URI,IC,2016-11-23T16:51:23,2016-11-23T16:51:23,-60,-60
http://irail.be/vehicle/IC938,http://irail.be/stations/NMBS/008861168,IC,2016-11-23T16:52:09,2016-11-23T16:52:09,-59,-59
http://irail.be/vehicle/IC938,http://irail.be/stations/NMBS/008874724,IC,2016-11-23T16:52:26,2016-11-23T16:52:26,-71,-71
http://irail.be/vehicle/IC938,NO-URI,IC,2016-11-23T16:54:00,2016-11-23T16:54:00,-71,-71
http://irail.be/vehicle/IC938,http://irail.be/stations/NMBS/008874716,IC,2016-11-23T16:55:12,2016-11-23T16:55:12,-55,-55
http://irail.be/vehicle/IC938,http://irail.be/stations/NMBS/008874609,IC,2016-11-23T16:58:08,2016-11-23T16:57:08,17,-8
http://irail.be/vehicle/IC938,http://irail.be/stations/NMBS/008874583,IC,2016-11-23T17:00:00,2016-11-23T17:00:00,17,17
http://irail.be/vehicle/IC938,http://irail.be/stations/NMBS/008874567,IC,2016-11-23T17:01:23,2016-11-23T17:01:23,19,19
http://irail.be/vehicle/IC938,http://irail.be/stations/NMBS/008874559,IC,2016-11-23T17:02:00,2016-11-23T17:02:00,19,19
http://irail.be/vehicle/IC938,NO-URI,IC,2016-11-23T17:03:00,2016-11-23T17:03:00,10,10
http://irail.be/vehicle/IC938,http://irail.be/stations/NMBS/008874005,IC,2016-11-23T17:03:06,2016-11-23T17:03:06,21,21
http://irail.be/vehicle/IC938,http://irail.be/stations/NMBS/008874054,IC,2016-11-23T17:06:00,2016-11-23T17:06:00,-17,-17
http://irail.be/vehicle/IC938,http://irail.be/stations/NMBS/008872009,IC,2016-11-23T17:11:00,2016-11-23T17:08:02,38,-22
http://irail.be/vehicle/IC938,http://irail.be/stations/NMBS/008871100,IC,2016-11-23T17:15:00,2016-11-23T17:15:00,67,67
http://irail.be/vehicle/IC938,http://irail.be/stations/NMBS/008871514,IC,2016-11-23T17:19:00,2016-11-23T17:19:00,95,95
http://irail.be/vehicle/IC938,http://irail.be/stations/NMBS/008871415,IC,2016-11-23T17:20:16,2016-11-23T17:20:16,95,95
http://irail.be/vehicle/IC938,http://irail.be/stations/NMBS/008882248,IC,2016-11-23T17:22:05,2016-11-23T17:22:05,90,90
http://irail.be/vehicle/IC938,http://irail.be/stations/NMBS/008882230,IC,2016-11-23T17:23:11,2016-11-23T17:23:11,135,135
http://irail.be/vehicle/IC938,http://irail.be/stations/NMBS/008882206,IC,2016-11-23T17:28:00,2016-11-23T17:27:00,98,114
http://irail.be/vehicle/IC938,http://irail.be/stations/NMBS/008881463,IC,2016-11-23T17:32:20,2016-11-23T17:32:20,83,83
http://irail.be/vehicle/IC938,http://irail.be/stations/NMBS/008881455,IC,2016-11-23T17:33:13,2016-11-23T17:33:13,74,74
http://irail.be/vehicle/IC938,http://irail.be/stations/NMBS/008881430,IC,2016-11-23T17:35:00,2016-11-23T17:35:00,74,74
http://irail.be/vehicle/IC938,NO-URI,IC,2016-11-23T17:36:26,2016-11-23T17:36:26,74,74
http://irail.be/vehicle/IC938,http://irail.be/stations/NMBS/008881406,IC,2016-11-23T17:37:00,2016-11-23T17:37:00,60,60
http://irail.be/vehicle/IC938,http://irail.be/stations/NMBS/008881315,IC,2016-11-23T17:39:00,2016-11-23T17:39:00,139,139
http://irail.be/vehicle/IC938,http://irail.be/stations/NMBS/008881000,IC,2016-11-23T17:45:00,2016-11-23T17:42:00,88,139
http://irail.be/vehicle/IC938,http://irail.be/stations/NMBS/008884566,IC,2016-11-23T17:50:00,2016-11-23T17:50:00,88,88
http://irail.be/vehicle/IC938,http://irail.be/stations/NMBS/008884541,IC,2016-11-23T17:51:03,2016-11-23T17:51:03,67,67
http://irail.be/vehicle/IC938,http://irail.be/stations/NMBS/008884004,IC,2016-11-23T17:54:24,2016-11-23T17:53:24,36,74
http://irail.be/vehicle/IC938,http://irail.be/stations/NMBS/008884632,IC,2016-11-23T17:59:00,2016-11-23T17:59:00,36,36
http://irail.be/vehicle/IC938,http://irail.be/stations/NMBS/008884640,IC,2016-11-23T18:02:05,2016-11-23T18:02:05,89,89
http://irail.be/vehicle/IC938,http://irail.be/stations/NMBS/008884715,IC,2016-11-23T18:03:19,2016-11-23T18:03:19,89,89
http://irail.be/vehicle/IC938,http://irail.be/stations/NMBS/008884855,IC,2016-11-23T18:05:33,2016-11-23T18:05:33,90,90
http://irail.be/vehicle/IC938,http://irail.be/stations/NMBS/008884889,IC,2016-11-23T18:07:39,2016-11-23T18:07:39,68,68
http://irail.be/vehicle/IC938,http://irail.be/stations/NMBS/008885530,IC,2016-11-23T18:08:41,2016-11-23T18:08:41,68,68
http://irail.be/vehicle/IC938,http://irail.be/stations/NMBS/008885522,IC,2016-11-23T18:10:11,2016-11-23T18:10:11,63,63
http://irail.be/vehicle/IC938,http://irail.be/stations/NMBS/008885001,IC,2016-11-23T18:19:00,2016-11-23T18:15:00,11,-26
http://irail.be/vehicle/IC938,http://irail.be/stations/NMBS/008885068,IC,2016-11-23T18:23:00,2016-11-23T18:23:00,-14,-20
http://irail.be/vehicle/IC938,http://irail.be/stations/NMBS/008885753,IC,2016-11-23T18:33:00,2016-11-23T18:33:00,-17,-17
http://irail.be/vehicle/IC938,http://irail.be/stations/NMBS/008885704,IC,2016-11-23T18:37:00,2016-11-23T18:37:00,,-17
http://irail.be/vehicle/IC938,http://irail.be/stations/NMBS/008863008,IC,2016-07-11T16:38:00,2016-07-11T16:38:00,635,
http://irail.be/vehicle/IC938,http://irail.be/stations/NMBS/008861119,IC,2016-07-11T16:41:00,2016-07-11T16:41:00,691,691
http://irail.be/vehicle/IC938,http://irail.be/stations/NMBS/008861127,IC,2016-07-11T16:43:00,2016-07-11T16:43:00,647,647
http://irail.be/vehicle/IC938,http://irail.be/stations/NMBS/008861135,IC,2016-07-11T16:46:00,2016-07-11T16:46:00,612,612
http://irail.be/vehicle/IC938,http://irail.be/stations/NMBS/008861143,IC,2016-07-11T16:49:00,2016-07-11T16:49:00,524,524
http://irail.be/vehicle/IC938,http://irail.be/stations/NMBS/008861150,IC,2016-07-11T16:51:00,2016-07-11T16:51:00,524,524
http://irail.be/vehicle/IC938,NO-URI,IC,2016-07-11T16:51:00,2016-07-11T16:51:00,551,551
http://irail.be/vehicle/IC938,http://irail.be/stations/NMBS/008861168,IC,2016-07-11T16:52:00,2016-07-11T16:52:00,551,551
http://irail.be/vehicle/IC938,http://irail.be/stations/NMBS/008874724,IC,2016-07-11T16:52:00,2016-07-11T16:52:00,559,559
http://irail.be/vehicle/IC938,NO-URI,IC,2016-07-11T16:54:00,2016-07-11T16:54:00,465,465
http://irail.be/vehicle/IC938,http://irail.be/stations/NMBS/008874716,IC,2016-07-11T16:55:00,2016-07-11T16:55:00,477,477
http://irail.be/vehicle/IC938,http://irail.be/stations/NMBS/008874609,IC,2016-07-11T16:58:00,2016-07-11T16:57:00,475,494
http://irail.be/vehicle/IC938,http://irail.be/stations/NMBS/008874583,IC,2016-07-11T17:00:00,2016-07-11T17:00:00,475,475
http://irail.be/vehicle/IC938,http://irail.be/stations/NMBS/008874567,IC,2016-07-11T17:01:00,2016-07-11T17:01:00,475,475
http://irail.be/vehicle/IC938,http://irail.be/stations/NMBS/008874559,IC,2016-07-11T17:02:00,2016-07-11T17:02:00,443,443
http://irail.be/vehicle/IC938,NO-URI,IC,2016-07-11T17:03:00,2016-07-11T17:03:00,443,443
http://irail.be/vehicle/IC938,http://irail.be/stations/NMBS/008874005,IC,2016-07-11T17:03:00,2016-07-11T17:03:00,465,465
http://irail.be/vehicle/IC938,http://irail.be/stations/NMBS/008874054,IC,2016-07-11T17:06:00,2016-07-11T17:06:00,425,425
http://irail.be/vehicle/IC938,http://irail.be/stations/NMBS/008872009,IC,2016-07-11T17:11:00,2016-07-11T17:08:00,377,459
http://irail.be/vehicle/IC938,http://irail.be/stations/NMBS/008871100,IC,2016-07-11T17:15:00,2016-07-11T17:15:00,366,366
http://irail.be/vehicle/IC938,http://irail.be/stations/NMBS/008871514,IC,2016-07-11T17:19:00,2016-07-11T17:19:00,360,360
http://irail.be/vehicle/IC938,http://irail.be/stations/NMBS/008871415,IC,2016-07-11T17:20:00,2016-07-11T17:20:00,337,337
http://irail.be/vehicle/IC938,http://irail.be/stations/NMBS/008882248,IC,2016-07-11T17:22:00,2016-07-11T17:22:00,337,337
http://irail.be/vehicle/IC938,http://irail.be/stations/NMBS/008882230,IC,2016-07-11T17:23:00,2016-07-11T17:23:00,337,337
http://irail.be/vehicle/IC938,http://irail.be/stations/NMBS/008882206,IC,2016-07-11T17:28:00,2016-07-11T17:27:00,380,322
http://irail.be/vehicle/IC938,http://irail.be/stations/NMBS/008881463,IC,2016-07-11T17:32:00,2016-07-11T17:32:00,423,423
http://irail.be/vehicle/IC938,http://irail.be/stations/NMBS/008881455,IC,2016-07-11T17:33:00,2016-07-11T17:33:00,423,423
http://irail.be/vehicle/IC938,http://irail.be/stations/NMBS/008881430,IC,2016-07-11T17:35:00,2016-07-11T17:35:00,423,423
http://irail.be/vehicle/IC938,NO-URI,IC,2016-07-11T17:36:00,2016-07-11T17:36:00,410,410
http://irail.be/vehicle/IC938,http://irail.be/stations/NMBS/008881406,IC,2016-07-11T17:37:00,2016-07-11T17:37:00,350,350
http://irail.be/vehicle/IC938,http://irail.be/stations/NMBS/008881315,IC,2016-07-11T17:39:00,2016-07-11T17:39:00,350,350
http://irail.be/vehicle/IC938,http://irail.be/stations/NMBS/008881000,IC,2016-07-11T17:45:00,2016-07-11T17:42:00,530,625
http://irail.be/vehicle/IC938,http://irail.be/stations/NMBS/008884566,IC,2016-07-11T17:50:00,2016-07-11T17:50:00,465,465
http://irail.be/vehicle/IC938,http://irail.be/stations/NMBS/008884541,IC,2016-07-11T17:51:00,2016-07-11T17:51:00,453,453
http://irail.be/vehicle/IC938,http://irail.be/stations/NMBS/008884004,IC,2016-07-11T17:54:00,2016-07-11T17:53:00,459,458
http://irail.be/vehicle/IC938,http://irail.be/stations/NMBS/008884632,IC,2016-07-11T17:59:00,2016-07-11T17:59:00,459,459
http://irail.be/vehicle/IC938,http://irail.be/stations/NMBS/008884640,IC,2016-07-11T18:00:00,2016-07-11T18:00:00,459,459
http://irail.be/vehicle/IC938,http://irail.be/stations/NMBS/008884715,IC,2016-07-11T18:01:00,2016-07-11T18:01:00,438,438
http://irail.be/vehicle/IC938,http://irail.be/stations/NMBS/008884855,IC,2016-07-11T18:04:00,2016-07-11T18:04:00,438,438
http://irail.be/vehicle/IC938,http://irail.be/stations/NMBS/008884889,IC,2016-07-11T18:06:00,2016-07-11T18:06:00,438,438
http://irail.be/vehicle/IC938,http://irail.be/stations/NMBS/008885530,IC,2016-07-11T18:08:00,2016-07-11T18:08:00,378,378
http://irail.be/vehicle/IC938,http://irail.be/stations/NMBS/008885522,IC,2016-07-11T18:09:00,2016-07-11T18:09:00,421,421
http://irail.be/vehicle/IC938,http://irail.be/stations/NMBS/008885001,IC,2016-07-11T18:19:00,2016-07-11T18:15:00,531,390
http://irail.be/vehicle/IC938,http://irail.be/stations/NMBS/008885068,IC,2016-07-11T18:23:00,2016-07-11T18:23:00,540,515
http://irail.be/vehicle/IC938,http://irail.be/stations/NMBS/008885753,IC,2016-07-11T18:33:00,2016-07-11T18:33:00,360,360
http://irail.be/vehicle/IC938,http://irail.be/stations/NMBS/008885704,IC,2016-07-11T18:37:00,2016-07-11T18:37:00,,490
http://irail.be/vehicle/IC938,http://irail.be/stations/NMBS/008863008,IC,2016-02-11T16:38:00,2016-02-11T16:38:00,19,0
http://irail.be/vehicle/IC938,http://irail.be/stations/NMBS/008861119,IC,2016-02-11T16:41:00,2016-02-11T16:41:00,61,61
http://irail.be/vehicle/IC938,http://irail.be/stations/NMBS/008861127,IC,2016-02-11T16:43:00,2016-02-11T16:43:00,10,-6
http://irail.be/vehicle/IC938,http://irail.be/stations/NMBS/008861135,IC,2016-02-11T16:46:00,2016-02-11T16:46:00,-27,10
http://irail.be/vehicle/IC938,http://irail.be/stations/NMBS/008861143,IC,2016-02-11T16:49:00,2016-02-11T16:49:00,-118,-118
http://irail.be/vehicle/IC938,http://irail.be/stations/NMBS/008861150,IC,2016-02-11T16:51:00,2016-02-11T16:51:00,-118,-118
http://irail.be/vehicle/IC938,NO-URI,IC,2016-02-11T16:51:00,2016-02-11T16:51:00,-88,-89
http://irail.be/vehicle/IC938,http://irail.be/stations/NMBS/008861168,IC,2016-02-11T16:52:00,2016-02-11T16:52:00,-88,-88
http://irail.be/vehicle/IC938,http://irail.be/stations/NMBS/008874724,IC,2016-02-11T16:52:00,2016-02-11T16:52:00,20,-88
http://irail.be/vehicle/IC938,NO-URI,IC,2016-02-11T16:54:00,2016-02-11T16:54:00,-13,-77
http://irail.be/vehicle/IC938,http://irail.be/stations/NMBS/008874716,IC,2016-02-11T16:55:00,2016-02-11T16:55:00,108,108
http://irail.be/vehicle/IC938,http://irail.be/stations/NMBS/008874609,IC,2016-02-11T16:58:00,2016-02-11T16:57:00,289,290
http://irail.be/vehicle/IC938,http://irail.be/stations/NMBS/008874583,IC,2016-02-11T17:00:00,2016-02-11T17:00:00,289,289
http://irail.be/vehicle/IC938,http://irail.be/stations/NMBS/008874567,IC,2016-02-11T17:01:00,2016-02-11T17:01:00,289,289
http://irail.be/vehicle/IC938,http://irail.be/stations/NMBS/008874559,IC,2016-02-11T17:02:00,2016-02-11T17:02:00,269,269
http://irail.be/vehicle/IC938,http://irail.be/stations/NMBS/008874005,IC,2016-02-11T17:03:00,2016-02-11T17:03:00,289,279
http://irail.be/vehicle/IC938,http://irail.be/stations/NMBS/008874054,IC,2016-02-11T17:06:00,2016-02-11T17:06:00,261,250
http://irail.be/vehicle/IC938,http://irail.be/stations/NMBS/008872009,IC,2016-02-11T17:11:00,2016-02-11T17:08:00,241,332
http://irail.be/vehicle/IC938,http://irail.be/stations/NMBS/008871100,IC,2016-02-11T17:15:00,2016-02-11T17:15:00,283,236
http://irail.be/vehicle/IC938,http://irail.be/stations/NMBS/008871514,IC,2016-02-11T17:19:00,2016-02-11T17:19:00,289,289
http://irail.be/vehicle/IC938,http://irail.be/stations/NMBS/008871415,IC,2016-02-11T17:20:00,2016-02-11T17:20:00,274,277
http://irail.be/vehicle/IC938,http://irail.be/stations/NMBS/008882248,IC,2016-02-11T17:22:00,2016-02-11T17:22:00,274,274
http://irail.be/vehicle/IC938,http://irail.be/stations/NMBS/008882230,IC,2016-02-11T17:23:00,2016-02-11T17:23:00,274,274
http://irail.be/vehicle/IC938,http://irail.be/stations/NMBS/008882206,IC,2016-02-11T17:28:00,2016-02-11T17:27:00,229,227
http://irail.be/vehicle/IC938,http://irail.be/stations/NMBS/008881463,IC,2016-02-11T17:32:00,2016-02-11T17:32:00,203,203
http://irail.be/vehicle/IC938,http://irail.be/stations/NMBS/008881455,IC,2016-02-11T17:33:00,2016-02-11T17:33:00,203,203
http://irail.be/vehicle/IC938,http://irail.be/stations/NMBS/008881430,IC,2016-02-11T17:35:00,2016-02-11T17:35:00,203,203
http://irail.be/vehicle/IC938,NO-URI,IC,2016-02-11T17:36:00,2016-02-11T17:36:00,193,192
http://irail.be/vehicle/IC938,http://irail.be/stations/NMBS/008881406,IC,2016-02-11T17:37:00,2016-02-11T17:37:00,133,133
http://irail.be/vehicle/IC938,http://irail.be/stations/NMBS/008881315,IC,2016-02-11T17:39:00,2016-02-11T17:39:00,133,133
http://irail.be/vehicle/IC938,http://irail.be/stations/NMBS/008881000,IC,2016-02-11T17:45:00,2016-02-11T17:42:00,143,224
http://irail.be/vehicle/IC938,http://irail.be/stations/NMBS/008884566,IC,2016-02-11T17:50:00,2016-02-11T17:50:00,82,83
http://irail.be/vehicle/IC938,http://irail.be/stations/NMBS/008884541,IC,2016-02-11T17:51:00,2016-02-11T17:51:00,75,75
http://irail.be/vehicle/IC938,http://irail.be/stations/NMBS/008884004,IC,2016-02-11T17:54:00,2016-02-11T17:53:00,98,72
http://irail.be/vehicle/IC938,http://irail.be/stations/NMBS/008884632,IC,2016-02-11T17:59:00,2016-02-11T17:59:00,98,98
http://irail.be/vehicle/IC938,http://irail.be/stations/NMBS/008884640,IC,2016-02-11T18:00:00,2016-02-11T18:00:00,98,98
http://irail.be/vehicle/IC938,http://irail.be/stations/NMBS/008884715,IC,2016-02-11T18:01:00,2016-02-11T18:01:00,60,55
http://irail.be/vehicle/IC938,http://irail.be/stations/NMBS/008884855,IC,2016-02-11T18:04:00,2016-02-11T18:04:00,60,60
http://irail.be/vehicle/IC938,http://irail.be/stations/NMBS/008884889,IC,2016-02-11T18:06:00,2016-02-11T18:06:00,60,60
http://irail.be/vehicle/IC938,http://irail.be/stations/NMBS/008885530,IC,2016-02-11T18:08:00,2016-02-11T18:08:00,0,0
http://irail.be/vehicle/IC938,http://irail.be/stations/NMBS/008885522,IC,2016-02-11T18:09:00,2016-02-11T18:09:00,124,43
http://irail.be/vehicle/IC938,http://irail.be/stations/NMBS/008885001,IC,2016-02-11T18:19:00,2016-02-11T18:15:00,83,132
http://irail.be/vehicle/IC938,http://irail.be/stations/NMBS/008885068,IC,2016-02-11T18:23:00,2016-02-11T18:23:00,59,31
http://irail.be/vehicle/IC938,http://irail.be/stations/NMBS/008885753,IC,2016-02-11T18:33:00,2016-02-11T18:33:00,0,-121
http://irail.be/vehicle/IC938,http://irail.be/stations/NMBS/008885704,IC,2016-02-11T18:37:00,2016-02-11T18:37:00,0,6
http://irail.be/vehicle/IC938,http://irail.be/stations/NMBS/008863008,IC,2016-02-12T16:38:00,2016-02-12T16:38:00,20,0
http://irail.be/vehicle/IC938,http://irail.be/stations/NMBS/008861119,IC,2016-02-12T16:41:00,2016-02-12T16:41:00,37,37
http://irail.be/vehicle/IC938,http://irail.be/stations/NMBS/008861127,IC,2016-02-12T16:43:00,2016-02-12T16:43:00,-15,-15
http://irail.be/vehicle/IC938,http://irail.be/stations/NMBS/008861135,IC,2016-02-12T16:46:00,2016-02-12T16:46:00,-56,-56
http://irail.be/vehicle/IC938,http://irail.be/stations/NMBS/008861143,IC,2016-02-12T16:49:00,2016-02-12T16:49:00,-146,-146
http://irail.be/vehicle/IC938,http://irail.be/stations/NMBS/008861150,IC,2016-02-12T16:51:00,2016-02-12T16:51:00,-146,-146
http://irail.be/vehicle/IC938,NO-URI,IC,2016-02-12T16:51:00,2016-02-12T16:51:00,-112,-112
http://irail.be/vehicle/IC938,http://irail.be/stations/NMBS/008861168,IC,2016-02-12T16:52:00,2016-02-12T16:52:00,-112,-112
http://irail.be/vehicle/IC938,http://irail.be/stations/NMBS/008874724,IC,2016-02-12T16:52:00,2016-02-12T16:52:00,-105,-105
http://irail.be/vehicle/IC938,NO-URI,IC,2016-02-12T16:54:00,2016-02-12T16:54:00,-199,-199
http://irail.be/vehicle/IC938,http://irail.be/stations/NMBS/008874716,IC,2016-02-12T16:55:00,2016-02-12T16:55:00,-129,-129
http://irail.be/vehicle/IC938,http://irail.be/stations/NMBS/008874609,IC,2016-02-12T16:58:00,2016-02-12T16:57:00,39,22
http://irail.be/vehicle/IC938,http://irail.be/stations/NMBS/008874583,IC,2016-02-12T17:00:00,2016-02-12T17:00:00,39,39
http://irail.be/vehicle/IC938,http://irail.be/stations/NMBS/008874567,IC,2016-02-12T17:01:00,2016-02-12T17:01:00,39,39
http://irail.be/vehicle/IC938,http://irail.be/stations/NMBS/008874559,IC,2016-02-12T17:02:00,2016-02-12T17:02:00,19,19
http://irail.be/vehicle/IC938,http://irail.be/stations/NMBS/008874005,IC,2016-02-12T17:03:00,2016-02-12T17:03:00,29,29
http://irail.be/vehicle/IC938,http://irail.be/stations/NMBS/008874054,IC,2016-02-12T17:06:00,2016-02-12T17:06:00,-21,-21
http://irail.be/vehicle/IC938,http://irail.be/stations/NMBS/008872009,IC,2016-02-12T17:11:00,2016-02-12T17:08:00,12,-6
http://irail.be/vehicle/IC938,http://irail.be/stations/NMBS/008871100,IC,2016-02-12T17:15:00,2016-02-12T17:15:00,-10,-10
http://irail.be/vehicle/IC938,http://irail.be/stations/NMBS/008871514,IC,2016-02-12T17:19:00,2016-02-12T17:19:00,-13,-13
http://irail.be/vehicle/IC938,http://irail.be/stations/NMBS/008871415,IC,2016-02-12T17:20:00,2016-02-12T17:20:00,-23,-23
http://irail.be/vehicle/IC938,http://irail.be/stations/NMBS/008882248,IC,2016-02-12T17:22:00,2016-02-12T17:22:00,-23,-23
http://irail.be/vehicle/IC938,http://irail.be/stations/NMBS/008882230,IC,2016-02-12T17:23:00,2016-02-12T17:23:00,-23,-23
http://irail.be/vehicle/IC938,http://irail.be/stations/NMBS/008882206,IC,2016-02-12T17:28:00,2016-02-12T17:27:00,-11,-69
http://irail.be/vehicle/IC938,http://irail.be/stations/NMBS/008881463,IC,2016-02-12T17:32:00,2016-02-12T17:32:00,-15,-15
http://irail.be/vehicle/IC938,http://irail.be/stations/NMBS/008881455,IC,2016-02-12T17:33:00,2016-02-12T17:33:00,-15,-15
http://irail.be/vehicle/IC938,http://irail.be/stations/NMBS/008881430,IC,2016-02-12T17:35:00,2016-02-12T17:35:00,-15,-15
http://irail.be/vehicle/IC938,NO-URI,IC,2016-02-12T17:36:00,2016-02-12T17:36:00,-21,-21
http://irail.be/vehicle/IC938,http://irail.be/stations/NMBS/008881406,IC,2016-02-12T17:37:00,2016-02-12T17:37:00,-21,-21
http://irail.be/vehicle/IC938,http://irail.be/stations/NMBS/008881315,IC,2016-02-12T17:39:00,2016-02-12T17:39:00,-21,-21
http://irail.be/vehicle/IC938,http://irail.be/stations/NMBS/008881000,IC,2016-02-12T17:45:00,2016-02-12T17:42:00,67,-28
http://irail.be/vehicle/IC938,http://irail.be/stations/NMBS/008884566,IC,2016-02-12T17:50:00,2016-02-12T17:50:00,2,2
http://irail.be/vehicle/IC938,http://irail.be/stations/NMBS/008884541,IC,2016-02-12T17:51:00,2016-02-12T17:51:00,-4,-4
http://irail.be/vehicle/IC938,http://irail.be/stations/NMBS/008884004,IC,2016-02-12T17:54:00,2016-02-12T17:53:00,79,28
http://irail.be/vehicle/IC938,http://irail.be/stations/NMBS/008884632,IC,2016-02-12T17:59:00,2016-02-12T17:59:00,79,79
http://irail.be/vehicle/IC938,http://irail.be/stations/NMBS/008884640,IC,2016-02-12T18:00:00,2016-02-12T18:00:00,79,79
http://irail.be/vehicle/IC938,http://irail.be/stations/NMBS/008884715,IC,2016-02-12T18:01:00,2016-02-12T18:01:00,448,140
http://irail.be/vehicle/IC938,http://irail.be/stations/NMBS/008884855,IC,2016-02-12T18:04:00,2016-02-12T18:04:00,448,448
http://irail.be/vehicle/IC938,http://irail.be/stations/NMBS/008884889,IC,2016-02-12T18:06:00,2016-02-12T18:06:00,448,448
http://irail.be/vehicle/IC938,http://irail.be/stations/NMBS/008885530,IC,2016-02-12T18:08:00,2016-02-12T18:08:00,388,388
http://irail.be/vehicle/IC938,http://irail.be/stations/NMBS/008885522,IC,2016-02-12T18:09:00,2016-02-12T18:09:00,574,472
http://irail.be/vehicle/IC938,http://irail.be/stations/NMBS/008885001,IC,2016-02-12T18:19:00,2016-02-12T18:15:00,707,612
http://irail.be/vehicle/IC938,http://irail.be/stations/NMBS/008885068,IC,2016-02-12T18:23:00,2016-02-12T18:23:00,841,799
http://irail.be/vehicle/IC938,http://irail.be/stations/NMBS/008885753,IC,2016-02-12T18:33:00,2016-02-12T18:33:00,661,661
http://irail.be/vehicle/IC938,http://irail.be/stations/NMBS/008885704,IC,2016-02-12T18:37:00,2016-02-12T18:37:00,0,839
http://irail.be/vehicle/IC938,http://irail.be/stations/NMBS/008863008,IC,2016-02-19T16:38:00,2016-02-19T16:38:00,34,0
http://irail.be/vehicle/IC938,http://irail.be/stations/NMBS/008861119,IC,2016-02-19T16:41:00,2016-02-19T16:41:00,57,57
http://irail.be/vehicle/IC938,http://irail.be/stations/NMBS/008861127,IC,2016-02-19T16:43:00,2016-02-19T16:43:00,5,-10
http://irail.be/vehicle/IC938,http://irail.be/stations/NMBS/008861135,IC,2016-02-19T16:46:00,2016-02-19T16:46:00,-36,5
http://irail.be/vehicle/IC938,http://irail.be/stations/NMBS/008861143,IC,2016-02-19T16:49:00,2016-02-19T16:49:00,-126,-126
http://irail.be/vehicle/IC938,http://irail.be/stations/NMBS/008861150,IC,2016-02-19T16:51:00,2016-02-19T16:51:00,-126,-126
http://irail.be/vehicle/IC938,NO-URI,IC,2016-02-19T16:51:00,2016-02-19T16:51:00,-103,-103
http://irail.be/vehicle/IC938,http://irail.be/stations/NMBS/008861168,IC,2016-02-19T16:52:00,2016-02-19T16:52:00,-103,-103
http://irail.be/vehicle/IC938,http://irail.be/stations/NMBS/008874724,IC,2016-02-19T16:52:00,2016-02-19T16:52:00,-98,-103
http://irail.be/vehicle/IC938,NO-URI,IC,2016-02-19T16:54:00,2016-02-19T16:54:00,-191,-195
http://irail.be/vehicle/IC938,http://irail.be/stations/NMBS/008874716,IC,2016-02-19T16:55:00,2016-02-19T16:55:00,-122,-122
http://irail.be/vehicle/IC938,http://irail.be/stations/NMBS/008874609,IC,2016-02-19T16:58:00,2016-02-19T16:57:00,44,26
http://irail.be/vehicle/IC938,http://irail.be/stations/NMBS/008874583,IC,2016-02-19T17:00:00,2016-02-19T17:00:00,44,44
http://irail.be/vehicle/IC938,http://irail.be/stations/NMBS/008874567,IC,2016-02-19T17:01:00,2016-02-19T17:01:00,44,44
http://irail.be/vehicle/IC938,http://irail.be/stations/NMBS/008874559,IC,2016-02-19T17:02:00,2016-02-19T17:02:00,14,14
http://irail.be/vehicle/IC938,http://irail.be/stations/NMBS/008874005,IC,2016-02-19T17:03:00,2016-02-19T17:03:00,24,22
http://irail.be/vehicle/IC938,http://irail.be/stations/NMBS/008874054,IC,2016-02-19T17:06:00,2016-02-19T17:06:00,-26,-29
http://irail.be/vehicle/IC938,http://irail.be/stations/NMBS/008872009,IC,2016-02-19T17:11:00,2016-02-19T17:08:00,186,35
http://irail.be/vehicle/IC938,http://irail.be/stations/NMBS/008871100,IC,2016-02-19T17:15:00,2016-02-19T17:15:00,300,196
http://irail.be/vehicle/IC938,http://irail.be/stations/NMBS/008871514,IC,2016-02-19T17:19:00,2016-02-19T17:19:00,294,294
http://irail.be/vehicle/IC938,http://irail.be/stations/NMBS/008871415,IC,2016-02-19T17:20:00,2016-02-19T17:20:00,423,405
http://irail.be/vehicle/IC938,http://irail.be/stations/NMBS/008882248,IC,2016-02-19T17:22:00,2016-02-19T17:22:00,423,423
http://irail.be/vehicle/IC938,http://irail.be/stations/NMBS/008882230,IC,2016-02-19T17:23:00,2016-02-19T17:23:00,423,423
http://irail.be/vehicle/IC938,http://irail.be/stations/NMBS/008882206,IC,2016-02-19T17:28:00,2016-02-19T17:27:00,384,364
http://irail.be/vehicle/IC938,http://irail.be/stations/NMBS/008881463,IC,2016-02-19T17:32:00,2016-02-19T17:32:00,455,455
http://irail.be/vehicle/IC938,http://irail.be/stations/NMBS/008881455,IC,2016-02-19T17:33:00,2016-02-19T17:33:00,455,455
http://irail.be/vehicle/IC938,http://irail.be/stations/NMBS/008881430,IC,2016-02-19T17:35:00,2016-02-19T17:35:00,455,455
http://irail.be/vehicle/IC938,NO-URI,IC,2016-02-19T17:36:00,2016-02-19T17:36:00,441,439
http://irail.be/vehicle/IC938,http://irail.be/stations/NMBS/008881406,IC,2016-02-19T17:37:00,2016-02-19T17:37:00,381,381
http://irail.be/vehicle/IC938,http://irail.be/stations/NMBS/008881315,IC,2016-02-19T17:39:00,2016-02-19T17:39:00,381,381
http://irail.be/vehicle/IC938,http://irail.be/stations/NMBS/008881000,IC,2016-02-19T17:45:00,2016-02-19T17:42:00,459,478
http://irail.be/vehicle/IC938,http://irail.be/stations/NMBS/008884566,IC,2016-02-19T17:50:00,2016-02-19T17:50:00,408,399
http://irail.be/vehicle/IC938,http://irail.be/stations/NMBS/008884541,IC,2016-02-19T17:51:00,2016-02-19T17:51:00,396,396
http://irail.be/vehicle/IC938,http://irail.be/stations/NMBS/008884004,IC,2016-02-19T17:54:00,2016-02-19T17:53:00,451,447
http://irail.be/vehicle/IC938,http://irail.be/stations/NMBS/008884632,IC,2016-02-19T17:59:00,2016-02-19T17:59:00,451,451
http://irail.be/vehicle/IC938,http://irail.be/stations/NMBS/008884640,IC,2016-02-19T18:00:00,2016-02-19T18:00:00,451,451
http://irail.be/vehicle/IC938,http://irail.be/stations/NMBS/008884715,IC,2016-02-19T18:01:00,2016-02-19T18:01:00,435,418
http://irail.be/vehicle/IC938,http://irail.be/stations/NMBS/008884855,IC,2016-02-19T18:04:00,2016-02-19T18:04:00,435,435
http://irail.be/vehicle/IC938,http://irail.be/stations/NMBS/008884889,IC,2016-02-19T18:06:00,2016-02-19T18:06:00,435,435
http://irail.be/vehicle/IC938,http://irail.be/stations/NMBS/008885530,IC,2016-02-19T18:08:00,2016-02-19T18:08:00,375,375
http://irail.be/vehicle/IC938,http://irail.be/stations/NMBS/008885522,IC,2016-02-19T18:09:00,2016-02-19T18:09:00,494,406
http://irail.be/vehicle/IC938,http://irail.be/stations/NMBS/008885001,IC,2016-02-19T18:19:00,2016-02-19T18:15:00,614,507
http://irail.be/vehicle/IC938,http://irail.be/stations/NMBS/008885068,IC,2016-02-19T18:23:00,2016-02-19T18:23:00,778,741
http://irail.be/vehicle/IC938,http://irail.be/stations/NMBS/008885753,IC,2016-02-19T18:33:00,2016-02-19T18:33:00,598,598
http://irail.be/vehicle/IC938,http://irail.be/stations/NMBS/008885704,IC,2016-02-19T18:37:00,2016-02-19T18:37:00,0,774
http://irail.be/vehicle/IC938,http://irail.be/stations/NMBS/008863008,IC,2016-06-30T16:38:00,2016-06-30T16:38:00,17,
http://irail.be/vehicle/IC938,http://irail.be/stations/NMBS/008861119,IC,2016-06-30T16:41:00,2016-06-30T16:41:00,67,67
http://irail.be/vehicle/IC938,http://irail.be/stations/NMBS/008861127,IC,2016-06-30T16:43:00,2016-06-30T16:43:00,15,15
http://irail.be/vehicle/IC938,http://irail.be/stations/NMBS/008861135,IC,2016-06-30T16:46:00,2016-06-30T16:46:00,-22,-22
http://irail.be/vehicle/IC938,http://irail.be/stations/NMBS/008861143,IC,2016-06-30T16:49:00,2016-06-30T16:49:00,-113,-113
http://irail.be/vehicle/IC938,http://irail.be/stations/NMBS/008861150,IC,2016-06-30T16:51:00,2016-06-30T16:51:00,-113,-113
http://irail.be/vehicle/IC938,NO-URI,IC,2016-06-30T16:51:00,2016-06-30T16:51:00,-82,-82
http://irail.be/vehicle/IC938,http://irail.be/stations/NMBS/008861168,IC,2016-06-30T16:52:00,2016-06-30T16:52:00,-82,-82
http://irail.be/vehicle/IC938,http://irail.be/stations/NMBS/008874724,IC,2016-06-30T16:52:00,2016-06-30T16:52:00,-70,-70
http://irail.be/vehicle/IC938,NO-URI,IC,2016-06-30T16:54:00,2016-06-30T16:54:00,-157,-157
http://irail.be/vehicle/IC938,http://irail.be/stations/NMBS/008874716,IC,2016-06-30T16:55:00,2016-06-30T16:55:00,-87,-87
http://irail.be/vehicle/IC938,http://irail.be/stations/NMBS/008874609,IC,2016-06-30T16:58:00,2016-06-30T16:57:00,113,104
http://irail.be/vehicle/IC938,http://irail.be/stations/NMBS/008874583,IC,2016-06-30T17:00:00,2016-06-30T17:00:00,113,113
http://irail.be/vehicle/IC938,http://irail.be/stations/NMBS/008874567,IC,2016-06-30T17:01:00,2016-06-30T17:01:00,113,113
http://irail.be/vehicle/IC938,http://irail.be/stations/NMBS/008874559,IC,2016-06-30T17:02:00,2016-06-30T17:02:00,110,110
http://irail.be/vehicle/IC938,NO-URI,IC,2016-06-30T17:03:00,2016-06-30T17:03:00,110,110
http://irail.be/vehicle/IC938,http://irail.be/stations/NMBS/008874005,IC,2016-06-30T17:03:00,2016-06-30T17:03:00,125,125
http://irail.be/vehicle/IC938,http://irail.be/stations/NMBS/008874054,IC,2016-06-30T17:06:00,2016-06-30T17:06:00,106,106
http://irail.be/vehicle/IC938,http://irail.be/stations/NMBS/008872009,IC,2016-06-30T17:11:00,2016-06-30T17:08:00,120,160
http://irail.be/vehicle/IC938,http://irail.be/stations/NMBS/008871100,IC,2016-06-30T17:15:00,2016-06-30T17:15:00,126,126
http://irail.be/vehicle/IC938,http://irail.be/stations/NMBS/008871514,IC,2016-06-30T17:19:00,2016-06-30T17:19:00,123,123
http://irail.be/vehicle/IC938,http://irail.be/stations/NMBS/008871415,IC,2016-06-30T17:20:00,2016-06-30T17:20:00,114,114
http://irail.be/vehicle/IC938,http://irail.be/stations/NMBS/008882248,IC,2016-06-30T17:22:00,2016-06-30T17:22:00,114,114
http://irail.be/vehicle/IC938,http://irail.be/stations/NMBS/008882230,IC,2016-06-30T17:23:00,2016-06-30T17:23:00,114,114
http://irail.be/vehicle/IC938,http://irail.be/stations/NMBS/008882206,IC,2016-06-30T17:28:00,2016-06-30T17:27:00,78,63
http://irail.be/vehicle/IC938,http://irail.be/stations/NMBS/008881463,IC,2016-06-30T17:32:00,2016-06-30T17:32:00,66,66
http://irail.be/vehicle/IC938,http://irail.be/stations/NMBS/008881455,IC,2016-06-30T17:33:00,2016-06-30T17:33:00,66,66
http://irail.be/vehicle/IC938,http://irail.be/stations/NMBS/008881430,IC,2016-06-30T17:35:00,2016-06-30T17:35:00,66,66
http://irail.be/vehicle/IC938,NO-URI,IC,2016-06-30T17:36:00,2016-06-30T17:36:00,67,67
http://irail.be/vehicle/IC938,http://irail.be/stations/NMBS/008881406,IC,2016-06-30T17:37:00,2016-06-30T17:37:00,7,7
http://irail.be/vehicle/IC938,http://irail.be/stations/NMBS/008881315,IC,2016-06-30T17:39:00,2016-06-30T17:39:00,7,7
http://irail.be/vehicle/IC938,http://irail.be/stations/NMBS/008881000,IC,2016-06-30T17:45:00,2016-06-30T17:42:00,28,75
http://irail.be/vehicle/IC938,http://irail.be/stations/NMBS/008884566,IC,2016-06-30T17:50:00,2016-06-30T17:50:00,-35,-35
http://irail.be/vehicle/IC938,http://irail.be/stations/NMBS/008884541,IC,2016-06-30T17:51:00,2016-06-30T17:51:00,-42,-42
http://irail.be/vehicle/IC938,http://irail.be/stations/NMBS/008884004,IC,2016-06-30T17:54:00,2016-06-30T17:53:00,24,-20
http://irail.be/vehicle/IC938,http://irail.be/stations/NMBS/008884632,IC,2016-06-30T17:59:00,2016-06-30T17:59:00,24,24
http://irail.be/vehicle/IC938,http://irail.be/stations/NMBS/008884640,IC,2016-06-30T18:00:00,2016-06-30T18:00:00,24,24
http://irail.be/vehicle/IC938,http://irail.be/stations/NMBS/008884715,IC,2016-06-30T18:01:00,2016-06-30T18:01:00,3,3
http://irail.be/vehicle/IC938,http://irail.be/stations/NMBS/008884855,IC,2016-06-30T18:04:00,2016-06-30T18:04:00,3,3
http://irail.be/vehicle/IC938,http://irail.be/stations/NMBS/008884889,IC,2016-06-30T18:06:00,2016-06-30T18:06:00,3,3
http://irail.be/vehicle/IC938,http://irail.be/stations/NMBS/008885530,IC,2016-06-30T18:08:00,2016-06-30T18:08:00,-57,-57
http://irail.be/vehicle/IC938,http://irail.be/stations/NMBS/008885522,IC,2016-06-30T18:09:00,2016-06-30T18:09:00,1,1
http://irail.be/vehicle/IC938,http://irail.be/stations/NMBS/008885001,IC,2016-06-30T18:19:00,2016-06-30T18:15:00,41,-28
http://irail.be/vehicle/IC938,http://irail.be/stations/NMBS/008885068,IC,2016-06-30T18:23:00,2016-06-30T18:23:00,60,25
http://irail.be/vehicle/IC938,http://irail.be/stations/NMBS/008885753,IC,2016-06-30T18:33:00,2016-06-30T18:33:00,0,-120
http://irail.be/vehicle/IC938,http://irail.be/stations/NMBS/008885704,IC,2016-06-30T18:37:00,2016-06-30T18:37:00,,56
http://irail.be/vehicle/IC938,http://irail.be/stations/NMBS/008863008,IC,2016-09-20T16:38:00,2016-09-20T16:38:00,51,
http://irail.be/vehicle/IC938,http://irail.be/stations/NMBS/008861119,IC,2016-09-20T16:41:00,2016-09-20T16:41:00,87,87
http://irail.be/vehicle/IC938,http://irail.be/stations/NMBS/008861127,IC,2016-09-20T16:43:00,2016-09-20T16:43:00,37,37
http://irail.be/vehicle/IC938,http://irail.be/stations/NMBS/008861135,IC,2016-09-20T16:46:00,2016-09-20T16:46:00,1,1
http://irail.be/vehicle/IC938,http://irail.be/stations/NMBS/008861143,IC,2016-09-20T16:49:00,2016-09-20T16:49:00,-86,-86
http://irail.be/vehicle/IC938,http://irail.be/stations/NMBS/008861150,IC,2016-09-20T16:51:00,2016-09-20T16:51:00,-86,-86
http://irail.be/vehicle/IC938,NO-URI,IC,2016-09-20T16:51:00,2016-09-20T16:51:00,-57,-57
http://irail.be/vehicle/IC938,http://irail.be/stations/NMBS/008861168,IC,2016-09-20T16:52:00,2016-09-20T16:52:00,-57,-57
http://irail.be/vehicle/IC938,http://irail.be/stations/NMBS/008874724,IC,2016-09-20T16:52:00,2016-09-20T16:52:00,-49,-49
http://irail.be/vehicle/IC938,NO-URI,IC,2016-09-20T16:54:00,2016-09-20T16:54:00,-142,-142
http://irail.be/vehicle/IC938,http://irail.be/stations/NMBS/008874716,IC,2016-09-20T16:55:00,2016-09-20T16:55:00,-58,-58
http://irail.be/vehicle/IC938,http://irail.be/stations/NMBS/008874609,IC,2016-09-20T16:58:00,2016-09-20T16:57:00,27,-14
http://irail.be/vehicle/IC938,http://irail.be/stations/NMBS/008874583,IC,2016-09-20T17:00:00,2016-09-20T17:00:00,27,27
http://irail.be/vehicle/IC938,http://irail.be/stations/NMBS/008874567,IC,2016-09-20T17:01:00,2016-09-20T17:01:00,27,27
http://irail.be/vehicle/IC938,http://irail.be/stations/NMBS/008874559,IC,2016-09-20T17:02:00,2016-09-20T17:02:00,1,1
http://irail.be/vehicle/IC938,NO-URI,IC,2016-09-20T17:03:00,2016-09-20T17:03:00,1,1
http://irail.be/vehicle/IC938,http://irail.be/stations/NMBS/008874005,IC,2016-09-20T17:03:00,2016-09-20T17:03:00,14,14
http://irail.be/vehicle/IC938,http://irail.be/stations/NMBS/008874054,IC,2016-09-20T17:06:00,2016-09-20T17:06:00,-20,-20
http://irail.be/vehicle/IC938,http://irail.be/stations/NMBS/008872009,IC,2016-09-20T17:11:00,2016-09-20T17:08:00,11,48
http://irail.be/vehicle/IC938,http://irail.be/stations/NMBS/008871100,IC,2016-09-20T17:15:00,2016-09-20T17:15:00,163,163
http://irail.be/vehicle/IC938,http://irail.be/stations/NMBS/008871514,IC,2016-09-20T17:19:00,2016-09-20T17:19:00,168,168
http://irail.be/vehicle/IC938,http://irail.be/stations/NMBS/008871415,IC,2016-09-20T17:20:00,2016-09-20T17:20:00,149,149
http://irail.be/vehicle/IC938,http://irail.be/stations/NMBS/008882248,IC,2016-09-20T17:22:00,2016-09-20T17:22:00,149,149
http://irail.be/vehicle/IC938,http://irail.be/stations/NMBS/008882230,IC,2016-09-20T17:23:00,2016-09-20T17:23:00,149,149
http://irail.be/vehicle/IC938,http://irail.be/stations/NMBS/008882206,IC,2016-09-20T17:28:00,2016-09-20T17:27:00,120,104
http://irail.be/vehicle/IC938,http://irail.be/stations/NMBS/008881463,IC,2016-09-20T17:32:00,2016-09-20T17:32:00,105,105
http://irail.be/vehicle/IC938,http://irail.be/stations/NMBS/008881455,IC,2016-09-20T17:33:00,2016-09-20T17:33:00,105,105
http://irail.be/vehicle/IC938,http://irail.be/stations/NMBS/008881430,IC,2016-09-20T17:35:00,2016-09-20T17:35:00,105,105
http://irail.be/vehicle/IC938,NO-URI,IC,2016-09-20T17:36:00,2016-09-20T17:36:00,94,94
http://irail.be/vehicle/IC938,http://irail.be/stations/NMBS/008881406,IC,2016-09-20T17:37:00,2016-09-20T17:37:00,34,34
http://irail.be/vehicle/IC938,http://irail.be/stations/NMBS/008881315,IC,2016-09-20T17:39:00,2016-09-20T17:39:00,34,34
http://irail.be/vehicle/IC938,http://irail.be/stations/NMBS/008881000,IC,2016-09-20T17:45:00,2016-09-20T17:42:00,32,98
http://irail.be/vehicle/IC938,http://irail.be/stations/NMBS/008884566,IC,2016-09-20T17:50:00,2016-09-20T17:50:00,-35,-35
http://irail.be/vehicle/IC938,http://irail.be/stations/NMBS/008884541,IC,2016-09-20T17:51:00,2016-09-20T17:51:00,-48,-48
http://irail.be/vehicle/IC938,http://irail.be/stations/NMBS/008884004,IC,2016-09-20T17:54:00,2016-09-20T17:53:00,70,15
http://irail.be/vehicle/IC938,http://irail.be/stations/NMBS/008884632,IC,2016-09-20T17:59:00,2016-09-20T17:59:00,70,70
http://irail.be/vehicle/IC938,http://irail.be/stations/NMBS/008884640,IC,2016-09-20T18:00:00,2016-09-20T18:00:00,70,70
http://irail.be/vehicle/IC938,http://irail.be/stations/NMBS/008884715,IC,2016-09-20T18:01:00,2016-09-20T18:01:00,58,58
http://irail.be/vehicle/IC938,http://irail.be/stations/NMBS/008884855,IC,2016-09-20T18:04:00,2016-09-20T18:04:00,58,58
http://irail.be/vehicle/IC938,http://irail.be/stations/NMBS/008884889,IC,2016-09-20T18:06:00,2016-09-20T18:06:00,58,58
http://irail.be/vehicle/IC938,http://irail.be/stations/NMBS/008885530,IC,2016-09-20T18:08:00,2016-09-20T18:08:00,-2,-2
http://irail.be/vehicle/IC938,http://irail.be/stations/NMBS/008885522,IC,2016-09-20T18:09:00,2016-09-20T18:09:00,57,57
http://irail.be/vehicle/IC938,http://irail.be/stations/NMBS/008885001,IC,2016-09-20T18:19:00,2016-09-20T18:15:00,80,28
http://irail.be/vehicle/IC938,http://irail.be/stations/NMBS/008885068,IC,2016-09-20T18:23:00,2016-09-20T18:23:00,100,51
http://irail.be/vehicle/IC938,http://irail.be/stations/NMBS/008885753,IC,2016-09-20T18:33:00,2016-09-20T18:33:00,0,-80
http://irail.be/vehicle/IC938,http://irail.be/stations/NMBS/008885704,IC,2016-09-20T18:37:00,2016-09-20T18:37:00,,283
http://irail.be/vehicle/IC938,http://irail.be/stations/NMBS/008863008,IC,2016-12-19T16:38:00,2016-12-19T16:38:00,55,
http://irail.be/vehicle/IC938,http://irail.be/stations/NMBS/008861119,IC,2016-12-19T16:41:00,2016-12-19T16:41:00,36,36
http://irail.be/vehicle/IC938,http://irail.be/stations/NMBS/008861127,IC,2016-12-19T16:43:00,2016-12-19T16:43:00,-28,-28
http://irail.be/vehicle/IC938,http://irail.be/stations/NMBS/008861135,IC,2016-12-19T16:46:00,2016-12-19T16:46:00,-28,-28
http://irail.be/vehicle/IC938,http://irail.be/stations/NMBS/008861143,IC,2016-12-19T16:49:00,2016-12-19T16:49:00,-123,-123
http://irail.be/vehicle/IC938,http://irail.be/stations/NMBS/008861150,IC,2016-12-19T16:51:00,2016-12-19T16:51:00,-126,-126
http://irail.be/vehicle/IC938,NO-URI,IC,2016-12-19T16:51:00,2016-12-19T16:51:00,-126,-126
http://irail.be/vehicle/IC938,http://irail.be/stations/NMBS/008861168,IC,2016-12-19T16:52:00,2016-12-19T16:52:00,-125,-125
http://irail.be/vehicle/IC938,http://irail.be/stations/NMBS/008874724,IC,2016-12-19T16:52:00,2016-12-19T16:52:00,-128,-128
http://irail.be/vehicle/IC938,NO-URI,IC,2016-12-19T16:54:00,2016-12-19T16:54:00,-128,-128
http://irail.be/vehicle/IC938,http://irail.be/stations/NMBS/008874716,IC,2016-12-19T16:55:00,2016-12-19T16:55:00,-112,-112
http://irail.be/vehicle/IC938,http://irail.be/stations/NMBS/008874609,IC,2016-12-19T16:58:00,2016-12-19T16:57:00,40,25
http://irail.be/vehicle/IC938,http://irail.be/stations/NMBS/008874583,IC,2016-12-19T17:00:00,2016-12-19T17:00:00,40,40
http://irail.be/vehicle/IC938,http://irail.be/stations/NMBS/008874567,IC,2016-12-19T17:01:00,2016-12-19T17:01:00,20,20
http://irail.be/vehicle/IC938,http://irail.be/stations/NMBS/008874559,IC,2016-12-19T17:02:00,2016-12-19T17:02:00,20,20
http://irail.be/vehicle/IC938,http://irail.be/stations/NMBS/008874005,IC,2016-12-19T17:03:00,2016-12-19T17:03:00,14,14
http://irail.be/vehicle/IC938,http://irail.be/stations/NMBS/008874054,IC,2016-12-19T17:06:00,2016-12-19T17:06:00,-37,-37
http://irail.be/vehicle/IC938,http://irail.be/stations/NMBS/008872009,IC,2016-12-19T17:11:00,2016-12-19T17:08:00,26,-54
http://irail.be/vehicle/IC938,http://irail.be/stations/NMBS/008871100,IC,2016-12-19T17:15:00,2016-12-19T17:15:00,-27,-27
http://irail.be/vehicle/IC938,http://irail.be/stations/NMBS/008871514,IC,2016-12-19T17:19:00,2016-12-19T17:19:00,-68,-68
http://irail.be/vehicle/IC938,http://irail.be/stations/NMBS/008871415,IC,2016-12-19T17:20:00,2016-12-19T17:20:00,-45,-45
http://irail.be/vehicle/IC938,http://irail.be/stations/NMBS/008882248,IC,2016-12-19T17:22:00,2016-12-19T17:22:00,-53,-53
http://irail.be/vehicle/IC938,http://irail.be/stations/NMBS/008882230,IC,2016-12-19T17:23:00,2016-12-19T17:23:00,-28,-28
http://irail.be/vehicle/IC938,http://irail.be/stations/NMBS/008882206,IC,2016-12-19T17:28:00,2016-12-19T17:27:00,9,-63
http://irail.be/vehicle/IC938,http://irail.be/stations/NMBS/008881463,IC,2016-12-19T17:32:00,2016-12-19T17:32:00,10,10
http://irail.be/vehicle/IC938,http://irail.be/stations/NMBS/008881455,IC,2016-12-19T17:33:00,2016-12-19T17:33:00,-9,-9
http://irail.be/vehicle/IC938,http://irail.be/stations/NMBS/008881430,IC,2016-12-19T17:35:00,2016-12-19T17:35:00,-9,-9
http://irail.be/vehicle/IC938,NO-URI,IC,2016-12-19T17:36:00,2016-12-19T17:36:00,-9,-9
http://irail.be/vehicle/IC938,http://irail.be/stations/NMBS/008881406,IC,2016-12-19T17:37:00,2016-12-19T17:37:00,-26,-26
http://irail.be/vehicle/IC938,http://irail.be/stations/NMBS/008881315,IC,2016-12-19T17:39:00,2016-12-19T17:39:00,30,30
http://irail.be/vehicle/IC938,http://irail.be/stations/NMBS/008881000,IC,2016-12-19T17:45:00,2016-12-19T17:42:00,73,30
http://irail.be/vehicle/IC938,http://irail.be/stations/NMBS/008884566,IC,2016-12-19T17:50:00,2016-12-19T17:50:00,73,73
http://irail.be/vehicle/IC938,http://irail.be/stations/NMBS/008884541,IC,2016-12-19T17:51:00,2016-12-19T17:51:00,-3,-3
http://irail.be/vehicle/IC938,http://irail.be/stations/NMBS/008884004,IC,2016-12-19T17:54:00,2016-12-19T17:53:00,12,49
http://irail.be/vehicle/IC938,http://irail.be/stations/NMBS/008884632,IC,2016-12-19T17:59:00,2016-12-19T17:59:00,12,12
http://irail.be/vehicle/IC938,http://irail.be/stations/NMBS/008884640,IC,2016-12-19T18:00:00,2016-12-19T18:00:00,50,50
http://irail.be/vehicle/IC938,http://irail.be/stations/NMBS/008884715,IC,2016-12-19T18:01:00,2016-12-19T18:01:00,50,50
http://irail.be/vehicle/IC938,http://irail.be/stations/NMBS/008884855,IC,2016-12-19T18:04:00,2016-12-19T18:04:00,52,52
http://irail.be/vehicle/IC938,http://irail.be/stations/NMBS/008884889,IC,2016-12-19T18:06:00,2016-12-19T18:06:00,223,223
http://irail.be/vehicle/IC938,http://irail.be/stations/NMBS/008885530,IC,2016-12-19T18:08:00,2016-12-19T18:08:00,223,223
http://irail.be/vehicle/IC938,http://irail.be/stations/NMBS/008885522,IC,2016-12-19T18:09:00,2016-12-19T18:09:00,273,273
http://irail.be/vehicle/IC938,http://irail.be/stations/NMBS/008885001,IC,2016-12-19T18:19:00,2016-12-19T18:15:00,224,359
http://irail.be/vehicle/IC938,http://irail.be/stations/NMBS/008885068,IC,2016-12-19T18:23:00,2016-12-19T18:23:00,242,215
http://irail.be/vehicle/IC938,http://irail.be/stations/NMBS/008885753,IC,2016-12-19T18:33:00,2016-12-19T18:33:00,219,219
http://irail.be/vehicle/IC938,http://irail.be/stations/NMBS/008885704,IC,2016-12-19T18:37:00,2016-12-19T18:37:00,,219
http://irail.be/vehicle/IC938,http://irail.be/stations/NMBS/008863008,IC,2016-10-18T16:38:00,2016-10-18T16:38:00,87,
http://irail.be/vehicle/IC938,http://irail.be/stations/NMBS/008861119,IC,2016-10-18T16:41:00,2016-10-18T16:41:00,130,130
http://irail.be/vehicle/IC938,http://irail.be/stations/NMBS/008861127,IC,2016-10-18T16:43:00,2016-10-18T16:43:00,80,80
http://irail.be/vehicle/IC938,http://irail.be/stations/NMBS/008861135,IC,2016-10-18T16:46:00,2016-10-18T16:46:00,49,49
http://irail.be/vehicle/IC938,http://irail.be/stations/NMBS/008861143,IC,2016-10-18T16:49:00,2016-10-18T16:49:00,-35,-35
http://irail.be/vehicle/IC938,http://irail.be/stations/NMBS/008861150,IC,2016-10-18T16:51:00,2016-10-18T16:51:00,-35,-35
http://irail.be/vehicle/IC938,NO-URI,IC,2016-10-18T16:51:00,2016-10-18T16:51:00,169,169
http://irail.be/vehicle/IC938,http://irail.be/stations/NMBS/008861168,IC,2016-10-18T16:52:00,2016-10-18T16:52:00,169,169
http://irail.be/vehicle/IC938,http://irail.be/stations/NMBS/008874724,IC,2016-10-18T16:52:00,2016-10-18T16:52:00,331,331
http://irail.be/vehicle/IC938,NO-URI,IC,2016-10-18T16:54:00,2016-10-18T16:54:00,270,270
http://irail.be/vehicle/IC938,http://irail.be/stations/NMBS/008874716,IC,2016-10-18T16:55:00,2016-10-18T16:55:00,304,304
http://irail.be/vehicle/IC938,http://irail.be/stations/NMBS/008874609,IC,2016-10-18T16:58:00,2016-10-18T16:57:00,323,325
http://irail.be/vehicle/IC938,http://irail.be/stations/NMBS/008874583,IC,2016-10-18T17:00:00,2016-10-18T17:00:00,323,323
http://irail.be/vehicle/IC938,http://irail.be/stations/NMBS/008874567,IC,2016-10-18T17:01:00,2016-10-18T17:01:00,323,323
http://irail.be/vehicle/IC938,http://irail.be/stations/NMBS/008874559,IC,2016-10-18T17:02:00,2016-10-18T17:02:00,304,304
http://irail.be/vehicle/IC938,NO-URI,IC,2016-10-18T17:03:00,2016-10-18T17:03:00,304,304
http://irail.be/vehicle/IC938,http://irail.be/stations/NMBS/008874005,IC,2016-10-18T17:03:00,2016-10-18T17:03:00,408,408
http://irail.be/vehicle/IC938,http://irail.be/stations/NMBS/008874054,IC,2016-10-18T17:06:00,2016-10-18T17:06:00,394,394
http://irail.be/vehicle/IC938,http://irail.be/stations/NMBS/008872009,IC,2016-10-18T17:11:00,2016-10-18T17:08:00,656,444
http://irail.be/vehicle/IC938,http://irail.be/stations/NMBS/008871100,IC,2016-10-18T17:15:00,2016-10-18T17:15:00,730,730
http://irail.be/vehicle/IC938,http://irail.be/stations/NMBS/008871514,IC,2016-10-18T17:19:00,2016-10-18T17:19:00,793,793
http://irail.be/vehicle/IC938,http://irail.be/stations/NMBS/008871415,IC,2016-10-18T17:20:00,2016-10-18T17:20:00,801,801
http://irail.be/vehicle/IC938,http://irail.be/stations/NMBS/008882248,IC,2016-10-18T17:22:00,2016-10-18T17:22:00,801,801
http://irail.be/vehicle/IC938,http://irail.be/stations/NMBS/008882230,IC,2016-10-18T17:23:00,2016-10-18T17:23:00,801,801
http://irail.be/vehicle/IC938,http://irail.be/stations/NMBS/008882206,IC,2016-10-18T17:28:00,2016-10-18T17:27:00,762,754
http://irail.be/vehicle/IC938,http://irail.be/stations/NMBS/008881463,IC,2016-10-18T17:32:00,2016-10-18T17:32:00,745,745
http://irail.be/vehicle/IC938,http://irail.be/stations/NMBS/008881455,IC,2016-10-18T17:33:00,2016-10-18T17:33:00,745,745
http://irail.be/vehicle/IC938,http://irail.be/stations/NMBS/008881430,IC,2016-10-18T17:35:00,2016-10-18T17:35:00,745,745
http://irail.be/vehicle/IC938,NO-URI,IC,2016-10-18T17:36:00,2016-10-18T17:36:00,735,735
http://irail.be/vehicle/IC938,http://irail.be/stations/NMBS/008881406,IC,2016-10-18T17:37:00,2016-10-18T17:37:00,675,675
http://irail.be/vehicle/IC938,http://irail.be/stations/NMBS/008881315,IC,2016-10-18T17:39:00,2016-10-18T17:39:00,675,675
http://irail.be/vehicle/IC938,http://irail.be/stations/NMBS/008881000,IC,2016-10-18T17:45:00,2016-10-18T17:42:00,663,727
http://irail.be/vehicle/IC938,http://irail.be/stations/NMBS/008884566,IC,2016-10-18T17:50:00,2016-10-18T17:50:00,592,592
http://irail.be/vehicle/IC938,http://irail.be/stations/NMBS/008884541,IC,2016-10-18T17:51:00,2016-10-18T17:51:00,580,580
http://irail.be/vehicle/IC938,http://irail.be/stations/NMBS/008884004,IC,2016-10-18T17:54:00,2016-10-18T17:53:00,639,617
http://irail.be/vehicle/IC938,http://irail.be/stations/NMBS/008884632,IC,2016-10-18T17:59:00,2016-10-18T17:59:00,639,639
http://irail.be/vehicle/IC938,http://irail.be/stations/NMBS/008884640,IC,2016-10-18T18:00:00,2016-10-18T18:00:00,639,639
http://irail.be/vehicle/IC938,http://irail.be/stations/NMBS/008884715,IC,2016-10-18T18:01:00,2016-10-18T18:01:00,612,612
http://irail.be/vehicle/IC938,http://irail.be/stations/NMBS/008884855,IC,2016-10-18T18:04:00,2016-10-18T18:04:00,612,612
http://irail.be/vehicle/IC938,http://irail.be/stations/NMBS/008884889,IC,2016-10-18T18:06:00,2016-10-18T18:06:00,612,612
http://irail.be/vehicle/IC938,http://irail.be/stations/NMBS/008885530,IC,2016-10-18T18:08:00,2016-10-18T18:08:00,552,552
http://irail.be/vehicle/IC938,http://irail.be/stations/NMBS/008885522,IC,2016-10-18T18:09:00,2016-10-18T18:09:00,598,598
http://irail.be/vehicle/IC938,http://irail.be/stations/NMBS/008885001,IC,2016-10-18T18:19:00,2016-10-18T18:15:00,423,548
http://irail.be/vehicle/IC938,http://irail.be/stations/NMBS/008885068,IC,2016-10-18T18:23:00,2016-10-18T18:23:00,438,399
http://irail.be/vehicle/IC938,http://irail.be/stations/NMBS/008885753,IC,2016-10-18T18:33:00,2016-10-18T18:33:00,258,258
http://irail.be/vehicle/IC938,http://irail.be/stations/NMBS/008885704,IC,2016-10-18T18:37:00,2016-10-18T18:37:00,,344
http://irail.be/vehicle/IC938,http://irail.be/stations/NMBS/008863008,IC,2016-02-04T16:38:00,2016-02-04T16:38:00,58,0
http://irail.be/vehicle/IC938,http://irail.be/stations/NMBS/008861119,IC,2016-02-04T16:41:00,2016-02-04T16:41:00,89,89
http://irail.be/vehicle/IC938,http://irail.be/stations/NMBS/008861127,IC,2016-02-04T16:43:00,2016-02-04T16:43:00,131,22
http://irail.be/vehicle/IC938,http://irail.be/stations/NMBS/008861135,IC,2016-02-04T16:46:00,2016-02-04T16:46:00,114,131
http://irail.be/vehicle/IC938,http://irail.be/stations/NMBS/008861143,IC,2016-02-04T16:49:00,2016-02-04T16:49:00,28,28
http://irail.be/vehicle/IC938,http://irail.be/stations/NMBS/008861150,IC,2016-02-04T16:51:00,2016-02-04T16:51:00,28,28
http://irail.be/vehicle/IC938,NO-URI,IC,2016-02-04T16:51:00,2016-02-04T16:51:00,63,60
http://irail.be/vehicle/IC938,http://irail.be/stations/NMBS/008861168,IC,2016-02-04T16:52:00,2016-02-04T16:52:00,63,63
http://irail.be/vehicle/IC938,http://irail.be/stations/NMBS/008874724,IC,2016-02-04T16:52:00,2016-02-04T16:52:00,176,63
http://irail.be/vehicle/IC938,NO-URI,IC,2016-02-04T16:54:00,2016-02-04T16:54:00,98,79
http://irail.be/vehicle/IC938,http://irail.be/stations/NMBS/008874716,IC,2016-02-04T16:55:00,2016-02-04T16:55:00,111,111
http://irail.be/vehicle/IC938,http://irail.be/stations/NMBS/008874609,IC,2016-02-04T16:58:00,2016-02-04T16:57:00,172,134
http://irail.be/vehicle/IC938,http://irail.be/stations/NMBS/008874583,IC,2016-02-04T17:00:00,2016-02-04T17:00:00,172,172
http://irail.be/vehicle/IC938,http://irail.be/stations/NMBS/008874567,IC,2016-02-04T17:01:00,2016-02-04T17:01:00,172,172
http://irail.be/vehicle/IC938,http://irail.be/stations/NMBS/008874559,IC,2016-02-04T17:02:00,2016-02-04T17:02:00,142,142
http://irail.be/vehicle/IC938,http://irail.be/stations/NMBS/008874005,IC,2016-02-04T17:03:00,2016-02-04T17:03:00,155,151
http://irail.be/vehicle/IC938,http://irail.be/stations/NMBS/008874054,IC,2016-02-04T17:06:00,2016-02-04T17:06:00,115,106
http://irail.be/vehicle/IC938,http://irail.be/stations/NMBS/008872009,IC,2016-02-04T17:11:00,2016-02-04T17:08:00,157,147
http://irail.be/vehicle/IC938,http://irail.be/stations/NMBS/008871100,IC,2016-02-04T17:15:00,2016-02-04T17:15:00,139,105
http://irail.be/vehicle/IC938,http://irail.be/stations/NMBS/008871514,IC,2016-02-04T17:19:00,2016-02-04T17:19:00,138,138
http://irail.be/vehicle/IC938,http://irail.be/stations/NMBS/008871415,IC,2016-02-04T17:20:00,2016-02-04T17:20:00,119,119
http://irail.be/vehicle/IC938,http://irail.be/stations/NMBS/008882248,IC,2016-02-04T17:22:00,2016-02-04T17:22:00,119,119
http://irail.be/vehicle/IC938,http://irail.be/stations/NMBS/008882230,IC,2016-02-04T17:23:00,2016-02-04T17:23:00,119,119
http://irail.be/vehicle/IC938,http://irail.be/stations/NMBS/008882206,IC,2016-02-04T17:28:00,2016-02-04T17:27:00,94,58
http://irail.be/vehicle/IC938,http://irail.be/stations/NMBS/008881463,IC,2016-02-04T17:32:00,2016-02-04T17:32:00,95,95
http://irail.be/vehicle/IC938,http://irail.be/stations/NMBS/008881455,IC,2016-02-04T17:33:00,2016-02-04T17:33:00,95,95
http://irail.be/vehicle/IC938,http://irail.be/stations/NMBS/008881430,IC,2016-02-04T17:35:00,2016-02-04T17:35:00,95,95
http://irail.be/vehicle/IC938,NO-URI,IC,2016-02-04T17:36:00,2016-02-04T17:36:00,93,90
http://irail.be/vehicle/IC938,http://irail.be/stations/NMBS/008881406,IC,2016-02-04T17:37:00,2016-02-04T17:37:00,33,33
http://irail.be/vehicle/IC938,http://irail.be/stations/NMBS/008881315,IC,2016-02-04T17:39:00,2016-02-04T17:39:00,33,33
http://irail.be/vehicle/IC938,http://irail.be/stations/NMBS/008881000,IC,2016-02-04T17:45:00,2016-02-04T17:42:00,46,89
http://irail.be/vehicle/IC938,http://irail.be/stations/NMBS/008884566,IC,2016-02-04T17:50:00,2016-02-04T17:50:00,-5,-14
http://irail.be/vehicle/IC938,http://irail.be/stations/NMBS/008884541,IC,2016-02-04T17:51:00,2016-02-04T17:51:00,-14,-14
http://irail.be/vehicle/IC938,http://irail.be/stations/NMBS/008884004,IC,2016-02-04T17:54:00,2016-02-04T17:53:00,96,48
http://irail.be/vehicle/IC938,http://irail.be/stations/NMBS/008884632,IC,2016-02-04T17:59:00,2016-02-04T17:59:00,96,96
http://irail.be/vehicle/IC938,http://irail.be/stations/NMBS/008884640,IC,2016-02-04T18:00:00,2016-02-04T18:00:00,96,96
http://irail.be/vehicle/IC938,http://irail.be/stations/NMBS/008884715,IC,2016-02-04T18:01:00,2016-02-04T18:01:00,164,158
http://irail.be/vehicle/IC938,http://irail.be/stations/NMBS/008884855,IC,2016-02-04T18:04:00,2016-02-04T18:04:00,164,164
http://irail.be/vehicle/IC938,http://irail.be/stations/NMBS/008884889,IC,2016-02-04T18:06:00,2016-02-04T18:06:00,164,164
http://irail.be/vehicle/IC938,http://irail.be/stations/NMBS/008885530,IC,2016-02-04T18:08:00,2016-02-04T18:08:00,104,104
http://irail.be/vehicle/IC938,http://irail.be/stations/NMBS/008885522,IC,2016-02-04T18:09:00,2016-02-04T18:09:00,177,150
http://irail.be/vehicle/IC938,http://irail.be/stations/NMBS/008885001,IC,2016-02-04T18:19:00,2016-02-04T18:15:00,650,486
http://irail.be/vehicle/IC938,http://irail.be/stations/NMBS/008885068,IC,2016-02-04T18:23:00,2016-02-04T18:23:00,802,769
http://irail.be/vehicle/IC938,http://irail.be/stations/NMBS/008885753,IC,2016-02-04T18:33:00,2016-02-04T18:33:00,622,622
http://irail.be/vehicle/IC938,http://irail.be/stations/NMBS/008885704,IC,2016-02-04T18:37:00,2016-02-04T18:37:00,0,702
http://irail.be/vehicle/IC938,http://irail.be/stations/NMBS/008863008,IC,2016-08-03T16:38:00,2016-08-03T16:38:00,31,
http://irail.be/vehicle/IC938,http://irail.be/stations/NMBS/008861119,IC,2016-08-03T16:41:00,2016-08-03T16:41:00,78,78
http://irail.be/vehicle/IC938,http://irail.be/stations/NMBS/008861127,IC,2016-08-03T16:43:00,2016-08-03T16:43:00,25,25
http://irail.be/vehicle/IC938,http://irail.be/stations/NMBS/008861135,IC,2016-08-03T16:46:00,2016-08-03T16:46:00,-11,-11
http://irail.be/vehicle/IC938,http://irail.be/stations/NMBS/008861143,IC,2016-08-03T16:49:00,2016-08-03T16:49:00,-22,-22
http://irail.be/vehicle/IC938,http://irail.be/stations/NMBS/008861150,IC,2016-08-03T16:51:00,2016-08-03T16:51:00,-22,-22
http://irail.be/vehicle/IC938,NO-URI,IC,2016-08-03T16:51:00,2016-08-03T16:51:00,67,67
http://irail.be/vehicle/IC938,http://irail.be/stations/NMBS/008861168,IC,2016-08-03T16:52:00,2016-08-03T16:52:00,67,67
http://irail.be/vehicle/IC938,http://irail.be/stations/NMBS/008874724,IC,2016-08-03T16:52:00,2016-08-03T16:52:00,69,69
http://irail.be/vehicle/IC938,NO-URI,IC,2016-08-03T16:54:00,2016-08-03T16:54:00,-26,-26
http://irail.be/vehicle/IC938,http://irail.be/stations/NMBS/008874716,IC,2016-08-03T16:55:00,2016-08-03T16:55:00,-15,-15
http://irail.be/vehicle/IC938,http://irail.be/stations/NMBS/008874609,IC,2016-08-03T16:58:00,2016-08-03T16:57:00,27,-7
http://irail.be/vehicle/IC938,http://irail.be/stations/NMBS/008874583,IC,2016-08-03T17:00:00,2016-08-03T17:00:00,27,27
http://irail.be/vehicle/IC938,http://irail.be/stations/NMBS/008874567,IC,2016-08-03T17:01:00,2016-08-03T17:01:00,27,27
http://irail.be/vehicle/IC938,http://irail.be/stations/NMBS/008874559,IC,2016-08-03T17:02:00,2016-08-03T17:02:00,21,21
http://irail.be/vehicle/IC938,NO-URI,IC,2016-08-03T17:03:00,2016-08-03T17:03:00,21,21
http://irail.be/vehicle/IC938,http://irail.be/stations/NMBS/008874005,IC,2016-08-03T17:03:00,2016-08-03T17:03:00,32,32
http://irail.be/vehicle/IC938,http://irail.be/stations/NMBS/008874054,IC,2016-08-03T17:06:00,2016-08-03T17:06:00,20,20
http://irail.be/vehicle/IC938,http://irail.be/stations/NMBS/008872009,IC,2016-08-03T17:11:00,2016-08-03T17:08:00,73,78
http://irail.be/vehicle/IC938,http://irail.be/stations/NMBS/008871100,IC,2016-08-03T17:15:00,2016-08-03T17:15:00,270,61
http://irail.be/vehicle/IC938,http://irail.be/stations/NMBS/008871514,IC,2016-08-03T17:19:00,2016-08-03T17:19:00,292,292
http://irail.be/vehicle/IC938,http://irail.be/stations/NMBS/008871415,IC,2016-08-03T17:20:00,2016-08-03T17:20:00,288,288
http://irail.be/vehicle/IC938,http://irail.be/stations/NMBS/008882248,IC,2016-08-03T17:22:00,2016-08-03T17:22:00,288,288
http://irail.be/vehicle/IC938,http://irail.be/stations/NMBS/008882230,IC,2016-08-03T17:23:00,2016-08-03T17:23:00,288,288
http://irail.be/vehicle/IC938,http://irail.be/stations/NMBS/008882206,IC,2016-08-03T17:28:00,2016-08-03T17:27:00,251,237
http://irail.be/vehicle/IC938,http://irail.be/stations/NMBS/008881463,IC,2016-08-03T17:32:00,2016-08-03T17:32:00,232,232
http://irail.be/vehicle/IC938,http://irail.be/stations/NMBS/008881455,IC,2016-08-03T17:33:00,2016-08-03T17:33:00,232,232
http://irail.be/vehicle/IC938,http://irail.be/stations/NMBS/008881430,IC,2016-08-03T17:35:00,2016-08-03T17:35:00,232,232
http://irail.be/vehicle/IC938,NO-URI,IC,2016-08-03T17:36:00,2016-08-03T17:36:00,211,211
http://irail.be/vehicle/IC938,http://irail.be/stations/NMBS/008881406,IC,2016-08-03T17:37:00,2016-08-03T17:37:00,151,151
http://irail.be/vehicle/IC938,http://irail.be/stations/NMBS/008881315,IC,2016-08-03T17:39:00,2016-08-03T17:39:00,151,151
http://irail.be/vehicle/IC938,http://irail.be/stations/NMBS/008881000,IC,2016-08-03T17:45:00,2016-08-03T17:42:00,203,224
http://irail.be/vehicle/IC938,http://irail.be/stations/NMBS/008884566,IC,2016-08-03T17:50:00,2016-08-03T17:50:00,170,170
http://irail.be/vehicle/IC938,http://irail.be/stations/NMBS/008884541,IC,2016-08-03T17:51:00,2016-08-03T17:51:00,160,160
http://irail.be/vehicle/IC938,http://irail.be/stations/NMBS/008884004,IC,2016-08-03T17:54:00,2016-08-03T17:53:00,229,208
http://irail.be/vehicle/IC938,http://irail.be/stations/NMBS/008884632,IC,2016-08-03T17:59:00,2016-08-03T17:59:00,229,229
http://irail.be/vehicle/IC938,http://irail.be/stations/NMBS/008884640,IC,2016-08-03T18:00:00,2016-08-03T18:00:00,229,229
http://irail.be/vehicle/IC938,http://irail.be/stations/NMBS/008884715,IC,2016-08-03T18:01:00,2016-08-03T18:01:00,216,216
http://irail.be/vehicle/IC938,http://irail.be/stations/NMBS/008884855,IC,2016-08-03T18:04:00,2016-08-03T18:04:00,216,216
http://irail.be/vehicle/IC938,http://irail.be/stations/NMBS/008884889,IC,2016-08-03T18:06:00,2016-08-03T18:06:00,216,216
http://irail.be/vehicle/IC938,http://irail.be/stations/NMBS/008885530,IC,2016-08-03T18:08:00,2016-08-03T18:08:00,156,156
http://irail.be/vehicle/IC938,http://irail.be/stations/NMBS/008885522,IC,2016-08-03T18:09:00,2016-08-03T18:09:00,212,212
http://irail.be/vehicle/IC938,http://irail.be/stations/NMBS/008885001,IC,2016-08-03T18:19:00,2016-08-03T18:15:00,591,189
http://irail.be/vehicle/IC938,http://irail.be/stations/NMBS/008885068,IC,2016-08-03T18:23:00,2016-08-03T18:23:00,748,692
http://irail.be/vehicle/IC938,http://irail.be/stations/NMBS/008885753,IC,2016-08-03T18:33:00,2016-08-03T18:33:00,568,568
http://irail.be/vehicle/IC938,http://irail.be/stations/NMBS/008885704,IC,2016-08-03T18:37:00,2016-08-03T18:37:00,,758
http://irail.be/vehicle/IC938,http://irail.be/stations/NMBS/008863008,IC,2016-11-28T16:38:00,2016-11-28T16:38:00,48,
http://irail.be/vehicle/IC938,http://irail.be/stations/NMBS/008861119,IC,2016-11-28T16:41:00,2016-11-28T16:41:00,57,57
http://irail.be/vehicle/IC938,http://irail.be/stations/NMBS/008861127,IC,2016-11-28T16:43:00,2016-11-28T16:43:00,14,14
http://irail.be/vehicle/IC938,http://irail.be/stations/NMBS/008861135,IC,2016-11-28T16:46:00,2016-11-28T16:46:00,14,14
http://irail.be/vehicle/IC938,http://irail.be/stations/NMBS/008861143,IC,2016-11-28T16:49:00,2016-11-28T16:49:00,-32,-32
http://irail.be/vehicle/IC938,http://irail.be/stations/NMBS/008861150,IC,2016-11-28T16:51:00,2016-11-28T16:51:00,78,78
http://irail.be/vehicle/IC938,NO-URI,IC,2016-11-28T16:51:00,2016-11-28T16:51:00,78,78
http://irail.be/vehicle/IC938,http://irail.be/stations/NMBS/008861168,IC,2016-11-28T16:52:00,2016-11-28T16:52:00,82,82
http://irail.be/vehicle/IC938,http://irail.be/stations/NMBS/008874724,IC,2016-11-28T16:52:00,2016-11-28T16:52:00,79,79
http://irail.be/vehicle/IC938,NO-URI,IC,2016-11-28T16:54:00,2016-11-28T16:54:00,79,79
http://irail.be/vehicle/IC938,http://irail.be/stations/NMBS/008874716,IC,2016-11-28T16:55:00,2016-11-28T16:55:00,29,29
http://irail.be/vehicle/IC938,http://irail.be/stations/NMBS/008874609,IC,2016-11-28T16:58:00,2016-11-28T16:57:00,73,42
http://irail.be/vehicle/IC938,http://irail.be/stations/NMBS/008874583,IC,2016-11-28T17:00:00,2016-11-28T17:00:00,73,73
http://irail.be/vehicle/IC938,http://irail.be/stations/NMBS/008874567,IC,2016-11-28T17:01:00,2016-11-28T17:01:00,65,65
http://irail.be/vehicle/IC938,http://irail.be/stations/NMBS/008874559,IC,2016-11-28T17:02:00,2016-11-28T17:02:00,65,65
http://irail.be/vehicle/IC938,NO-URI,IC,2016-11-28T17:03:00,2016-11-28T17:03:00,54,54
http://irail.be/vehicle/IC938,http://irail.be/stations/NMBS/008874005,IC,2016-11-28T17:03:00,2016-11-28T17:03:00,63,63
http://irail.be/vehicle/IC938,http://irail.be/stations/NMBS/008874054,IC,2016-11-28T17:06:00,2016-11-28T17:06:00,15,15
http://irail.be/vehicle/IC938,http://irail.be/stations/NMBS/008872009,IC,2016-11-28T17:11:00,2016-11-28T17:08:00,17,-1
http://irail.be/vehicle/IC938,http://irail.be/stations/NMBS/008871100,IC,2016-11-28T17:15:00,2016-11-28T17:15:00,31,31
http://irail.be/vehicle/IC938,http://irail.be/stations/NMBS/008871514,IC,2016-11-28T17:19:00,2016-11-28T17:19:00,51,51
http://irail.be/vehicle/IC938,http://irail.be/stations/NMBS/008871415,IC,2016-11-28T17:20:00,2016-11-28T17:20:00,51,51
http://irail.be/vehicle/IC938,http://irail.be/stations/NMBS/008882248,IC,2016-11-28T17:22:00,2016-11-28T17:22:00,45,45
http://irail.be/vehicle/IC938,http://irail.be/stations/NMBS/008882230,IC,2016-11-28T17:23:00,2016-11-28T17:23:00,96,96
http://irail.be/vehicle/IC938,http://irail.be/stations/NMBS/008882206,IC,2016-11-28T17:28:00,2016-11-28T17:27:00,83,64
http://irail.be/vehicle/IC938,http://irail.be/stations/NMBS/008881463,IC,2016-11-28T17:32:00,2016-11-28T17:32:00,92,92
http://irail.be/vehicle/IC938,http://irail.be/stations/NMBS/008881455,IC,2016-11-28T17:33:00,2016-11-28T17:33:00,74,74
http://irail.be/vehicle/IC938,http://irail.be/stations/NMBS/008881430,IC,2016-11-28T17:35:00,2016-11-28T17:35:00,74,74
http://irail.be/vehicle/IC938,NO-URI,IC,2016-11-28T17:36:00,2016-11-28T17:36:00,74,74
http://irail.be/vehicle/IC938,http://irail.be/stations/NMBS/008881406,IC,2016-11-28T17:37:00,2016-11-28T17:37:00,58,58
http://irail.be/vehicle/IC938,http://irail.be/stations/NMBS/008881315,IC,2016-11-28T17:39:00,2016-11-28T17:39:00,235,235
http://irail.be/vehicle/IC938,http://irail.be/stations/NMBS/008881000,IC,2016-11-28T17:45:00,2016-11-28T17:42:00,180,235
http://irail.be/vehicle/IC938,http://irail.be/stations/NMBS/008884566,IC,2016-11-28T17:50:00,2016-11-28T17:50:00,180,180
http://irail.be/vehicle/IC938,http://irail.be/stations/NMBS/008884541,IC,2016-11-28T17:51:00,2016-11-28T17:51:00,125,125
http://irail.be/vehicle/IC938,http://irail.be/stations/NMBS/008884004,IC,2016-11-28T17:54:00,2016-11-28T17:53:00,63,119
http://irail.be/vehicle/IC938,http://irail.be/stations/NMBS/008884632,IC,2016-11-28T17:59:00,2016-11-28T17:59:00,63,63
http://irail.be/vehicle/IC938,http://irail.be/stations/NMBS/008884640,IC,2016-11-28T18:00:00,2016-11-28T18:00:00,113,113
http://irail.be/vehicle/IC938,http://irail.be/stations/NMBS/008884715,IC,2016-11-28T18:01:00,2016-11-28T18:01:00,113,113
http://irail.be/vehicle/IC938,http://irail.be/stations/NMBS/008884855,IC,2016-11-28T18:04:00,2016-11-28T18:04:00,117,117
http://irail.be/vehicle/IC938,http://irail.be/stations/NMBS/008884889,IC,2016-11-28T18:06:00,2016-11-28T18:06:00,108,108
http://irail.be/vehicle/IC938,http://irail.be/stations/NMBS/008885530,IC,2016-11-28T18:08:00,2016-11-28T18:08:00,108,108
http://irail.be/vehicle/IC938,http://irail.be/stations/NMBS/008885522,IC,2016-11-28T18:09:00,2016-11-28T18:09:00,107,107
http://irail.be/vehicle/IC938,http://irail.be/stations/NMBS/008885001,IC,2016-11-28T18:19:00,2016-11-28T18:15:00,-41,55
http://irail.be/vehicle/IC938,http://irail.be/stations/NMBS/008885068,IC,2016-11-28T18:23:00,2016-11-28T18:23:00,5,-36
http://irail.be/vehicle/IC938,http://irail.be/stations/NMBS/008885753,IC,2016-11-28T18:33:00,2016-11-28T18:33:00,-60,-60
http://irail.be/vehicle/IC938,http://irail.be/stations/NMBS/008885704,IC,2016-11-28T18:37:00,2016-11-28T18:37:00,,-60
http://irail.be/vehicle/IC938,http://irail.be/stations/NMBS/008863008,IC,2016-12-02T16:38:00,2016-12-02T16:38:00,99,
http://irail.be/vehicle/IC938,http://irail.be/stations/NMBS/008861119,IC,2016-12-02T16:41:00,2016-12-02T16:41:00,89,89
http://irail.be/vehicle/IC938,http://irail.be/stations/NMBS/008861127,IC,2016-12-02T16:43:00,2016-12-02T16:43:00,32,32
http://irail.be/vehicle/IC938,http://irail.be/stations/NMBS/008861135,IC,2016-12-02T16:46:00,2016-12-02T16:46:00,32,32
http://irail.be/vehicle/IC938,http://irail.be/stations/NMBS/008861143,IC,2016-12-02T16:49:00,2016-12-02T16:49:00,-44,-44
http://irail.be/vehicle/IC938,http://irail.be/stations/NMBS/008861150,IC,2016-12-02T16:51:00,2016-12-02T16:51:00,-26,-26
http://irail.be/vehicle/IC938,NO-URI,IC,2016-12-02T16:51:00,2016-12-02T16:51:00,-26,-26
http://irail.be/vehicle/IC938,http://irail.be/stations/NMBS/008861168,IC,2016-12-02T16:52:00,2016-12-02T16:52:00,-22,-22
http://irail.be/vehicle/IC938,http://irail.be/stations/NMBS/008874724,IC,2016-12-02T16:52:00,2016-12-02T16:52:00,-17,-17
http://irail.be/vehicle/IC938,NO-URI,IC,2016-12-02T16:54:00,2016-12-02T16:54:00,-17,-17
http://irail.be/vehicle/IC938,http://irail.be/stations/NMBS/008874716,IC,2016-12-02T16:55:00,2016-12-02T16:55:00,5,5
http://irail.be/vehicle/IC938,http://irail.be/stations/NMBS/008874609,IC,2016-12-02T16:58:00,2016-12-02T16:57:00,175,143
http://irail.be/vehicle/IC938,http://irail.be/stations/NMBS/008874583,IC,2016-12-02T17:00:00,2016-12-02T17:00:00,175,175
http://irail.be/vehicle/IC938,http://irail.be/stations/NMBS/008874567,IC,2016-12-02T17:01:00,2016-12-02T17:01:00,176,176
http://irail.be/vehicle/IC938,http://irail.be/stations/NMBS/008874559,IC,2016-12-02T17:02:00,2016-12-02T17:02:00,176,176
http://irail.be/vehicle/IC938,NO-URI,IC,2016-12-02T17:03:00,2016-12-02T17:03:00,167,167
http://irail.be/vehicle/IC938,http://irail.be/stations/NMBS/008874005,IC,2016-12-02T17:03:00,2016-12-02T17:03:00,178,178
http://irail.be/vehicle/IC938,http://irail.be/stations/NMBS/008874054,IC,2016-12-02T17:06:00,2016-12-02T17:06:00,133,133
http://irail.be/vehicle/IC938,http://irail.be/stations/NMBS/008872009,IC,2016-12-02T17:11:00,2016-12-02T17:08:00,192,121
http://irail.be/vehicle/IC938,http://irail.be/stations/NMBS/008871100,IC,2016-12-02T17:15:00,2016-12-02T17:15:00,215,215
http://irail.be/vehicle/IC938,http://irail.be/stations/NMBS/008871514,IC,2016-12-02T17:19:00,2016-12-02T17:19:00,247,247
http://irail.be/vehicle/IC938,http://irail.be/stations/NMBS/008871415,IC,2016-12-02T17:20:00,2016-12-02T17:20:00,247,247
http://irail.be/vehicle/IC938,http://irail.be/stations/NMBS/008882248,IC,2016-12-02T17:22:00,2016-12-02T17:22:00,239,239
http://irail.be/vehicle/IC938,http://irail.be/stations/NMBS/008882230,IC,2016-12-02T17:23:00,2016-12-02T17:23:00,274,274
http://irail.be/vehicle/IC938,http://irail.be/stations/NMBS/008882206,IC,2016-12-02T17:28:00,2016-12-02T17:27:00,260,243
http://irail.be/vehicle/IC938,http://irail.be/stations/NMBS/008881463,IC,2016-12-02T17:32:00,2016-12-02T17:32:00,251,251
http://irail.be/vehicle/IC938,http://irail.be/stations/NMBS/008881455,IC,2016-12-02T17:33:00,2016-12-02T17:33:00,235,235
http://irail.be/vehicle/IC938,http://irail.be/stations/NMBS/008881430,IC,2016-12-02T17:35:00,2016-12-02T17:35:00,235,235
http://irail.be/vehicle/IC938,NO-URI,IC,2016-12-02T17:36:00,2016-12-02T17:36:00,235,235
http://irail.be/vehicle/IC938,http://irail.be/stations/NMBS/008881406,IC,2016-12-02T17:37:00,2016-12-02T17:37:00,220,220
http://irail.be/vehicle/IC938,http://irail.be/stations/NMBS/008881315,IC,2016-12-02T17:39:00,2016-12-02T17:39:00,240,240
http://irail.be/vehicle/IC938,http://irail.be/stations/NMBS/008881000,IC,2016-12-02T17:45:00,2016-12-02T17:42:00,213,240
http://irail.be/vehicle/IC938,http://irail.be/stations/NMBS/008884566,IC,2016-12-02T17:50:00,2016-12-02T17:50:00,213,213
http://irail.be/vehicle/IC938,http://irail.be/stations/NMBS/008884541,IC,2016-12-02T17:51:00,2016-12-02T17:51:00,128,128
http://irail.be/vehicle/IC938,http://irail.be/stations/NMBS/008884004,IC,2016-12-02T17:54:00,2016-12-02T17:53:00,61,113
http://irail.be/vehicle/IC938,http://irail.be/stations/NMBS/008884632,IC,2016-12-02T17:59:00,2016-12-02T17:59:00,61,61
http://irail.be/vehicle/IC938,http://irail.be/stations/NMBS/008884640,IC,2016-12-02T18:00:00,2016-12-02T18:00:00,98,98
http://irail.be/vehicle/IC938,http://irail.be/stations/NMBS/008884715,IC,2016-12-02T18:01:00,2016-12-02T18:01:00,98,98
http://irail.be/vehicle/IC938,http://irail.be/stations/NMBS/008884855,IC,2016-12-02T18:04:00,2016-12-02T18:04:00,99,99
http://irail.be/vehicle/IC938,http://irail.be/stations/NMBS/008884889,IC,2016-12-02T18:06:00,2016-12-02T18:06:00,283,283
http://irail.be/vehicle/IC938,http://irail.be/stations/NMBS/008885530,IC,2016-12-02T18:08:00,2016-12-02T18:08:00,283,283
http://irail.be/vehicle/IC938,http://irail.be/stations/NMBS/008885522,IC,2016-12-02T18:09:00,2016-12-02T18:09:00,403,403
http://irail.be/vehicle/IC938,http://irail.be/stations/NMBS/008885001,IC,2016-12-02T18:19:00,2016-12-02T18:15:00,268,413
http://irail.be/vehicle/IC938,http://irail.be/stations/NMBS/008885068,IC,2016-12-02T18:23:00,2016-12-02T18:23:00,285,248
http://irail.be/vehicle/IC938,http://irail.be/stations/NMBS/008885753,IC,2016-12-02T18:33:00,2016-12-02T18:33:00,244,244
http://irail.be/vehicle/IC938,http://irail.be/stations/NMBS/008885704,IC,2016-12-02T18:37:00,2016-12-02T18:37:00,,244
http://irail.be/vehicle/IC938,http://irail.be/stations/NMBS/008863008,IC,2016-03-11T16:38:00,2016-03-11T16:38:00,56,0
http://irail.be/vehicle/IC938,http://irail.be/stations/NMBS/008861119,IC,2016-03-11T16:41:00,2016-03-11T16:41:00,92,92
http://irail.be/vehicle/IC938,http://irail.be/stations/NMBS/008861127,IC,2016-03-11T16:43:00,2016-03-11T16:43:00,53,33
http://irail.be/vehicle/IC938,http://irail.be/stations/NMBS/008861135,IC,2016-03-11T16:46:00,2016-03-11T16:46:00,31,53
http://irail.be/vehicle/IC938,http://irail.be/stations/NMBS/008861143,IC,2016-03-11T16:49:00,2016-03-11T16:49:00,-53,-53
http://irail.be/vehicle/IC938,http://irail.be/stations/NMBS/008861150,IC,2016-03-11T16:51:00,2016-03-11T16:51:00,-53,-53
http://irail.be/vehicle/IC938,NO-URI,IC,2016-03-11T16:51:00,2016-03-11T16:51:00,-7,-12
http://irail.be/vehicle/IC938,http://irail.be/stations/NMBS/008861168,IC,2016-03-11T16:52:00,2016-03-11T16:52:00,-7,-7
http://irail.be/vehicle/IC938,http://irail.be/stations/NMBS/008874724,IC,2016-03-11T16:52:00,2016-03-11T16:52:00,3,-7
http://irail.be/vehicle/IC938,NO-URI,IC,2016-03-11T16:54:00,2016-03-11T16:54:00,-90,-94
http://irail.be/vehicle/IC938,http://irail.be/stations/NMBS/008874716,IC,2016-03-11T16:55:00,2016-03-11T16:55:00,-69,-69
http://irail.be/vehicle/IC938,http://irail.be/stations/NMBS/008874609,IC,2016-03-11T16:58:00,2016-03-11T16:57:00,19,20
http://irail.be/vehicle/IC938,http://irail.be/stations/NMBS/008874583,IC,2016-03-11T17:00:00,2016-03-11T17:00:00,19,19
http://irail.be/vehicle/IC938,http://irail.be/stations/NMBS/008874567,IC,2016-03-11T17:01:00,2016-03-11T17:01:00,19,19
http://irail.be/vehicle/IC938,http://irail.be/stations/NMBS/008874559,IC,2016-03-11T17:02:00,2016-03-11T17:02:00,-5,-5
http://irail.be/vehicle/IC938,http://irail.be/stations/NMBS/008874005,IC,2016-03-11T17:03:00,2016-03-11T17:03:00,7,3
http://irail.be/vehicle/IC938,http://irail.be/stations/NMBS/008874054,IC,2016-03-11T17:06:00,2016-03-11T17:06:00,-39,-44
http://irail.be/vehicle/IC938,http://irail.be/stations/NMBS/008872009,IC,2016-03-11T17:11:00,2016-03-11T17:08:00,39,13
http://irail.be/vehicle/IC938,http://irail.be/stations/NMBS/008871100,IC,2016-03-11T17:15:00,2016-03-11T17:15:00,32,-2
http://irail.be/vehicle/IC938,http://irail.be/stations/NMBS/008871514,IC,2016-03-11T17:19:00,2016-03-11T17:19:00,29,29
http://irail.be/vehicle/IC938,http://irail.be/stations/NMBS/008871415,IC,2016-03-11T17:20:00,2016-03-11T17:20:00,9,13
http://irail.be/vehicle/IC938,http://irail.be/stations/NMBS/008882248,IC,2016-03-11T17:22:00,2016-03-11T17:22:00,9,9
http://irail.be/vehicle/IC938,http://irail.be/stations/NMBS/008882230,IC,2016-03-11T17:23:00,2016-03-11T17:23:00,9,9
http://irail.be/vehicle/IC938,http://irail.be/stations/NMBS/008882206,IC,2016-03-11T17:28:00,2016-03-11T17:27:00,360,79
http://irail.be/vehicle/IC938,http://irail.be/stations/NMBS/008881463,IC,2016-03-11T17:32:00,2016-03-11T17:32:00,370,370
http://irail.be/vehicle/IC938,http://irail.be/stations/NMBS/008881455,IC,2016-03-11T17:33:00,2016-03-11T17:33:00,370,370
http://irail.be/vehicle/IC938,http://irail.be/stations/NMBS/008881430,IC,2016-03-11T17:35:00,2016-03-11T17:35:00,370,370
http://irail.be/vehicle/IC938,NO-URI,IC,2016-03-11T17:36:00,2016-03-11T17:36:00,496,494
http://irail.be/vehicle/IC938,http://irail.be/stations/NMBS/008881406,IC,2016-03-11T17:37:00,2016-03-11T17:37:00,436,436
http://irail.be/vehicle/IC938,http://irail.be/stations/NMBS/008881315,IC,2016-03-11T17:39:00,2016-03-11T17:39:00,436,436
http://irail.be/vehicle/IC938,http://irail.be/stations/NMBS/008881000,IC,2016-03-11T17:45:00,2016-03-11T17:42:00,476,498
http://irail.be/vehicle/IC938,http://irail.be/stations/NMBS/008884566,IC,2016-03-11T17:50:00,2016-03-11T17:50:00,446,416
http://irail.be/vehicle/IC938,http://irail.be/stations/NMBS/008884541,IC,2016-03-11T17:51:00,2016-03-11T17:51:00,437,437
http://irail.be/vehicle/IC938,http://irail.be/stations/NMBS/008884004,IC,2016-03-11T17:54:00,2016-03-11T17:53:00,507,454
http://irail.be/vehicle/IC938,http://irail.be/stations/NMBS/008884632,IC,2016-03-11T17:59:00,2016-03-11T17:59:00,507,507
http://irail.be/vehicle/IC938,http://irail.be/stations/NMBS/008884640,IC,2016-03-11T18:00:00,2016-03-11T18:00:00,507,507
http://irail.be/vehicle/IC938,http://irail.be/stations/NMBS/008884715,IC,2016-03-11T18:01:00,2016-03-11T18:01:00,500,492
http://irail.be/vehicle/IC938,http://irail.be/stations/NMBS/008884855,IC,2016-03-11T18:04:00,2016-03-11T18:04:00,500,500
http://irail.be/vehicle/IC938,http://irail.be/stations/NMBS/008884889,IC,2016-03-11T18:06:00,2016-03-11T18:06:00,500,500
http://irail.be/vehicle/IC938,http://irail.be/stations/NMBS/008885530,IC,2016-03-11T18:08:00,2016-03-11T18:08:00,440,440
http://irail.be/vehicle/IC938,http://irail.be/stations/NMBS/008885522,IC,2016-03-11T18:09:00,2016-03-11T18:09:00,555,489
http://irail.be/vehicle/IC938,http://irail.be/stations/NMBS/008885001,IC,2016-03-11T18:19:00,2016-03-11T18:15:00,703,639
http://irail.be/vehicle/IC938,http://irail.be/stations/NMBS/008885068,IC,2016-03-11T18:23:00,2016-03-11T18:23:00,824,768
http://irail.be/vehicle/IC938,http://irail.be/stations/NMBS/008885753,IC,2016-03-11T18:33:00,2016-03-11T18:33:00,644,644
http://irail.be/vehicle/IC938,http://irail.be/stations/NMBS/008885704,IC,2016-03-11T18:37:00,2016-03-11T18:37:00,0,820
http://irail.be/vehicle/IC938,http://irail.be/stations/NMBS/008863008,IC,2016-04-13T16:38:00,2016-04-13T16:38:00,13,0
http://irail.be/vehicle/IC938,http://irail.be/stations/NMBS/008861119,IC,2016-04-13T16:41:00,2016-04-13T16:41:00,51,51
http://irail.be/vehicle/IC938,http://irail.be/stations/NMBS/008861127,IC,2016-04-13T16:43:00,2016-04-13T16:43:00,-1,-17
http://irail.be/vehicle/IC938,http://irail.be/stations/NMBS/008861135,IC,2016-04-13T16:46:00,2016-04-13T16:46:00,-45,-1
http://irail.be/vehicle/IC938,http://irail.be/stations/NMBS/008861143,IC,2016-04-13T16:49:00,2016-04-13T16:49:00,-136,-136
http://irail.be/vehicle/IC938,http://irail.be/stations/NMBS/008861150,IC,2016-04-13T16:51:00,2016-04-13T16:51:00,-136,-136
http://irail.be/vehicle/IC938,NO-URI,IC,2016-04-13T16:51:00,2016-04-13T16:51:00,-109,-111
http://irail.be/vehicle/IC938,http://irail.be/stations/NMBS/008861168,IC,2016-04-13T16:52:00,2016-04-13T16:52:00,-109,-109
http://irail.be/vehicle/IC938,http://irail.be/stations/NMBS/008874724,IC,2016-04-13T16:52:00,2016-04-13T16:52:00,-83,-109
http://irail.be/vehicle/IC938,NO-URI,IC,2016-04-13T16:54:00,2016-04-13T16:54:00,-166,-180
http://irail.be/vehicle/IC938,http://irail.be/stations/NMBS/008874716,IC,2016-04-13T16:55:00,2016-04-13T16:55:00,-90,-90
http://irail.be/vehicle/IC938,http://irail.be/stations/NMBS/008874609,IC,2016-04-13T16:58:00,2016-04-13T16:57:00,113,75
http://irail.be/vehicle/IC938,http://irail.be/stations/NMBS/008874583,IC,2016-04-13T17:00:00,2016-04-13T17:00:00,113,113
http://irail.be/vehicle/IC938,http://irail.be/stations/NMBS/008874567,IC,2016-04-13T17:01:00,2016-04-13T17:01:00,113,113
http://irail.be/vehicle/IC938,http://irail.be/stations/NMBS/008874559,IC,2016-04-13T17:02:00,2016-04-13T17:02:00,90,90
http://irail.be/vehicle/IC938,http://irail.be/stations/NMBS/008874005,IC,2016-04-13T17:03:00,2016-04-13T17:03:00,100,97
http://irail.be/vehicle/IC938,http://irail.be/stations/NMBS/008874054,IC,2016-04-13T17:06:00,2016-04-13T17:06:00,50,47
http://irail.be/vehicle/IC938,http://irail.be/stations/NMBS/008872009,IC,2016-04-13T17:11:00,2016-04-13T17:08:00,1,72
http://irail.be/vehicle/IC938,http://irail.be/stations/NMBS/008871100,IC,2016-04-13T17:15:00,2016-04-13T17:15:00,-20,-51
http://irail.be/vehicle/IC938,http://irail.be/stations/NMBS/008871514,IC,2016-04-13T17:19:00,2016-04-13T17:19:00,-23,-23
http://irail.be/vehicle/IC938,http://irail.be/stations/NMBS/008871415,IC,2016-04-13T17:20:00,2016-04-13T17:20:00,-28,-27
http://irail.be/vehicle/IC938,http://irail.be/stations/NMBS/008882248,IC,2016-04-13T17:22:00,2016-04-13T17:22:00,-28,-28
http://irail.be/vehicle/IC938,http://irail.be/stations/NMBS/008882230,IC,2016-04-13T17:23:00,2016-04-13T17:23:00,-28,-28
http://irail.be/vehicle/IC938,http://irail.be/stations/NMBS/008882206,IC,2016-04-13T17:28:00,2016-04-13T17:27:00,53,-84
http://irail.be/vehicle/IC938,http://irail.be/stations/NMBS/008881463,IC,2016-04-13T17:32:00,2016-04-13T17:32:00,68,68
http://irail.be/vehicle/IC938,http://irail.be/stations/NMBS/008881455,IC,2016-04-13T17:33:00,2016-04-13T17:33:00,68,68
http://irail.be/vehicle/IC938,http://irail.be/stations/NMBS/008881430,IC,2016-04-13T17:35:00,2016-04-13T17:35:00,68,68
http://irail.be/vehicle/IC938,NO-URI,IC,2016-04-13T17:36:00,2016-04-13T17:36:00,147,145
http://irail.be/vehicle/IC938,http://irail.be/stations/NMBS/008881406,IC,2016-04-13T17:37:00,2016-04-13T17:37:00,87,87
http://irail.be/vehicle/IC938,http://irail.be/stations/NMBS/008881315,IC,2016-04-13T17:39:00,2016-04-13T17:39:00,87,87
http://irail.be/vehicle/IC938,http://irail.be/stations/NMBS/008881000,IC,2016-04-13T17:45:00,2016-04-13T17:42:00,53,128
http://irail.be/vehicle/IC938,http://irail.be/stations/NMBS/008884566,IC,2016-04-13T17:50:00,2016-04-13T17:50:00,-22,-7
http://irail.be/vehicle/IC938,http://irail.be/stations/NMBS/008884541,IC,2016-04-13T17:51:00,2016-04-13T17:51:00,-32,-32
http://irail.be/vehicle/IC938,http://irail.be/stations/NMBS/008884004,IC,2016-04-13T17:54:00,2016-04-13T17:53:00,46,-18
http://irail.be/vehicle/IC938,http://irail.be/stations/NMBS/008884632,IC,2016-04-13T17:59:00,2016-04-13T17:59:00,46,46
http://irail.be/vehicle/IC938,http://irail.be/stations/NMBS/008884640,IC,2016-04-13T18:00:00,2016-04-13T18:00:00,46,46
http://irail.be/vehicle/IC938,http://irail.be/stations/NMBS/008884715,IC,2016-04-13T18:01:00,2016-04-13T18:01:00,7,3
http://irail.be/vehicle/IC938,http://irail.be/stations/NMBS/008884855,IC,2016-04-13T18:04:00,2016-04-13T18:04:00,7,7
http://irail.be/vehicle/IC938,http://irail.be/stations/NMBS/008884889,IC,2016-04-13T18:06:00,2016-04-13T18:06:00,7,7
http://irail.be/vehicle/IC938,http://irail.be/stations/NMBS/008885530,IC,2016-04-13T18:08:00,2016-04-13T18:08:00,-53,-53
http://irail.be/vehicle/IC938,http://irail.be/stations/NMBS/008885522,IC,2016-04-13T18:09:00,2016-04-13T18:09:00,125,-26
http://irail.be/vehicle/IC938,http://irail.be/stations/NMBS/008885001,IC,2016-04-13T18:19:00,2016-04-13T18:15:00,115,189
http://irail.be/vehicle/IC938,http://irail.be/stations/NMBS/008885068,IC,2016-04-13T18:23:00,2016-04-13T18:23:00,88,59
http://irail.be/vehicle/IC938,http://irail.be/stations/NMBS/008885753,IC,2016-04-13T18:33:00,2016-04-13T18:33:00,0,-92
http://irail.be/vehicle/IC938,http://irail.be/stations/NMBS/008885704,IC,2016-04-13T18:37:00,2016-04-13T18:37:00,0,28
http://irail.be/vehicle/IC938,http://irail.be/stations/NMBS/008863008,IC,2016-11-16T16:38:00,2016-11-16T16:38:00,49,
http://irail.be/vehicle/IC938,http://irail.be/stations/NMBS/008861119,IC,2016-11-16T16:41:00,2016-11-16T16:41:00,47,47
http://irail.be/vehicle/IC938,http://irail.be/stations/NMBS/008861127,IC,2016-11-16T16:43:08,2016-11-16T16:43:08,-10,-10
http://irail.be/vehicle/IC938,http://irail.be/stations/NMBS/008861135,IC,2016-11-16T16:46:00,2016-11-16T16:46:00,-10,-10
http://irail.be/vehicle/IC938,http://irail.be/stations/NMBS/008861143,IC,2016-11-16T16:49:00,2016-11-16T16:49:00,-100,-100
http://irail.be/vehicle/IC938,http://irail.be/stations/NMBS/008861150,IC,2016-11-16T16:51:00,2016-11-16T16:51:00,-71,-71
http://irail.be/vehicle/IC938,NO-URI,IC,2016-11-16T16:51:23,2016-11-16T16:51:23,-71,-71
http://irail.be/vehicle/IC938,http://irail.be/stations/NMBS/008861168,IC,2016-11-16T16:52:09,2016-11-16T16:52:09,-51,-51
http://irail.be/vehicle/IC938,http://irail.be/stations/NMBS/008874724,IC,2016-11-16T16:52:26,2016-11-16T16:52:26,-15,-15
http://irail.be/vehicle/IC938,NO-URI,IC,2016-11-16T16:54:00,2016-11-16T16:54:00,-15,-15
http://irail.be/vehicle/IC938,http://irail.be/stations/NMBS/008874716,IC,2016-11-16T16:55:12,2016-11-16T16:55:12,11,11
http://irail.be/vehicle/IC938,http://irail.be/stations/NMBS/008874609,IC,2016-11-16T16:58:08,2016-11-16T16:57:08,61,44
http://irail.be/vehicle/IC938,http://irail.be/stations/NMBS/008874583,IC,2016-11-16T17:00:00,2016-11-16T17:00:00,61,61
http://irail.be/vehicle/IC938,http://irail.be/stations/NMBS/008874567,IC,2016-11-16T17:01:23,2016-11-16T17:01:23,69,69
http://irail.be/vehicle/IC938,http://irail.be/stations/NMBS/008874559,IC,2016-11-16T17:02:00,2016-11-16T17:02:00,69,69
http://irail.be/vehicle/IC938,NO-URI,IC,2016-11-16T17:03:00,2016-11-16T17:03:00,63,63
http://irail.be/vehicle/IC938,http://irail.be/stations/NMBS/008874005,IC,2016-11-16T17:03:06,2016-11-16T17:03:06,76,76
http://irail.be/vehicle/IC938,http://irail.be/stations/NMBS/008874054,IC,2016-11-16T17:06:00,2016-11-16T17:06:00,45,45
http://irail.be/vehicle/IC938,http://irail.be/stations/NMBS/008872009,IC,2016-11-16T17:11:00,2016-11-16T17:08:02,95,42
http://irail.be/vehicle/IC938,http://irail.be/stations/NMBS/008871100,IC,2016-11-16T17:15:00,2016-11-16T17:15:00,109,109
http://irail.be/vehicle/IC938,http://irail.be/stations/NMBS/008871514,IC,2016-11-16T17:19:00,2016-11-16T17:19:00,122,122
http://irail.be/vehicle/IC938,http://irail.be/stations/NMBS/008871415,IC,2016-11-16T17:20:16,2016-11-16T17:20:16,122,122
http://irail.be/vehicle/IC938,http://irail.be/stations/NMBS/008882248,IC,2016-11-16T17:22:05,2016-11-16T17:22:05,117,117
http://irail.be/vehicle/IC938,http://irail.be/stations/NMBS/008882230,IC,2016-11-16T17:23:11,2016-11-16T17:23:11,167,167
http://irail.be/vehicle/IC938,http://irail.be/stations/NMBS/008882206,IC,2016-11-16T17:28:00,2016-11-16T17:27:00,116,137
http://irail.be/vehicle/IC938,http://irail.be/stations/NMBS/008881463,IC,2016-11-16T17:32:20,2016-11-16T17:32:20,111,111
http://irail.be/vehicle/IC938,http://irail.be/stations/NMBS/008881455,IC,2016-11-16T17:33:13,2016-11-16T17:33:13,96,96
http://irail.be/vehicle/IC938,http://irail.be/stations/NMBS/008881430,IC,2016-11-16T17:35:00,2016-11-16T17:35:00,96,96
http://irail.be/vehicle/IC938,NO-URI,IC,2016-11-16T17:36:26,2016-11-16T17:36:26,96,96
http://irail.be/vehicle/IC938,http://irail.be/stations/NMBS/008881406,IC,2016-11-16T17:37:00,2016-11-16T17:37:00,80,80
http://irail.be/vehicle/IC938,http://irail.be/stations/NMBS/008881315,IC,2016-11-16T17:39:00,2016-11-16T17:39:00,136,136
http://irail.be/vehicle/IC938,http://irail.be/stations/NMBS/008881000,IC,2016-11-16T17:45:00,2016-11-16T17:42:00,71,136
http://irail.be/vehicle/IC938,http://irail.be/stations/NMBS/008884566,IC,2016-11-16T17:50:00,2016-11-16T17:50:00,71,71
http://irail.be/vehicle/IC938,http://irail.be/stations/NMBS/008884541,IC,2016-11-16T17:51:03,2016-11-16T17:51:03,-6,-6
http://irail.be/vehicle/IC938,http://irail.be/stations/NMBS/008884004,IC,2016-11-16T17:54:24,2016-11-16T17:53:24,73,90
http://irail.be/vehicle/IC938,http://irail.be/stations/NMBS/008884632,IC,2016-11-16T17:59:00,2016-11-16T17:59:00,73,73
http://irail.be/vehicle/IC938,http://irail.be/stations/NMBS/008884640,IC,2016-11-16T18:02:05,2016-11-16T18:02:05,123,123
http://irail.be/vehicle/IC938,http://irail.be/stations/NMBS/008884715,IC,2016-11-16T18:03:19,2016-11-16T18:03:19,123,123
http://irail.be/vehicle/IC938,http://irail.be/stations/NMBS/008884855,IC,2016-11-16T18:05:33,2016-11-16T18:05:33,125,125
http://irail.be/vehicle/IC938,http://irail.be/stations/NMBS/008884889,IC,2016-11-16T18:07:39,2016-11-16T18:07:39,108,108
http://irail.be/vehicle/IC938,http://irail.be/stations/NMBS/008885530,IC,2016-11-16T18:08:41,2016-11-16T18:08:41,108,108
http://irail.be/vehicle/IC938,http://irail.be/stations/NMBS/008885522,IC,2016-11-16T18:10:11,2016-11-16T18:10:11,105,105
http://irail.be/vehicle/IC938,http://irail.be/stations/NMBS/008885001,IC,2016-11-16T18:19:00,2016-11-16T18:15:00,23,32
http://irail.be/vehicle/IC938,http://irail.be/stations/NMBS/008885068,IC,2016-11-16T18:23:00,2016-11-16T18:23:00,81,43
http://irail.be/vehicle/IC938,http://irail.be/stations/NMBS/008885753,IC,2016-11-16T18:33:00,2016-11-16T18:33:00,52,52
http://irail.be/vehicle/IC938,http://irail.be/stations/NMBS/008885704,IC,2016-11-16T18:37:00,2016-11-16T18:37:00,,52
http://irail.be/vehicle/IC938,http://irail.be/stations/NMBS/008863008,IC,2016-09-21T16:38:00,2016-09-21T16:38:00,17,
http://irail.be/vehicle/IC938,http://irail.be/stations/NMBS/008861119,IC,2016-09-21T16:41:00,2016-09-21T16:41:00,69,69
http://irail.be/vehicle/IC938,http://irail.be/stations/NMBS/008861127,IC,2016-09-21T16:43:00,2016-09-21T16:43:00,33,33
http://irail.be/vehicle/IC938,http://irail.be/stations/NMBS/008861135,IC,2016-09-21T16:46:00,2016-09-21T16:46:00,20,20
http://irail.be/vehicle/IC938,http://irail.be/stations/NMBS/008861143,IC,2016-09-21T16:49:00,2016-09-21T16:49:00,-64,-64
http://irail.be/vehicle/IC938,http://irail.be/stations/NMBS/008861150,IC,2016-09-21T16:51:00,2016-09-21T16:51:00,-64,-64
http://irail.be/vehicle/IC938,NO-URI,IC,2016-09-21T16:51:00,2016-09-21T16:51:00,-4,-4
http://irail.be/vehicle/IC938,http://irail.be/stations/NMBS/008861168,IC,2016-09-21T16:52:00,2016-09-21T16:52:00,-4,-4
http://irail.be/vehicle/IC938,http://irail.be/stations/NMBS/008874724,IC,2016-09-21T16:52:00,2016-09-21T16:52:00,9,9
http://irail.be/vehicle/IC938,NO-URI,IC,2016-09-21T16:54:00,2016-09-21T16:54:00,-81,-81
http://irail.be/vehicle/IC938,http://irail.be/stations/NMBS/008874716,IC,2016-09-21T16:55:00,2016-09-21T16:55:00,-51,-51
http://irail.be/vehicle/IC938,http://irail.be/stations/NMBS/008874609,IC,2016-09-21T16:58:00,2016-09-21T16:57:00,9,-26
http://irail.be/vehicle/IC938,http://irail.be/stations/NMBS/008874583,IC,2016-09-21T17:00:00,2016-09-21T17:00:00,9,9
http://irail.be/vehicle/IC938,http://irail.be/stations/NMBS/008874567,IC,2016-09-21T17:01:00,2016-09-21T17:01:00,9,9
http://irail.be/vehicle/IC938,http://irail.be/stations/NMBS/008874559,IC,2016-09-21T17:02:00,2016-09-21T17:02:00,-26,-26
http://irail.be/vehicle/IC938,NO-URI,IC,2016-09-21T17:03:00,2016-09-21T17:03:00,-26,-26
http://irail.be/vehicle/IC938,http://irail.be/stations/NMBS/008874005,IC,2016-09-21T17:03:00,2016-09-21T17:03:00,-19,-19
http://irail.be/vehicle/IC938,http://irail.be/stations/NMBS/008874054,IC,2016-09-21T17:06:00,2016-09-21T17:06:00,-70,-70
http://irail.be/vehicle/IC938,http://irail.be/stations/NMBS/008872009,IC,2016-09-21T17:11:00,2016-09-21T17:08:00,36,-31
http://irail.be/vehicle/IC938,http://irail.be/stations/NMBS/008871100,IC,2016-09-21T17:15:00,2016-09-21T17:15:00,701,701
http://irail.be/vehicle/IC938,http://irail.be/stations/NMBS/008871514,IC,2016-09-21T17:19:00,2016-09-21T17:19:00,706,706
http://irail.be/vehicle/IC938,http://irail.be/stations/NMBS/008871415,IC,2016-09-21T17:20:00,2016-09-21T17:20:00,675,675
http://irail.be/vehicle/IC938,http://irail.be/stations/NMBS/008882248,IC,2016-09-21T17:22:00,2016-09-21T17:22:00,675,675
http://irail.be/vehicle/IC938,http://irail.be/stations/NMBS/008882230,IC,2016-09-21T17:23:00,2016-09-21T17:23:00,675,675
http://irail.be/vehicle/IC938,http://irail.be/stations/NMBS/008882206,IC,2016-09-21T17:28:00,2016-09-21T17:27:00,635,599
http://irail.be/vehicle/IC938,http://irail.be/stations/NMBS/008881463,IC,2016-09-21T17:32:00,2016-09-21T17:32:00,610,610
http://irail.be/vehicle/IC938,http://irail.be/stations/NMBS/008881455,IC,2016-09-21T17:33:00,2016-09-21T17:33:00,610,610
http://irail.be/vehicle/IC938,http://irail.be/stations/NMBS/008881430,IC,2016-09-21T17:35:00,2016-09-21T17:35:00,610,610
http://irail.be/vehicle/IC938,NO-URI,IC,2016-09-21T17:36:00,2016-09-21T17:36:00,584,584
http://irail.be/vehicle/IC938,http://irail.be/stations/NMBS/008881406,IC,2016-09-21T17:37:00,2016-09-21T17:37:00,524,524
http://irail.be/vehicle/IC938,http://irail.be/stations/NMBS/008881315,IC,2016-09-21T17:39:00,2016-09-21T17:39:00,524,524
http://irail.be/vehicle/IC938,http://irail.be/stations/NMBS/008881000,IC,2016-09-21T17:45:00,2016-09-21T17:42:00,440,532
http://irail.be/vehicle/IC938,http://irail.be/stations/NMBS/008884566,IC,2016-09-21T17:50:00,2016-09-21T17:50:00,375,375
http://irail.be/vehicle/IC938,http://irail.be/stations/NMBS/008884541,IC,2016-09-21T17:51:00,2016-09-21T17:51:00,362,362
http://irail.be/vehicle/IC938,http://irail.be/stations/NMBS/008884004,IC,2016-09-21T17:54:00,2016-09-21T17:53:00,391,349
http://irail.be/vehicle/IC938,http://irail.be/stations/NMBS/008884632,IC,2016-09-21T17:59:00,2016-09-21T17:59:00,391,391
http://irail.be/vehicle/IC938,http://irail.be/stations/NMBS/008884640,IC,2016-09-21T18:00:00,2016-09-21T18:00:00,391,391
http://irail.be/vehicle/IC938,http://irail.be/stations/NMBS/008884715,IC,2016-09-21T18:01:00,2016-09-21T18:01:00,342,342
http://irail.be/vehicle/IC938,http://irail.be/stations/NMBS/008884855,IC,2016-09-21T18:04:00,2016-09-21T18:04:00,342,342
http://irail.be/vehicle/IC938,http://irail.be/stations/NMBS/008884889,IC,2016-09-21T18:06:00,2016-09-21T18:06:00,342,342
http://irail.be/vehicle/IC938,http://irail.be/stations/NMBS/008885530,IC,2016-09-21T18:08:00,2016-09-21T18:08:00,282,282
http://irail.be/vehicle/IC938,http://irail.be/stations/NMBS/008885522,IC,2016-09-21T18:09:00,2016-09-21T18:09:00,294,294
http://irail.be/vehicle/IC938,http://irail.be/stations/NMBS/008885001,IC,2016-09-21T18:19:00,2016-09-21T18:15:00,128,262
http://irail.be/vehicle/IC938,http://irail.be/stations/NMBS/008885068,IC,2016-09-21T18:23:00,2016-09-21T18:23:00,181,155
http://irail.be/vehicle/IC938,http://irail.be/stations/NMBS/008885753,IC,2016-09-21T18:33:00,2016-09-21T18:33:00,1,1
http://irail.be/vehicle/IC938,http://irail.be/stations/NMBS/008885704,IC,2016-09-21T18:37:00,2016-09-21T18:37:00,,173
http://irail.be/vehicle/IC938,http://irail.be/stations/NMBS/008863008,IC,2016-03-18T16:38:00,2016-03-18T16:38:00,24,0
http://irail.be/vehicle/IC938,http://irail.be/stations/NMBS/008861119,IC,2016-03-18T16:41:00,2016-03-18T16:41:00,53,53
http://irail.be/vehicle/IC938,http://irail.be/stations/NMBS/008861127,IC,2016-03-18T16:43:00,2016-03-18T16:43:00,6,-10
http://irail.be/vehicle/IC938,http://irail.be/stations/NMBS/008861135,IC,2016-03-18T16:46:00,2016-03-18T16:46:00,-29,6
http://irail.be/vehicle/IC938,http://irail.be/stations/NMBS/008861143,IC,2016-03-18T16:49:00,2016-03-18T16:49:00,-116,-116
http://irail.be/vehicle/IC938,http://irail.be/stations/NMBS/008861150,IC,2016-03-18T16:51:00,2016-03-18T16:51:00,-116,-116
http://irail.be/vehicle/IC938,NO-URI,IC,2016-03-18T16:51:00,2016-03-18T16:51:00,-76,-79
http://irail.be/vehicle/IC938,http://irail.be/stations/NMBS/008861168,IC,2016-03-18T16:52:00,2016-03-18T16:52:00,-76,-76
http://irail.be/vehicle/IC938,http://irail.be/stations/NMBS/008874724,IC,2016-03-18T16:52:00,2016-03-18T16:52:00,-64,-76
http://irail.be/vehicle/IC938,NO-URI,IC,2016-03-18T16:54:00,2016-03-18T16:54:00,-151,-161
http://irail.be/vehicle/IC938,http://irail.be/stations/NMBS/008874716,IC,2016-03-18T16:55:00,2016-03-18T16:55:00,-77,-77
http://irail.be/vehicle/IC938,http://irail.be/stations/NMBS/008874609,IC,2016-03-18T16:58:00,2016-03-18T16:57:00,97,77
http://irail.be/vehicle/IC938,http://irail.be/stations/NMBS/008874583,IC,2016-03-18T17:00:00,2016-03-18T17:00:00,97,97
http://irail.be/vehicle/IC938,http://irail.be/stations/NMBS/008874567,IC,2016-03-18T17:01:00,2016-03-18T17:01:00,97,97
http://irail.be/vehicle/IC938,http://irail.be/stations/NMBS/008874559,IC,2016-03-18T17:02:00,2016-03-18T17:02:00,72,72
http://irail.be/vehicle/IC938,http://irail.be/stations/NMBS/008874005,IC,2016-03-18T17:03:00,2016-03-18T17:03:00,85,79
http://irail.be/vehicle/IC938,http://irail.be/stations/NMBS/008874054,IC,2016-03-18T17:06:00,2016-03-18T17:06:00,39,34
http://irail.be/vehicle/IC938,http://irail.be/stations/NMBS/008872009,IC,2016-03-18T17:11:00,2016-03-18T17:08:00,55,77
http://irail.be/vehicle/IC938,http://irail.be/stations/NMBS/008871100,IC,2016-03-18T17:15:00,2016-03-18T17:15:00,33,-1
http://irail.be/vehicle/IC938,http://irail.be/stations/NMBS/008871514,IC,2016-03-18T17:19:00,2016-03-18T17:19:00,31,31
http://irail.be/vehicle/IC938,http://irail.be/stations/NMBS/008871415,IC,2016-03-18T17:20:00,2016-03-18T17:20:00,16,17
http://irail.be/vehicle/IC938,http://irail.be/stations/NMBS/008882248,IC,2016-03-18T17:22:00,2016-03-18T17:22:00,16,16
http://irail.be/vehicle/IC938,http://irail.be/stations/NMBS/008882230,IC,2016-03-18T17:23:00,2016-03-18T17:23:00,16,16
http://irail.be/vehicle/IC938,http://irail.be/stations/NMBS/008882206,IC,2016-03-18T17:28:00,2016-03-18T17:27:00,10,-36
http://irail.be/vehicle/IC938,http://irail.be/stations/NMBS/008881463,IC,2016-03-18T17:32:00,2016-03-18T17:32:00,-1,-1
http://irail.be/vehicle/IC938,http://irail.be/stations/NMBS/008881455,IC,2016-03-18T17:33:00,2016-03-18T17:33:00,-1,-1
http://irail.be/vehicle/IC938,http://irail.be/stations/NMBS/008881430,IC,2016-03-18T17:35:00,2016-03-18T17:35:00,-1,-1
http://irail.be/vehicle/IC938,NO-URI,IC,2016-03-18T17:36:00,2016-03-18T17:36:00,141,113
http://irail.be/vehicle/IC938,http://irail.be/stations/NMBS/008881406,IC,2016-03-18T17:37:00,2016-03-18T17:37:00,81,81
http://irail.be/vehicle/IC938,http://irail.be/stations/NMBS/008881315,IC,2016-03-18T17:39:00,2016-03-18T17:39:00,81,81
http://irail.be/vehicle/IC938,http://irail.be/stations/NMBS/008881000,IC,2016-03-18T17:45:00,2016-03-18T17:42:00,116,180
http://irail.be/vehicle/IC938,http://irail.be/stations/NMBS/008884566,IC,2016-03-18T17:50:00,2016-03-18T17:50:00,56,56
http://irail.be/vehicle/IC938,http://irail.be/stations/NMBS/008884541,IC,2016-03-18T17:51:00,2016-03-18T17:51:00,44,44
http://irail.be/vehicle/IC938,http://irail.be/stations/NMBS/008884004,IC,2016-03-18T17:54:00,2016-03-18T17:53:00,93,38
http://irail.be/vehicle/IC938,http://irail.be/stations/NMBS/008884632,IC,2016-03-18T17:59:00,2016-03-18T17:59:00,93,93
http://irail.be/vehicle/IC938,http://irail.be/stations/NMBS/008884640,IC,2016-03-18T18:00:00,2016-03-18T18:00:00,93,93
http://irail.be/vehicle/IC938,http://irail.be/stations/NMBS/008884715,IC,2016-03-18T18:01:00,2016-03-18T18:01:00,72,69
http://irail.be/vehicle/IC938,http://irail.be/stations/NMBS/008884855,IC,2016-03-18T18:04:00,2016-03-18T18:04:00,72,72
http://irail.be/vehicle/IC938,http://irail.be/stations/NMBS/008884889,IC,2016-03-18T18:06:00,2016-03-18T18:06:00,72,72
http://irail.be/vehicle/IC938,http://irail.be/stations/NMBS/008885530,IC,2016-03-18T18:08:00,2016-03-18T18:08:00,12,12
http://irail.be/vehicle/IC938,http://irail.be/stations/NMBS/008885522,IC,2016-03-18T18:09:00,2016-03-18T18:09:00,97,44
http://irail.be/vehicle/IC938,http://irail.be/stations/NMBS/008885001,IC,2016-03-18T18:19:00,2016-03-18T18:15:00,144,115
http://irail.be/vehicle/IC938,http://irail.be/stations/NMBS/008885068,IC,2016-03-18T18:23:00,2016-03-18T18:23:00,143,98
http://irail.be/vehicle/IC938,http://irail.be/stations/NMBS/008885753,IC,2016-03-18T18:33:00,2016-03-18T18:33:00,0,-37
http://irail.be/vehicle/IC938,http://irail.be/stations/NMBS/008885704,IC,2016-03-18T18:37:00,2016-03-18T18:37:00,0,5
http://irail.be/vehicle/IC938,http://irail.be/stations/NMBS/008863008,IC,2016-06-22T16:38:00,2016-06-22T16:38:00,64,
http://irail.be/vehicle/IC938,http://irail.be/stations/NMBS/008861119,IC,2016-06-22T16:41:00,2016-06-22T16:41:00,144,144
http://irail.be/vehicle/IC938,http://irail.be/stations/NMBS/008861127,IC,2016-06-22T16:43:00,2016-06-22T16:43:00,110,110
http://irail.be/vehicle/IC938,http://irail.be/stations/NMBS/008861135,IC,2016-06-22T16:46:00,2016-06-22T16:46:00,163,163
http://irail.be/vehicle/IC938,http://irail.be/stations/NMBS/008861143,IC,2016-06-22T16:49:00,2016-06-22T16:49:00,75,75
http://irail.be/vehicle/IC938,http://irail.be/stations/NMBS/008861150,IC,2016-06-22T16:51:00,2016-06-22T16:51:00,75,75
http://irail.be/vehicle/IC938,NO-URI,IC,2016-06-22T16:51:00,2016-06-22T16:51:00,132,132
http://irail.be/vehicle/IC938,http://irail.be/stations/NMBS/008861168,IC,2016-06-22T16:52:00,2016-06-22T16:52:00,132,132
http://irail.be/vehicle/IC938,http://irail.be/stations/NMBS/008874724,IC,2016-06-22T16:52:00,2016-06-22T16:52:00,147,147
http://irail.be/vehicle/IC938,NO-URI,IC,2016-06-22T16:54:00,2016-06-22T16:54:00,62,62
http://irail.be/vehicle/IC938,http://irail.be/stations/NMBS/008874716,IC,2016-06-22T16:55:00,2016-06-22T16:55:00,199,199
http://irail.be/vehicle/IC938,http://irail.be/stations/NMBS/008874609,IC,2016-06-22T16:58:00,2016-06-22T16:57:00,348,347
http://irail.be/vehicle/IC938,http://irail.be/stations/NMBS/008874583,IC,2016-06-22T17:00:00,2016-06-22T17:00:00,348,348
http://irail.be/vehicle/IC938,http://irail.be/stations/NMBS/008874567,IC,2016-06-22T17:01:00,2016-06-22T17:01:00,348,348
http://irail.be/vehicle/IC938,http://irail.be/stations/NMBS/008874559,IC,2016-06-22T17:02:00,2016-06-22T17:02:00,341,341
http://irail.be/vehicle/IC938,NO-URI,IC,2016-06-22T17:03:00,2016-06-22T17:03:00,341,341
http://irail.be/vehicle/IC938,http://irail.be/stations/NMBS/008874005,IC,2016-06-22T17:03:00,2016-06-22T17:03:00,407,407
http://irail.be/vehicle/IC938,http://irail.be/stations/NMBS/008874054,IC,2016-06-22T17:06:00,2016-06-22T17:06:00,535,535
http://irail.be/vehicle/IC938,http://irail.be/stations/NMBS/008872009,IC,2016-06-22T17:11:00,2016-06-22T17:08:00,682,741
http://irail.be/vehicle/IC938,http://irail.be/stations/NMBS/008871100,IC,2016-06-22T17:15:00,2016-06-22T17:15:00,681,681
http://irail.be/vehicle/IC938,http://irail.be/stations/NMBS/008871514,IC,2016-06-22T17:19:00,2016-06-22T17:19:00,678,678
http://irail.be/vehicle/IC938,http://irail.be/stations/NMBS/008871415,IC,2016-06-22T17:20:00,2016-06-22T17:20:00,670,670
http://irail.be/vehicle/IC938,http://irail.be/stations/NMBS/008882248,IC,2016-06-22T17:22:00,2016-06-22T17:22:00,670,670
http://irail.be/vehicle/IC938,http://irail.be/stations/NMBS/008882230,IC,2016-06-22T17:23:00,2016-06-22T17:23:00,670,670
http://irail.be/vehicle/IC938,http://irail.be/stations/NMBS/008882206,IC,2016-06-22T17:28:00,2016-06-22T17:27:00,675,648
http://irail.be/vehicle/IC938,http://irail.be/stations/NMBS/008881463,IC,2016-06-22T17:32:00,2016-06-22T17:32:00,665,665
http://irail.be/vehicle/IC938,http://irail.be/stations/NMBS/008881455,IC,2016-06-22T17:33:00,2016-06-22T17:33:00,665,665
http://irail.be/vehicle/IC938,http://irail.be/stations/NMBS/008881430,IC,2016-06-22T17:35:00,2016-06-22T17:35:00,665,665
http://irail.be/vehicle/IC938,NO-URI,IC,2016-06-22T17:36:00,2016-06-22T17:36:00,664,664
http://irail.be/vehicle/IC938,http://irail.be/stations/NMBS/008881406,IC,2016-06-22T17:37:00,2016-06-22T17:37:00,604,604
http://irail.be/vehicle/IC938,http://irail.be/stations/NMBS/008881315,IC,2016-06-22T17:39:00,2016-06-22T17:39:00,604,604
http://irail.be/vehicle/IC938,http://irail.be/stations/NMBS/008881000,IC,2016-06-22T17:45:00,2016-06-22T17:42:00,622,676
http://irail.be/vehicle/IC938,http://irail.be/stations/NMBS/008884566,IC,2016-06-22T17:50:00,2016-06-22T17:50:00,563,563
http://irail.be/vehicle/IC938,http://irail.be/stations/NMBS/008884541,IC,2016-06-22T17:51:00,2016-06-22T17:51:00,552,552
http://irail.be/vehicle/IC938,http://irail.be/stations/NMBS/008884004,IC,2016-06-22T17:54:00,2016-06-22T17:53:00,613,603
http://irail.be/vehicle/IC938,http://irail.be/stations/NMBS/008884632,IC,2016-06-22T17:59:00,2016-06-22T17:59:00,613,613
http://irail.be/vehicle/IC938,http://irail.be/stations/NMBS/008884640,IC,2016-06-22T18:00:00,2016-06-22T18:00:00,613,613
http://irail.be/vehicle/IC938,http://irail.be/stations/NMBS/008884715,IC,2016-06-22T18:01:00,2016-06-22T18:01:00,590,590
http://irail.be/vehicle/IC938,http://irail.be/stations/NMBS/008884855,IC,2016-06-22T18:04:00,2016-06-22T18:04:00,590,590
http://irail.be/vehicle/IC938,http://irail.be/stations/NMBS/008884889,IC,2016-06-22T18:06:00,2016-06-22T18:06:00,590,590
http://irail.be/vehicle/IC938,http://irail.be/stations/NMBS/008885530,IC,2016-06-22T18:08:00,2016-06-22T18:08:00,530,530
http://irail.be/vehicle/IC938,http://irail.be/stations/NMBS/008885522,IC,2016-06-22T18:09:00,2016-06-22T18:09:00,661,661
http://irail.be/vehicle/IC938,http://irail.be/stations/NMBS/008885001,IC,2016-06-22T18:19:00,2016-06-22T18:15:00,729,643
http://irail.be/vehicle/IC938,http://irail.be/stations/NMBS/008885068,IC,2016-06-22T18:23:00,2016-06-22T18:23:00,841,798
http://irail.be/vehicle/IC938,http://irail.be/stations/NMBS/008885753,IC,2016-06-22T18:33:00,2016-06-22T18:33:00,661,661
http://irail.be/vehicle/IC938,http://irail.be/stations/NMBS/008885704,IC,2016-06-22T18:37:00,2016-06-22T18:37:00,,895
http://irail.be/vehicle/IC938,http://irail.be/stations/NMBS/008863008,IC,2016-10-19T16:38:00,2016-10-19T16:38:00,38,
http://irail.be/vehicle/IC938,http://irail.be/stations/NMBS/008861119,IC,2016-10-19T16:41:00,2016-10-19T16:41:00,88,88
http://irail.be/vehicle/IC938,http://irail.be/stations/NMBS/008861127,IC,2016-10-19T16:43:00,2016-10-19T16:43:00,41,41
http://irail.be/vehicle/IC938,http://irail.be/stations/NMBS/008861135,IC,2016-10-19T16:46:00,2016-10-19T16:46:00,16,16
http://irail.be/vehicle/IC938,http://irail.be/stations/NMBS/008861143,IC,2016-10-19T16:49:00,2016-10-19T16:49:00,-69,-69
http://irail.be/vehicle/IC938,http://irail.be/stations/NMBS/008861150,IC,2016-10-19T16:51:00,2016-10-19T16:51:00,-69,-69
http://irail.be/vehicle/IC938,NO-URI,IC,2016-10-19T16:51:00,2016-10-19T16:51:00,-37,-37
http://irail.be/vehicle/IC938,http://irail.be/stations/NMBS/008861168,IC,2016-10-19T16:52:00,2016-10-19T16:52:00,-37,-37
http://irail.be/vehicle/IC938,http://irail.be/stations/NMBS/008874724,IC,2016-10-19T16:52:00,2016-10-19T16:52:00,-27,-27
http://irail.be/vehicle/IC938,NO-URI,IC,2016-10-19T16:54:00,2016-10-19T16:54:00,-122,-122
http://irail.be/vehicle/IC938,http://irail.be/stations/NMBS/008874716,IC,2016-10-19T16:55:00,2016-10-19T16:55:00,-53,-53
http://irail.be/vehicle/IC938,http://irail.be/stations/NMBS/008874609,IC,2016-10-19T16:58:00,2016-10-19T16:57:00,33,-17
http://irail.be/vehicle/IC938,http://irail.be/stations/NMBS/008874583,IC,2016-10-19T17:00:00,2016-10-19T17:00:00,33,33
http://irail.be/vehicle/IC938,http://irail.be/stations/NMBS/008874567,IC,2016-10-19T17:01:00,2016-10-19T17:01:00,33,33
http://irail.be/vehicle/IC938,http://irail.be/stations/NMBS/008874559,IC,2016-10-19T17:02:00,2016-10-19T17:02:00,18,18
http://irail.be/vehicle/IC938,NO-URI,IC,2016-10-19T17:03:00,2016-10-19T17:03:00,18,18
http://irail.be/vehicle/IC938,http://irail.be/stations/NMBS/008874005,IC,2016-10-19T17:03:00,2016-10-19T17:03:00,41,41
http://irail.be/vehicle/IC938,http://irail.be/stations/NMBS/008874054,IC,2016-10-19T17:06:00,2016-10-19T17:06:00,-4,-4
http://irail.be/vehicle/IC938,http://irail.be/stations/NMBS/008872009,IC,2016-10-19T17:11:00,2016-10-19T17:08:00,390,28
http://irail.be/vehicle/IC938,http://irail.be/stations/NMBS/008871100,IC,2016-10-19T17:15:00,2016-10-19T17:15:00,428,428
http://irail.be/vehicle/IC938,http://irail.be/stations/NMBS/008871514,IC,2016-10-19T17:19:00,2016-10-19T17:19:00,485,485
http://irail.be/vehicle/IC938,http://irail.be/stations/NMBS/008871415,IC,2016-10-19T17:20:00,2016-10-19T17:20:00,502,502
http://irail.be/vehicle/IC938,http://irail.be/stations/NMBS/008882248,IC,2016-10-19T17:22:00,2016-10-19T17:22:00,502,502
http://irail.be/vehicle/IC938,http://irail.be/stations/NMBS/008882230,IC,2016-10-19T17:23:00,2016-10-19T17:23:00,502,502
http://irail.be/vehicle/IC938,http://irail.be/stations/NMBS/008882206,IC,2016-10-19T17:28:00,2016-10-19T17:27:00,478,435
http://irail.be/vehicle/IC938,http://irail.be/stations/NMBS/008881463,IC,2016-10-19T17:32:00,2016-10-19T17:32:00,468,468
http://irail.be/vehicle/IC938,http://irail.be/stations/NMBS/008881455,IC,2016-10-19T17:33:00,2016-10-19T17:33:00,468,468
http://irail.be/vehicle/IC938,http://irail.be/stations/NMBS/008881430,IC,2016-10-19T17:35:00,2016-10-19T17:35:00,468,468
http://irail.be/vehicle/IC938,NO-URI,IC,2016-10-19T17:36:00,2016-10-19T17:36:00,466,466
http://irail.be/vehicle/IC938,http://irail.be/stations/NMBS/008881406,IC,2016-10-19T17:37:00,2016-10-19T17:37:00,406,406
http://irail.be/vehicle/IC938,http://irail.be/stations/NMBS/008881315,IC,2016-10-19T17:39:00,2016-10-19T17:39:00,406,406
http://irail.be/vehicle/IC938,http://irail.be/stations/NMBS/008881000,IC,2016-10-19T17:45:00,2016-10-19T17:42:00,398,454
http://irail.be/vehicle/IC938,http://irail.be/stations/NMBS/008884566,IC,2016-10-19T17:50:00,2016-10-19T17:50:00,357,357
http://irail.be/vehicle/IC938,http://irail.be/stations/NMBS/008884541,IC,2016-10-19T17:51:00,2016-10-19T17:51:00,348,348
http://irail.be/vehicle/IC938,http://irail.be/stations/NMBS/008884004,IC,2016-10-19T17:54:00,2016-10-19T17:53:00,373,344
http://irail.be/vehicle/IC938,http://irail.be/stations/NMBS/008884632,IC,2016-10-19T17:59:00,2016-10-19T17:59:00,373,373
http://irail.be/vehicle/IC938,http://irail.be/stations/NMBS/008884640,IC,2016-10-19T18:00:00,2016-10-19T18:00:00,373,373
http://irail.be/vehicle/IC938,http://irail.be/stations/NMBS/008884715,IC,2016-10-19T18:01:00,2016-10-19T18:01:00,358,358
http://irail.be/vehicle/IC938,http://irail.be/stations/NMBS/008884855,IC,2016-10-19T18:04:00,2016-10-19T18:04:00,358,358
http://irail.be/vehicle/IC938,http://irail.be/stations/NMBS/008884889,IC,2016-10-19T18:06:00,2016-10-19T18:06:00,358,358
http://irail.be/vehicle/IC938,http://irail.be/stations/NMBS/008885530,IC,2016-10-19T18:08:00,2016-10-19T18:08:00,298,298
http://irail.be/vehicle/IC938,http://irail.be/stations/NMBS/008885522,IC,2016-10-19T18:09:00,2016-10-19T18:09:00,398,398
http://irail.be/vehicle/IC938,http://irail.be/stations/NMBS/008885001,IC,2016-10-19T18:19:00,2016-10-19T18:15:00,646,468
http://irail.be/vehicle/IC938,http://irail.be/stations/NMBS/008885068,IC,2016-10-19T18:23:00,2016-10-19T18:23:00,820,765
http://irail.be/vehicle/IC938,http://irail.be/stations/NMBS/008885753,IC,2016-10-19T18:33:00,2016-10-19T18:33:00,640,640
http://irail.be/vehicle/IC938,http://irail.be/stations/NMBS/008885704,IC,2016-10-19T18:37:00,2016-10-19T18:37:00,,829
http://irail.be/vehicle/IC938,http://irail.be/stations/NMBS/008863008,IC,2016-03-16T16:38:00,2016-03-16T16:38:00,18,0
http://irail.be/vehicle/IC938,http://irail.be/stations/NMBS/008861119,IC,2016-03-16T16:41:00,2016-03-16T16:41:00,46,46
http://irail.be/vehicle/IC938,http://irail.be/stations/NMBS/008861127,IC,2016-03-16T16:43:00,2016-03-16T16:43:00,-3,-19
http://irail.be/vehicle/IC938,http://irail.be/stations/NMBS/008861135,IC,2016-03-16T16:46:00,2016-03-16T16:46:00,-40,-3
http://irail.be/vehicle/IC938,http://irail.be/stations/NMBS/008861143,IC,2016-03-16T16:49:00,2016-03-16T16:49:00,-124,-124
http://irail.be/vehicle/IC938,http://irail.be/stations/NMBS/008861150,IC,2016-03-16T16:51:00,2016-03-16T16:51:00,-124,-124
http://irail.be/vehicle/IC938,NO-URI,IC,2016-03-16T16:51:00,2016-03-16T16:51:00,-64,-73
http://irail.be/vehicle/IC938,http://irail.be/stations/NMBS/008861168,IC,2016-03-16T16:52:00,2016-03-16T16:52:00,-64,-64
http://irail.be/vehicle/IC938,http://irail.be/stations/NMBS/008874724,IC,2016-03-16T16:52:00,2016-03-16T16:52:00,-50,-64
http://irail.be/vehicle/IC938,NO-URI,IC,2016-03-16T16:54:00,2016-03-16T16:54:00,-138,-147
http://irail.be/vehicle/IC938,http://irail.be/stations/NMBS/008874716,IC,2016-03-16T16:55:00,2016-03-16T16:55:00,-66,-66
http://irail.be/vehicle/IC938,http://irail.be/stations/NMBS/008874609,IC,2016-03-16T16:58:00,2016-03-16T16:57:00,220,98
http://irail.be/vehicle/IC938,http://irail.be/stations/NMBS/008874583,IC,2016-03-16T17:00:00,2016-03-16T17:00:00,0,0
http://irail.be/vehicle/IC938,http://irail.be/stations/NMBS/008874567,IC,2016-03-16T17:01:00,2016-03-16T17:01:00,0,0
http://irail.be/vehicle/IC938,http://irail.be/stations/NMBS/008874559,IC,2016-03-16T17:02:00,2016-03-16T17:02:00,190,190
http://irail.be/vehicle/IC938,http://irail.be/stations/NMBS/008874005,IC,2016-03-16T17:03:00,2016-03-16T17:03:00,201,198
http://irail.be/vehicle/IC938,http://irail.be/stations/NMBS/008874054,IC,2016-03-16T17:06:00,2016-03-16T17:06:00,153,149
http://irail.be/vehicle/IC938,http://irail.be/stations/NMBS/008872009,IC,2016-03-16T17:11:00,2016-03-16T17:08:00,75,164
http://irail.be/vehicle/IC938,http://irail.be/stations/NMBS/008871100,IC,2016-03-16T17:15:00,2016-03-16T17:15:00,119,86
http://irail.be/vehicle/IC938,http://irail.be/stations/NMBS/008871514,IC,2016-03-16T17:19:00,2016-03-16T17:19:00,116,116
http://irail.be/vehicle/IC938,http://irail.be/stations/NMBS/008871415,IC,2016-03-16T17:20:00,2016-03-16T17:20:00,93,95
http://irail.be/vehicle/IC938,http://irail.be/stations/NMBS/008882248,IC,2016-03-16T17:22:00,2016-03-16T17:22:00,93,93
http://irail.be/vehicle/IC938,http://irail.be/stations/NMBS/008882230,IC,2016-03-16T17:23:00,2016-03-16T17:23:00,0,0
http://irail.be/vehicle/IC938,http://irail.be/stations/NMBS/008882206,IC,2016-03-16T17:28:00,2016-03-16T17:27:00,146,141
http://irail.be/vehicle/IC938,http://irail.be/stations/NMBS/008881463,IC,2016-03-16T17:32:00,2016-03-16T17:32:00,148,148
http://irail.be/vehicle/IC938,http://irail.be/stations/NMBS/008881455,IC,2016-03-16T17:33:00,2016-03-16T17:33:00,148,148
http://irail.be/vehicle/IC938,http://irail.be/stations/NMBS/008881430,IC,2016-03-16T17:35:00,2016-03-16T17:35:00,0,0
http://irail.be/vehicle/IC938,NO-URI,IC,2016-03-16T17:36:00,2016-03-16T17:36:00,139,138
http://irail.be/vehicle/IC938,http://irail.be/stations/NMBS/008881406,IC,2016-03-16T17:37:00,2016-03-16T17:37:00,79,79
http://irail.be/vehicle/IC938,http://irail.be/stations/NMBS/008881315,IC,2016-03-16T17:39:00,2016-03-16T17:39:00,0,0
http://irail.be/vehicle/IC938,http://irail.be/stations/NMBS/008881000,IC,2016-03-16T17:45:00,2016-03-16T17:42:00,63,131
http://irail.be/vehicle/IC938,http://irail.be/stations/NMBS/008884566,IC,2016-03-16T17:50:00,2016-03-16T17:50:00,3,3
http://irail.be/vehicle/IC938,http://irail.be/stations/NMBS/008884541,IC,2016-03-16T17:51:00,2016-03-16T17:51:00,-10,-10
http://irail.be/vehicle/IC938,http://irail.be/stations/NMBS/008884004,IC,2016-03-16T17:54:00,2016-03-16T17:53:00,89,50
http://irail.be/vehicle/IC938,http://irail.be/stations/NMBS/008884632,IC,2016-03-16T17:59:00,2016-03-16T17:59:00,0,0
http://irail.be/vehicle/IC938,http://irail.be/stations/NMBS/008884640,IC,2016-03-16T18:00:00,2016-03-16T18:00:00,0,0
http://irail.be/vehicle/IC938,http://irail.be/stations/NMBS/008884715,IC,2016-03-16T18:01:00,2016-03-16T18:01:00,60,56
http://irail.be/vehicle/IC938,http://irail.be/stations/NMBS/008884855,IC,2016-03-16T18:04:00,2016-03-16T18:04:00,60,60
http://irail.be/vehicle/IC938,http://irail.be/stations/NMBS/008884889,IC,2016-03-16T18:06:00,2016-03-16T18:06:00,0,0
http://irail.be/vehicle/IC938,http://irail.be/stations/NMBS/008885530,IC,2016-03-16T18:08:00,2016-03-16T18:08:00,0,0
http://irail.be/vehicle/IC938,http://irail.be/stations/NMBS/008885522,IC,2016-03-16T18:09:00,2016-03-16T18:09:00,120,54
http://irail.be/vehicle/IC938,http://irail.be/stations/NMBS/008885001,IC,2016-03-16T18:19:00,2016-03-16T18:15:00,422,201
http://irail.be/vehicle/IC938,http://irail.be/stations/NMBS/008885068,IC,2016-03-16T18:23:00,2016-03-16T18:23:00,488,427
http://irail.be/vehicle/IC938,http://irail.be/stations/NMBS/008885753,IC,2016-03-16T18:33:00,2016-03-16T18:33:00,0,0
http://irail.be/vehicle/IC938,http://irail.be/stations/NMBS/008885704,IC,2016-03-16T18:37:00,2016-03-16T18:37:00,0,551
http://irail.be/vehicle/IC938,http://irail.be/stations/NMBS/008874609,IC,2016-02-01T16:58:00,2016-02-01T16:58:00,25,0
http://irail.be/vehicle/IC938,http://irail.be/stations/NMBS/008874583,IC,2016-02-01T17:00:00,2016-02-01T17:00:00,25,25
http://irail.be/vehicle/IC938,http://irail.be/stations/NMBS/008874567,IC,2016-02-01T17:01:00,2016-02-01T17:01:00,25,25
http://irail.be/vehicle/IC938,http://irail.be/stations/NMBS/008874559,IC,2016-02-01T17:02:00,2016-02-01T17:02:00,69,69
http://irail.be/vehicle/IC938,http://irail.be/stations/NMBS/008874005,IC,2016-02-01T17:03:00,2016-02-01T17:03:00,83,77
http://irail.be/vehicle/IC938,http://irail.be/stations/NMBS/008874054,IC,2016-02-01T17:06:00,2016-02-01T17:06:00,40,31
http://irail.be/vehicle/IC938,http://irail.be/stations/NMBS/008872009,IC,2016-02-01T17:11:00,2016-02-01T17:08:00,20,87
http://irail.be/vehicle/IC938,http://irail.be/stations/NMBS/008871100,IC,2016-02-01T17:15:00,2016-02-01T17:15:00,7,-27
http://irail.be/vehicle/IC938,http://irail.be/stations/NMBS/008871514,IC,2016-02-01T17:19:00,2016-02-01T17:19:00,3,3
http://irail.be/vehicle/IC938,http://irail.be/stations/NMBS/008871415,IC,2016-02-01T17:20:00,2016-02-01T17:20:00,-15,-16
http://irail.be/vehicle/IC938,http://irail.be/stations/NMBS/008882248,IC,2016-02-01T17:22:00,2016-02-01T17:22:00,-15,-15
http://irail.be/vehicle/IC938,http://irail.be/stations/NMBS/008882230,IC,2016-02-01T17:23:00,2016-02-01T17:23:00,-15,-15
http://irail.be/vehicle/IC938,http://irail.be/stations/NMBS/008882206,IC,2016-02-01T17:28:00,2016-02-01T17:27:00,61,37
http://irail.be/vehicle/IC938,http://irail.be/stations/NMBS/008881463,IC,2016-02-01T17:32:00,2016-02-01T17:32:00,61,61
http://irail.be/vehicle/IC938,http://irail.be/stations/NMBS/008881455,IC,2016-02-01T17:33:00,2016-02-01T17:33:00,61,61
http://irail.be/vehicle/IC938,http://irail.be/stations/NMBS/008881430,IC,2016-02-01T17:35:00,2016-02-01T17:35:00,61,61
http://irail.be/vehicle/IC938,NO-URI,IC,2016-02-01T17:36:00,2016-02-01T17:36:00,52,49
http://irail.be/vehicle/IC938,http://irail.be/stations/NMBS/008881406,IC,2016-02-01T17:37:00,2016-02-01T17:37:00,-8,-8
http://irail.be/vehicle/IC938,http://irail.be/stations/NMBS/008881315,IC,2016-02-01T17:39:00,2016-02-01T17:39:00,-8,-8
http://irail.be/vehicle/IC938,http://irail.be/stations/NMBS/008881000,IC,2016-02-01T17:45:00,2016-02-01T17:42:00,45,59
http://irail.be/vehicle/IC938,http://irail.be/stations/NMBS/008884566,IC,2016-02-01T17:50:00,2016-02-01T17:50:00,-19,-15
http://irail.be/vehicle/IC938,http://irail.be/stations/NMBS/008884541,IC,2016-02-01T17:51:00,2016-02-01T17:51:00,-30,-30
http://irail.be/vehicle/IC938,http://irail.be/stations/NMBS/008884004,IC,2016-02-01T17:54:00,2016-02-01T17:53:00,32,-30
http://irail.be/vehicle/IC938,http://irail.be/stations/NMBS/008884632,IC,2016-02-01T17:59:00,2016-02-01T17:59:00,32,32
http://irail.be/vehicle/IC938,http://irail.be/stations/NMBS/008884640,IC,2016-02-01T18:00:00,2016-02-01T18:00:00,32,32
http://irail.be/vehicle/IC938,http://irail.be/stations/NMBS/008884715,IC,2016-02-01T18:01:00,2016-02-01T18:01:00,18,11
http://irail.be/vehicle/IC938,http://irail.be/stations/NMBS/008884855,IC,2016-02-01T18:04:00,2016-02-01T18:04:00,18,18
http://irail.be/vehicle/IC938,http://irail.be/stations/NMBS/008884889,IC,2016-02-01T18:06:00,2016-02-01T18:06:00,18,18
http://irail.be/vehicle/IC938,http://irail.be/stations/NMBS/008885530,IC,2016-02-01T18:08:00,2016-02-01T18:08:00,-42,-42
http://irail.be/vehicle/IC938,http://irail.be/stations/NMBS/008885522,IC,2016-02-01T18:09:00,2016-02-01T18:09:00,88,15
http://irail.be/vehicle/IC938,http://irail.be/stations/NMBS/008885001,IC,2016-02-01T18:19:00,2016-02-01T18:15:00,74,95
http://irail.be/vehicle/IC938,http://irail.be/stations/NMBS/008885068,IC,2016-02-01T18:23:00,2016-02-01T18:23:00,127,72
http://irail.be/vehicle/IC938,http://irail.be/stations/NMBS/008885753,IC,2016-02-01T18:33:00,2016-02-01T18:33:00,0,-53
http://irail.be/vehicle/IC938,http://irail.be/stations/NMBS/008885704,IC,2016-02-01T18:37:00,2016-02-01T18:37:00,0,194
http://irail.be/vehicle/IC938,http://irail.be/stations/NMBS/008863008,IC,2016-11-25T16:38:00,2016-11-25T16:38:00,52,
http://irail.be/vehicle/IC938,http://irail.be/stations/NMBS/008861119,IC,2016-11-25T16:41:00,2016-11-25T16:41:00,68,68
http://irail.be/vehicle/IC938,http://irail.be/stations/NMBS/008861127,IC,2016-11-25T16:43:00,2016-11-25T16:43:00,16,16
http://irail.be/vehicle/IC938,http://irail.be/stations/NMBS/008861135,IC,2016-11-25T16:46:00,2016-11-25T16:46:00,16,16
http://irail.be/vehicle/IC938,http://irail.be/stations/NMBS/008861143,IC,2016-11-25T16:49:00,2016-11-25T16:49:00,-71,-71
http://irail.be/vehicle/IC938,http://irail.be/stations/NMBS/008861150,IC,2016-11-25T16:51:00,2016-11-25T16:51:00,-56,-56
http://irail.be/vehicle/IC938,NO-URI,IC,2016-11-25T16:51:00,2016-11-25T16:51:00,-56,-56
http://irail.be/vehicle/IC938,http://irail.be/stations/NMBS/008861168,IC,2016-11-25T16:52:00,2016-11-25T16:52:00,63,63
http://irail.be/vehicle/IC938,http://irail.be/stations/NMBS/008874724,IC,2016-11-25T16:52:00,2016-11-25T16:52:00,171,171
http://irail.be/vehicle/IC938,NO-URI,IC,2016-11-25T16:54:00,2016-11-25T16:54:00,171,171
http://irail.be/vehicle/IC938,http://irail.be/stations/NMBS/008874716,IC,2016-11-25T16:55:00,2016-11-25T16:55:00,136,136
http://irail.be/vehicle/IC938,http://irail.be/stations/NMBS/008874609,IC,2016-11-25T16:58:00,2016-11-25T16:57:00,192,147
http://irail.be/vehicle/IC938,http://irail.be/stations/NMBS/008874583,IC,2016-11-25T17:00:00,2016-11-25T17:00:00,192,192
http://irail.be/vehicle/IC938,http://irail.be/stations/NMBS/008874567,IC,2016-11-25T17:01:00,2016-11-25T17:01:00,188,188
http://irail.be/vehicle/IC938,http://irail.be/stations/NMBS/008874559,IC,2016-11-25T17:02:00,2016-11-25T17:02:00,188,188
http://irail.be/vehicle/IC938,NO-URI,IC,2016-11-25T17:03:00,2016-11-25T17:03:00,178,178
http://irail.be/vehicle/IC938,http://irail.be/stations/NMBS/008874005,IC,2016-11-25T17:03:00,2016-11-25T17:03:00,185,185
http://irail.be/vehicle/IC938,http://irail.be/stations/NMBS/008874054,IC,2016-11-25T17:06:00,2016-11-25T17:06:00,140,140
http://irail.be/vehicle/IC938,http://irail.be/stations/NMBS/008872009,IC,2016-11-25T17:11:00,2016-11-25T17:08:00,204,130
http://irail.be/vehicle/IC938,http://irail.be/stations/NMBS/008871100,IC,2016-11-25T17:15:00,2016-11-25T17:15:00,219,219
http://irail.be/vehicle/IC938,http://irail.be/stations/NMBS/008871514,IC,2016-11-25T17:19:00,2016-11-25T17:19:00,229,229
http://irail.be/vehicle/IC938,http://irail.be/stations/NMBS/008871415,IC,2016-11-25T17:20:00,2016-11-25T17:20:00,229,229
http://irail.be/vehicle/IC938,http://irail.be/stations/NMBS/008882248,IC,2016-11-25T17:22:00,2016-11-25T17:22:00,222,222
http://irail.be/vehicle/IC938,http://irail.be/stations/NMBS/008882230,IC,2016-11-25T17:23:00,2016-11-25T17:23:00,263,263
http://irail.be/vehicle/IC938,http://irail.be/stations/NMBS/008882206,IC,2016-11-25T17:28:00,2016-11-25T17:27:00,221,235
http://irail.be/vehicle/IC938,http://irail.be/stations/NMBS/008881463,IC,2016-11-25T17:32:00,2016-11-25T17:32:00,210,210
http://irail.be/vehicle/IC938,http://irail.be/stations/NMBS/008881455,IC,2016-11-25T17:33:00,2016-11-25T17:33:00,191,191
http://irail.be/vehicle/IC938,http://irail.be/stations/NMBS/008881430,IC,2016-11-25T17:35:00,2016-11-25T17:35:00,191,191
http://irail.be/vehicle/IC938,NO-URI,IC,2016-11-25T17:36:00,2016-11-25T17:36:00,191,191
http://irail.be/vehicle/IC938,http://irail.be/stations/NMBS/008881406,IC,2016-11-25T17:37:00,2016-11-25T17:37:00,176,176
http://irail.be/vehicle/IC938,http://irail.be/stations/NMBS/008881315,IC,2016-11-25T17:39:00,2016-11-25T17:39:00,190,190
http://irail.be/vehicle/IC938,http://irail.be/stations/NMBS/008881000,IC,2016-11-25T17:45:00,2016-11-25T17:42:00,174,190
http://irail.be/vehicle/IC938,http://irail.be/stations/NMBS/008884566,IC,2016-11-25T17:50:00,2016-11-25T17:50:00,174,174
http://irail.be/vehicle/IC938,http://irail.be/stations/NMBS/008884541,IC,2016-11-25T17:51:00,2016-11-25T17:51:00,109,109
http://irail.be/vehicle/IC938,http://irail.be/stations/NMBS/008884004,IC,2016-11-25T17:54:00,2016-11-25T17:53:00,139,168
http://irail.be/vehicle/IC938,http://irail.be/stations/NMBS/008884632,IC,2016-11-25T17:59:00,2016-11-25T17:59:00,139,139
http://irail.be/vehicle/IC938,http://irail.be/stations/NMBS/008884640,IC,2016-11-25T18:00:00,2016-11-25T18:00:00,202,202
http://irail.be/vehicle/IC938,http://irail.be/stations/NMBS/008884715,IC,2016-11-25T18:01:00,2016-11-25T18:01:00,202,202
http://irail.be/vehicle/IC938,http://irail.be/stations/NMBS/008884855,IC,2016-11-25T18:04:00,2016-11-25T18:04:00,215,215
http://irail.be/vehicle/IC938,http://irail.be/stations/NMBS/008884889,IC,2016-11-25T18:06:00,2016-11-25T18:06:00,204,204
http://irail.be/vehicle/IC938,http://irail.be/stations/NMBS/008885530,IC,2016-11-25T18:08:00,2016-11-25T18:08:00,204,204
http://irail.be/vehicle/IC938,http://irail.be/stations/NMBS/008885522,IC,2016-11-25T18:09:00,2016-11-25T18:09:00,198,198
http://irail.be/vehicle/IC938,http://irail.be/stations/NMBS/008885001,IC,2016-11-25T18:19:00,2016-11-25T18:15:00,153,271
http://irail.be/vehicle/IC938,http://irail.be/stations/NMBS/008885068,IC,2016-11-25T18:23:00,2016-11-25T18:23:00,187,138
http://irail.be/vehicle/IC938,http://irail.be/stations/NMBS/008885753,IC,2016-11-25T18:33:00,2016-11-25T18:33:00,141,141
http://irail.be/vehicle/IC938,http://irail.be/stations/NMBS/008885704,IC,2016-11-25T18:37:00,2016-11-25T18:37:00,,141
http://irail.be/vehicle/IC938,http://irail.be/stations/NMBS/008863008,IC,2016-03-17T16:38:00,2016-03-17T16:38:00,34,0
http://irail.be/vehicle/IC938,http://irail.be/stations/NMBS/008861119,IC,2016-03-17T16:41:00,2016-03-17T16:41:00,88,88
http://irail.be/vehicle/IC938,http://irail.be/stations/NMBS/008861127,IC,2016-03-17T16:43:00,2016-03-17T16:43:00,43,28
http://irail.be/vehicle/IC938,http://irail.be/stations/NMBS/008861135,IC,2016-03-17T16:46:00,2016-03-17T16:46:00,12,43
http://irail.be/vehicle/IC938,http://irail.be/stations/NMBS/008861143,IC,2016-03-17T16:49:00,2016-03-17T16:49:00,-79,-79
http://irail.be/vehicle/IC938,http://irail.be/stations/NMBS/008861150,IC,2016-03-17T16:51:00,2016-03-17T16:51:00,-79,-79
http://irail.be/vehicle/IC938,NO-URI,IC,2016-03-17T16:51:00,2016-03-17T16:51:00,-53,-54
http://irail.be/vehicle/IC938,http://irail.be/stations/NMBS/008861168,IC,2016-03-17T16:52:00,2016-03-17T16:52:00,-53,-53
http://irail.be/vehicle/IC938,http://irail.be/stations/NMBS/008874724,IC,2016-03-17T16:52:00,2016-03-17T16:52:00,-45,-53
http://irail.be/vehicle/IC938,NO-URI,IC,2016-03-17T16:54:00,2016-03-17T16:54:00,-136,-142
http://irail.be/vehicle/IC938,http://irail.be/stations/NMBS/008874716,IC,2016-03-17T16:55:00,2016-03-17T16:55:00,-44,-44
http://irail.be/vehicle/IC938,http://irail.be/stations/NMBS/008874609,IC,2016-03-17T16:58:00,2016-03-17T16:57:00,59,50
http://irail.be/vehicle/IC938,http://irail.be/stations/NMBS/008874583,IC,2016-03-17T17:00:00,2016-03-17T17:00:00,0,0
http://irail.be/vehicle/IC938,http://irail.be/stations/NMBS/008874567,IC,2016-03-17T17:01:00,2016-03-17T17:01:00,0,0
http://irail.be/vehicle/IC938,http://irail.be/stations/NMBS/008874559,IC,2016-03-17T17:02:00,2016-03-17T17:02:00,36,36
http://irail.be/vehicle/IC938,http://irail.be/stations/NMBS/008874005,IC,2016-03-17T17:03:00,2016-03-17T17:03:00,55,46
http://irail.be/vehicle/IC938,http://irail.be/stations/NMBS/008874054,IC,2016-03-17T17:06:00,2016-03-17T17:06:00,16,12
http://irail.be/vehicle/IC938,http://irail.be/stations/NMBS/008872009,IC,2016-03-17T17:11:00,2016-03-17T17:08:00,62,70
http://irail.be/vehicle/IC938,http://irail.be/stations/NMBS/008871100,IC,2016-03-17T17:15:00,2016-03-17T17:15:00,55,23
http://irail.be/vehicle/IC938,http://irail.be/stations/NMBS/008871514,IC,2016-03-17T17:19:00,2016-03-17T17:19:00,52,52
http://irail.be/vehicle/IC938,http://irail.be/stations/NMBS/008871415,IC,2016-03-17T17:20:00,2016-03-17T17:20:00,269,170
http://irail.be/vehicle/IC938,http://irail.be/stations/NMBS/008882248,IC,2016-03-17T17:22:00,2016-03-17T17:22:00,269,269
http://irail.be/vehicle/IC938,http://irail.be/stations/NMBS/008882230,IC,2016-03-17T17:23:00,2016-03-17T17:23:00,0,0
http://irail.be/vehicle/IC938,http://irail.be/stations/NMBS/008882206,IC,2016-03-17T17:28:00,2016-03-17T17:27:00,489,454
http://irail.be/vehicle/IC938,http://irail.be/stations/NMBS/008881463,IC,2016-03-17T17:32:00,2016-03-17T17:32:00,487,487
http://irail.be/vehicle/IC938,http://irail.be/stations/NMBS/008881455,IC,2016-03-17T17:33:00,2016-03-17T17:33:00,487,487
http://irail.be/vehicle/IC938,http://irail.be/stations/NMBS/008881430,IC,2016-03-17T17:35:00,2016-03-17T17:35:00,0,0
http://irail.be/vehicle/IC938,NO-URI,IC,2016-03-17T17:36:00,2016-03-17T17:36:00,481,478
http://irail.be/vehicle/IC938,http://irail.be/stations/NMBS/008881406,IC,2016-03-17T17:37:00,2016-03-17T17:37:00,421,421
http://irail.be/vehicle/IC938,http://irail.be/stations/NMBS/008881315,IC,2016-03-17T17:39:00,2016-03-17T17:39:00,0,0
http://irail.be/vehicle/IC938,http://irail.be/stations/NMBS/008881000,IC,2016-03-17T17:45:00,2016-03-17T17:42:00,388,471
http://irail.be/vehicle/IC938,http://irail.be/stations/NMBS/008884566,IC,2016-03-17T17:50:00,2016-03-17T17:50:00,332,328
http://irail.be/vehicle/IC938,http://irail.be/stations/NMBS/008884541,IC,2016-03-17T17:51:00,2016-03-17T17:51:00,322,322
http://irail.be/vehicle/IC938,http://irail.be/stations/NMBS/008884004,IC,2016-03-17T17:54:00,2016-03-17T17:53:00,362,324
http://irail.be/vehicle/IC938,http://irail.be/stations/NMBS/008884632,IC,2016-03-17T17:59:00,2016-03-17T17:59:00,0,0
http://irail.be/vehicle/IC938,http://irail.be/stations/NMBS/008884640,IC,2016-03-17T18:00:00,2016-03-17T18:00:00,0,0
http://irail.be/vehicle/IC938,http://irail.be/stations/NMBS/008884715,IC,2016-03-17T18:01:00,2016-03-17T18:01:00,338,331
http://irail.be/vehicle/IC938,http://irail.be/stations/NMBS/008884855,IC,2016-03-17T18:04:00,2016-03-17T18:04:00,338,338
http://irail.be/vehicle/IC938,http://irail.be/stations/NMBS/008884889,IC,2016-03-17T18:06:00,2016-03-17T18:06:00,0,0
http://irail.be/vehicle/IC938,http://irail.be/stations/NMBS/008885530,IC,2016-03-17T18:08:00,2016-03-17T18:08:00,0,0
http://irail.be/vehicle/IC938,http://irail.be/stations/NMBS/008885522,IC,2016-03-17T18:09:00,2016-03-17T18:09:00,370,314
http://irail.be/vehicle/IC938,http://irail.be/stations/NMBS/008885001,IC,2016-03-17T18:19:00,2016-03-17T18:15:00,1058,393
http://irail.be/vehicle/IC938,http://irail.be/stations/NMBS/008885068,IC,2016-03-17T18:23:00,2016-03-17T18:23:00,1070,1032
http://irail.be/vehicle/IC938,http://irail.be/stations/NMBS/008885753,IC,2016-03-17T18:33:00,2016-03-17T18:33:00,0,0
http://irail.be/vehicle/IC938,http://irail.be/stations/NMBS/008885704,IC,2016-03-17T18:37:00,2016-03-17T18:37:00,0,1043
http://irail.be/vehicle/IC938,http://irail.be/stations/NMBS/008863008,IC,2016-04-05T16:38:00,2016-04-05T16:38:00,25,0
http://irail.be/vehicle/IC938,http://irail.be/stations/NMBS/008861119,IC,2016-04-05T16:41:00,2016-04-05T16:41:00,41,41
http://irail.be/vehicle/IC938,http://irail.be/stations/NMBS/008861127,IC,2016-04-05T16:43:00,2016-04-05T16:43:00,-8,-23
http://irail.be/vehicle/IC938,http://irail.be/stations/NMBS/008861135,IC,2016-04-05T16:46:00,2016-04-05T16:46:00,-48,-8
http://irail.be/vehicle/IC938,http://irail.be/stations/NMBS/008861143,IC,2016-04-05T16:49:00,2016-04-05T16:49:00,-137,-137
http://irail.be/vehicle/IC938,http://irail.be/stations/NMBS/008861150,IC,2016-04-05T16:51:00,2016-04-05T16:51:00,-137,-137
http://irail.be/vehicle/IC938,NO-URI,IC,2016-04-05T16:51:00,2016-04-05T16:51:00,-102,-106
http://irail.be/vehicle/IC938,http://irail.be/stations/NMBS/008861168,IC,2016-04-05T16:52:00,2016-04-05T16:52:00,-102,-102
http://irail.be/vehicle/IC938,http://irail.be/stations/NMBS/008874724,IC,2016-04-05T16:52:00,2016-04-05T16:52:00,-92,-102
http://irail.be/vehicle/IC938,NO-URI,IC,2016-04-05T16:54:00,2016-04-05T16:54:00,-181,-189
http://irail.be/vehicle/IC938,http://irail.be/stations/NMBS/008874716,IC,2016-04-05T16:55:00,2016-04-05T16:55:00,-34,-34
http://irail.be/vehicle/IC938,http://irail.be/stations/NMBS/008874609,IC,2016-04-05T16:58:00,2016-04-05T16:57:00,20,-12
http://irail.be/vehicle/IC938,http://irail.be/stations/NMBS/008874583,IC,2016-04-05T17:00:00,2016-04-05T17:00:00,0,0
http://irail.be/vehicle/IC938,http://irail.be/stations/NMBS/008874567,IC,2016-04-05T17:01:00,2016-04-05T17:01:00,0,0
http://irail.be/vehicle/IC938,http://irail.be/stations/NMBS/008874559,IC,2016-04-05T17:02:00,2016-04-05T17:02:00,0,0
http://irail.be/vehicle/IC938,http://irail.be/stations/NMBS/008874005,IC,2016-04-05T17:03:00,2016-04-05T17:03:00,9,6
http://irail.be/vehicle/IC938,http://irail.be/stations/NMBS/008874054,IC,2016-04-05T17:06:00,2016-04-05T17:06:00,-33,-42
http://irail.be/vehicle/IC938,http://irail.be/stations/NMBS/008872009,IC,2016-04-05T17:11:00,2016-04-05T17:08:00,21,15
http://irail.be/vehicle/IC938,http://irail.be/stations/NMBS/008871100,IC,2016-04-05T17:15:00,2016-04-05T17:15:00,291,-8
http://irail.be/vehicle/IC938,http://irail.be/stations/NMBS/008871514,IC,2016-04-05T17:19:00,2016-04-05T17:19:00,587,587
http://irail.be/vehicle/IC938,http://irail.be/stations/NMBS/008871415,IC,2016-04-05T17:20:00,2016-04-05T17:20:00,835,759
http://irail.be/vehicle/IC938,http://irail.be/stations/NMBS/008882248,IC,2016-04-05T17:22:00,2016-04-05T17:22:00,835,835
http://irail.be/vehicle/IC938,http://irail.be/stations/NMBS/008882230,IC,2016-04-05T17:23:00,2016-04-05T17:23:00,0,0
http://irail.be/vehicle/IC938,http://irail.be/stations/NMBS/008882206,IC,2016-04-05T17:28:00,2016-04-05T17:27:00,921,911
http://irail.be/vehicle/IC938,http://irail.be/stations/NMBS/008881463,IC,2016-04-05T17:32:00,2016-04-05T17:32:00,899,899
http://irail.be/vehicle/IC938,http://irail.be/stations/NMBS/008881455,IC,2016-04-05T17:33:00,2016-04-05T17:33:00,899,899
http://irail.be/vehicle/IC938,http://irail.be/stations/NMBS/008881430,IC,2016-04-05T17:35:00,2016-04-05T17:35:00,0,0
http://irail.be/vehicle/IC938,NO-URI,IC,2016-04-05T17:36:00,2016-04-05T17:36:00,881,880
http://irail.be/vehicle/IC938,http://irail.be/stations/NMBS/008881406,IC,2016-04-05T17:37:00,2016-04-05T17:37:00,821,821
http://irail.be/vehicle/IC938,http://irail.be/stations/NMBS/008881315,IC,2016-04-05T17:39:00,2016-04-05T17:39:00,0,0
http://irail.be/vehicle/IC938,http://irail.be/stations/NMBS/008881000,IC,2016-04-05T17:45:00,2016-04-05T17:42:00,789,891
http://irail.be/vehicle/IC938,http://irail.be/stations/NMBS/008884566,IC,2016-04-05T17:50:00,2016-04-05T17:50:00,737,729
http://irail.be/vehicle/IC938,http://irail.be/stations/NMBS/008884541,IC,2016-04-05T17:51:00,2016-04-05T17:51:00,725,725
http://irail.be/vehicle/IC938,http://irail.be/stations/NMBS/008884004,IC,2016-04-05T17:54:00,2016-04-05T17:53:00,740,719
http://irail.be/vehicle/IC938,http://irail.be/stations/NMBS/008884632,IC,2016-04-05T17:59:00,2016-04-05T17:59:00,0,0
http://irail.be/vehicle/IC938,http://irail.be/stations/NMBS/008884640,IC,2016-04-05T18:00:00,2016-04-05T18:00:00,0,0
http://irail.be/vehicle/IC938,http://irail.be/stations/NMBS/008884715,IC,2016-04-05T18:01:00,2016-04-05T18:01:00,727,723
http://irail.be/vehicle/IC938,http://irail.be/stations/NMBS/008884855,IC,2016-04-05T18:04:00,2016-04-05T18:04:00,727,727
http://irail.be/vehicle/IC938,http://irail.be/stations/NMBS/008884889,IC,2016-04-05T18:06:00,2016-04-05T18:06:00,0,0
http://irail.be/vehicle/IC938,http://irail.be/stations/NMBS/008885530,IC,2016-04-05T18:08:00,2016-04-05T18:08:00,0,0
http://irail.be/vehicle/IC938,http://irail.be/stations/NMBS/008885522,IC,2016-04-05T18:09:00,2016-04-05T18:09:00,709,702
http://irail.be/vehicle/IC938,http://irail.be/stations/NMBS/008885001,IC,2016-04-05T18:19:00,2016-04-05T18:15:00,893,718
http://irail.be/vehicle/IC938,http://irail.be/stations/NMBS/008885068,IC,2016-04-05T18:23:00,2016-04-05T18:23:00,1064,1026
http://irail.be/vehicle/IC938,http://irail.be/stations/NMBS/008885753,IC,2016-04-05T18:33:00,2016-04-05T18:33:00,0,0
http://irail.be/vehicle/IC938,http://irail.be/stations/NMBS/008885704,IC,2016-04-05T18:37:00,2016-04-05T18:37:00,0,1048
http://irail.be/vehicle/IC938,http://irail.be/stations/NMBS/008863008,IC,2016-11-03T16:38:00,2016-11-03T16:38:00,48,
http://irail.be/vehicle/IC938,http://irail.be/stations/NMBS/008861119,IC,2016-11-03T16:41:00,2016-11-03T16:41:00,134,134
http://irail.be/vehicle/IC938,http://irail.be/stations/NMBS/008861127,IC,2016-11-03T16:43:00,2016-11-03T16:43:00,110,110
http://irail.be/vehicle/IC938,http://irail.be/stations/NMBS/008861135,IC,2016-11-03T16:46:00,2016-11-03T16:46:00,94,94
http://irail.be/vehicle/IC938,http://irail.be/stations/NMBS/008861143,IC,2016-11-03T16:49:00,2016-11-03T16:49:00,12,12
http://irail.be/vehicle/IC938,http://irail.be/stations/NMBS/008861150,IC,2016-11-03T16:51:00,2016-11-03T16:51:00,12,12
http://irail.be/vehicle/IC938,NO-URI,IC,2016-11-03T16:51:00,2016-11-03T16:51:00,53,53
http://irail.be/vehicle/IC938,http://irail.be/stations/NMBS/008861168,IC,2016-11-03T16:52:00,2016-11-03T16:52:00,53,53
http://irail.be/vehicle/IC938,http://irail.be/stations/NMBS/008874724,IC,2016-11-03T16:52:00,2016-11-03T16:52:00,181,181
http://irail.be/vehicle/IC938,NO-URI,IC,2016-11-03T16:54:00,2016-11-03T16:54:00,121,121
http://irail.be/vehicle/IC938,http://irail.be/stations/NMBS/008874716,IC,2016-11-03T16:55:00,2016-11-03T16:55:00,149,149
http://irail.be/vehicle/IC938,http://irail.be/stations/NMBS/008874609,IC,2016-11-03T16:58:00,2016-11-03T16:57:00,182,160
http://irail.be/vehicle/IC938,http://irail.be/stations/NMBS/008874583,IC,2016-11-03T17:00:00,2016-11-03T17:00:00,182,182
http://irail.be/vehicle/IC938,http://irail.be/stations/NMBS/008874567,IC,2016-11-03T17:01:00,2016-11-03T17:01:00,182,182
http://irail.be/vehicle/IC938,http://irail.be/stations/NMBS/008874559,IC,2016-11-03T17:02:00,2016-11-03T17:02:00,196,196
http://irail.be/vehicle/IC938,NO-URI,IC,2016-11-03T17:03:00,2016-11-03T17:03:00,196,196
http://irail.be/vehicle/IC938,http://irail.be/stations/NMBS/008874005,IC,2016-11-03T17:03:00,2016-11-03T17:03:00,212,212
http://irail.be/vehicle/IC938,http://irail.be/stations/NMBS/008874054,IC,2016-11-03T17:06:00,2016-11-03T17:06:00,174,174
http://irail.be/vehicle/IC938,http://irail.be/stations/NMBS/008872009,IC,2016-11-03T17:11:00,2016-11-03T17:08:00,180,219
http://irail.be/vehicle/IC938,http://irail.be/stations/NMBS/008871100,IC,2016-11-03T17:15:00,2016-11-03T17:15:00,240,240
http://irail.be/vehicle/IC938,http://irail.be/stations/NMBS/008871514,IC,2016-11-03T17:19:00,2016-11-03T17:19:00,265,265
http://irail.be/vehicle/IC938,http://irail.be/stations/NMBS/008871415,IC,2016-11-03T17:20:00,2016-11-03T17:20:00,263,263
http://irail.be/vehicle/IC938,http://irail.be/stations/NMBS/008882248,IC,2016-11-03T17:22:00,2016-11-03T17:22:00,263,263
http://irail.be/vehicle/IC938,http://irail.be/stations/NMBS/008882230,IC,2016-11-03T17:23:00,2016-11-03T17:23:00,263,263
http://irail.be/vehicle/IC938,http://irail.be/stations/NMBS/008882206,IC,2016-11-03T17:28:00,2016-11-03T17:27:00,260,210
http://irail.be/vehicle/IC938,http://irail.be/stations/NMBS/008881463,IC,2016-11-03T17:32:00,2016-11-03T17:32:00,238,238
http://irail.be/vehicle/IC938,http://irail.be/stations/NMBS/008881455,IC,2016-11-03T17:33:00,2016-11-03T17:33:00,238,238
http://irail.be/vehicle/IC938,http://irail.be/stations/NMBS/008881430,IC,2016-11-03T17:35:00,2016-11-03T17:35:00,238,238
http://irail.be/vehicle/IC938,NO-URI,IC,2016-11-03T17:36:00,2016-11-03T17:36:00,229,229
http://irail.be/vehicle/IC938,http://irail.be/stations/NMBS/008881406,IC,2016-11-03T17:37:00,2016-11-03T17:37:00,169,169
http://irail.be/vehicle/IC938,http://irail.be/stations/NMBS/008881315,IC,2016-11-03T17:39:00,2016-11-03T17:39:00,169,169
http://irail.be/vehicle/IC938,http://irail.be/stations/NMBS/008881000,IC,2016-11-03T17:45:00,2016-11-03T17:42:00,211,235
http://irail.be/vehicle/IC938,http://irail.be/stations/NMBS/008884566,IC,2016-11-03T17:50:00,2016-11-03T17:50:00,221,221
http://irail.be/vehicle/IC938,http://irail.be/stations/NMBS/008884541,IC,2016-11-03T17:51:00,2016-11-03T17:51:00,238,238
http://irail.be/vehicle/IC938,http://irail.be/stations/NMBS/008884004,IC,2016-11-03T17:54:00,2016-11-03T17:53:00,271,242
http://irail.be/vehicle/IC938,http://irail.be/stations/NMBS/008884632,IC,2016-11-03T17:59:00,2016-11-03T17:59:00,271,271
http://irail.be/vehicle/IC938,http://irail.be/stations/NMBS/008884640,IC,2016-11-03T18:00:00,2016-11-03T18:00:00,271,271
http://irail.be/vehicle/IC938,http://irail.be/stations/NMBS/008884715,IC,2016-11-03T18:01:00,2016-11-03T18:01:00,237,237
http://irail.be/vehicle/IC938,http://irail.be/stations/NMBS/008884855,IC,2016-11-03T18:04:00,2016-11-03T18:04:00,237,237
http://irail.be/vehicle/IC938,http://irail.be/stations/NMBS/008884889,IC,2016-11-03T18:06:00,2016-11-03T18:06:00,237,237
http://irail.be/vehicle/IC938,http://irail.be/stations/NMBS/008885530,IC,2016-11-03T18:08:00,2016-11-03T18:08:00,177,177
http://irail.be/vehicle/IC938,http://irail.be/stations/NMBS/008885522,IC,2016-11-03T18:09:00,2016-11-03T18:09:00,231,231
http://irail.be/vehicle/IC938,http://irail.be/stations/NMBS/008885001,IC,2016-11-03T18:19:00,2016-11-03T18:15:00,396,181
http://irail.be/vehicle/IC938,http://irail.be/stations/NMBS/008885068,IC,2016-11-03T18:23:00,2016-11-03T18:23:00,403,379
http://irail.be/vehicle/IC938,http://irail.be/stations/NMBS/008885753,IC,2016-11-03T18:33:00,2016-11-03T18:33:00,223,223
http://irail.be/vehicle/IC938,http://irail.be/stations/NMBS/008885704,IC,2016-11-03T18:37:00,2016-11-03T18:37:00,,288
http://irail.be/vehicle/IC938,http://irail.be/stations/NMBS/008863008,IC,2016-09-02T16:38:00,2016-09-02T16:38:00,47,
http://irail.be/vehicle/IC938,http://irail.be/stations/NMBS/008861119,IC,2016-09-02T16:41:00,2016-09-02T16:41:00,67,67
http://irail.be/vehicle/IC938,http://irail.be/stations/NMBS/008861127,IC,2016-09-02T16:43:00,2016-09-02T16:43:00,12,12
http://irail.be/vehicle/IC938,http://irail.be/stations/NMBS/008861135,IC,2016-09-02T16:46:00,2016-09-02T16:46:00,-31,-31
http://irail.be/vehicle/IC938,http://irail.be/stations/NMBS/008861143,IC,2016-09-02T16:49:00,2016-09-02T16:49:00,-124,-124
http://irail.be/vehicle/IC938,http://irail.be/stations/NMBS/008861150,IC,2016-09-02T16:51:00,2016-09-02T16:51:00,-124,-124
http://irail.be/vehicle/IC938,NO-URI,IC,2016-09-02T16:51:00,2016-09-02T16:51:00,-73,-73
http://irail.be/vehicle/IC938,http://irail.be/stations/NMBS/008861168,IC,2016-09-02T16:52:00,2016-09-02T16:52:00,-73,-73
http://irail.be/vehicle/IC938,http://irail.be/stations/NMBS/008874724,IC,2016-09-02T16:52:00,2016-09-02T16:52:00,-39,-39
http://irail.be/vehicle/IC938,NO-URI,IC,2016-09-02T16:54:00,2016-09-02T16:54:00,-118,-118
http://irail.be/vehicle/IC938,http://irail.be/stations/NMBS/008874716,IC,2016-09-02T16:55:00,2016-09-02T16:55:00,-38,-38
http://irail.be/vehicle/IC938,http://irail.be/stations/NMBS/008874609,IC,2016-09-02T16:58:00,2016-09-02T16:57:00,120,101
http://irail.be/vehicle/IC938,http://irail.be/stations/NMBS/008874583,IC,2016-09-02T17:00:00,2016-09-02T17:00:00,120,120
http://irail.be/vehicle/IC938,http://irail.be/stations/NMBS/008874567,IC,2016-09-02T17:01:00,2016-09-02T17:01:00,120,120
http://irail.be/vehicle/IC938,http://irail.be/stations/NMBS/008874559,IC,2016-09-02T17:02:00,2016-09-02T17:02:00,87,87
http://irail.be/vehicle/IC938,NO-URI,IC,2016-09-02T17:03:00,2016-09-02T17:03:00,87,87
http://irail.be/vehicle/IC938,http://irail.be/stations/NMBS/008874005,IC,2016-09-02T17:03:00,2016-09-02T17:03:00,97,97
http://irail.be/vehicle/IC938,http://irail.be/stations/NMBS/008874054,IC,2016-09-02T17:06:00,2016-09-02T17:06:00,44,44
http://irail.be/vehicle/IC938,http://irail.be/stations/NMBS/008872009,IC,2016-09-02T17:11:00,2016-09-02T17:08:00,57,73
http://irail.be/vehicle/IC938,http://irail.be/stations/NMBS/008871100,IC,2016-09-02T17:15:00,2016-09-02T17:15:00,84,84
http://irail.be/vehicle/IC938,http://irail.be/stations/NMBS/008871514,IC,2016-09-02T17:19:00,2016-09-02T17:19:00,85,85
http://irail.be/vehicle/IC938,http://irail.be/stations/NMBS/008871415,IC,2016-09-02T17:20:00,2016-09-02T17:20:00,74,74
http://irail.be/vehicle/IC938,http://irail.be/stations/NMBS/008882248,IC,2016-09-02T17:22:00,2016-09-02T17:22:00,74,74
http://irail.be/vehicle/IC938,http://irail.be/stations/NMBS/008882230,IC,2016-09-02T17:23:00,2016-09-02T17:23:00,74,74
http://irail.be/vehicle/IC938,http://irail.be/stations/NMBS/008882206,IC,2016-09-02T17:28:00,2016-09-02T17:27:00,84,64
http://irail.be/vehicle/IC938,http://irail.be/stations/NMBS/008881463,IC,2016-09-02T17:32:00,2016-09-02T17:32:00,57,57
http://irail.be/vehicle/IC938,http://irail.be/stations/NMBS/008881455,IC,2016-09-02T17:33:00,2016-09-02T17:33:00,57,57
http://irail.be/vehicle/IC938,http://irail.be/stations/NMBS/008881430,IC,2016-09-02T17:35:00,2016-09-02T17:35:00,57,57
http://irail.be/vehicle/IC938,NO-URI,IC,2016-09-02T17:36:00,2016-09-02T17:36:00,35,35
http://irail.be/vehicle/IC938,http://irail.be/stations/NMBS/008881406,IC,2016-09-02T17:37:00,2016-09-02T17:37:00,-25,-25
http://irail.be/vehicle/IC938,http://irail.be/stations/NMBS/008881315,IC,2016-09-02T17:39:00,2016-09-02T17:39:00,-25,-25
http://irail.be/vehicle/IC938,http://irail.be/stations/NMBS/008881000,IC,2016-09-02T17:45:00,2016-09-02T17:42:00,54,53
http://irail.be/vehicle/IC938,http://irail.be/stations/NMBS/008884566,IC,2016-09-02T17:50:00,2016-09-02T17:50:00,-12,-12
http://irail.be/vehicle/IC938,http://irail.be/stations/NMBS/008884541,IC,2016-09-02T17:51:00,2016-09-02T17:51:00,-25,-25
http://irail.be/vehicle/IC938,http://irail.be/stations/NMBS/008884004,IC,2016-09-02T17:54:00,2016-09-02T17:53:00,169,132
http://irail.be/vehicle/IC938,http://irail.be/stations/NMBS/008884632,IC,2016-09-02T17:59:00,2016-09-02T17:59:00,169,169
http://irail.be/vehicle/IC938,http://irail.be/stations/NMBS/008884640,IC,2016-09-02T18:00:00,2016-09-02T18:00:00,169,169
http://irail.be/vehicle/IC938,http://irail.be/stations/NMBS/008884715,IC,2016-09-02T18:01:00,2016-09-02T18:01:00,141,141
http://irail.be/vehicle/IC938,http://irail.be/stations/NMBS/008884855,IC,2016-09-02T18:04:00,2016-09-02T18:04:00,141,141
http://irail.be/vehicle/IC938,http://irail.be/stations/NMBS/008884889,IC,2016-09-02T18:06:00,2016-09-02T18:06:00,141,141
http://irail.be/vehicle/IC938,http://irail.be/stations/NMBS/008885530,IC,2016-09-02T18:08:00,2016-09-02T18:08:00,81,81
http://irail.be/vehicle/IC938,http://irail.be/stations/NMBS/008885522,IC,2016-09-02T18:09:00,2016-09-02T18:09:00,118,118
http://irail.be/vehicle/IC938,http://irail.be/stations/NMBS/008885001,IC,2016-09-02T18:19:00,2016-09-02T18:15:00,199,105
http://irail.be/vehicle/IC938,http://irail.be/stations/NMBS/008885068,IC,2016-09-02T18:23:00,2016-09-02T18:23:00,388,346
http://irail.be/vehicle/IC938,http://irail.be/stations/NMBS/008885753,IC,2016-09-02T18:33:00,2016-09-02T18:33:00,208,208
http://irail.be/vehicle/IC938,http://irail.be/stations/NMBS/008885704,IC,2016-09-02T18:37:00,2016-09-02T18:37:00,,318
http://irail.be/vehicle/IC938,http://irail.be/stations/NMBS/008863008,IC,2016-05-20T16:38:00,2016-05-20T16:38:00,36,0
http://irail.be/vehicle/IC938,http://irail.be/stations/NMBS/008861119,IC,2016-05-20T16:41:00,2016-05-20T16:41:00,56,56
http://irail.be/vehicle/IC938,http://irail.be/stations/NMBS/008861127,IC,2016-05-20T16:43:00,2016-05-20T16:43:00,6,-9
http://irail.be/vehicle/IC938,http://irail.be/stations/NMBS/008861135,IC,2016-05-20T16:46:00,2016-05-20T16:46:00,-35,6
http://irail.be/vehicle/IC938,http://irail.be/stations/NMBS/008861143,IC,2016-05-20T16:49:00,2016-05-20T16:49:00,-126,-126
http://irail.be/vehicle/IC938,http://irail.be/stations/NMBS/008861150,IC,2016-05-20T16:51:00,2016-05-20T16:51:00,-126,-126
http://irail.be/vehicle/IC938,NO-URI,IC,2016-05-20T16:51:00,2016-05-20T16:51:00,-104,-104
http://irail.be/vehicle/IC938,http://irail.be/stations/NMBS/008861168,IC,2016-05-20T16:52:00,2016-05-20T16:52:00,-104,-104
http://irail.be/vehicle/IC938,http://irail.be/stations/NMBS/008874724,IC,2016-05-20T16:52:00,2016-05-20T16:52:00,-94,-104
http://irail.be/vehicle/IC938,NO-URI,IC,2016-05-20T16:54:00,2016-05-20T16:54:00,-187,-191
http://irail.be/vehicle/IC938,http://irail.be/stations/NMBS/008874716,IC,2016-05-20T16:55:00,2016-05-20T16:55:00,-103,-103
http://irail.be/vehicle/IC938,http://irail.be/stations/NMBS/008874609,IC,2016-05-20T16:58:00,2016-05-20T16:57:00,93,49
http://irail.be/vehicle/IC938,http://irail.be/stations/NMBS/008874583,IC,2016-05-20T17:00:00,2016-05-20T17:00:00,93,93
http://irail.be/vehicle/IC938,http://irail.be/stations/NMBS/008874567,IC,2016-05-20T17:01:00,2016-05-20T17:01:00,93,93
http://irail.be/vehicle/IC938,http://irail.be/stations/NMBS/008874559,IC,2016-05-20T17:02:00,2016-05-20T17:02:00,79,79
http://irail.be/vehicle/IC938,http://irail.be/stations/NMBS/008874005,IC,2016-05-20T17:03:00,2016-05-20T17:03:00,89,86
http://irail.be/vehicle/IC938,http://irail.be/stations/NMBS/008874054,IC,2016-05-20T17:06:00,2016-05-20T17:06:00,75,41
http://irail.be/vehicle/IC938,http://irail.be/stations/NMBS/008872009,IC,2016-05-20T17:11:00,2016-05-20T17:08:00,85,121
http://irail.be/vehicle/IC938,http://irail.be/stations/NMBS/008871100,IC,2016-05-20T17:15:00,2016-05-20T17:15:00,64,28
http://irail.be/vehicle/IC938,http://irail.be/stations/NMBS/008871514,IC,2016-05-20T17:19:00,2016-05-20T17:19:00,59,59
http://irail.be/vehicle/IC938,http://irail.be/stations/NMBS/008871415,IC,2016-05-20T17:20:00,2016-05-20T17:20:00,34,37
http://irail.be/vehicle/IC938,http://irail.be/stations/NMBS/008882248,IC,2016-05-20T17:22:00,2016-05-20T17:22:00,34,34
http://irail.be/vehicle/IC938,http://irail.be/stations/NMBS/008882230,IC,2016-05-20T17:23:00,2016-05-20T17:23:00,34,34
http://irail.be/vehicle/IC938,http://irail.be/stations/NMBS/008882206,IC,2016-05-20T17:28:00,2016-05-20T17:27:00,16,-38
http://irail.be/vehicle/IC938,http://irail.be/stations/NMBS/008881463,IC,2016-05-20T17:32:00,2016-05-20T17:32:00,17,17
http://irail.be/vehicle/IC938,http://irail.be/stations/NMBS/008881455,IC,2016-05-20T17:33:00,2016-05-20T17:33:00,17,17
http://irail.be/vehicle/IC938,http://irail.be/stations/NMBS/008881430,IC,2016-05-20T17:35:00,2016-05-20T17:35:00,17,17
http://irail.be/vehicle/IC938,NO-URI,IC,2016-05-20T17:36:00,2016-05-20T17:36:00,51,19
http://irail.be/vehicle/IC938,http://irail.be/stations/NMBS/008881406,IC,2016-05-20T17:37:00,2016-05-20T17:37:00,-9,-9
http://irail.be/vehicle/IC938,http://irail.be/stations/NMBS/008881315,IC,2016-05-20T17:39:00,2016-05-20T17:39:00,-9,-9
http://irail.be/vehicle/IC938,http://irail.be/stations/NMBS/008881000,IC,2016-05-20T17:45:00,2016-05-20T17:42:00,45,105
http://irail.be/vehicle/IC938,http://irail.be/stations/NMBS/008884566,IC,2016-05-20T17:50:00,2016-05-20T17:50:00,-27,-15
http://irail.be/vehicle/IC938,http://irail.be/stations/NMBS/008884541,IC,2016-05-20T17:51:00,2016-05-20T17:51:00,-39,-39
http://irail.be/vehicle/IC938,http://irail.be/stations/NMBS/008884004,IC,2016-05-20T17:54:00,2016-05-20T17:53:00,58,-10
http://irail.be/vehicle/IC938,http://irail.be/stations/NMBS/008884632,IC,2016-05-20T17:59:00,2016-05-20T17:59:00,58,58
http://irail.be/vehicle/IC938,http://irail.be/stations/NMBS/008884640,IC,2016-05-20T18:00:00,2016-05-20T18:00:00,58,58
http://irail.be/vehicle/IC938,http://irail.be/stations/NMBS/008884715,IC,2016-05-20T18:01:00,2016-05-20T18:01:00,51,47
http://irail.be/vehicle/IC938,http://irail.be/stations/NMBS/008884855,IC,2016-05-20T18:04:00,2016-05-20T18:04:00,51,51
http://irail.be/vehicle/IC938,http://irail.be/stations/NMBS/008884889,IC,2016-05-20T18:06:00,2016-05-20T18:06:00,51,51
http://irail.be/vehicle/IC938,http://irail.be/stations/NMBS/008885530,IC,2016-05-20T18:08:00,2016-05-20T18:08:00,-9,-9
http://irail.be/vehicle/IC938,http://irail.be/stations/NMBS/008885522,IC,2016-05-20T18:09:00,2016-05-20T18:09:00,46,33
http://irail.be/vehicle/IC938,http://irail.be/stations/NMBS/008885001,IC,2016-05-20T18:19:00,2016-05-20T18:15:00,35,21
http://irail.be/vehicle/IC938,http://irail.be/stations/NMBS/008885068,IC,2016-05-20T18:23:00,2016-05-20T18:23:00,64,29
http://irail.be/vehicle/IC938,http://irail.be/stations/NMBS/008885753,IC,2016-05-20T18:33:00,2016-05-20T18:33:00,0,-116
http://irail.be/vehicle/IC938,http://irail.be/stations/NMBS/008885704,IC,2016-05-20T18:37:00,2016-05-20T18:37:00,0,3
http://irail.be/vehicle/IC938,http://irail.be/stations/NMBS/008863008,IC,2016-07-28T16:38:00,2016-07-28T16:38:00,119,
http://irail.be/vehicle/IC938,http://irail.be/stations/NMBS/008861119,IC,2016-07-28T16:41:00,2016-07-28T16:41:00,147,147
http://irail.be/vehicle/IC938,http://irail.be/stations/NMBS/008861127,IC,2016-07-28T16:43:00,2016-07-28T16:43:00,203,203
http://irail.be/vehicle/IC938,http://irail.be/stations/NMBS/008861135,IC,2016-07-28T16:46:00,2016-07-28T16:46:00,164,164
http://irail.be/vehicle/IC938,http://irail.be/stations/NMBS/008861143,IC,2016-07-28T16:49:00,2016-07-28T16:49:00,156,156
http://irail.be/vehicle/IC938,http://irail.be/stations/NMBS/008861150,IC,2016-07-28T16:51:00,2016-07-28T16:51:00,156,156
http://irail.be/vehicle/IC938,NO-URI,IC,2016-07-28T16:51:00,2016-07-28T16:51:00,234,234
http://irail.be/vehicle/IC938,http://irail.be/stations/NMBS/008861168,IC,2016-07-28T16:52:00,2016-07-28T16:52:00,234,234
http://irail.be/vehicle/IC938,http://irail.be/stations/NMBS/008874724,IC,2016-07-28T16:52:00,2016-07-28T16:52:00,239,239
http://irail.be/vehicle/IC938,NO-URI,IC,2016-07-28T16:54:00,2016-07-28T16:54:00,141,141
http://irail.be/vehicle/IC938,http://irail.be/stations/NMBS/008874716,IC,2016-07-28T16:55:00,2016-07-28T16:55:00,152,152
http://irail.be/vehicle/IC938,http://irail.be/stations/NMBS/008874609,IC,2016-07-28T16:58:00,2016-07-28T16:57:00,167,150
http://irail.be/vehicle/IC938,http://irail.be/stations/NMBS/008874583,IC,2016-07-28T17:00:00,2016-07-28T17:00:00,167,167
http://irail.be/vehicle/IC938,http://irail.be/stations/NMBS/008874567,IC,2016-07-28T17:01:00,2016-07-28T17:01:00,167,167
http://irail.be/vehicle/IC938,http://irail.be/stations/NMBS/008874559,IC,2016-07-28T17:02:00,2016-07-28T17:02:00,133,133
http://irail.be/vehicle/IC938,NO-URI,IC,2016-07-28T17:03:00,2016-07-28T17:03:00,133,133
http://irail.be/vehicle/IC938,http://irail.be/stations/NMBS/008874005,IC,2016-07-28T17:03:00,2016-07-28T17:03:00,143,143
http://irail.be/vehicle/IC938,http://irail.be/stations/NMBS/008874054,IC,2016-07-28T17:06:00,2016-07-28T17:06:00,93,93
http://irail.be/vehicle/IC938,http://irail.be/stations/NMBS/008872009,IC,2016-07-28T17:11:00,2016-07-28T17:08:00,33,113
http://irail.be/vehicle/IC938,http://irail.be/stations/NMBS/008871100,IC,2016-07-28T17:15:00,2016-07-28T17:15:00,10,10
http://irail.be/vehicle/IC938,http://irail.be/stations/NMBS/008871514,IC,2016-07-28T17:19:00,2016-07-28T17:19:00,7,7
http://irail.be/vehicle/IC938,http://irail.be/stations/NMBS/008871415,IC,2016-07-28T17:20:00,2016-07-28T17:20:00,-17,-17
http://irail.be/vehicle/IC938,http://irail.be/stations/NMBS/008882248,IC,2016-07-28T17:22:00,2016-07-28T17:22:00,-17,-17
http://irail.be/vehicle/IC938,http://irail.be/stations/NMBS/008882230,IC,2016-07-28T17:23:00,2016-07-28T17:23:00,-17,-17
http://irail.be/vehicle/IC938,http://irail.be/stations/NMBS/008882206,IC,2016-07-28T17:28:00,2016-07-28T17:27:00,3,-65
http://irail.be/vehicle/IC938,http://irail.be/stations/NMBS/008881463,IC,2016-07-28T17:32:00,2016-07-28T17:32:00,9,9
http://irail.be/vehicle/IC938,http://irail.be/stations/NMBS/008881455,IC,2016-07-28T17:33:00,2016-07-28T17:33:00,9,9
http://irail.be/vehicle/IC938,http://irail.be/stations/NMBS/008881430,IC,2016-07-28T17:35:00,2016-07-28T17:35:00,9,9
http://irail.be/vehicle/IC938,NO-URI,IC,2016-07-28T17:36:00,2016-07-28T17:36:00,-6,-6
http://irail.be/vehicle/IC938,http://irail.be/stations/NMBS/008881406,IC,2016-07-28T17:37:00,2016-07-28T17:37:00,-6,-6
http://irail.be/vehicle/IC938,http://irail.be/stations/NMBS/008881315,IC,2016-07-28T17:39:00,2016-07-28T17:39:00,-6,-6
http://irail.be/vehicle/IC938,http://irail.be/stations/NMBS/008881000,IC,2016-07-28T17:45:00,2016-07-28T17:42:00,27,-36
http://irail.be/vehicle/IC938,http://irail.be/stations/NMBS/008884566,IC,2016-07-28T17:50:00,2016-07-28T17:50:00,-32,-32
http://irail.be/vehicle/IC938,http://irail.be/stations/NMBS/008884541,IC,2016-07-28T17:51:00,2016-07-28T17:51:00,-32,-32
http://irail.be/vehicle/IC938,http://irail.be/stations/NMBS/008884004,IC,2016-07-28T17:54:00,2016-07-28T17:53:00,30,6
http://irail.be/vehicle/IC938,http://irail.be/stations/NMBS/008884632,IC,2016-07-28T17:59:00,2016-07-28T17:59:00,30,30
http://irail.be/vehicle/IC938,http://irail.be/stations/NMBS/008884640,IC,2016-07-28T18:00:00,2016-07-28T18:00:00,30,30
http://irail.be/vehicle/IC938,http://irail.be/stations/NMBS/008884715,IC,2016-07-28T18:01:00,2016-07-28T18:01:00,117,117
http://irail.be/vehicle/IC938,http://irail.be/stations/NMBS/008884855,IC,2016-07-28T18:04:00,2016-07-28T18:04:00,117,117
http://irail.be/vehicle/IC938,http://irail.be/stations/NMBS/008884889,IC,2016-07-28T18:06:00,2016-07-28T18:06:00,117,117
http://irail.be/vehicle/IC938,http://irail.be/stations/NMBS/008885530,IC,2016-07-28T18:08:00,2016-07-28T18:08:00,57,57
http://irail.be/vehicle/IC938,http://irail.be/stations/NMBS/008885522,IC,2016-07-28T18:09:00,2016-07-28T18:09:00,131,131
http://irail.be/vehicle/IC938,http://irail.be/stations/NMBS/008885001,IC,2016-07-28T18:19:00,2016-07-28T18:15:00,25,49
http://irail.be/vehicle/IC938,http://irail.be/stations/NMBS/008885068,IC,2016-07-28T18:23:00,2016-07-28T18:23:00,37,5
http://irail.be/vehicle/IC938,http://irail.be/stations/NMBS/008885753,IC,2016-07-28T18:33:00,2016-07-28T18:33:00,0,-143
http://irail.be/vehicle/IC938,http://irail.be/stations/NMBS/008885704,IC,2016-07-28T18:37:00,2016-07-28T18:37:00,,7
http://irail.be/vehicle/IC938,http://irail.be/stations/NMBS/008863008,IC,2016-10-20T16:38:00,2016-10-20T16:38:00,1,
http://irail.be/vehicle/IC938,http://irail.be/stations/NMBS/008861119,IC,2016-10-20T16:41:00,2016-10-20T16:41:00,31,31
http://irail.be/vehicle/IC938,http://irail.be/stations/NMBS/008861127,IC,2016-10-20T16:43:00,2016-10-20T16:43:00,-19,-19
http://irail.be/vehicle/IC938,http://irail.be/stations/NMBS/008861135,IC,2016-10-20T16:46:00,2016-10-20T16:46:00,-56,-56
http://irail.be/vehicle/IC938,http://irail.be/stations/NMBS/008861143,IC,2016-10-20T16:49:00,2016-10-20T16:49:00,-146,-146
http://irail.be/vehicle/IC938,http://irail.be/stations/NMBS/008861150,IC,2016-10-20T16:51:00,2016-10-20T16:51:00,-146,-146
http://irail.be/vehicle/IC938,NO-URI,IC,2016-10-20T16:51:00,2016-10-20T16:51:00,-119,-119
http://irail.be/vehicle/IC938,http://irail.be/stations/NMBS/008861168,IC,2016-10-20T16:52:00,2016-10-20T16:52:00,-119,-119
http://irail.be/vehicle/IC938,http://irail.be/stations/NMBS/008874724,IC,2016-10-20T16:52:00,2016-10-20T16:52:00,-111,-111
http://irail.be/vehicle/IC938,NO-URI,IC,2016-10-20T16:54:00,2016-10-20T16:54:00,-204,-204
http://irail.be/vehicle/IC938,http://irail.be/stations/NMBS/008874716,IC,2016-10-20T16:55:00,2016-10-20T16:55:00,-137,-137
http://irail.be/vehicle/IC938,http://irail.be/stations/NMBS/008874609,IC,2016-10-20T16:58:00,2016-10-20T16:57:00,33,20
http://irail.be/vehicle/IC938,http://irail.be/stations/NMBS/008874583,IC,2016-10-20T17:00:00,2016-10-20T17:00:00,33,33
http://irail.be/vehicle/IC938,http://irail.be/stations/NMBS/008874567,IC,2016-10-20T17:01:00,2016-10-20T17:01:00,33,33
http://irail.be/vehicle/IC938,http://irail.be/stations/NMBS/008874559,IC,2016-10-20T17:02:00,2016-10-20T17:02:00,16,16
http://irail.be/vehicle/IC938,NO-URI,IC,2016-10-20T17:03:00,2016-10-20T17:03:00,16,16
http://irail.be/vehicle/IC938,http://irail.be/stations/NMBS/008874005,IC,2016-10-20T17:03:00,2016-10-20T17:03:00,29,29
http://irail.be/vehicle/IC938,http://irail.be/stations/NMBS/008874054,IC,2016-10-20T17:06:00,2016-10-20T17:06:00,-16,-16
http://irail.be/vehicle/IC938,http://irail.be/stations/NMBS/008872009,IC,2016-10-20T17:11:00,2016-10-20T17:08:00,520,28
http://irail.be/vehicle/IC938,http://irail.be/stations/NMBS/008871100,IC,2016-10-20T17:15:00,2016-10-20T17:15:00,568,568
http://irail.be/vehicle/IC938,http://irail.be/stations/NMBS/008871514,IC,2016-10-20T17:19:00,2016-10-20T17:19:00,626,626
http://irail.be/vehicle/IC938,http://irail.be/stations/NMBS/008871415,IC,2016-10-20T17:20:00,2016-10-20T17:20:00,632,632
http://irail.be/vehicle/IC938,http://irail.be/stations/NMBS/008882248,IC,2016-10-20T17:22:00,2016-10-20T17:22:00,632,632
http://irail.be/vehicle/IC938,http://irail.be/stations/NMBS/008882230,IC,2016-10-20T17:23:00,2016-10-20T17:23:00,632,632
http://irail.be/vehicle/IC938,http://irail.be/stations/NMBS/008882206,IC,2016-10-20T17:28:00,2016-10-20T17:27:00,701,682
http://irail.be/vehicle/IC938,http://irail.be/stations/NMBS/008881463,IC,2016-10-20T17:32:00,2016-10-20T17:32:00,694,694
http://irail.be/vehicle/IC938,http://irail.be/stations/NMBS/008881455,IC,2016-10-20T17:33:00,2016-10-20T17:33:00,694,694
http://irail.be/vehicle/IC938,http://irail.be/stations/NMBS/008881430,IC,2016-10-20T17:35:00,2016-10-20T17:35:00,694,694
http://irail.be/vehicle/IC938,NO-URI,IC,2016-10-20T17:36:00,2016-10-20T17:36:00,678,678
http://irail.be/vehicle/IC938,http://irail.be/stations/NMBS/008881406,IC,2016-10-20T17:37:00,2016-10-20T17:37:00,618,618
http://irail.be/vehicle/IC938,http://irail.be/stations/NMBS/008881315,IC,2016-10-20T17:39:00,2016-10-20T17:39:00,618,618
http://irail.be/vehicle/IC938,http://irail.be/stations/NMBS/008881000,IC,2016-10-20T17:45:00,2016-10-20T17:42:00,583,693
http://irail.be/vehicle/IC938,http://irail.be/stations/NMBS/008884566,IC,2016-10-20T17:50:00,2016-10-20T17:50:00,521,521
http://irail.be/vehicle/IC938,http://irail.be/stations/NMBS/008884541,IC,2016-10-20T17:51:00,2016-10-20T17:51:00,512,512
http://irail.be/vehicle/IC938,http://irail.be/stations/NMBS/008884004,IC,2016-10-20T17:54:00,2016-10-20T17:53:00,508,505
http://irail.be/vehicle/IC938,http://irail.be/stations/NMBS/008884632,IC,2016-10-20T17:59:00,2016-10-20T17:59:00,508,508
http://irail.be/vehicle/IC938,http://irail.be/stations/NMBS/008884640,IC,2016-10-20T18:00:00,2016-10-20T18:00:00,508,508
http://irail.be/vehicle/IC938,http://irail.be/stations/NMBS/008884715,IC,2016-10-20T18:01:00,2016-10-20T18:01:00,561,561
http://irail.be/vehicle/IC938,http://irail.be/stations/NMBS/008884855,IC,2016-10-20T18:04:00,2016-10-20T18:04:00,561,561
http://irail.be/vehicle/IC938,http://irail.be/stations/NMBS/008884889,IC,2016-10-20T18:06:00,2016-10-20T18:06:00,561,561
http://irail.be/vehicle/IC938,http://irail.be/stations/NMBS/008885530,IC,2016-10-20T18:08:00,2016-10-20T18:08:00,501,501
http://irail.be/vehicle/IC938,http://irail.be/stations/NMBS/008885522,IC,2016-10-20T18:09:00,2016-10-20T18:09:00,594,594
http://irail.be/vehicle/IC938,http://irail.be/stations/NMBS/008885001,IC,2016-10-20T18:19:00,2016-10-20T18:15:00,449,626
http://irail.be/vehicle/IC938,http://irail.be/stations/NMBS/008885068,IC,2016-10-20T18:23:00,2016-10-20T18:23:00,423,405
http://irail.be/vehicle/IC938,http://irail.be/stations/NMBS/008885753,IC,2016-10-20T18:33:00,2016-10-20T18:33:00,243,243
http://irail.be/vehicle/IC938,http://irail.be/stations/NMBS/008885704,IC,2016-10-20T18:37:00,2016-10-20T18:37:00,,343
http://irail.be/vehicle/IC938,http://irail.be/stations/NMBS/008863008,IC,2016-12-23T16:38:00,2016-12-23T16:38:00,64,
http://irail.be/vehicle/IC938,http://irail.be/stations/NMBS/008861119,IC,2016-12-23T16:41:00,2016-12-23T16:41:00,83,83
http://irail.be/vehicle/IC938,http://irail.be/stations/NMBS/008861127,IC,2016-12-23T16:43:00,2016-12-23T16:43:00,20,20
http://irail.be/vehicle/IC938,http://irail.be/stations/NMBS/008861135,IC,2016-12-23T16:46:00,2016-12-23T16:46:00,20,20
http://irail.be/vehicle/IC938,http://irail.be/stations/NMBS/008861143,IC,2016-12-23T16:49:00,2016-12-23T16:49:00,-78,-78
http://irail.be/vehicle/IC938,http://irail.be/stations/NMBS/008861150,IC,2016-12-23T16:51:00,2016-12-23T16:51:00,-62,-62
http://irail.be/vehicle/IC938,NO-URI,IC,2016-12-23T16:51:00,2016-12-23T16:51:00,-62,-62
http://irail.be/vehicle/IC938,http://irail.be/stations/NMBS/008861168,IC,2016-12-23T16:52:00,2016-12-23T16:52:00,12,12
http://irail.be/vehicle/IC938,http://irail.be/stations/NMBS/008874724,IC,2016-12-23T16:52:00,2016-12-23T16:52:00,133,133
http://irail.be/vehicle/IC938,NO-URI,IC,2016-12-23T16:54:00,2016-12-23T16:54:00,133,133
http://irail.be/vehicle/IC938,http://irail.be/stations/NMBS/008874716,IC,2016-12-23T16:55:00,2016-12-23T16:55:00,97,97
http://irail.be/vehicle/IC938,http://irail.be/stations/NMBS/008874609,IC,2016-12-23T16:58:00,2016-12-23T16:57:00,114,100
http://irail.be/vehicle/IC938,http://irail.be/stations/NMBS/008874583,IC,2016-12-23T17:00:00,2016-12-23T17:00:00,114,114
http://irail.be/vehicle/IC938,http://irail.be/stations/NMBS/008874567,IC,2016-12-23T17:01:00,2016-12-23T17:01:00,97,97
http://irail.be/vehicle/IC938,http://irail.be/stations/NMBS/008874559,IC,2016-12-23T17:02:00,2016-12-23T17:02:00,97,97
http://irail.be/vehicle/IC938,http://irail.be/stations/NMBS/008874005,IC,2016-12-23T17:03:00,2016-12-23T17:03:00,91,91
http://irail.be/vehicle/IC938,http://irail.be/stations/NMBS/008874054,IC,2016-12-23T17:06:00,2016-12-23T17:06:00,42,42
http://irail.be/vehicle/IC938,http://irail.be/stations/NMBS/008872009,IC,2016-12-23T17:11:00,2016-12-23T17:08:00,52,27
http://irail.be/vehicle/IC938,http://irail.be/stations/NMBS/008871100,IC,2016-12-23T17:15:00,2016-12-23T17:15:00,29,29
http://irail.be/vehicle/IC938,http://irail.be/stations/NMBS/008871514,IC,2016-12-23T17:19:00,2016-12-23T17:19:00,11,11
http://irail.be/vehicle/IC938,http://irail.be/stations/NMBS/008871415,IC,2016-12-23T17:20:00,2016-12-23T17:20:00,11,11
http://irail.be/vehicle/IC938,http://irail.be/stations/NMBS/008882248,IC,2016-12-23T17:22:00,2016-12-23T17:22:00,1,1
http://irail.be/vehicle/IC938,http://irail.be/stations/NMBS/008882230,IC,2016-12-23T17:23:00,2016-12-23T17:23:00,67,67
http://irail.be/vehicle/IC938,http://irail.be/stations/NMBS/008882206,IC,2016-12-23T17:28:00,2016-12-23T17:27:00,58,55
http://irail.be/vehicle/IC938,http://irail.be/stations/NMBS/008881463,IC,2016-12-23T17:32:00,2016-12-23T17:32:00,46,46
http://irail.be/vehicle/IC938,http://irail.be/stations/NMBS/008881455,IC,2016-12-23T17:33:00,2016-12-23T17:33:00,27,27
http://irail.be/vehicle/IC938,http://irail.be/stations/NMBS/008881430,IC,2016-12-23T17:35:00,2016-12-23T17:35:00,27,27
http://irail.be/vehicle/IC938,NO-URI,IC,2016-12-23T17:36:00,2016-12-23T17:36:00,27,27
http://irail.be/vehicle/IC938,http://irail.be/stations/NMBS/008881406,IC,2016-12-23T17:37:00,2016-12-23T17:37:00,10,10
http://irail.be/vehicle/IC938,http://irail.be/stations/NMBS/008881315,IC,2016-12-23T17:39:00,2016-12-23T17:39:00,114,114
http://irail.be/vehicle/IC938,http://irail.be/stations/NMBS/008881000,IC,2016-12-23T17:45:00,2016-12-23T17:42:00,96,114
http://irail.be/vehicle/IC938,http://irail.be/stations/NMBS/008884566,IC,2016-12-23T17:50:00,2016-12-23T17:50:00,96,96
http://irail.be/vehicle/IC938,http://irail.be/stations/NMBS/008884541,IC,2016-12-23T17:51:00,2016-12-23T17:51:00,24,24
http://irail.be/vehicle/IC938,http://irail.be/stations/NMBS/008884004,IC,2016-12-23T17:54:00,2016-12-23T17:53:00,1,60
http://irail.be/vehicle/IC938,http://irail.be/stations/NMBS/008884632,IC,2016-12-23T17:59:00,2016-12-23T17:59:00,1,1
http://irail.be/vehicle/IC938,http://irail.be/stations/NMBS/008884640,IC,2016-12-23T18:00:00,2016-12-23T18:00:00,51,51
http://irail.be/vehicle/IC938,http://irail.be/stations/NMBS/008884715,IC,2016-12-23T18:01:00,2016-12-23T18:01:00,51,51
http://irail.be/vehicle/IC938,http://irail.be/stations/NMBS/008884855,IC,2016-12-23T18:04:00,2016-12-23T18:04:00,52,52
http://irail.be/vehicle/IC938,http://irail.be/stations/NMBS/008884889,IC,2016-12-23T18:06:00,2016-12-23T18:06:00,14,14
http://irail.be/vehicle/IC938,http://irail.be/stations/NMBS/008885530,IC,2016-12-23T18:08:00,2016-12-23T18:08:00,11,11
http://irail.be/vehicle/IC938,http://irail.be/stations/NMBS/008885522,IC,2016-12-23T18:09:00,2016-12-23T18:09:00,109,109
http://irail.be/vehicle/IC938,http://irail.be/stations/NMBS/008885001,IC,2016-12-23T18:19:00,2016-12-23T18:15:00,136,138
http://irail.be/vehicle/IC938,http://irail.be/stations/NMBS/008885068,IC,2016-12-23T18:23:00,2016-12-23T18:23:00,167,119
http://irail.be/vehicle/IC938,http://irail.be/stations/NMBS/008885753,IC,2016-12-23T18:33:00,2016-12-23T18:33:00,133,133
http://irail.be/vehicle/IC938,http://irail.be/stations/NMBS/008885704,IC,2016-12-23T18:37:00,2016-12-23T18:37:00,,133
http://irail.be/vehicle/IC938,http://irail.be/stations/NMBS/008863008,IC,2016-06-10T16:38:00,2016-06-10T16:38:00,22,0
http://irail.be/vehicle/IC938,http://irail.be/stations/NMBS/008861119,IC,2016-06-10T16:41:00,2016-06-10T16:41:00,141,141
http://irail.be/vehicle/IC938,NO-URI,IC,2016-06-10T16:41:00,2016-06-10T16:41:00,141,141
http://irail.be/vehicle/IC938,http://irail.be/stations/NMBS/008861127,IC,2016-06-10T16:43:00,2016-06-10T16:43:00,205,178
http://irail.be/vehicle/IC938,http://irail.be/stations/NMBS/008861135,IC,2016-06-10T16:46:00,2016-06-10T16:46:00,187,205
http://irail.be/vehicle/IC938,http://irail.be/stations/NMBS/008861143,IC,2016-06-10T16:49:00,2016-06-10T16:49:00,96,96
http://irail.be/vehicle/IC938,http://irail.be/stations/NMBS/008861150,IC,2016-06-10T16:51:00,2016-06-10T16:51:00,96,96
http://irail.be/vehicle/IC938,NO-URI,IC,2016-06-10T16:51:00,2016-06-10T16:51:00,121,119
http://irail.be/vehicle/IC938,http://irail.be/stations/NMBS/008861168,IC,2016-06-10T16:52:00,2016-06-10T16:52:00,121,121
http://irail.be/vehicle/IC938,http://irail.be/stations/NMBS/008874724,IC,2016-06-10T16:52:00,2016-06-10T16:52:00,126,121
http://irail.be/vehicle/IC938,NO-URI,IC,2016-06-10T16:54:00,2016-06-10T16:54:00,31,29
http://irail.be/vehicle/IC938,http://irail.be/stations/NMBS/008874716,IC,2016-06-10T16:55:00,2016-06-10T16:55:00,42,42
http://irail.be/vehicle/IC938,http://irail.be/stations/NMBS/008874609,IC,2016-06-10T16:58:00,2016-06-10T16:57:00,91,68
http://irail.be/vehicle/IC938,http://irail.be/stations/NMBS/008874583,IC,2016-06-10T16:59:00,2016-06-10T16:59:00,31,31
http://irail.be/vehicle/IC938,http://irail.be/stations/NMBS/008874567,IC,2016-06-10T17:01:00,2016-06-10T17:01:00,91,91
http://irail.be/vehicle/IC938,http://irail.be/stations/NMBS/008874559,IC,2016-06-10T17:02:00,2016-06-10T17:02:00,60,60
http://irail.be/vehicle/IC938,http://irail.be/stations/NMBS/008874005,IC,2016-06-10T17:03:00,2016-06-10T17:03:00,71,67
http://irail.be/vehicle/IC938,http://irail.be/stations/NMBS/008874054,IC,2016-06-10T17:06:00,2016-06-10T17:06:00,64,32
http://irail.be/vehicle/IC938,http://irail.be/stations/NMBS/008872009,IC,2016-06-10T17:11:00,2016-06-10T17:08:00,76,124
http://irail.be/vehicle/IC938,http://irail.be/stations/NMBS/008871100,IC,2016-06-10T17:15:00,2016-06-10T17:15:00,69,36
http://irail.be/vehicle/IC938,http://irail.be/stations/NMBS/008871514,IC,2016-06-10T17:18:00,2016-06-10T17:18:00,3,3
http://irail.be/vehicle/IC938,http://irail.be/stations/NMBS/008871415,IC,2016-06-10T17:20:00,2016-06-10T17:20:00,28,39
http://irail.be/vehicle/IC938,http://irail.be/stations/NMBS/008882248,IC,2016-06-10T17:21:00,2016-06-10T17:21:00,-32,-32
http://irail.be/vehicle/IC938,http://irail.be/stations/NMBS/008882230,IC,2016-06-10T17:22:00,2016-06-10T17:22:00,-32,-32
http://irail.be/vehicle/IC938,http://irail.be/stations/NMBS/008882206,IC,2016-06-10T17:28:00,2016-06-10T17:27:00,45,-24
http://irail.be/vehicle/IC938,http://irail.be/stations/NMBS/008881463,IC,2016-06-10T17:32:00,2016-06-10T17:32:00,29,29
http://irail.be/vehicle/IC938,http://irail.be/stations/NMBS/008881455,IC,2016-06-10T17:33:00,2016-06-10T17:33:00,29,29
http://irail.be/vehicle/IC938,http://irail.be/stations/NMBS/008881430,IC,2016-06-10T17:34:00,2016-06-10T17:34:00,-31,-31
http://irail.be/vehicle/IC938,NO-URI,IC,2016-06-10T17:36:00,2016-06-10T17:36:00,22,19
http://irail.be/vehicle/IC938,http://irail.be/stations/NMBS/008881406,IC,2016-06-10T17:37:00,2016-06-10T17:37:00,-38,-38
http://irail.be/vehicle/IC938,http://irail.be/stations/NMBS/008881315,IC,2016-06-10T17:40:00,2016-06-10T17:40:00,22,22
http://irail.be/vehicle/IC938,http://irail.be/stations/NMBS/008881000,IC,2016-06-10T17:45:00,2016-06-10T17:42:00,49,113
http://irail.be/vehicle/IC938,http://irail.be/stations/NMBS/008884566,IC,2016-06-10T17:50:00,2016-06-10T17:50:00,-1,-11
http://irail.be/vehicle/IC938,http://irail.be/stations/NMBS/008884541,IC,2016-06-10T17:51:00,2016-06-10T17:51:00,-7,-7
http://irail.be/vehicle/IC938,http://irail.be/stations/NMBS/008884004,IC,2016-06-10T17:54:00,2016-06-10T17:53:00,103,-12
http://irail.be/vehicle/IC938,http://irail.be/stations/NMBS/008884632,IC,2016-06-10T17:58:00,2016-06-10T17:58:00,43,43
http://irail.be/vehicle/IC938,http://irail.be/stations/NMBS/008884640,IC,2016-06-10T17:59:00,2016-06-10T17:59:00,43,43
http://irail.be/vehicle/IC938,http://irail.be/stations/NMBS/008884715,IC,2016-06-10T18:01:00,2016-06-10T18:01:00,75,73
http://irail.be/vehicle/IC938,http://irail.be/stations/NMBS/008884855,IC,2016-06-10T18:03:00,2016-06-10T18:03:00,15,15
http://irail.be/vehicle/IC938,http://irail.be/stations/NMBS/008884889,IC,2016-06-10T18:06:00,2016-06-10T18:06:00,75,75
http://irail.be/vehicle/IC938,http://irail.be/stations/NMBS/008885530,IC,2016-06-10T18:08:00,2016-06-10T18:08:00,15,15
http://irail.be/vehicle/IC938,http://irail.be/stations/NMBS/008885522,IC,2016-06-10T18:09:00,2016-06-10T18:09:00,15,15
http://irail.be/vehicle/IC938,http://irail.be/stations/NMBS/008885001,IC,2016-06-10T18:19:00,2016-06-10T18:15:00,436,316
http://irail.be/vehicle/IC938,http://irail.be/stations/NMBS/008885068,IC,2016-06-10T18:23:00,2016-06-10T18:23:00,452,412
http://irail.be/vehicle/IC938,http://irail.be/stations/NMBS/008885753,IC,2016-06-10T18:33:00,2016-06-10T18:33:00,272,272
http://irail.be/vehicle/IC938,http://irail.be/stations/NMBS/008885704,IC,2016-06-10T18:37:00,2016-06-10T18:37:00,0,348
http://irail.be/vehicle/IC938,http://irail.be/stations/NMBS/008863008,IC,2016-10-25T16:38:00,2016-10-25T16:38:00,23,
http://irail.be/vehicle/IC938,http://irail.be/stations/NMBS/008861119,IC,2016-10-25T16:41:00,2016-10-25T16:41:00,46,46
http://irail.be/vehicle/IC938,http://irail.be/stations/NMBS/008861127,IC,2016-10-25T16:43:00,2016-10-25T16:43:00,-7,-7
http://irail.be/vehicle/IC938,http://irail.be/stations/NMBS/008861135,IC,2016-10-25T16:46:00,2016-10-25T16:46:00,-41,-41
http://irail.be/vehicle/IC938,http://irail.be/stations/NMBS/008861143,IC,2016-10-25T16:49:00,2016-10-25T16:49:00,-117,-117
http://irail.be/vehicle/IC938,http://irail.be/stations/NMBS/008861150,IC,2016-10-25T16:51:00,2016-10-25T16:51:00,-117,-117
http://irail.be/vehicle/IC938,NO-URI,IC,2016-10-25T16:51:00,2016-10-25T16:51:00,-8,-8
http://irail.be/vehicle/IC938,http://irail.be/stations/NMBS/008861168,IC,2016-10-25T16:52:00,2016-10-25T16:52:00,-8,-8
http://irail.be/vehicle/IC938,http://irail.be/stations/NMBS/008874724,IC,2016-10-25T16:52:00,2016-10-25T16:52:00,0,0
http://irail.be/vehicle/IC938,NO-URI,IC,2016-10-25T16:54:00,2016-10-25T16:54:00,-90,-90
http://irail.be/vehicle/IC938,http://irail.be/stations/NMBS/008874716,IC,2016-10-25T16:55:00,2016-10-25T16:55:00,-67,-67
http://irail.be/vehicle/IC938,http://irail.be/stations/NMBS/008874609,IC,2016-10-25T16:58:00,2016-10-25T16:57:00,51,12
http://irail.be/vehicle/IC938,http://irail.be/stations/NMBS/008874583,IC,2016-10-25T17:00:00,2016-10-25T17:00:00,51,51
http://irail.be/vehicle/IC938,http://irail.be/stations/NMBS/008874567,IC,2016-10-25T17:01:00,2016-10-25T17:01:00,51,51
http://irail.be/vehicle/IC938,http://irail.be/stations/NMBS/008874559,IC,2016-10-25T17:02:00,2016-10-25T17:02:00,29,29
http://irail.be/vehicle/IC938,NO-URI,IC,2016-10-25T17:03:00,2016-10-25T17:03:00,29,29
http://irail.be/vehicle/IC938,http://irail.be/stations/NMBS/008874005,IC,2016-10-25T17:03:00,2016-10-25T17:03:00,37,37
http://irail.be/vehicle/IC938,http://irail.be/stations/NMBS/008874054,IC,2016-10-25T17:06:00,2016-10-25T17:06:00,-13,-13
http://irail.be/vehicle/IC938,http://irail.be/stations/NMBS/008872009,IC,2016-10-25T17:11:00,2016-10-25T17:08:00,846,33
http://irail.be/vehicle/IC938,http://irail.be/stations/NMBS/008871100,IC,2016-10-25T17:15:00,2016-10-25T17:15:00,876,876
http://irail.be/vehicle/IC938,http://irail.be/stations/NMBS/008871514,IC,2016-10-25T17:19:00,2016-10-25T17:19:00,942,942
http://irail.be/vehicle/IC938,http://irail.be/stations/NMBS/008871415,IC,2016-10-25T17:20:00,2016-10-25T17:20:00,963,963
http://irail.be/vehicle/IC938,http://irail.be/stations/NMBS/008882248,IC,2016-10-25T17:22:00,2016-10-25T17:22:00,963,963
http://irail.be/vehicle/IC938,http://irail.be/stations/NMBS/008882230,IC,2016-10-25T17:23:00,2016-10-25T17:23:00,963,963
http://irail.be/vehicle/IC938,http://irail.be/stations/NMBS/008882206,IC,2016-10-25T17:28:00,2016-10-25T17:27:00,947,912
http://irail.be/vehicle/IC938,http://irail.be/stations/NMBS/008881463,IC,2016-10-25T17:32:00,2016-10-25T17:32:00,937,937
http://irail.be/vehicle/IC938,http://irail.be/stations/NMBS/008881455,IC,2016-10-25T17:33:00,2016-10-25T17:33:00,937,937
http://irail.be/vehicle/IC938,http://irail.be/stations/NMBS/008881430,IC,2016-10-25T17:35:00,2016-10-25T17:35:00,937,937
http://irail.be/vehicle/IC938,NO-URI,IC,2016-10-25T17:36:00,2016-10-25T17:36:00,929,929
http://irail.be/vehicle/IC938,http://irail.be/stations/NMBS/008881406,IC,2016-10-25T17:37:00,2016-10-25T17:37:00,869,869
http://irail.be/vehicle/IC938,http://irail.be/stations/NMBS/008881315,IC,2016-10-25T17:39:00,2016-10-25T17:39:00,869,869
http://irail.be/vehicle/IC938,http://irail.be/stations/NMBS/008881000,IC,2016-10-25T17:45:00,2016-10-25T17:42:00,939,979
http://irail.be/vehicle/IC938,http://irail.be/stations/NMBS/008884566,IC,2016-10-25T17:50:00,2016-10-25T17:50:00,863,863
http://irail.be/vehicle/IC938,http://irail.be/stations/NMBS/008884541,IC,2016-10-25T17:51:00,2016-10-25T17:51:00,850,850
http://irail.be/vehicle/IC938,http://irail.be/stations/NMBS/008884004,IC,2016-10-25T17:54:00,2016-10-25T17:53:00,924,924
http://irail.be/vehicle/IC938,http://irail.be/stations/NMBS/008884632,IC,2016-10-25T17:59:00,2016-10-25T17:59:00,924,924
http://irail.be/vehicle/IC938,http://irail.be/stations/NMBS/008884640,IC,2016-10-25T18:00:00,2016-10-25T18:00:00,924,924
http://irail.be/vehicle/IC938,http://irail.be/stations/NMBS/008884715,IC,2016-10-25T18:01:00,2016-10-25T18:01:00,883,883
http://irail.be/vehicle/IC938,http://irail.be/stations/NMBS/008884855,IC,2016-10-25T18:04:00,2016-10-25T18:04:00,883,883
http://irail.be/vehicle/IC938,http://irail.be/stations/NMBS/008884889,IC,2016-10-25T18:06:00,2016-10-25T18:06:00,883,883
http://irail.be/vehicle/IC938,http://irail.be/stations/NMBS/008885530,IC,2016-10-25T18:08:00,2016-10-25T18:08:00,823,823
http://irail.be/vehicle/IC938,http://irail.be/stations/NMBS/008885522,IC,2016-10-25T18:09:00,2016-10-25T18:09:00,860,860
http://irail.be/vehicle/IC938,http://irail.be/stations/NMBS/008885001,IC,2016-10-25T18:19:00,2016-10-25T18:15:00,874,836
http://irail.be/vehicle/IC938,http://irail.be/stations/NMBS/008885068,IC,2016-10-25T18:23:00,2016-10-25T18:23:00,1000,976
http://irail.be/vehicle/IC938,http://irail.be/stations/NMBS/008885753,IC,2016-10-25T18:33:00,2016-10-25T18:33:00,820,820
http://irail.be/vehicle/IC938,http://irail.be/stations/NMBS/008885704,IC,2016-10-25T18:37:00,2016-10-25T18:37:00,,1247
http://irail.be/vehicle/IC938,http://irail.be/stations/NMBS/008863008,IC,2016-03-23T16:38:00,2016-03-23T16:38:00,85,0
http://irail.be/vehicle/IC938,http://irail.be/stations/NMBS/008861119,IC,2016-03-23T16:41:00,2016-03-23T16:41:00,117,117
http://irail.be/vehicle/IC938,http://irail.be/stations/NMBS/008861127,IC,2016-03-23T16:43:00,2016-03-23T16:43:00,80,60
http://irail.be/vehicle/IC938,http://irail.be/stations/NMBS/008861135,IC,2016-03-23T16:46:00,2016-03-23T16:46:00,49,80
http://irail.be/vehicle/IC938,http://irail.be/stations/NMBS/008861143,IC,2016-03-23T16:49:00,2016-03-23T16:49:00,-38,-38
http://irail.be/vehicle/IC938,http://irail.be/stations/NMBS/008861150,IC,2016-03-23T16:51:00,2016-03-23T16:51:00,-38,-38
http://irail.be/vehicle/IC938,NO-URI,IC,2016-03-23T16:51:00,2016-03-23T16:51:00,-2,-3
http://irail.be/vehicle/IC938,http://irail.be/stations/NMBS/008861168,IC,2016-03-23T16:52:00,2016-03-23T16:52:00,-2,-2
http://irail.be/vehicle/IC938,http://irail.be/stations/NMBS/008874724,IC,2016-03-23T16:52:00,2016-03-23T16:52:00,6,-2
http://irail.be/vehicle/IC938,NO-URI,IC,2016-03-23T16:54:00,2016-03-23T16:54:00,-90,-91
http://irail.be/vehicle/IC938,http://irail.be/stations/NMBS/008874716,IC,2016-03-23T16:55:00,2016-03-23T16:55:00,-67,-67
http://irail.be/vehicle/IC938,http://irail.be/stations/NMBS/008874609,IC,2016-03-23T16:58:00,2016-03-23T16:57:00,36,6
http://irail.be/vehicle/IC938,http://irail.be/stations/NMBS/008874583,IC,2016-03-23T17:00:00,2016-03-23T17:00:00,36,36
http://irail.be/vehicle/IC938,http://irail.be/stations/NMBS/008874567,IC,2016-03-23T17:01:00,2016-03-23T17:01:00,36,36
http://irail.be/vehicle/IC938,http://irail.be/stations/NMBS/008874559,IC,2016-03-23T17:02:00,2016-03-23T17:02:00,34,34
http://irail.be/vehicle/IC938,http://irail.be/stations/NMBS/008874005,IC,2016-03-23T17:03:00,2016-03-23T17:03:00,53,46
http://irail.be/vehicle/IC938,http://irail.be/stations/NMBS/008874054,IC,2016-03-23T17:06:00,2016-03-23T17:06:00,38,17
http://irail.be/vehicle/IC938,http://irail.be/stations/NMBS/008872009,IC,2016-03-23T17:11:00,2016-03-23T17:08:00,38,93
http://irail.be/vehicle/IC938,http://irail.be/stations/NMBS/008871100,IC,2016-03-23T17:15:00,2016-03-23T17:15:00,77,40
http://irail.be/vehicle/IC938,http://irail.be/stations/NMBS/008871514,IC,2016-03-23T17:19:00,2016-03-23T17:19:00,77,77
http://irail.be/vehicle/IC938,http://irail.be/stations/NMBS/008871415,IC,2016-03-23T17:20:00,2016-03-23T17:20:00,68,67
http://irail.be/vehicle/IC938,http://irail.be/stations/NMBS/008882248,IC,2016-03-23T17:22:00,2016-03-23T17:22:00,68,68
http://irail.be/vehicle/IC938,http://irail.be/stations/NMBS/008882230,IC,2016-03-23T17:23:00,2016-03-23T17:23:00,68,68
http://irail.be/vehicle/IC938,http://irail.be/stations/NMBS/008882206,IC,2016-03-23T17:28:00,2016-03-23T17:27:00,69,16
http://irail.be/vehicle/IC938,http://irail.be/stations/NMBS/008881463,IC,2016-03-23T17:32:00,2016-03-23T17:32:00,75,75
http://irail.be/vehicle/IC938,http://irail.be/stations/NMBS/008881455,IC,2016-03-23T17:33:00,2016-03-23T17:33:00,75,75
http://irail.be/vehicle/IC938,http://irail.be/stations/NMBS/008881430,IC,2016-03-23T17:35:00,2016-03-23T17:35:00,75,75
http://irail.be/vehicle/IC938,NO-URI,IC,2016-03-23T17:36:00,2016-03-23T17:36:00,72,67
http://irail.be/vehicle/IC938,http://irail.be/stations/NMBS/008881406,IC,2016-03-23T17:37:00,2016-03-23T17:37:00,12,12
http://irail.be/vehicle/IC938,http://irail.be/stations/NMBS/008881315,IC,2016-03-23T17:39:00,2016-03-23T17:39:00,12,12
http://irail.be/vehicle/IC938,http://irail.be/stations/NMBS/008881000,IC,2016-03-23T17:45:00,2016-03-23T17:42:00,94,142
http://irail.be/vehicle/IC938,http://irail.be/stations/NMBS/008884566,IC,2016-03-23T17:50:00,2016-03-23T17:50:00,37,34
http://irail.be/vehicle/IC938,http://irail.be/stations/NMBS/008884541,IC,2016-03-23T17:51:00,2016-03-23T17:51:00,27,27
http://irail.be/vehicle/IC938,http://irail.be/stations/NMBS/008884004,IC,2016-03-23T17:54:00,2016-03-23T17:53:00,59,14
http://irail.be/vehicle/IC938,http://irail.be/stations/NMBS/008884632,IC,2016-03-23T17:59:00,2016-03-23T17:59:00,59,59
http://irail.be/vehicle/IC938,http://irail.be/stations/NMBS/008884640,IC,2016-03-23T18:00:00,2016-03-23T18:00:00,59,59
http://irail.be/vehicle/IC938,http://irail.be/stations/NMBS/008884715,IC,2016-03-23T18:01:00,2016-03-23T18:01:00,37,31
http://irail.be/vehicle/IC938,http://irail.be/stations/NMBS/008884855,IC,2016-03-23T18:04:00,2016-03-23T18:04:00,37,37
http://irail.be/vehicle/IC938,http://irail.be/stations/NMBS/008884889,IC,2016-03-23T18:06:00,2016-03-23T18:06:00,37,37
http://irail.be/vehicle/IC938,http://irail.be/stations/NMBS/008885530,IC,2016-03-23T18:08:00,2016-03-23T18:08:00,-23,-23
http://irail.be/vehicle/IC938,http://irail.be/stations/NMBS/008885522,IC,2016-03-23T18:09:00,2016-03-23T18:09:00,36,18
http://irail.be/vehicle/IC938,http://irail.be/stations/NMBS/008885001,IC,2016-03-23T18:19:00,2016-03-23T18:15:00,16,58
http://irail.be/vehicle/IC938,http://irail.be/stations/NMBS/008885068,IC,2016-03-23T18:23:00,2016-03-23T18:23:00,8,-27
http://irail.be/vehicle/IC938,http://irail.be/stations/NMBS/008885753,IC,2016-03-23T18:33:00,2016-03-23T18:33:00,0,-172
http://irail.be/vehicle/IC938,http://irail.be/stations/NMBS/008885704,IC,2016-03-23T18:37:00,2016-03-23T18:37:00,0,109
http://irail.be/vehicle/IC938,http://irail.be/stations/NMBS/008863008,IC,2016-12-12T16:38:00,2016-12-12T16:38:00,62,
http://irail.be/vehicle/IC938,http://irail.be/stations/NMBS/008861119,IC,2016-12-12T16:41:00,2016-12-12T16:41:00,73,73
http://irail.be/vehicle/IC938,http://irail.be/stations/NMBS/008861127,IC,2016-12-12T16:43:00,2016-12-12T16:43:00,34,34
http://irail.be/vehicle/IC938,http://irail.be/stations/NMBS/008861135,IC,2016-12-12T16:46:00,2016-12-12T16:46:00,34,34
http://irail.be/vehicle/IC938,http://irail.be/stations/NMBS/008861143,IC,2016-12-12T16:49:00,2016-12-12T16:49:00,-16,-16
http://irail.be/vehicle/IC938,http://irail.be/stations/NMBS/008861150,IC,2016-12-12T16:51:00,2016-12-12T16:51:00,7,7
http://irail.be/vehicle/IC938,NO-URI,IC,2016-12-12T16:51:00,2016-12-12T16:51:00,7,7
http://irail.be/vehicle/IC938,http://irail.be/stations/NMBS/008861168,IC,2016-12-12T16:52:00,2016-12-12T16:52:00,11,11
http://irail.be/vehicle/IC938,http://irail.be/stations/NMBS/008874724,IC,2016-12-12T16:52:00,2016-12-12T16:52:00,11,11
http://irail.be/vehicle/IC938,NO-URI,IC,2016-12-12T16:54:00,2016-12-12T16:54:00,11,11
http://irail.be/vehicle/IC938,http://irail.be/stations/NMBS/008874716,IC,2016-12-12T16:55:00,2016-12-12T16:55:00,-33,-33
http://irail.be/vehicle/IC938,http://irail.be/stations/NMBS/008874609,IC,2016-12-12T16:58:00,2016-12-12T16:57:00,51,-12
http://irail.be/vehicle/IC938,http://irail.be/stations/NMBS/008874583,IC,2016-12-12T17:00:00,2016-12-12T17:00:00,51,51
http://irail.be/vehicle/IC938,http://irail.be/stations/NMBS/008874567,IC,2016-12-12T17:01:00,2016-12-12T17:01:00,47,47
http://irail.be/vehicle/IC938,http://irail.be/stations/NMBS/008874559,IC,2016-12-12T17:02:00,2016-12-12T17:02:00,47,47
http://irail.be/vehicle/IC938,http://irail.be/stations/NMBS/008874005,IC,2016-12-12T17:03:00,2016-12-12T17:03:00,42,42
http://irail.be/vehicle/IC938,http://irail.be/stations/NMBS/008874054,IC,2016-12-12T17:06:00,2016-12-12T17:06:00,5,5
http://irail.be/vehicle/IC938,http://irail.be/stations/NMBS/008872009,IC,2016-12-12T17:11:00,2016-12-12T17:08:00,79,16
http://irail.be/vehicle/IC938,http://irail.be/stations/NMBS/008871100,IC,2016-12-12T17:15:00,2016-12-12T17:15:00,47,47
http://irail.be/vehicle/IC938,http://irail.be/stations/NMBS/008871514,IC,2016-12-12T17:19:00,2016-12-12T17:19:00,14,14
http://irail.be/vehicle/IC938,http://irail.be/stations/NMBS/008871415,IC,2016-12-12T17:20:00,2016-12-12T17:20:00,37,37
http://irail.be/vehicle/IC938,http://irail.be/stations/NMBS/008882248,IC,2016-12-12T17:22:00,2016-12-12T17:22:00,31,31
http://irail.be/vehicle/IC938,http://irail.be/stations/NMBS/008882230,IC,2016-12-12T17:23:00,2016-12-12T17:23:00,78,78
http://irail.be/vehicle/IC938,http://irail.be/stations/NMBS/008882206,IC,2016-12-12T17:28:00,2016-12-12T17:27:00,235,98
http://irail.be/vehicle/IC938,http://irail.be/stations/NMBS/008881463,IC,2016-12-12T17:32:00,2016-12-12T17:32:00,232,232
http://irail.be/vehicle/IC938,http://irail.be/stations/NMBS/008881455,IC,2016-12-12T17:33:00,2016-12-12T17:33:00,216,216
http://irail.be/vehicle/IC938,http://irail.be/stations/NMBS/008881430,IC,2016-12-12T17:35:00,2016-12-12T17:35:00,216,216
http://irail.be/vehicle/IC938,NO-URI,IC,2016-12-12T17:36:00,2016-12-12T17:36:00,216,216
http://irail.be/vehicle/IC938,http://irail.be/stations/NMBS/008881406,IC,2016-12-12T17:37:00,2016-12-12T17:37:00,200,200
http://irail.be/vehicle/IC938,http://irail.be/stations/NMBS/008881315,IC,2016-12-12T17:39:00,2016-12-12T17:39:00,218,218
http://irail.be/vehicle/IC938,http://irail.be/stations/NMBS/008881000,IC,2016-12-12T17:45:00,2016-12-12T17:42:00,184,218
http://irail.be/vehicle/IC938,http://irail.be/stations/NMBS/008884566,IC,2016-12-12T17:50:00,2016-12-12T17:50:00,184,184
http://irail.be/vehicle/IC938,http://irail.be/stations/NMBS/008884541,IC,2016-12-12T17:51:00,2016-12-12T17:51:00,129,129
http://irail.be/vehicle/IC938,http://irail.be/stations/NMBS/008884004,IC,2016-12-12T17:54:00,2016-12-12T17:53:00,107,126
http://irail.be/vehicle/IC938,http://irail.be/stations/NMBS/008884632,IC,2016-12-12T17:59:00,2016-12-12T17:59:00,107,107
http://irail.be/vehicle/IC938,http://irail.be/stations/NMBS/008884640,IC,2016-12-12T18:00:00,2016-12-12T18:00:00,176,176
http://irail.be/vehicle/IC938,http://irail.be/stations/NMBS/008884715,IC,2016-12-12T18:01:00,2016-12-12T18:01:00,176,176
http://irail.be/vehicle/IC938,http://irail.be/stations/NMBS/008884855,IC,2016-12-12T18:04:00,2016-12-12T18:04:00,177,177
http://irail.be/vehicle/IC938,http://irail.be/stations/NMBS/008884889,IC,2016-12-12T18:06:00,2016-12-12T18:06:00,183,183
http://irail.be/vehicle/IC938,http://irail.be/stations/NMBS/008885530,IC,2016-12-12T18:08:00,2016-12-12T18:08:00,183,183
http://irail.be/vehicle/IC938,http://irail.be/stations/NMBS/008885522,IC,2016-12-12T18:09:00,2016-12-12T18:09:00,288,288
http://irail.be/vehicle/IC938,http://irail.be/stations/NMBS/008885001,IC,2016-12-12T18:19:00,2016-12-12T18:15:00,253,390
http://irail.be/vehicle/IC938,http://irail.be/stations/NMBS/008885068,IC,2016-12-12T18:23:00,2016-12-12T18:23:00,305,268
http://irail.be/vehicle/IC938,http://irail.be/stations/NMBS/008885753,IC,2016-12-12T18:33:00,2016-12-12T18:33:00,307,305
http://irail.be/vehicle/IC938,http://irail.be/stations/NMBS/008885704,IC,2016-12-12T18:37:00,2016-12-12T18:37:00,,307
http://irail.be/vehicle/IC938,http://irail.be/stations/NMBS/008863008,IC,2016-09-15T16:38:00,2016-09-15T16:38:00,79,
http://irail.be/vehicle/IC938,http://irail.be/stations/NMBS/008861119,IC,2016-09-15T16:41:00,2016-09-15T16:41:00,151,151
http://irail.be/vehicle/IC938,http://irail.be/stations/NMBS/008861127,IC,2016-09-15T16:43:00,2016-09-15T16:43:00,130,130
http://irail.be/vehicle/IC938,http://irail.be/stations/NMBS/008861135,IC,2016-09-15T16:46:00,2016-09-15T16:46:00,102,102
http://irail.be/vehicle/IC938,http://irail.be/stations/NMBS/008861143,IC,2016-09-15T16:49:00,2016-09-15T16:49:00,19,19
http://irail.be/vehicle/IC938,http://irail.be/stations/NMBS/008861150,IC,2016-09-15T16:51:00,2016-09-15T16:51:00,19,19
http://irail.be/vehicle/IC938,NO-URI,IC,2016-09-15T16:51:00,2016-09-15T16:51:00,245,245
http://irail.be/vehicle/IC938,http://irail.be/stations/NMBS/008861168,IC,2016-09-15T16:52:00,2016-09-15T16:52:00,245,245
http://irail.be/vehicle/IC938,http://irail.be/stations/NMBS/008874724,IC,2016-09-15T16:52:00,2016-09-15T16:52:00,282,282
http://irail.be/vehicle/IC938,NO-URI,IC,2016-09-15T16:54:00,2016-09-15T16:54:00,209,209
http://irail.be/vehicle/IC938,http://irail.be/stations/NMBS/008874716,IC,2016-09-15T16:55:00,2016-09-15T16:55:00,345,345
http://irail.be/vehicle/IC938,http://irail.be/stations/NMBS/008874609,IC,2016-09-15T16:58:00,2016-09-15T16:57:00,373,368
http://irail.be/vehicle/IC938,http://irail.be/stations/NMBS/008874583,IC,2016-09-15T17:00:00,2016-09-15T17:00:00,373,373
http://irail.be/vehicle/IC938,http://irail.be/stations/NMBS/008874567,IC,2016-09-15T17:01:00,2016-09-15T17:01:00,373,373
http://irail.be/vehicle/IC938,http://irail.be/stations/NMBS/008874559,IC,2016-09-15T17:02:00,2016-09-15T17:02:00,345,345
http://irail.be/vehicle/IC938,NO-URI,IC,2016-09-15T17:03:00,2016-09-15T17:03:00,345,345
http://irail.be/vehicle/IC938,http://irail.be/stations/NMBS/008874005,IC,2016-09-15T17:03:00,2016-09-15T17:03:00,357,357
http://irail.be/vehicle/IC938,http://irail.be/stations/NMBS/008874054,IC,2016-09-15T17:06:00,2016-09-15T17:06:00,313,313
http://irail.be/vehicle/IC938,http://irail.be/stations/NMBS/008872009,IC,2016-09-15T17:11:00,2016-09-15T17:08:00,278,344
http://irail.be/vehicle/IC938,http://irail.be/stations/NMBS/008871100,IC,2016-09-15T17:15:00,2016-09-15T17:15:00,357,357
http://irail.be/vehicle/IC938,http://irail.be/stations/NMBS/008871514,IC,2016-09-15T17:19:00,2016-09-15T17:19:00,369,369
http://irail.be/vehicle/IC938,http://irail.be/stations/NMBS/008871415,IC,2016-09-15T17:20:00,2016-09-15T17:20:00,350,350
http://irail.be/vehicle/IC938,http://irail.be/stations/NMBS/008882248,IC,2016-09-15T17:22:00,2016-09-15T17:22:00,350,350
http://irail.be/vehicle/IC938,http://irail.be/stations/NMBS/008882230,IC,2016-09-15T17:23:00,2016-09-15T17:23:00,350,350
http://irail.be/vehicle/IC938,http://irail.be/stations/NMBS/008882206,IC,2016-09-15T17:28:00,2016-09-15T17:27:00,347,296
http://irail.be/vehicle/IC938,http://irail.be/stations/NMBS/008881463,IC,2016-09-15T17:32:00,2016-09-15T17:32:00,330,330
http://irail.be/vehicle/IC938,http://irail.be/stations/NMBS/008881455,IC,2016-09-15T17:33:00,2016-09-15T17:33:00,330,330
http://irail.be/vehicle/IC938,http://irail.be/stations/NMBS/008881430,IC,2016-09-15T17:35:00,2016-09-15T17:35:00,330,330
http://irail.be/vehicle/IC938,NO-URI,IC,2016-09-15T17:36:00,2016-09-15T17:36:00,323,323
http://irail.be/vehicle/IC938,http://irail.be/stations/NMBS/008881406,IC,2016-09-15T17:37:00,2016-09-15T17:37:00,263,263
http://irail.be/vehicle/IC938,http://irail.be/stations/NMBS/008881315,IC,2016-09-15T17:39:00,2016-09-15T17:39:00,263,263
http://irail.be/vehicle/IC938,http://irail.be/stations/NMBS/008881000,IC,2016-09-15T17:45:00,2016-09-15T17:42:00,265,347
http://irail.be/vehicle/IC938,http://irail.be/stations/NMBS/008884566,IC,2016-09-15T17:50:00,2016-09-15T17:50:00,206,206
http://irail.be/vehicle/IC938,http://irail.be/stations/NMBS/008884541,IC,2016-09-15T17:51:00,2016-09-15T17:51:00,194,194
http://irail.be/vehicle/IC938,http://irail.be/stations/NMBS/008884004,IC,2016-09-15T17:54:00,2016-09-15T17:53:00,187,189
http://irail.be/vehicle/IC938,http://irail.be/stations/NMBS/008884632,IC,2016-09-15T17:59:00,2016-09-15T17:59:00,187,187
http://irail.be/vehicle/IC938,http://irail.be/stations/NMBS/008884640,IC,2016-09-15T18:00:00,2016-09-15T18:00:00,187,187
http://irail.be/vehicle/IC938,http://irail.be/stations/NMBS/008884715,IC,2016-09-15T18:01:00,2016-09-15T18:01:00,146,146
http://irail.be/vehicle/IC938,http://irail.be/stations/NMBS/008884855,IC,2016-09-15T18:04:00,2016-09-15T18:04:00,146,146
http://irail.be/vehicle/IC938,http://irail.be/stations/NMBS/008884889,IC,2016-09-15T18:06:00,2016-09-15T18:06:00,146,146
http://irail.be/vehicle/IC938,http://irail.be/stations/NMBS/008885530,IC,2016-09-15T18:08:00,2016-09-15T18:08:00,86,86
http://irail.be/vehicle/IC938,http://irail.be/stations/NMBS/008885522,IC,2016-09-15T18:09:00,2016-09-15T18:09:00,374,374
http://irail.be/vehicle/IC938,http://irail.be/stations/NMBS/008885001,IC,2016-09-15T18:19:00,2016-09-15T18:15:00,200,345
http://irail.be/vehicle/IC938,http://irail.be/stations/NMBS/008885068,IC,2016-09-15T18:23:00,2016-09-15T18:23:00,188,152
http://irail.be/vehicle/IC938,http://irail.be/stations/NMBS/008885753,IC,2016-09-15T18:33:00,2016-09-15T18:33:00,8,8
http://irail.be/vehicle/IC938,http://irail.be/stations/NMBS/008885704,IC,2016-09-15T18:37:00,2016-09-15T18:37:00,,183
http://irail.be/vehicle/IC938,http://irail.be/stations/NMBS/008863008,IC,2016-05-13T16:38:00,2016-05-13T16:38:00,27,0
http://irail.be/vehicle/IC938,http://irail.be/stations/NMBS/008861119,IC,2016-05-13T16:41:00,2016-05-13T16:41:00,54,54
http://irail.be/vehicle/IC938,http://irail.be/stations/NMBS/008861127,IC,2016-05-13T16:43:00,2016-05-13T16:43:00,11,-6
http://irail.be/vehicle/IC938,http://irail.be/stations/NMBS/008861135,IC,2016-05-13T16:46:00,2016-05-13T16:46:00,64,11
http://irail.be/vehicle/IC938,http://irail.be/stations/NMBS/008861143,IC,2016-05-13T16:49:00,2016-05-13T16:49:00,-19,-19
http://irail.be/vehicle/IC938,http://irail.be/stations/NMBS/008861150,IC,2016-05-13T16:51:00,2016-05-13T16:51:00,-19,-19
http://irail.be/vehicle/IC938,NO-URI,IC,2016-05-13T16:51:00,2016-05-13T16:51:00,20,17
http://irail.be/vehicle/IC938,http://irail.be/stations/NMBS/008861168,IC,2016-05-13T16:52:00,2016-05-13T16:52:00,20,20
http://irail.be/vehicle/IC938,http://irail.be/stations/NMBS/008874724,IC,2016-05-13T16:52:00,2016-05-13T16:52:00,29,20
http://irail.be/vehicle/IC938,NO-URI,IC,2016-05-13T16:54:00,2016-05-13T16:54:00,-59,-68
http://irail.be/vehicle/IC938,http://irail.be/stations/NMBS/008874716,IC,2016-05-13T16:55:00,2016-05-13T16:55:00,-43,-43
http://irail.be/vehicle/IC938,http://irail.be/stations/NMBS/008874609,IC,2016-05-13T16:58:00,2016-05-13T16:57:00,167,117
http://irail.be/vehicle/IC938,http://irail.be/stations/NMBS/008874583,IC,2016-05-13T17:00:00,2016-05-13T17:00:00,167,167
http://irail.be/vehicle/IC938,http://irail.be/stations/NMBS/008874567,IC,2016-05-13T17:01:00,2016-05-13T17:01:00,167,167
http://irail.be/vehicle/IC938,http://irail.be/stations/NMBS/008874559,IC,2016-05-13T17:02:00,2016-05-13T17:02:00,152,152
http://irail.be/vehicle/IC938,http://irail.be/stations/NMBS/008874005,IC,2016-05-13T17:03:00,2016-05-13T17:03:00,176,165
http://irail.be/vehicle/IC938,http://irail.be/stations/NMBS/008874054,IC,2016-05-13T17:06:00,2016-05-13T17:06:00,183,141
http://irail.be/vehicle/IC938,http://irail.be/stations/NMBS/008872009,IC,2016-05-13T17:11:00,2016-05-13T17:08:00,178,240
http://irail.be/vehicle/IC938,http://irail.be/stations/NMBS/008871100,IC,2016-05-13T17:15:00,2016-05-13T17:15:00,238,197
http://irail.be/vehicle/IC938,http://irail.be/stations/NMBS/008871514,IC,2016-05-13T17:19:00,2016-05-13T17:19:00,241,241
http://irail.be/vehicle/IC938,http://irail.be/stations/NMBS/008871415,IC,2016-05-13T17:20:00,2016-05-13T17:20:00,228,227
http://irail.be/vehicle/IC938,http://irail.be/stations/NMBS/008882248,IC,2016-05-13T17:22:00,2016-05-13T17:22:00,228,228
http://irail.be/vehicle/IC938,http://irail.be/stations/NMBS/008882230,IC,2016-05-13T17:23:00,2016-05-13T17:23:00,228,228
http://irail.be/vehicle/IC938,http://irail.be/stations/NMBS/008882206,IC,2016-05-13T17:28:00,2016-05-13T17:27:00,255,181
http://irail.be/vehicle/IC938,http://irail.be/stations/NMBS/008881463,IC,2016-05-13T17:32:00,2016-05-13T17:32:00,245,245
http://irail.be/vehicle/IC938,http://irail.be/stations/NMBS/008881455,IC,2016-05-13T17:33:00,2016-05-13T17:33:00,245,245
http://irail.be/vehicle/IC938,http://irail.be/stations/NMBS/008881430,IC,2016-05-13T17:35:00,2016-05-13T17:35:00,245,245
http://irail.be/vehicle/IC938,NO-URI,IC,2016-05-13T17:36:00,2016-05-13T17:36:00,328,293
http://irail.be/vehicle/IC938,http://irail.be/stations/NMBS/008881406,IC,2016-05-13T17:37:00,2016-05-13T17:37:00,268,268
http://irail.be/vehicle/IC938,http://irail.be/stations/NMBS/008881315,IC,2016-05-13T17:39:00,2016-05-13T17:39:00,268,268
http://irail.be/vehicle/IC938,http://irail.be/stations/NMBS/008881000,IC,2016-05-13T17:45:00,2016-05-13T17:42:00,359,385
http://irail.be/vehicle/IC938,http://irail.be/stations/NMBS/008884566,IC,2016-05-13T17:50:00,2016-05-13T17:50:00,308,299
http://irail.be/vehicle/IC938,http://irail.be/stations/NMBS/008884541,IC,2016-05-13T17:51:00,2016-05-13T17:51:00,296,296
http://irail.be/vehicle/IC938,http://irail.be/stations/NMBS/008884004,IC,2016-05-13T17:54:00,2016-05-13T17:53:00,562,427
http://irail.be/vehicle/IC938,http://irail.be/stations/NMBS/008884632,IC,2016-05-13T17:59:00,2016-05-13T17:59:00,0,0
http://irail.be/vehicle/IC938,http://irail.be/stations/NMBS/008884640,IC,2016-05-13T18:00:00,2016-05-13T18:00:00,0,0
http://irail.be/vehicle/IC938,http://irail.be/stations/NMBS/008884715,IC,2016-05-13T18:01:00,2016-05-13T18:01:00,546,541
http://irail.be/vehicle/IC938,http://irail.be/stations/NMBS/008884855,IC,2016-05-13T18:04:00,2016-05-13T18:04:00,546,546
http://irail.be/vehicle/IC938,http://irail.be/stations/NMBS/008884889,IC,2016-05-13T18:06:00,2016-05-13T18:06:00,0,0
http://irail.be/vehicle/IC938,http://irail.be/stations/NMBS/008885530,IC,2016-05-13T18:08:00,2016-05-13T18:08:00,0,0
http://irail.be/vehicle/IC938,http://irail.be/stations/NMBS/008885522,IC,2016-05-13T18:09:00,2016-05-13T18:09:00,553,539
http://irail.be/vehicle/IC938,http://irail.be/stations/NMBS/008885001,IC,2016-05-13T18:19:00,2016-05-13T18:15:00,769,586
http://irail.be/vehicle/IC938,http://irail.be/stations/NMBS/008885068,IC,2016-05-13T18:23:00,2016-05-13T18:23:00,820,772
http://irail.be/vehicle/IC938,http://irail.be/stations/NMBS/008885753,IC,2016-05-13T18:33:00,2016-05-13T18:33:00,0,0
http://irail.be/vehicle/IC938,http://irail.be/stations/NMBS/008885704,IC,2016-05-13T18:37:00,2016-05-13T18:37:00,0,903
http://irail.be/vehicle/IC938,http://irail.be/stations/NMBS/008863008,IC,2016-05-09T16:38:00,2016-05-09T16:38:00,377,0
http://irail.be/vehicle/IC938,http://irail.be/stations/NMBS/008861119,IC,2016-05-09T16:41:00,2016-05-09T16:41:00,412,412
http://irail.be/vehicle/IC938,http://irail.be/stations/NMBS/008861127,IC,2016-05-09T16:43:00,2016-05-09T16:43:00,362,346
http://irail.be/vehicle/IC938,http://irail.be/stations/NMBS/008861135,IC,2016-05-09T16:46:00,2016-05-09T16:46:00,324,362
http://irail.be/vehicle/IC938,http://irail.be/stations/NMBS/008861143,IC,2016-05-09T16:49:00,2016-05-09T16:49:00,235,235
http://irail.be/vehicle/IC938,http://irail.be/stations/NMBS/008861150,IC,2016-05-09T16:51:00,2016-05-09T16:51:00,235,235
http://irail.be/vehicle/IC938,NO-URI,IC,2016-05-09T16:51:00,2016-05-09T16:51:00,291,281
http://irail.be/vehicle/IC938,http://irail.be/stations/NMBS/008861168,IC,2016-05-09T16:52:00,2016-05-09T16:52:00,291,291
http://irail.be/vehicle/IC938,http://irail.be/stations/NMBS/008874724,IC,2016-05-09T16:52:00,2016-05-09T16:52:00,302,291
http://irail.be/vehicle/IC938,NO-URI,IC,2016-05-09T16:54:00,2016-05-09T16:54:00,207,205
http://irail.be/vehicle/IC938,http://irail.be/stations/NMBS/008874716,IC,2016-05-09T16:55:00,2016-05-09T16:55:00,219,219
http://irail.be/vehicle/IC938,http://irail.be/stations/NMBS/008874609,IC,2016-05-09T16:58:00,2016-05-09T16:57:00,239,229
http://irail.be/vehicle/IC938,http://irail.be/stations/NMBS/008874583,IC,2016-05-09T17:00:00,2016-05-09T17:00:00,137,137
http://irail.be/vehicle/IC938,http://irail.be/stations/NMBS/008874567,IC,2016-05-09T17:01:00,2016-05-09T17:01:00,137,137
http://irail.be/vehicle/IC938,http://irail.be/stations/NMBS/008874559,IC,2016-05-09T17:02:00,2016-05-09T17:02:00,225,225
http://irail.be/vehicle/IC938,http://irail.be/stations/NMBS/008874005,IC,2016-05-09T17:03:00,2016-05-09T17:03:00,238,233
http://irail.be/vehicle/IC938,http://irail.be/stations/NMBS/008874054,IC,2016-05-09T17:06:00,2016-05-09T17:06:00,325,290
http://irail.be/vehicle/IC938,http://irail.be/stations/NMBS/008872009,IC,2016-05-09T17:11:00,2016-05-09T17:08:00,346,432
http://irail.be/vehicle/IC938,http://irail.be/stations/NMBS/008871100,IC,2016-05-09T17:15:00,2016-05-09T17:15:00,331,299
http://irail.be/vehicle/IC938,http://irail.be/stations/NMBS/008871514,IC,2016-05-09T17:19:00,2016-05-09T17:19:00,329,329
http://irail.be/vehicle/IC938,http://irail.be/stations/NMBS/008871415,IC,2016-05-09T17:20:00,2016-05-09T17:20:00,309,311
http://irail.be/vehicle/IC938,http://irail.be/stations/NMBS/008882248,IC,2016-05-09T17:22:00,2016-05-09T17:22:00,309,309
http://irail.be/vehicle/IC938,http://irail.be/stations/NMBS/008882230,IC,2016-05-09T17:23:00,2016-05-09T17:23:00,17,17
http://irail.be/vehicle/IC938,http://irail.be/stations/NMBS/008882206,IC,2016-05-09T17:28:00,2016-05-09T17:27:00,260,251
http://irail.be/vehicle/IC938,http://irail.be/stations/NMBS/008881463,IC,2016-05-09T17:32:00,2016-05-09T17:32:00,247,247
http://irail.be/vehicle/IC938,http://irail.be/stations/NMBS/008881455,IC,2016-05-09T17:33:00,2016-05-09T17:33:00,247,247
http://irail.be/vehicle/IC938,http://irail.be/stations/NMBS/008881430,IC,2016-05-09T17:35:00,2016-05-09T17:35:00,0,0
http://irail.be/vehicle/IC938,NO-URI,IC,2016-05-09T17:36:00,2016-05-09T17:36:00,289,256
http://irail.be/vehicle/IC938,http://irail.be/stations/NMBS/008881406,IC,2016-05-09T17:37:00,2016-05-09T17:37:00,229,229
http://irail.be/vehicle/IC938,http://irail.be/stations/NMBS/008881315,IC,2016-05-09T17:39:00,2016-05-09T17:39:00,0,0
http://irail.be/vehicle/IC938,http://irail.be/stations/NMBS/008881000,IC,2016-05-09T17:45:00,2016-05-09T17:42:00,247,291
http://irail.be/vehicle/IC938,http://irail.be/stations/NMBS/008884566,IC,2016-05-09T17:50:00,2016-05-09T17:50:00,195,187
http://irail.be/vehicle/IC938,http://irail.be/stations/NMBS/008884541,IC,2016-05-09T17:51:00,2016-05-09T17:51:00,189,189
http://irail.be/vehicle/IC938,http://irail.be/stations/NMBS/008884004,IC,2016-05-09T17:54:00,2016-05-09T17:53:00,267,247
http://irail.be/vehicle/IC938,http://irail.be/stations/NMBS/008884632,IC,2016-05-09T17:59:00,2016-05-09T17:59:00,0,0
http://irail.be/vehicle/IC938,http://irail.be/stations/NMBS/008884640,IC,2016-05-09T18:00:00,2016-05-09T18:00:00,0,0
http://irail.be/vehicle/IC938,http://irail.be/stations/NMBS/008884715,IC,2016-05-09T18:01:00,2016-05-09T18:01:00,279,270
http://irail.be/vehicle/IC938,http://irail.be/stations/NMBS/008884855,IC,2016-05-09T18:04:00,2016-05-09T18:04:00,279,279
http://irail.be/vehicle/IC938,http://irail.be/stations/NMBS/008884889,IC,2016-05-09T18:06:00,2016-05-09T18:06:00,0,0
http://irail.be/vehicle/IC938,http://irail.be/stations/NMBS/008885530,IC,2016-05-09T18:08:00,2016-05-09T18:08:00,0,0
http://irail.be/vehicle/IC938,http://irail.be/stations/NMBS/008885522,IC,2016-05-09T18:09:00,2016-05-09T18:09:00,284,268
http://irail.be/vehicle/IC938,http://irail.be/stations/NMBS/008885001,IC,2016-05-09T18:19:00,2016-05-09T18:15:00,353,249
http://irail.be/vehicle/IC938,http://irail.be/stations/NMBS/008885068,IC,2016-05-09T18:23:00,2016-05-09T18:23:00,346,320
http://irail.be/vehicle/IC938,http://irail.be/stations/NMBS/008885753,IC,2016-05-09T18:33:00,2016-05-09T18:33:00,0,0
http://irail.be/vehicle/IC938,http://irail.be/stations/NMBS/008885704,IC,2016-05-09T18:37:00,2016-05-09T18:37:00,0,341
http://irail.be/vehicle/IC938,http://irail.be/stations/NMBS/008863008,IC,2016-04-27T16:38:00,2016-04-27T16:38:00,13,0
http://irail.be/vehicle/IC938,http://irail.be/stations/NMBS/008861119,IC,2016-04-27T16:41:00,2016-04-27T16:41:00,37,37
http://irail.be/vehicle/IC938,http://irail.be/stations/NMBS/008861127,IC,2016-04-27T16:43:00,2016-04-27T16:43:00,-4,-23
http://irail.be/vehicle/IC938,http://irail.be/stations/NMBS/008861135,IC,2016-04-27T16:46:00,2016-04-27T16:46:00,-36,-4
http://irail.be/vehicle/IC938,http://irail.be/stations/NMBS/008861143,IC,2016-04-27T16:49:00,2016-04-27T16:49:00,-125,-125
http://irail.be/vehicle/IC938,http://irail.be/stations/NMBS/008861150,IC,2016-04-27T16:51:00,2016-04-27T16:51:00,-125,-125
http://irail.be/vehicle/IC938,NO-URI,IC,2016-04-27T16:51:00,2016-04-27T16:51:00,-84,-87
http://irail.be/vehicle/IC938,http://irail.be/stations/NMBS/008861168,IC,2016-04-27T16:52:00,2016-04-27T16:52:00,-84,-84
http://irail.be/vehicle/IC938,http://irail.be/stations/NMBS/008874724,IC,2016-04-27T16:52:00,2016-04-27T16:52:00,-78,-84
http://irail.be/vehicle/IC938,NO-URI,IC,2016-04-27T16:54:00,2016-04-27T16:54:00,-171,-175
http://irail.be/vehicle/IC938,http://irail.be/stations/NMBS/008874716,IC,2016-04-27T16:55:00,2016-04-27T16:55:00,-112,-112
http://irail.be/vehicle/IC938,http://irail.be/stations/NMBS/008874609,IC,2016-04-27T16:58:00,2016-04-27T16:57:00,-1,-87
http://irail.be/vehicle/IC938,http://irail.be/stations/NMBS/008874583,IC,2016-04-27T17:00:00,2016-04-27T17:00:00,-1,-1
http://irail.be/vehicle/IC938,http://irail.be/stations/NMBS/008874567,IC,2016-04-27T17:01:00,2016-04-27T17:01:00,-1,-1
http://irail.be/vehicle/IC938,http://irail.be/stations/NMBS/008874559,IC,2016-04-27T17:02:00,2016-04-27T17:02:00,-12,-12
http://irail.be/vehicle/IC938,http://irail.be/stations/NMBS/008874005,IC,2016-04-27T17:03:00,2016-04-27T17:03:00,6,-2
http://irail.be/vehicle/IC938,http://irail.be/stations/NMBS/008874054,IC,2016-04-27T17:06:00,2016-04-27T17:06:00,-29,-39
http://irail.be/vehicle/IC938,http://irail.be/stations/NMBS/008872009,IC,2016-04-27T17:11:00,2016-04-27T17:08:00,1,35
http://irail.be/vehicle/IC938,http://irail.be/stations/NMBS/008871100,IC,2016-04-27T17:15:00,2016-04-27T17:15:00,-5,-39
http://irail.be/vehicle/IC938,http://irail.be/stations/NMBS/008871514,IC,2016-04-27T17:19:00,2016-04-27T17:19:00,-9,-9
http://irail.be/vehicle/IC938,http://irail.be/stations/NMBS/008871415,IC,2016-04-27T17:20:00,2016-04-27T17:20:00,-17,-15
http://irail.be/vehicle/IC938,http://irail.be/stations/NMBS/008882248,IC,2016-04-27T17:22:00,2016-04-27T17:22:00,-17,-17
http://irail.be/vehicle/IC938,http://irail.be/stations/NMBS/008882230,IC,2016-04-27T17:23:00,2016-04-27T17:23:00,-17,-17
http://irail.be/vehicle/IC938,http://irail.be/stations/NMBS/008882206,IC,2016-04-27T17:28:00,2016-04-27T17:27:00,-7,-81
http://irail.be/vehicle/IC938,http://irail.be/stations/NMBS/008881463,IC,2016-04-27T17:32:00,2016-04-27T17:32:00,-12,-12
http://irail.be/vehicle/IC938,http://irail.be/stations/NMBS/008881455,IC,2016-04-27T17:33:00,2016-04-27T17:33:00,-12,-12
http://irail.be/vehicle/IC938,http://irail.be/stations/NMBS/008881430,IC,2016-04-27T17:35:00,2016-04-27T17:35:00,-12,-12
http://irail.be/vehicle/IC938,NO-URI,IC,2016-04-27T17:36:00,2016-04-27T17:36:00,50,46
http://irail.be/vehicle/IC938,http://irail.be/stations/NMBS/008881406,IC,2016-04-27T17:37:00,2016-04-27T17:37:00,-10,-10
http://irail.be/vehicle/IC938,http://irail.be/stations/NMBS/008881315,IC,2016-04-27T17:39:00,2016-04-27T17:39:00,-10,-10
http://irail.be/vehicle/IC938,http://irail.be/stations/NMBS/008881000,IC,2016-04-27T17:45:00,2016-04-27T17:42:00,99,58
http://irail.be/vehicle/IC938,http://irail.be/stations/NMBS/008884566,IC,2016-04-27T17:50:00,2016-04-27T17:50:00,46,39
http://irail.be/vehicle/IC938,http://irail.be/stations/NMBS/008884541,IC,2016-04-27T17:51:00,2016-04-27T17:51:00,35,35
http://irail.be/vehicle/IC938,http://irail.be/stations/NMBS/008884004,IC,2016-04-27T17:54:00,2016-04-27T17:53:00,60,32
http://irail.be/vehicle/IC938,http://irail.be/stations/NMBS/008884632,IC,2016-04-27T17:59:00,2016-04-27T17:59:00,60,60
http://irail.be/vehicle/IC938,http://irail.be/stations/NMBS/008884640,IC,2016-04-27T18:00:00,2016-04-27T18:00:00,60,60
http://irail.be/vehicle/IC938,http://irail.be/stations/NMBS/008884715,IC,2016-04-27T18:01:00,2016-04-27T18:01:00,244,212
http://irail.be/vehicle/IC938,http://irail.be/stations/NMBS/008884855,IC,2016-04-27T18:04:00,2016-04-27T18:04:00,244,244
http://irail.be/vehicle/IC938,http://irail.be/stations/NMBS/008884889,IC,2016-04-27T18:06:00,2016-04-27T18:06:00,244,244
http://irail.be/vehicle/IC938,http://irail.be/stations/NMBS/008885530,IC,2016-04-27T18:08:00,2016-04-27T18:08:00,184,184
http://irail.be/vehicle/IC938,http://irail.be/stations/NMBS/008885522,IC,2016-04-27T18:09:00,2016-04-27T18:09:00,227,212
http://irail.be/vehicle/IC938,http://irail.be/stations/NMBS/008885001,IC,2016-04-27T18:19:00,2016-04-27T18:15:00,503,375
http://irail.be/vehicle/IC938,http://irail.be/stations/NMBS/008885068,IC,2016-04-27T18:23:00,2016-04-27T18:23:00,708,656
http://irail.be/vehicle/IC938,http://irail.be/stations/NMBS/008885753,IC,2016-04-27T18:33:00,2016-04-27T18:33:00,528,528
http://irail.be/vehicle/IC938,http://irail.be/stations/NMBS/008885704,IC,2016-04-27T18:37:00,2016-04-27T18:37:00,0,759
http://irail.be/vehicle/IC938,http://irail.be/stations/NMBS/008863008,IC,2016-09-14T16:38:00,2016-09-14T16:38:00,109,
http://irail.be/vehicle/IC938,http://irail.be/stations/NMBS/008861119,IC,2016-09-14T16:41:00,2016-09-14T16:41:00,162,162
http://irail.be/vehicle/IC938,http://irail.be/stations/NMBS/008861127,IC,2016-09-14T16:43:00,2016-09-14T16:43:00,107,107
http://irail.be/vehicle/IC938,http://irail.be/stations/NMBS/008861135,IC,2016-09-14T16:46:00,2016-09-14T16:46:00,60,60
http://irail.be/vehicle/IC938,http://irail.be/stations/NMBS/008861143,IC,2016-09-14T16:49:00,2016-09-14T16:49:00,-33,-33
http://irail.be/vehicle/IC938,http://irail.be/stations/NMBS/008861150,IC,2016-09-14T16:51:00,2016-09-14T16:51:00,-33,-33
http://irail.be/vehicle/IC938,NO-URI,IC,2016-09-14T16:51:00,2016-09-14T16:51:00,-15,-15
http://irail.be/vehicle/IC938,http://irail.be/stations/NMBS/008861168,IC,2016-09-14T16:52:00,2016-09-14T16:52:00,-15,-15
http://irail.be/vehicle/IC938,http://irail.be/stations/NMBS/008874724,IC,2016-09-14T16:52:00,2016-09-14T16:52:00,-14,-14
http://irail.be/vehicle/IC938,NO-URI,IC,2016-09-14T16:54:00,2016-09-14T16:54:00,-109,-109
http://irail.be/vehicle/IC938,http://irail.be/stations/NMBS/008874716,IC,2016-09-14T16:55:00,2016-09-14T16:55:00,-95,-95
http://irail.be/vehicle/IC938,http://irail.be/stations/NMBS/008874609,IC,2016-09-14T16:58:00,2016-09-14T16:57:00,57,45
http://irail.be/vehicle/IC938,http://irail.be/stations/NMBS/008874583,IC,2016-09-14T17:00:00,2016-09-14T17:00:00,57,57
http://irail.be/vehicle/IC938,http://irail.be/stations/NMBS/008874567,IC,2016-09-14T17:01:00,2016-09-14T17:01:00,57,57
http://irail.be/vehicle/IC938,http://irail.be/stations/NMBS/008874559,IC,2016-09-14T17:02:00,2016-09-14T17:02:00,26,26
http://irail.be/vehicle/IC938,NO-URI,IC,2016-09-14T17:03:00,2016-09-14T17:03:00,26,26
http://irail.be/vehicle/IC938,http://irail.be/stations/NMBS/008874005,IC,2016-09-14T17:03:00,2016-09-14T17:03:00,34,34
http://irail.be/vehicle/IC938,http://irail.be/stations/NMBS/008874054,IC,2016-09-14T17:06:00,2016-09-14T17:06:00,87,87
http://irail.be/vehicle/IC938,http://irail.be/stations/NMBS/008872009,IC,2016-09-14T17:11:00,2016-09-14T17:08:00,81,148
http://irail.be/vehicle/IC938,http://irail.be/stations/NMBS/008871100,IC,2016-09-14T17:15:00,2016-09-14T17:15:00,204,204
http://irail.be/vehicle/IC938,http://irail.be/stations/NMBS/008871514,IC,2016-09-14T17:19:00,2016-09-14T17:19:00,207,207
http://irail.be/vehicle/IC938,http://irail.be/stations/NMBS/008871415,IC,2016-09-14T17:20:00,2016-09-14T17:20:00,177,177
http://irail.be/vehicle/IC938,http://irail.be/stations/NMBS/008882248,IC,2016-09-14T17:22:00,2016-09-14T17:22:00,177,177
http://irail.be/vehicle/IC938,http://irail.be/stations/NMBS/008882230,IC,2016-09-14T17:23:00,2016-09-14T17:23:00,177,177
http://irail.be/vehicle/IC938,http://irail.be/stations/NMBS/008882206,IC,2016-09-14T17:28:00,2016-09-14T17:27:00,138,118
http://irail.be/vehicle/IC938,http://irail.be/stations/NMBS/008881463,IC,2016-09-14T17:32:00,2016-09-14T17:32:00,127,127
http://irail.be/vehicle/IC938,http://irail.be/stations/NMBS/008881455,IC,2016-09-14T17:33:00,2016-09-14T17:33:00,127,127
http://irail.be/vehicle/IC938,http://irail.be/stations/NMBS/008881430,IC,2016-09-14T17:35:00,2016-09-14T17:35:00,127,127
http://irail.be/vehicle/IC938,NO-URI,IC,2016-09-14T17:36:00,2016-09-14T17:36:00,105,105
http://irail.be/vehicle/IC938,http://irail.be/stations/NMBS/008881406,IC,2016-09-14T17:37:00,2016-09-14T17:37:00,45,45
http://irail.be/vehicle/IC938,http://irail.be/stations/NMBS/008881315,IC,2016-09-14T17:39:00,2016-09-14T17:39:00,45,45
http://irail.be/vehicle/IC938,http://irail.be/stations/NMBS/008881000,IC,2016-09-14T17:45:00,2016-09-14T17:42:00,64,131
http://irail.be/vehicle/IC938,http://irail.be/stations/NMBS/008884566,IC,2016-09-14T17:50:00,2016-09-14T17:50:00,-9,-9
http://irail.be/vehicle/IC938,http://irail.be/stations/NMBS/008884541,IC,2016-09-14T17:51:00,2016-09-14T17:51:00,-21,-21
http://irail.be/vehicle/IC938,http://irail.be/stations/NMBS/008884004,IC,2016-09-14T17:54:00,2016-09-14T17:53:00,37,14
http://irail.be/vehicle/IC938,http://irail.be/stations/NMBS/008884632,IC,2016-09-14T17:59:00,2016-09-14T17:59:00,37,37
http://irail.be/vehicle/IC938,http://irail.be/stations/NMBS/008884640,IC,2016-09-14T18:00:00,2016-09-14T18:00:00,37,37
http://irail.be/vehicle/IC938,http://irail.be/stations/NMBS/008884715,IC,2016-09-14T18:01:00,2016-09-14T18:01:00,-4,-4
http://irail.be/vehicle/IC938,http://irail.be/stations/NMBS/008884855,IC,2016-09-14T18:04:00,2016-09-14T18:04:00,-4,-4
http://irail.be/vehicle/IC938,http://irail.be/stations/NMBS/008884889,IC,2016-09-14T18:06:00,2016-09-14T18:06:00,-4,-4
http://irail.be/vehicle/IC938,http://irail.be/stations/NMBS/008885530,IC,2016-09-14T18:08:00,2016-09-14T18:08:00,-4,-4
http://irail.be/vehicle/IC938,http://irail.be/stations/NMBS/008885522,IC,2016-09-14T18:09:00,2016-09-14T18:09:00,93,93
http://irail.be/vehicle/IC938,http://irail.be/stations/NMBS/008885001,IC,2016-09-14T18:19:00,2016-09-14T18:15:00,27,30
http://irail.be/vehicle/IC938,http://irail.be/stations/NMBS/008885068,IC,2016-09-14T18:23:00,2016-09-14T18:23:00,20,-13
http://irail.be/vehicle/IC938,http://irail.be/stations/NMBS/008885753,IC,2016-09-14T18:33:00,2016-09-14T18:33:00,0,-160
http://irail.be/vehicle/IC938,http://irail.be/stations/NMBS/008885704,IC,2016-09-14T18:37:00,2016-09-14T18:37:00,,56
http://irail.be/vehicle/IC938,http://irail.be/stations/NMBS/008863008,IC,2016-04-26T16:38:00,2016-04-26T16:38:00,13,0
http://irail.be/vehicle/IC938,http://irail.be/stations/NMBS/008861119,IC,2016-04-26T16:41:00,2016-04-26T16:41:00,58,58
http://irail.be/vehicle/IC938,http://irail.be/stations/NMBS/008861127,IC,2016-04-26T16:43:00,2016-04-26T16:43:00,17,1
http://irail.be/vehicle/IC938,http://irail.be/stations/NMBS/008861135,IC,2016-04-26T16:46:00,2016-04-26T16:46:00,-14,17
http://irail.be/vehicle/IC938,http://irail.be/stations/NMBS/008861143,IC,2016-04-26T16:49:00,2016-04-26T16:49:00,-96,-96
http://irail.be/vehicle/IC938,http://irail.be/stations/NMBS/008861150,IC,2016-04-26T16:51:00,2016-04-26T16:51:00,-96,-96
http://irail.be/vehicle/IC938,NO-URI,IC,2016-04-26T16:51:00,2016-04-26T16:51:00,-29,-40
http://irail.be/vehicle/IC938,http://irail.be/stations/NMBS/008861168,IC,2016-04-26T16:52:00,2016-04-26T16:52:00,-29,-29
http://irail.be/vehicle/IC938,http://irail.be/stations/NMBS/008874724,IC,2016-04-26T16:52:00,2016-04-26T16:52:00,-18,-29
http://irail.be/vehicle/IC938,NO-URI,IC,2016-04-26T16:54:00,2016-04-26T16:54:00,-106,-115
http://irail.be/vehicle/IC938,http://irail.be/stations/NMBS/008874716,IC,2016-04-26T16:55:00,2016-04-26T16:55:00,-33,-33
http://irail.be/vehicle/IC938,http://irail.be/stations/NMBS/008874609,IC,2016-04-26T16:58:00,2016-04-26T16:57:00,13,-2
http://irail.be/vehicle/IC938,http://irail.be/stations/NMBS/008874583,IC,2016-04-26T17:00:00,2016-04-26T17:00:00,13,13
http://irail.be/vehicle/IC938,http://irail.be/stations/NMBS/008874567,IC,2016-04-26T17:01:00,2016-04-26T17:01:00,13,13
http://irail.be/vehicle/IC938,http://irail.be/stations/NMBS/008874559,IC,2016-04-26T17:02:00,2016-04-26T17:02:00,-11,-11
http://irail.be/vehicle/IC938,http://irail.be/stations/NMBS/008874005,IC,2016-04-26T17:03:00,2016-04-26T17:03:00,-1,-4
http://irail.be/vehicle/IC938,http://irail.be/stations/NMBS/008874054,IC,2016-04-26T17:06:00,2016-04-26T17:06:00,-51,-56
http://irail.be/vehicle/IC938,http://irail.be/stations/NMBS/008872009,IC,2016-04-26T17:11:00,2016-04-26T17:08:00,100,27
http://irail.be/vehicle/IC938,http://irail.be/stations/NMBS/008871100,IC,2016-04-26T17:15:00,2016-04-26T17:15:00,78,48
http://irail.be/vehicle/IC938,http://irail.be/stations/NMBS/008871514,IC,2016-04-26T17:19:00,2016-04-26T17:19:00,74,74
http://irail.be/vehicle/IC938,http://irail.be/stations/NMBS/008871415,IC,2016-04-26T17:20:00,2016-04-26T17:20:00,61,65
http://irail.be/vehicle/IC938,http://irail.be/stations/NMBS/008882248,IC,2016-04-26T17:22:00,2016-04-26T17:22:00,61,61
http://irail.be/vehicle/IC938,http://irail.be/stations/NMBS/008882230,IC,2016-04-26T17:23:00,2016-04-26T17:23:00,61,61
http://irail.be/vehicle/IC938,http://irail.be/stations/NMBS/008882206,IC,2016-04-26T17:28:00,2016-04-26T17:27:00,43,30
http://irail.be/vehicle/IC938,http://irail.be/stations/NMBS/008881463,IC,2016-04-26T17:32:00,2016-04-26T17:32:00,41,41
http://irail.be/vehicle/IC938,http://irail.be/stations/NMBS/008881455,IC,2016-04-26T17:33:00,2016-04-26T17:33:00,41,41
http://irail.be/vehicle/IC938,http://irail.be/stations/NMBS/008881430,IC,2016-04-26T17:35:00,2016-04-26T17:35:00,41,41
http://irail.be/vehicle/IC938,NO-URI,IC,2016-04-26T17:36:00,2016-04-26T17:36:00,115,115
http://irail.be/vehicle/IC938,http://irail.be/stations/NMBS/008881406,IC,2016-04-26T17:37:00,2016-04-26T17:37:00,55,55
http://irail.be/vehicle/IC938,http://irail.be/stations/NMBS/008881315,IC,2016-04-26T17:39:00,2016-04-26T17:39:00,55,55
http://irail.be/vehicle/IC938,http://irail.be/stations/NMBS/008881000,IC,2016-04-26T17:45:00,2016-04-26T17:42:00,44,96
http://irail.be/vehicle/IC938,http://irail.be/stations/NMBS/008884566,IC,2016-04-26T17:50:00,2016-04-26T17:50:00,-5,-16
http://irail.be/vehicle/IC938,http://irail.be/stations/NMBS/008884541,IC,2016-04-26T17:51:00,2016-04-26T17:51:00,-16,-16
http://irail.be/vehicle/IC938,http://irail.be/stations/NMBS/008884004,IC,2016-04-26T17:54:00,2016-04-26T17:53:00,27,-12
http://irail.be/vehicle/IC938,http://irail.be/stations/NMBS/008884632,IC,2016-04-26T17:59:00,2016-04-26T17:59:00,27,27
http://irail.be/vehicle/IC938,http://irail.be/stations/NMBS/008884640,IC,2016-04-26T18:00:00,2016-04-26T18:00:00,27,27
http://irail.be/vehicle/IC938,http://irail.be/stations/NMBS/008884715,IC,2016-04-26T18:01:00,2016-04-26T18:01:00,3,-2
http://irail.be/vehicle/IC938,http://irail.be/stations/NMBS/008884855,IC,2016-04-26T18:04:00,2016-04-26T18:04:00,3,3
http://irail.be/vehicle/IC938,http://irail.be/stations/NMBS/008884889,IC,2016-04-26T18:06:00,2016-04-26T18:06:00,3,3
http://irail.be/vehicle/IC938,http://irail.be/stations/NMBS/008885530,IC,2016-04-26T18:08:00,2016-04-26T18:08:00,-57,-57
http://irail.be/vehicle/IC938,http://irail.be/stations/NMBS/008885522,IC,2016-04-26T18:09:00,2016-04-26T18:09:00,-3,-18
http://irail.be/vehicle/IC938,http://irail.be/stations/NMBS/008885001,IC,2016-04-26T18:19:00,2016-04-26T18:15:00,463,261
http://irail.be/vehicle/IC938,http://irail.be/stations/NMBS/008885068,IC,2016-04-26T18:23:00,2016-04-26T18:23:00,564,530
http://irail.be/vehicle/IC938,http://irail.be/stations/NMBS/008885753,IC,2016-04-26T18:33:00,2016-04-26T18:33:00,384,384
http://irail.be/vehicle/IC938,http://irail.be/stations/NMBS/008885704,IC,2016-04-26T18:37:00,2016-04-26T18:37:00,0,603
http://irail.be/vehicle/IC938,http://irail.be/stations/NMBS/008863008,IC,2016-11-18T16:38:00,2016-11-18T16:38:00,2222,
http://irail.be/vehicle/IC938,http://irail.be/stations/NMBS/008861119,IC,2016-11-18T16:41:00,2016-11-18T16:41:00,2245,2245
http://irail.be/vehicle/IC938,http://irail.be/stations/NMBS/008861127,IC,2016-11-18T16:43:08,2016-11-18T16:43:08,2184,2184
http://irail.be/vehicle/IC938,http://irail.be/stations/NMBS/008861135,IC,2016-11-18T16:46:00,2016-11-18T16:46:00,2184,2184
http://irail.be/vehicle/IC938,http://irail.be/stations/NMBS/008861143,IC,2016-11-18T16:49:00,2016-11-18T16:49:00,2085,2085
http://irail.be/vehicle/IC938,http://irail.be/stations/NMBS/008861150,IC,2016-11-18T16:51:00,2016-11-18T16:51:00,2074,2074
http://irail.be/vehicle/IC938,NO-URI,IC,2016-11-18T16:51:23,2016-11-18T16:51:23,2074,2074
http://irail.be/vehicle/IC938,http://irail.be/stations/NMBS/008861168,IC,2016-11-18T16:52:09,2016-11-18T16:52:09,2073,2073
http://irail.be/vehicle/IC938,http://irail.be/stations/NMBS/008874724,IC,2016-11-18T16:52:26,2016-11-18T16:52:26,2058,2058
http://irail.be/vehicle/IC938,NO-URI,IC,2016-11-18T16:54:00,2016-11-18T16:54:00,2058,2058
http://irail.be/vehicle/IC938,http://irail.be/stations/NMBS/008874716,IC,2016-11-18T16:55:12,2016-11-18T16:55:12,1993,1993
http://irail.be/vehicle/IC938,http://irail.be/stations/NMBS/008874609,IC,2016-11-18T16:58:08,2016-11-18T16:57:08,2016,1990
http://irail.be/vehicle/IC938,http://irail.be/stations/NMBS/008874583,IC,2016-11-18T17:00:00,2016-11-18T17:00:00,2016,2016
http://irail.be/vehicle/IC938,http://irail.be/stations/NMBS/008874567,IC,2016-11-18T17:01:23,2016-11-18T17:01:23,2005,2005
http://irail.be/vehicle/IC938,http://irail.be/stations/NMBS/008874559,IC,2016-11-18T17:02:00,2016-11-18T17:02:00,2005,2005
http://irail.be/vehicle/IC938,NO-URI,IC,2016-11-18T17:03:00,2016-11-18T17:03:00,2117,2117
http://irail.be/vehicle/IC938,http://irail.be/stations/NMBS/008874005,IC,2016-11-18T17:03:06,2016-11-18T17:03:06,2248,2248
http://irail.be/vehicle/IC938,http://irail.be/stations/NMBS/008874054,IC,2016-11-18T17:06:00,2016-11-18T17:06:00,2358,2358
http://irail.be/vehicle/IC938,http://irail.be/stations/NMBS/008872009,IC,2016-11-18T17:11:00,2016-11-18T17:08:09,2451,2402
http://irail.be/vehicle/IC938,http://irail.be/stations/NMBS/008871100,IC,2016-11-18T17:15:00,2016-11-18T17:15:00,2471,2471
http://irail.be/vehicle/IC938,http://irail.be/stations/NMBS/008871514,IC,2016-11-18T17:19:00,2016-11-18T17:19:00,2507,2507
http://irail.be/vehicle/IC938,http://irail.be/stations/NMBS/008871415,IC,2016-11-18T17:20:16,2016-11-18T17:20:16,2507,2507
http://irail.be/vehicle/IC938,http://irail.be/stations/NMBS/008882248,IC,2016-11-18T17:22:05,2016-11-18T17:22:05,2503,2503
http://irail.be/vehicle/IC938,http://irail.be/stations/NMBS/008882230,IC,2016-11-18T17:23:11,2016-11-18T17:23:11,2549,2549
http://irail.be/vehicle/IC938,http://irail.be/stations/NMBS/008882206,IC,2016-11-18T17:28:00,2016-11-18T17:27:00,2479,2515
http://irail.be/vehicle/IC938,http://irail.be/stations/NMBS/008881463,IC,2016-11-18T17:32:20,2016-11-18T17:32:20,2469,2469
http://irail.be/vehicle/IC938,http://irail.be/stations/NMBS/008881455,IC,2016-11-18T17:33:13,2016-11-18T17:33:13,2453,2453
http://irail.be/vehicle/IC938,http://irail.be/stations/NMBS/008881430,IC,2016-11-18T17:35:00,2016-11-18T17:35:00,2453,2453
http://irail.be/vehicle/IC938,NO-URI,IC,2016-11-18T17:36:26,2016-11-18T17:36:26,2453,2453
http://irail.be/vehicle/IC938,http://irail.be/stations/NMBS/008881406,IC,2016-11-18T17:37:00,2016-11-18T17:37:00,2436,2436
http://irail.be/vehicle/IC938,http://irail.be/stations/NMBS/008881315,IC,2016-11-18T17:39:00,2016-11-18T17:39:00,2445,2445
http://irail.be/vehicle/IC938,http://irail.be/stations/NMBS/008881000,IC,2016-11-18T17:45:00,2016-11-18T17:42:00,2398,2445
http://irail.be/vehicle/IC938,http://irail.be/stations/NMBS/008884566,IC,2016-11-18T17:50:00,2016-11-18T17:50:00,2398,2398
http://irail.be/vehicle/IC938,http://irail.be/stations/NMBS/008884541,IC,2016-11-18T17:51:03,2016-11-18T17:51:03,2330,2330
http://irail.be/vehicle/IC938,http://irail.be/stations/NMBS/008884004,IC,2016-11-18T17:54:24,2016-11-18T17:53:24,2251,2251
http://irail.be/vehicle/IC938,http://irail.be/stations/NMBS/008884632,IC,2016-11-18T17:59:00,2016-11-18T17:59:00,2251,2251
http://irail.be/vehicle/IC938,http://irail.be/stations/NMBS/008884640,IC,2016-11-18T18:02:05,2016-11-18T18:02:05,2309,2309
http://irail.be/vehicle/IC938,http://irail.be/stations/NMBS/008884715,IC,2016-11-18T18:03:19,2016-11-18T18:03:19,2309,2309
http://irail.be/vehicle/IC938,http://irail.be/stations/NMBS/008884855,IC,2016-11-18T18:05:33,2016-11-18T18:05:33,2318,2318
http://irail.be/vehicle/IC938,http://irail.be/stations/NMBS/008884889,IC,2016-11-18T18:07:39,2016-11-18T18:07:39,2304,2304
http://irail.be/vehicle/IC938,http://irail.be/stations/NMBS/008885530,IC,2016-11-18T18:08:41,2016-11-18T18:08:41,2304,2304
http://irail.be/vehicle/IC938,http://irail.be/stations/NMBS/008885522,IC,2016-11-18T18:10:11,2016-11-18T18:10:11,2309,2309
http://irail.be/vehicle/IC938,http://irail.be/stations/NMBS/008885001,IC,2016-11-18T18:19:00,2016-11-18T18:15:00,2388,2410
http://irail.be/vehicle/IC938,http://irail.be/stations/NMBS/008885068,IC,2016-11-18T18:23:00,2016-11-18T18:23:00,2397,2364
http://irail.be/vehicle/IC938,http://irail.be/stations/NMBS/008885753,IC,2016-11-18T18:33:00,2016-11-18T18:33:00,2346,2346
http://irail.be/vehicle/IC938,http://irail.be/stations/NMBS/008885704,IC,2016-11-18T18:37:00,2016-11-18T18:37:00,,2346
http://irail.be/vehicle/IC938,http://irail.be/stations/NMBS/008863008,IC,2016-09-08T16:38:00,2016-09-08T16:38:00,19,
http://irail.be/vehicle/IC938,http://irail.be/stations/NMBS/008861119,IC,2016-09-08T16:41:00,2016-09-08T16:41:00,72,72
http://irail.be/vehicle/IC938,http://irail.be/stations/NMBS/008861127,IC,2016-09-08T16:43:00,2016-09-08T16:43:00,22,22
http://irail.be/vehicle/IC938,http://irail.be/stations/NMBS/008861135,IC,2016-09-08T16:46:00,2016-09-08T16:46:00,-10,-10
http://irail.be/vehicle/IC938,http://irail.be/stations/NMBS/008861143,IC,2016-09-08T16:49:00,2016-09-08T16:49:00,-96,-96
http://irail.be/vehicle/IC938,http://irail.be/stations/NMBS/008861150,IC,2016-09-08T16:51:00,2016-09-08T16:51:00,-96,-96
http://irail.be/vehicle/IC938,NO-URI,IC,2016-09-08T16:51:00,2016-09-08T16:51:00,-54,-54
http://irail.be/vehicle/IC938,http://irail.be/stations/NMBS/008861168,IC,2016-09-08T16:52:00,2016-09-08T16:52:00,-54,-54
http://irail.be/vehicle/IC938,http://irail.be/stations/NMBS/008874724,IC,2016-09-08T16:52:00,2016-09-08T16:52:00,-44,-44
http://irail.be/vehicle/IC938,NO-URI,IC,2016-09-08T16:54:00,2016-09-08T16:54:00,-138,-138
http://irail.be/vehicle/IC938,http://irail.be/stations/NMBS/008874716,IC,2016-09-08T16:55:00,2016-09-08T16:55:00,-64,-64
http://irail.be/vehicle/IC938,http://irail.be/stations/NMBS/008874609,IC,2016-09-08T16:58:00,2016-09-08T16:57:00,109,92
http://irail.be/vehicle/IC938,http://irail.be/stations/NMBS/008874583,IC,2016-09-08T17:00:00,2016-09-08T17:00:00,109,109
http://irail.be/vehicle/IC938,http://irail.be/stations/NMBS/008874567,IC,2016-09-08T17:01:00,2016-09-08T17:01:00,109,109
http://irail.be/vehicle/IC938,http://irail.be/stations/NMBS/008874559,IC,2016-09-08T17:02:00,2016-09-08T17:02:00,82,82
http://irail.be/vehicle/IC938,NO-URI,IC,2016-09-08T17:03:00,2016-09-08T17:03:00,82,82
http://irail.be/vehicle/IC938,http://irail.be/stations/NMBS/008874005,IC,2016-09-08T17:03:00,2016-09-08T17:03:00,96,96
http://irail.be/vehicle/IC938,http://irail.be/stations/NMBS/008874054,IC,2016-09-08T17:06:00,2016-09-08T17:06:00,55,55
http://irail.be/vehicle/IC938,http://irail.be/stations/NMBS/008872009,IC,2016-09-08T17:11:00,2016-09-08T17:08:00,45,84
http://irail.be/vehicle/IC938,http://irail.be/stations/NMBS/008871100,IC,2016-09-08T17:15:00,2016-09-08T17:15:00,146,146
http://irail.be/vehicle/IC938,http://irail.be/stations/NMBS/008871514,IC,2016-09-08T17:19:00,2016-09-08T17:19:00,145,145
http://irail.be/vehicle/IC938,http://irail.be/stations/NMBS/008871415,IC,2016-09-08T17:20:00,2016-09-08T17:20:00,128,128
http://irail.be/vehicle/IC938,http://irail.be/stations/NMBS/008882248,IC,2016-09-08T17:22:00,2016-09-08T17:22:00,128,128
http://irail.be/vehicle/IC938,http://irail.be/stations/NMBS/008882230,IC,2016-09-08T17:23:00,2016-09-08T17:23:00,128,128
http://irail.be/vehicle/IC938,http://irail.be/stations/NMBS/008882206,IC,2016-09-08T17:28:00,2016-09-08T17:27:00,112,98
http://irail.be/vehicle/IC938,http://irail.be/stations/NMBS/008881463,IC,2016-09-08T17:32:00,2016-09-08T17:32:00,97,97
http://irail.be/vehicle/IC938,http://irail.be/stations/NMBS/008881455,IC,2016-09-08T17:33:00,2016-09-08T17:33:00,97,97
http://irail.be/vehicle/IC938,http://irail.be/stations/NMBS/008881430,IC,2016-09-08T17:35:00,2016-09-08T17:35:00,97,97
http://irail.be/vehicle/IC938,NO-URI,IC,2016-09-08T17:36:00,2016-09-08T17:36:00,89,89
http://irail.be/vehicle/IC938,http://irail.be/stations/NMBS/008881406,IC,2016-09-08T17:37:00,2016-09-08T17:37:00,29,29
http://irail.be/vehicle/IC938,http://irail.be/stations/NMBS/008881315,IC,2016-09-08T17:39:00,2016-09-08T17:39:00,29,29
http://irail.be/vehicle/IC938,http://irail.be/stations/NMBS/008881000,IC,2016-09-08T17:45:00,2016-09-08T17:42:00,94,145
http://irail.be/vehicle/IC938,http://irail.be/stations/NMBS/008884566,IC,2016-09-08T17:50:00,2016-09-08T17:50:00,55,55
http://irail.be/vehicle/IC938,http://irail.be/stations/NMBS/008884541,IC,2016-09-08T17:51:00,2016-09-08T17:51:00,45,45
http://irail.be/vehicle/IC938,http://irail.be/stations/NMBS/008884004,IC,2016-09-08T17:54:00,2016-09-08T17:53:00,70,53
http://irail.be/vehicle/IC938,http://irail.be/stations/NMBS/008884632,IC,2016-09-08T17:59:00,2016-09-08T17:59:00,70,70
http://irail.be/vehicle/IC938,http://irail.be/stations/NMBS/008884640,IC,2016-09-08T18:00:00,2016-09-08T18:00:00,70,70
http://irail.be/vehicle/IC938,http://irail.be/stations/NMBS/008884715,IC,2016-09-08T18:01:00,2016-09-08T18:01:00,61,61
http://irail.be/vehicle/IC938,http://irail.be/stations/NMBS/008884855,IC,2016-09-08T18:04:00,2016-09-08T18:04:00,61,61
http://irail.be/vehicle/IC938,http://irail.be/stations/NMBS/008884889,IC,2016-09-08T18:06:00,2016-09-08T18:06:00,61,61
http://irail.be/vehicle/IC938,http://irail.be/stations/NMBS/008885530,IC,2016-09-08T18:08:00,2016-09-08T18:08:00,1,1
http://irail.be/vehicle/IC938,http://irail.be/stations/NMBS/008885522,IC,2016-09-08T18:09:00,2016-09-08T18:09:00,75,75
http://irail.be/vehicle/IC938,http://irail.be/stations/NMBS/008885001,IC,2016-09-08T18:19:00,2016-09-08T18:15:00,19,66
http://irail.be/vehicle/IC938,http://irail.be/stations/NMBS/008885068,IC,2016-09-08T18:23:00,2016-09-08T18:23:00,34,1
http://irail.be/vehicle/IC938,http://irail.be/stations/NMBS/008885753,IC,2016-09-08T18:33:00,2016-09-08T18:33:00,0,-146
http://irail.be/vehicle/IC938,http://irail.be/stations/NMBS/008885704,IC,2016-09-08T18:37:00,2016-09-08T18:37:00,,68
http://irail.be/vehicle/IC938,http://irail.be/stations/NMBS/008863008,IC,2016-08-18T16:38:00,2016-08-18T16:38:00,36,
http://irail.be/vehicle/IC938,http://irail.be/stations/NMBS/008861119,IC,2016-08-18T16:41:00,2016-08-18T16:41:00,68,68
http://irail.be/vehicle/IC938,http://irail.be/stations/NMBS/008861127,IC,2016-08-18T16:43:00,2016-08-18T16:43:00,25,25
http://irail.be/vehicle/IC938,http://irail.be/stations/NMBS/008861135,IC,2016-08-18T16:46:00,2016-08-18T16:46:00,-14,-14
http://irail.be/vehicle/IC938,http://irail.be/stations/NMBS/008861143,IC,2016-08-18T16:49:00,2016-08-18T16:49:00,-102,-102
http://irail.be/vehicle/IC938,http://irail.be/stations/NMBS/008861150,IC,2016-08-18T16:51:00,2016-08-18T16:51:00,-102,-102
http://irail.be/vehicle/IC938,NO-URI,IC,2016-08-18T16:51:00,2016-08-18T16:51:00,17,17
http://irail.be/vehicle/IC938,http://irail.be/stations/NMBS/008861168,IC,2016-08-18T16:52:00,2016-08-18T16:52:00,17,17
http://irail.be/vehicle/IC938,http://irail.be/stations/NMBS/008874724,IC,2016-08-18T16:52:00,2016-08-18T16:52:00,131,131
http://irail.be/vehicle/IC938,NO-URI,IC,2016-08-18T16:54:00,2016-08-18T16:54:00,70,70
http://irail.be/vehicle/IC938,http://irail.be/stations/NMBS/008874716,IC,2016-08-18T16:55:00,2016-08-18T16:55:00,86,86
http://irail.be/vehicle/IC938,http://irail.be/stations/NMBS/008874609,IC,2016-08-18T16:58:00,2016-08-18T16:57:00,119,109
http://irail.be/vehicle/IC938,http://irail.be/stations/NMBS/008874583,IC,2016-08-18T16:59:00,2016-08-18T16:59:00,59,59
http://irail.be/vehicle/IC938,http://irail.be/stations/NMBS/008874567,IC,2016-08-18T17:01:00,2016-08-18T17:01:00,119,119
http://irail.be/vehicle/IC938,http://irail.be/stations/NMBS/008874559,IC,2016-08-18T17:02:00,2016-08-18T17:02:00,93,93
http://irail.be/vehicle/IC938,NO-URI,IC,2016-08-18T17:03:00,2016-08-18T17:03:00,93,93
http://irail.be/vehicle/IC938,http://irail.be/stations/NMBS/008874005,IC,2016-08-18T17:03:00,2016-08-18T17:03:00,118,118
http://irail.be/vehicle/IC938,http://irail.be/stations/NMBS/008874054,IC,2016-08-18T17:06:00,2016-08-18T17:06:00,110,110
http://irail.be/vehicle/IC938,http://irail.be/stations/NMBS/008872009,IC,2016-08-18T17:11:00,2016-08-18T17:08:00,71,159
http://irail.be/vehicle/IC938,http://irail.be/stations/NMBS/008871100,IC,2016-08-18T17:15:00,2016-08-18T17:15:00,56,56
http://irail.be/vehicle/IC938,http://irail.be/stations/NMBS/008871514,IC,2016-08-18T17:18:00,2016-08-18T17:18:00,-6,-6
http://irail.be/vehicle/IC938,http://irail.be/stations/NMBS/008871415,IC,2016-08-18T17:20:00,2016-08-18T17:20:00,61,61
http://irail.be/vehicle/IC938,http://irail.be/stations/NMBS/008882248,IC,2016-08-18T17:21:00,2016-08-18T17:21:00,1,1
http://irail.be/vehicle/IC938,http://irail.be/stations/NMBS/008882230,IC,2016-08-18T17:22:00,2016-08-18T17:22:00,1,1
http://irail.be/vehicle/IC938,http://irail.be/stations/NMBS/008882206,IC,2016-08-18T17:28:00,2016-08-18T17:27:00,43,30
http://irail.be/vehicle/IC938,http://irail.be/stations/NMBS/008881463,IC,2016-08-18T17:32:00,2016-08-18T17:32:00,24,24
http://irail.be/vehicle/IC938,http://irail.be/stations/NMBS/008881455,IC,2016-08-18T17:33:00,2016-08-18T17:33:00,24,24
http://irail.be/vehicle/IC938,http://irail.be/stations/NMBS/008881430,IC,2016-08-18T17:34:00,2016-08-18T17:34:00,-36,-36
http://irail.be/vehicle/IC938,NO-URI,IC,2016-08-18T17:36:00,2016-08-18T17:36:00,16,16
http://irail.be/vehicle/IC938,http://irail.be/stations/NMBS/008881406,IC,2016-08-18T17:37:00,2016-08-18T17:37:00,-44,-44
http://irail.be/vehicle/IC938,http://irail.be/stations/NMBS/008881315,IC,2016-08-18T17:40:00,2016-08-18T17:40:00,16,16
http://irail.be/vehicle/IC938,http://irail.be/stations/NMBS/008881000,IC,2016-08-18T17:45:00,2016-08-18T17:42:00,34,69
http://irail.be/vehicle/IC938,http://irail.be/stations/NMBS/008884566,IC,2016-08-18T17:50:00,2016-08-18T17:50:00,-8,-8
http://irail.be/vehicle/IC938,http://irail.be/stations/NMBS/008884541,IC,2016-08-18T17:51:00,2016-08-18T17:51:00,-12,-12
http://irail.be/vehicle/IC938,http://irail.be/stations/NMBS/008884004,IC,2016-08-18T17:54:00,2016-08-18T17:53:00,23,17
http://irail.be/vehicle/IC938,http://irail.be/stations/NMBS/008884632,IC,2016-08-18T17:58:00,2016-08-18T17:58:00,-37,-37
http://irail.be/vehicle/IC938,http://irail.be/stations/NMBS/008884640,IC,2016-08-18T17:59:00,2016-08-18T17:59:00,-37,-37
http://irail.be/vehicle/IC938,http://irail.be/stations/NMBS/008884715,IC,2016-08-18T18:01:00,2016-08-18T18:01:00,-14,-14
http://irail.be/vehicle/IC938,http://irail.be/stations/NMBS/008884855,IC,2016-08-18T18:03:00,2016-08-18T18:03:00,-74,-74
http://irail.be/vehicle/IC938,http://irail.be/stations/NMBS/008884889,IC,2016-08-18T18:06:00,2016-08-18T18:06:00,-14,-14
http://irail.be/vehicle/IC938,http://irail.be/stations/NMBS/008885530,IC,2016-08-18T18:08:00,2016-08-18T18:08:00,-14,-14
http://irail.be/vehicle/IC938,http://irail.be/stations/NMBS/008885522,IC,2016-08-18T18:09:00,2016-08-18T18:09:00,-30,-30
http://irail.be/vehicle/IC938,http://irail.be/stations/NMBS/008885001,IC,2016-08-18T18:19:00,2016-08-18T18:15:00,26,-79
http://irail.be/vehicle/IC938,http://irail.be/stations/NMBS/008885068,IC,2016-08-18T18:23:00,2016-08-18T18:23:00,28,-11
http://irail.be/vehicle/IC938,http://irail.be/stations/NMBS/008885753,IC,2016-08-18T18:33:00,2016-08-18T18:33:00,0,-152
http://irail.be/vehicle/IC938,http://irail.be/stations/NMBS/008885704,IC,2016-08-18T18:37:00,2016-08-18T18:37:00,,39
http://irail.be/vehicle/IC938,http://irail.be/stations/NMBS/008863008,IC,2016-05-25T16:38:00,2016-05-25T16:38:00,1079,0
http://irail.be/vehicle/IC938,http://irail.be/stations/NMBS/008861119,IC,2016-05-25T16:41:00,2016-05-25T16:41:00,1104,1104
http://irail.be/vehicle/IC938,http://irail.be/stations/NMBS/008861127,IC,2016-05-25T16:43:00,2016-05-25T16:43:00,1037,1037
http://irail.be/vehicle/IC938,http://irail.be/stations/NMBS/008861135,IC,2016-05-25T16:46:00,2016-05-25T16:46:00,1017,1037
http://irail.be/vehicle/IC938,http://irail.be/stations/NMBS/008861143,IC,2016-05-25T16:49:00,2016-05-25T16:49:00,1055,1055
http://irail.be/vehicle/IC938,http://irail.be/stations/NMBS/008861150,IC,2016-05-25T16:51:00,2016-05-25T16:51:00,1055,1055
http://irail.be/vehicle/IC938,NO-URI,IC,2016-05-25T16:51:00,2016-05-25T16:51:00,1083,1082
http://irail.be/vehicle/IC938,http://irail.be/stations/NMBS/008861168,IC,2016-05-25T16:52:00,2016-05-25T16:52:00,1083,1083
http://irail.be/vehicle/IC938,http://irail.be/stations/NMBS/008874724,IC,2016-05-25T16:52:00,2016-05-25T16:52:00,1084,1083
http://irail.be/vehicle/IC938,NO-URI,IC,2016-05-25T16:54:00,2016-05-25T16:54:00,988,987
http://irail.be/vehicle/IC938,http://irail.be/stations/NMBS/008874716,IC,2016-05-25T16:55:00,2016-05-25T16:55:00,997,997
http://irail.be/vehicle/IC938,http://irail.be/stations/NMBS/008874609,IC,2016-05-25T16:58:00,2016-05-25T16:57:00,997,1001
http://irail.be/vehicle/IC938,http://irail.be/stations/NMBS/008874583,IC,2016-05-25T17:00:00,2016-05-25T17:00:00,0,0
http://irail.be/vehicle/IC938,http://irail.be/stations/NMBS/008874567,IC,2016-05-25T17:01:00,2016-05-25T17:01:00,0,0
http://irail.be/vehicle/IC938,http://irail.be/stations/NMBS/008874559,IC,2016-05-25T17:02:00,2016-05-25T17:02:00,963,963
http://irail.be/vehicle/IC938,http://irail.be/stations/NMBS/008874005,IC,2016-05-25T17:03:00,2016-05-25T17:03:00,1178,1034
http://irail.be/vehicle/IC938,http://irail.be/stations/NMBS/008874054,IC,2016-05-25T17:06:00,2016-05-25T17:06:00,1383,1282
http://irail.be/vehicle/IC938,http://irail.be/stations/NMBS/008872009,IC,2016-05-25T17:11:00,2016-05-25T17:08:00,1424,1525
http://irail.be/vehicle/IC938,http://irail.be/stations/NMBS/008871100,IC,2016-05-25T17:15:00,2016-05-25T17:15:00,1408,1377
http://irail.be/vehicle/IC938,http://irail.be/stations/NMBS/008871514,IC,2016-05-25T17:19:00,2016-05-25T17:19:00,1406,1406
http://irail.be/vehicle/IC938,http://irail.be/stations/NMBS/008871415,IC,2016-05-25T17:20:00,2016-05-25T17:20:00,1378,1383
http://irail.be/vehicle/IC938,http://irail.be/stations/NMBS/008882248,IC,2016-05-25T17:22:00,2016-05-25T17:22:00,1378,1378
http://irail.be/vehicle/IC938,http://irail.be/stations/NMBS/008882230,IC,2016-05-25T17:23:00,2016-05-25T17:23:00,0,0
http://irail.be/vehicle/IC938,http://irail.be/stations/NMBS/008882206,IC,2016-05-25T17:28:00,2016-05-25T17:27:00,1358,1302
http://irail.be/vehicle/IC938,http://irail.be/stations/NMBS/008881463,IC,2016-05-25T17:32:00,2016-05-25T17:32:00,1343,1343
http://irail.be/vehicle/IC938,http://irail.be/stations/NMBS/008881455,IC,2016-05-25T17:33:00,2016-05-25T17:33:00,1343,1343
http://irail.be/vehicle/IC938,http://irail.be/stations/NMBS/008881430,IC,2016-05-25T17:35:00,2016-05-25T17:35:00,0,0
http://irail.be/vehicle/IC938,NO-URI,IC,2016-05-25T17:36:00,2016-05-25T17:36:00,1382,1346
http://irail.be/vehicle/IC938,http://irail.be/stations/NMBS/008881406,IC,2016-05-25T17:37:00,2016-05-25T17:37:00,1322,1322
http://irail.be/vehicle/IC938,http://irail.be/stations/NMBS/008881315,IC,2016-05-25T17:39:00,2016-05-25T17:39:00,0,0
http://irail.be/vehicle/IC938,http://irail.be/stations/NMBS/008881000,IC,2016-05-25T17:45:00,2016-05-25T17:42:00,1317,1371
http://irail.be/vehicle/IC938,http://irail.be/stations/NMBS/008884566,IC,2016-05-25T17:50:00,2016-05-25T17:50:00,1254,1257
http://irail.be/vehicle/IC938,http://irail.be/stations/NMBS/008884541,IC,2016-05-25T17:51:00,2016-05-25T17:51:00,1242,1242
http://irail.be/vehicle/IC938,http://irail.be/stations/NMBS/008884004,IC,2016-05-25T17:54:00,2016-05-25T17:53:00,1286,1258
http://irail.be/vehicle/IC938,http://irail.be/stations/NMBS/008884632,IC,2016-05-25T17:59:00,2016-05-25T17:59:00,0,0
http://irail.be/vehicle/IC938,http://irail.be/stations/NMBS/008884640,IC,2016-05-25T18:00:00,2016-05-25T18:00:00,0,0
http://irail.be/vehicle/IC938,http://irail.be/stations/NMBS/008884715,IC,2016-05-25T18:01:00,2016-05-25T18:01:00,1251,1248
http://irail.be/vehicle/IC938,http://irail.be/stations/NMBS/008884855,IC,2016-05-25T18:04:00,2016-05-25T18:04:00,1251,1251
http://irail.be/vehicle/IC938,http://irail.be/stations/NMBS/008884889,IC,2016-05-25T18:06:00,2016-05-25T18:06:00,0,0
http://irail.be/vehicle/IC938,http://irail.be/stations/NMBS/008885530,IC,2016-05-25T18:08:00,2016-05-25T18:08:00,0,0
http://irail.be/vehicle/IC938,http://irail.be/stations/NMBS/008885522,IC,2016-05-25T18:09:00,2016-05-25T18:09:00,1285,1278
http://irail.be/vehicle/IC938,http://irail.be/stations/NMBS/008885001,IC,2016-05-25T18:19:00,2016-05-25T18:15:00,1184,1229
http://irail.be/vehicle/IC938,http://irail.be/stations/NMBS/008885068,IC,2016-05-25T18:23:00,2016-05-25T18:23:00,1180,1146
http://irail.be/vehicle/IC938,http://irail.be/stations/NMBS/008885753,IC,2016-05-25T18:33:00,2016-05-25T18:33:00,0,0
http://irail.be/vehicle/IC938,http://irail.be/stations/NMBS/008885704,IC,2016-05-25T18:37:00,2016-05-25T18:37:00,0,1291
http://irail.be/vehicle/IC938,http://irail.be/stations/NMBS/008863008,IC,2016-10-21T16:38:00,2016-10-21T16:38:00,6,
http://irail.be/vehicle/IC938,http://irail.be/stations/NMBS/008861119,IC,2016-10-21T16:41:00,2016-10-21T16:41:00,42,42
http://irail.be/vehicle/IC938,http://irail.be/stations/NMBS/008861127,IC,2016-10-21T16:43:00,2016-10-21T16:43:00,-10,-10
http://irail.be/vehicle/IC938,http://irail.be/stations/NMBS/008861135,IC,2016-10-21T16:46:00,2016-10-21T16:46:00,-41,-41
http://irail.be/vehicle/IC938,http://irail.be/stations/NMBS/008861143,IC,2016-10-21T16:49:00,2016-10-21T16:49:00,-133,-133
http://irail.be/vehicle/IC938,http://irail.be/stations/NMBS/008861150,IC,2016-10-21T16:51:00,2016-10-21T16:51:00,-133,-133
http://irail.be/vehicle/IC938,NO-URI,IC,2016-10-21T16:51:00,2016-10-21T16:51:00,-107,-107
http://irail.be/vehicle/IC938,http://irail.be/stations/NMBS/008861168,IC,2016-10-21T16:52:00,2016-10-21T16:52:00,-107,-107
http://irail.be/vehicle/IC938,http://irail.be/stations/NMBS/008874724,IC,2016-10-21T16:52:00,2016-10-21T16:52:00,-99,-99
http://irail.be/vehicle/IC938,NO-URI,IC,2016-10-21T16:54:00,2016-10-21T16:54:00,-191,-191
http://irail.be/vehicle/IC938,http://irail.be/stations/NMBS/008874716,IC,2016-10-21T16:55:00,2016-10-21T16:55:00,-69,-69
http://irail.be/vehicle/IC938,http://irail.be/stations/NMBS/008874609,IC,2016-10-21T16:58:00,2016-10-21T16:57:00,137,112
http://irail.be/vehicle/IC938,http://irail.be/stations/NMBS/008874583,IC,2016-10-21T17:00:00,2016-10-21T17:00:00,137,137
http://irail.be/vehicle/IC938,http://irail.be/stations/NMBS/008874567,IC,2016-10-21T17:01:00,2016-10-21T17:01:00,137,137
http://irail.be/vehicle/IC938,http://irail.be/stations/NMBS/008874559,IC,2016-10-21T17:02:00,2016-10-21T17:02:00,109,109
http://irail.be/vehicle/IC938,NO-URI,IC,2016-10-21T17:03:00,2016-10-21T17:03:00,109,109
http://irail.be/vehicle/IC938,http://irail.be/stations/NMBS/008874005,IC,2016-10-21T17:03:00,2016-10-21T17:03:00,118,118
http://irail.be/vehicle/IC938,http://irail.be/stations/NMBS/008874054,IC,2016-10-21T17:06:00,2016-10-21T17:06:00,99,99
http://irail.be/vehicle/IC938,http://irail.be/stations/NMBS/008872009,IC,2016-10-21T17:11:00,2016-10-21T17:08:00,361,259
http://irail.be/vehicle/IC938,http://irail.be/stations/NMBS/008871100,IC,2016-10-21T17:15:00,2016-10-21T17:15:00,403,403
http://irail.be/vehicle/IC938,http://irail.be/stations/NMBS/008871514,IC,2016-10-21T17:19:00,2016-10-21T17:19:00,472,472
http://irail.be/vehicle/IC938,http://irail.be/stations/NMBS/008871415,IC,2016-10-21T17:20:00,2016-10-21T17:20:00,492,492
http://irail.be/vehicle/IC938,http://irail.be/stations/NMBS/008882248,IC,2016-10-21T17:22:00,2016-10-21T17:22:00,492,492
http://irail.be/vehicle/IC938,http://irail.be/stations/NMBS/008882230,IC,2016-10-21T17:23:00,2016-10-21T17:23:00,492,492
http://irail.be/vehicle/IC938,http://irail.be/stations/NMBS/008882206,IC,2016-10-21T17:28:00,2016-10-21T17:27:00,488,465
http://irail.be/vehicle/IC938,http://irail.be/stations/NMBS/008881463,IC,2016-10-21T17:32:00,2016-10-21T17:32:00,491,491
http://irail.be/vehicle/IC938,http://irail.be/stations/NMBS/008881455,IC,2016-10-21T17:33:00,2016-10-21T17:33:00,491,491
http://irail.be/vehicle/IC938,http://irail.be/stations/NMBS/008881430,IC,2016-10-21T17:35:00,2016-10-21T17:35:00,491,491
http://irail.be/vehicle/IC938,NO-URI,IC,2016-10-21T17:36:00,2016-10-21T17:36:00,485,485
http://irail.be/vehicle/IC938,http://irail.be/stations/NMBS/008881406,IC,2016-10-21T17:37:00,2016-10-21T17:37:00,425,425
http://irail.be/vehicle/IC938,http://irail.be/stations/NMBS/008881315,IC,2016-10-21T17:39:00,2016-10-21T17:39:00,425,425
http://irail.be/vehicle/IC938,http://irail.be/stations/NMBS/008881000,IC,2016-10-21T17:45:00,2016-10-21T17:42:00,446,477
http://irail.be/vehicle/IC938,http://irail.be/stations/NMBS/008884566,IC,2016-10-21T17:50:00,2016-10-21T17:50:00,379,379
http://irail.be/vehicle/IC938,http://irail.be/stations/NMBS/008884541,IC,2016-10-21T17:51:00,2016-10-21T17:51:00,373,373
http://irail.be/vehicle/IC938,http://irail.be/stations/NMBS/008884004,IC,2016-10-21T17:54:00,2016-10-21T17:53:00,397,376
http://irail.be/vehicle/IC938,http://irail.be/stations/NMBS/008884632,IC,2016-10-21T17:59:00,2016-10-21T17:59:00,397,397
http://irail.be/vehicle/IC938,http://irail.be/stations/NMBS/008884640,IC,2016-10-21T18:00:00,2016-10-21T18:00:00,397,397
http://irail.be/vehicle/IC938,http://irail.be/stations/NMBS/008884715,IC,2016-10-21T18:01:00,2016-10-21T18:01:00,360,360
http://irail.be/vehicle/IC938,http://irail.be/stations/NMBS/008884855,IC,2016-10-21T18:04:00,2016-10-21T18:04:00,360,360
http://irail.be/vehicle/IC938,http://irail.be/stations/NMBS/008884889,IC,2016-10-21T18:06:00,2016-10-21T18:06:00,360,360
http://irail.be/vehicle/IC938,http://irail.be/stations/NMBS/008885530,IC,2016-10-21T18:08:00,2016-10-21T18:08:00,300,300
http://irail.be/vehicle/IC938,http://irail.be/stations/NMBS/008885522,IC,2016-10-21T18:09:00,2016-10-21T18:09:00,348,348
http://irail.be/vehicle/IC938,http://irail.be/stations/NMBS/008885001,IC,2016-10-21T18:19:00,2016-10-21T18:15:00,198,309
http://irail.be/vehicle/IC938,http://irail.be/stations/NMBS/008885068,IC,2016-10-21T18:23:00,2016-10-21T18:23:00,185,154
http://irail.be/vehicle/IC938,http://irail.be/stations/NMBS/008885753,IC,2016-10-21T18:33:00,2016-10-21T18:33:00,5,5
http://irail.be/vehicle/IC938,http://irail.be/stations/NMBS/008885704,IC,2016-10-21T18:37:00,2016-10-21T18:37:00,,116
http://irail.be/vehicle/IC938,http://irail.be/stations/NMBS/008863008,IC,2016-06-14T16:38:00,2016-06-14T16:38:00,47,0
http://irail.be/vehicle/IC938,http://irail.be/stations/NMBS/008861119,IC,2016-06-14T16:41:00,2016-06-14T16:41:00,73,73
http://irail.be/vehicle/IC938,NO-URI,IC,2016-06-14T16:41:00,2016-06-14T16:41:00,73,73
http://irail.be/vehicle/IC938,http://irail.be/stations/NMBS/008861127,IC,2016-06-14T16:43:00,2016-06-14T16:43:00,80,7
http://irail.be/vehicle/IC938,http://irail.be/stations/NMBS/008861135,IC,2016-06-14T16:46:00,2016-06-14T16:46:00,202,80
http://irail.be/vehicle/IC938,http://irail.be/stations/NMBS/008861143,IC,2016-06-14T16:49:00,2016-06-14T16:49:00,176,176
http://irail.be/vehicle/IC938,http://irail.be/stations/NMBS/008861150,IC,2016-06-14T16:51:00,2016-06-14T16:51:00,176,176
http://irail.be/vehicle/IC938,NO-URI,IC,2016-06-14T16:51:00,2016-06-14T16:51:00,409,397
http://irail.be/vehicle/IC938,http://irail.be/stations/NMBS/008861168,IC,2016-06-14T16:52:00,2016-06-14T16:52:00,409,409
http://irail.be/vehicle/IC938,http://irail.be/stations/NMBS/008874724,IC,2016-06-14T16:52:00,2016-06-14T16:52:00,412,409
http://irail.be/vehicle/IC938,NO-URI,IC,2016-06-14T16:54:00,2016-06-14T16:54:00,315,315
http://irail.be/vehicle/IC938,http://irail.be/stations/NMBS/008874716,IC,2016-06-14T16:55:00,2016-06-14T16:55:00,325,325
http://irail.be/vehicle/IC938,http://irail.be/stations/NMBS/008874609,IC,2016-06-14T16:58:00,2016-06-14T16:57:00,325,331
http://irail.be/vehicle/IC938,http://irail.be/stations/NMBS/008874583,IC,2016-06-14T16:59:00,2016-06-14T16:59:00,265,265
http://irail.be/vehicle/IC938,http://irail.be/stations/NMBS/008874567,IC,2016-06-14T17:01:00,2016-06-14T17:01:00,325,325
http://irail.be/vehicle/IC938,http://irail.be/stations/NMBS/008874559,IC,2016-06-14T17:02:00,2016-06-14T17:02:00,298,298
http://irail.be/vehicle/IC938,NO-URI,IC,2016-06-14T17:03:00,2016-06-14T17:03:00,298,298
http://irail.be/vehicle/IC938,http://irail.be/stations/NMBS/008874005,IC,2016-06-14T17:03:00,2016-06-14T17:03:00,306,303
http://irail.be/vehicle/IC938,http://irail.be/stations/NMBS/008874054,IC,2016-06-14T17:06:00,2016-06-14T17:06:00,282,253
http://irail.be/vehicle/IC938,http://irail.be/stations/NMBS/008872009,IC,2016-06-14T17:11:00,2016-06-14T17:08:00,257,324
http://irail.be/vehicle/IC938,http://irail.be/stations/NMBS/008871100,IC,2016-06-14T17:15:00,2016-06-14T17:15:00,224,194
http://irail.be/vehicle/IC938,http://irail.be/stations/NMBS/008871514,IC,2016-06-14T17:18:00,2016-06-14T17:18:00,161,161
http://irail.be/vehicle/IC938,http://irail.be/stations/NMBS/008871415,IC,2016-06-14T17:20:00,2016-06-14T17:20:00,193,197
http://irail.be/vehicle/IC938,http://irail.be/stations/NMBS/008882248,IC,2016-06-14T17:21:00,2016-06-14T17:21:00,133,133
http://irail.be/vehicle/IC938,http://irail.be/stations/NMBS/008882230,IC,2016-06-14T17:22:00,2016-06-14T17:22:00,133,133
http://irail.be/vehicle/IC938,http://irail.be/stations/NMBS/008882206,IC,2016-06-14T17:28:00,2016-06-14T17:27:00,116,117
http://irail.be/vehicle/IC938,http://irail.be/stations/NMBS/008881463,IC,2016-06-14T17:32:00,2016-06-14T17:32:00,101,101
http://irail.be/vehicle/IC938,http://irail.be/stations/NMBS/008881455,IC,2016-06-14T17:33:00,2016-06-14T17:33:00,101,101
http://irail.be/vehicle/IC938,http://irail.be/stations/NMBS/008881430,IC,2016-06-14T17:34:00,2016-06-14T17:34:00,41,41
http://irail.be/vehicle/IC938,NO-URI,IC,2016-06-14T17:36:00,2016-06-14T17:36:00,87,86
http://irail.be/vehicle/IC938,http://irail.be/stations/NMBS/008881406,IC,2016-06-14T17:37:00,2016-06-14T17:37:00,27,27
http://irail.be/vehicle/IC938,http://irail.be/stations/NMBS/008881315,IC,2016-06-14T17:40:00,2016-06-14T17:40:00,87,87
http://irail.be/vehicle/IC938,http://irail.be/stations/NMBS/008881000,IC,2016-06-14T17:45:00,2016-06-14T17:42:00,37,90
http://irail.be/vehicle/IC938,http://irail.be/stations/NMBS/008884566,IC,2016-06-14T17:50:00,2016-06-14T17:50:00,-12,-23
http://irail.be/vehicle/IC938,http://irail.be/stations/NMBS/008884541,IC,2016-06-14T17:51:00,2016-06-14T17:51:00,-14,-14
http://irail.be/vehicle/IC938,http://irail.be/stations/NMBS/008884004,IC,2016-06-14T17:54:00,2016-06-14T17:53:00,64,15
http://irail.be/vehicle/IC938,http://irail.be/stations/NMBS/008884632,IC,2016-06-14T17:58:00,2016-06-14T17:58:00,4,4
http://irail.be/vehicle/IC938,http://irail.be/stations/NMBS/008884640,IC,2016-06-14T17:59:00,2016-06-14T17:59:00,4,4
http://irail.be/vehicle/IC938,http://irail.be/stations/NMBS/008884715,IC,2016-06-14T18:01:00,2016-06-14T18:01:00,47,41
http://irail.be/vehicle/IC938,http://irail.be/stations/NMBS/008884855,IC,2016-06-14T18:03:00,2016-06-14T18:03:00,-13,-13
http://irail.be/vehicle/IC938,http://irail.be/stations/NMBS/008884889,IC,2016-06-14T18:06:00,2016-06-14T18:06:00,47,47
http://irail.be/vehicle/IC938,http://irail.be/stations/NMBS/008885530,IC,2016-06-14T18:08:00,2016-06-14T18:08:00,-13,-13
http://irail.be/vehicle/IC938,http://irail.be/stations/NMBS/008885522,IC,2016-06-14T18:09:00,2016-06-14T18:09:00,103,89
http://irail.be/vehicle/IC938,http://irail.be/stations/NMBS/008885001,IC,2016-06-14T18:19:00,2016-06-14T18:15:00,82,126
http://irail.be/vehicle/IC938,http://irail.be/stations/NMBS/008885068,IC,2016-06-14T18:23:00,2016-06-14T18:23:00,87,52
http://irail.be/vehicle/IC938,http://irail.be/stations/NMBS/008885753,IC,2016-06-14T18:33:00,2016-06-14T18:33:00,0,-93
http://irail.be/vehicle/IC938,http://irail.be/stations/NMBS/008885704,IC,2016-06-14T18:37:00,2016-06-14T18:37:00,0,74
http://irail.be/vehicle/IC938,http://irail.be/stations/NMBS/008863008,IC,2016-11-02T16:38:00,2016-11-02T16:38:00,18,
http://irail.be/vehicle/IC938,http://irail.be/stations/NMBS/008861119,IC,2016-11-02T16:41:00,2016-11-02T16:41:00,71,71
http://irail.be/vehicle/IC938,http://irail.be/stations/NMBS/008861127,IC,2016-11-02T16:43:00,2016-11-02T16:43:00,40,40
http://irail.be/vehicle/IC938,http://irail.be/stations/NMBS/008861135,IC,2016-11-02T16:46:00,2016-11-02T16:46:00,32,32
http://irail.be/vehicle/IC938,http://irail.be/stations/NMBS/008861143,IC,2016-11-02T16:49:00,2016-11-02T16:49:00,-47,-47
http://irail.be/vehicle/IC938,http://irail.be/stations/NMBS/008861150,IC,2016-11-02T16:51:00,2016-11-02T16:51:00,-47,-47
http://irail.be/vehicle/IC938,NO-URI,IC,2016-11-02T16:51:00,2016-11-02T16:51:00,18,18
http://irail.be/vehicle/IC938,http://irail.be/stations/NMBS/008861168,IC,2016-11-02T16:52:00,2016-11-02T16:52:00,18,18
http://irail.be/vehicle/IC938,http://irail.be/stations/NMBS/008874724,IC,2016-11-02T16:52:00,2016-11-02T16:52:00,38,38
http://irail.be/vehicle/IC938,NO-URI,IC,2016-11-02T16:54:00,2016-11-02T16:54:00,-49,-49
http://irail.be/vehicle/IC938,http://irail.be/stations/NMBS/008874716,IC,2016-11-02T16:55:00,2016-11-02T16:55:00,-27,-27
http://irail.be/vehicle/IC938,http://irail.be/stations/NMBS/008874609,IC,2016-11-02T16:58:00,2016-11-02T16:57:00,12,7
http://irail.be/vehicle/IC938,http://irail.be/stations/NMBS/008874583,IC,2016-11-02T17:00:00,2016-11-02T17:00:00,12,12
http://irail.be/vehicle/IC938,http://irail.be/stations/NMBS/008874567,IC,2016-11-02T17:01:00,2016-11-02T17:01:00,12,12
http://irail.be/vehicle/IC938,http://irail.be/stations/NMBS/008874559,IC,2016-11-02T17:02:00,2016-11-02T17:02:00,-14,-14
http://irail.be/vehicle/IC938,NO-URI,IC,2016-11-02T17:03:00,2016-11-02T17:03:00,-14,-14
http://irail.be/vehicle/IC938,http://irail.be/stations/NMBS/008874005,IC,2016-11-02T17:03:00,2016-11-02T17:03:00,-2,-2
http://irail.be/vehicle/IC938,http://irail.be/stations/NMBS/008874054,IC,2016-11-02T17:06:00,2016-11-02T17:06:00,-51,-51
http://irail.be/vehicle/IC938,http://irail.be/stations/NMBS/008872009,IC,2016-11-02T17:11:00,2016-11-02T17:08:00,7,-13
http://irail.be/vehicle/IC938,http://irail.be/stations/NMBS/008871100,IC,2016-11-02T17:15:00,2016-11-02T17:15:00,59,59
http://irail.be/vehicle/IC938,http://irail.be/stations/NMBS/008871514,IC,2016-11-02T17:19:00,2016-11-02T17:19:00,69,69
http://irail.be/vehicle/IC938,http://irail.be/stations/NMBS/008871415,IC,2016-11-02T17:20:00,2016-11-02T17:20:00,57,57
http://irail.be/vehicle/IC938,http://irail.be/stations/NMBS/008882248,IC,2016-11-02T17:22:00,2016-11-02T17:22:00,57,57
http://irail.be/vehicle/IC938,http://irail.be/stations/NMBS/008882230,IC,2016-11-02T17:23:00,2016-11-02T17:23:00,57,57
http://irail.be/vehicle/IC938,http://irail.be/stations/NMBS/008882206,IC,2016-11-02T17:28:00,2016-11-02T17:27:00,8,5
http://irail.be/vehicle/IC938,http://irail.be/stations/NMBS/008881463,IC,2016-11-02T17:32:00,2016-11-02T17:32:00,0,0
http://irail.be/vehicle/IC938,http://irail.be/stations/NMBS/008881455,IC,2016-11-02T17:33:00,2016-11-02T17:33:00,0,0
http://irail.be/vehicle/IC938,http://irail.be/stations/NMBS/008881430,IC,2016-11-02T17:35:00,2016-11-02T17:35:00,0,0
http://irail.be/vehicle/IC938,NO-URI,IC,2016-11-02T17:36:00,2016-11-02T17:36:00,-8,-8
http://irail.be/vehicle/IC938,http://irail.be/stations/NMBS/008881406,IC,2016-11-02T17:37:00,2016-11-02T17:37:00,-8,-8
http://irail.be/vehicle/IC938,http://irail.be/stations/NMBS/008881315,IC,2016-11-02T17:39:00,2016-11-02T17:39:00,-8,-8
http://irail.be/vehicle/IC938,http://irail.be/stations/NMBS/008881000,IC,2016-11-02T17:45:00,2016-11-02T17:42:00,231,47
http://irail.be/vehicle/IC938,http://irail.be/stations/NMBS/008884566,IC,2016-11-02T17:50:00,2016-11-02T17:50:00,195,195
http://irail.be/vehicle/IC938,http://irail.be/stations/NMBS/008884541,IC,2016-11-02T17:51:00,2016-11-02T17:51:00,185,185
http://irail.be/vehicle/IC938,http://irail.be/stations/NMBS/008884004,IC,2016-11-02T17:54:00,2016-11-02T17:53:00,228,188
http://irail.be/vehicle/IC938,http://irail.be/stations/NMBS/008884632,IC,2016-11-02T17:59:00,2016-11-02T17:59:00,228,228
http://irail.be/vehicle/IC938,http://irail.be/stations/NMBS/008884640,IC,2016-11-02T18:00:00,2016-11-02T18:00:00,228,228
http://irail.be/vehicle/IC938,http://irail.be/stations/NMBS/008884715,IC,2016-11-02T18:01:00,2016-11-02T18:01:00,265,265
http://irail.be/vehicle/IC938,http://irail.be/stations/NMBS/008884855,IC,2016-11-02T18:04:00,2016-11-02T18:04:00,265,265
http://irail.be/vehicle/IC938,http://irail.be/stations/NMBS/008884889,IC,2016-11-02T18:06:00,2016-11-02T18:06:00,265,265
http://irail.be/vehicle/IC938,http://irail.be/stations/NMBS/008885530,IC,2016-11-02T18:08:00,2016-11-02T18:08:00,205,205
http://irail.be/vehicle/IC938,http://irail.be/stations/NMBS/008885522,IC,2016-11-02T18:09:00,2016-11-02T18:09:00,398,398
http://irail.be/vehicle/IC938,http://irail.be/stations/NMBS/008885001,IC,2016-11-02T18:19:00,2016-11-02T18:15:00,293,288
http://irail.be/vehicle/IC938,http://irail.be/stations/NMBS/008885068,IC,2016-11-02T18:23:00,2016-11-02T18:23:00,321,296
http://irail.be/vehicle/IC938,http://irail.be/stations/NMBS/008885753,IC,2016-11-02T18:33:00,2016-11-02T18:33:00,141,141
http://irail.be/vehicle/IC938,http://irail.be/stations/NMBS/008885704,IC,2016-11-02T18:37:00,2016-11-02T18:37:00,,390
http://irail.be/vehicle/IC938,http://irail.be/stations/NMBS/008863008,IC,2016-11-15T16:38:00,2016-11-15T16:38:00,147,
http://irail.be/vehicle/IC938,http://irail.be/stations/NMBS/008861119,IC,2016-11-15T16:41:00,2016-11-15T16:41:00,138,138
http://irail.be/vehicle/IC938,http://irail.be/stations/NMBS/008861127,IC,2016-11-15T16:43:08,2016-11-15T16:43:08,77,77
http://irail.be/vehicle/IC938,http://irail.be/stations/NMBS/008861135,IC,2016-11-15T16:46:00,2016-11-15T16:46:00,77,77
http://irail.be/vehicle/IC938,http://irail.be/stations/NMBS/008861143,IC,2016-11-15T16:49:00,2016-11-15T16:49:00,-16,-16
http://irail.be/vehicle/IC938,http://irail.be/stations/NMBS/008861150,IC,2016-11-15T16:51:00,2016-11-15T16:51:00,-21,-21
http://irail.be/vehicle/IC938,NO-URI,IC,2016-11-15T16:51:23,2016-11-15T16:51:23,-21,-21
http://irail.be/vehicle/IC938,http://irail.be/stations/NMBS/008861168,IC,2016-11-15T16:52:09,2016-11-15T16:52:09,-22,-22
http://irail.be/vehicle/IC938,http://irail.be/stations/NMBS/008874724,IC,2016-11-15T16:52:26,2016-11-15T16:52:26,-36,-36
http://irail.be/vehicle/IC938,NO-URI,IC,2016-11-15T16:54:00,2016-11-15T16:54:00,-36,-36
http://irail.be/vehicle/IC938,http://irail.be/stations/NMBS/008874716,IC,2016-11-15T16:55:12,2016-11-15T16:55:12,-91,-91
http://irail.be/vehicle/IC938,http://irail.be/stations/NMBS/008874609,IC,2016-11-15T16:58:08,2016-11-15T16:57:08,84,40
http://irail.be/vehicle/IC938,http://irail.be/stations/NMBS/008874583,IC,2016-11-15T17:00:00,2016-11-15T17:00:00,84,84
http://irail.be/vehicle/IC938,http://irail.be/stations/NMBS/008874567,IC,2016-11-15T17:01:23,2016-11-15T17:01:23,77,77
http://irail.be/vehicle/IC938,http://irail.be/stations/NMBS/008874559,IC,2016-11-15T17:02:00,2016-11-15T17:02:00,77,77
http://irail.be/vehicle/IC938,NO-URI,IC,2016-11-15T17:03:00,2016-11-15T17:03:00,66,66
http://irail.be/vehicle/IC938,http://irail.be/stations/NMBS/008874005,IC,2016-11-15T17:03:06,2016-11-15T17:03:06,72,72
http://irail.be/vehicle/IC938,http://irail.be/stations/NMBS/008874054,IC,2016-11-15T17:06:00,2016-11-15T17:06:00,23,23
http://irail.be/vehicle/IC938,http://irail.be/stations/NMBS/008872009,IC,2016-11-15T17:11:00,2016-11-15T17:08:02,78,9
http://irail.be/vehicle/IC938,http://irail.be/stations/NMBS/008871100,IC,2016-11-15T17:15:00,2016-11-15T17:15:00,90,90
http://irail.be/vehicle/IC938,http://irail.be/stations/NMBS/008871514,IC,2016-11-15T17:19:00,2016-11-15T17:19:00,117,117
http://irail.be/vehicle/IC938,http://irail.be/stations/NMBS/008871415,IC,2016-11-15T17:20:16,2016-11-15T17:20:16,117,117
http://irail.be/vehicle/IC938,http://irail.be/stations/NMBS/008882248,IC,2016-11-15T17:22:05,2016-11-15T17:22:05,108,108
http://irail.be/vehicle/IC938,http://irail.be/stations/NMBS/008882230,IC,2016-11-15T17:23:11,2016-11-15T17:23:11,162,162
http://irail.be/vehicle/IC938,http://irail.be/stations/NMBS/008882206,IC,2016-11-15T17:28:00,2016-11-15T17:27:00,143,126
http://irail.be/vehicle/IC938,http://irail.be/stations/NMBS/008881463,IC,2016-11-15T17:32:20,2016-11-15T17:32:20,135,135
http://irail.be/vehicle/IC938,http://irail.be/stations/NMBS/008881455,IC,2016-11-15T17:33:13,2016-11-15T17:33:13,118,118
http://irail.be/vehicle/IC938,http://irail.be/stations/NMBS/008881430,IC,2016-11-15T17:35:00,2016-11-15T17:35:00,118,118
http://irail.be/vehicle/IC938,NO-URI,IC,2016-11-15T17:36:26,2016-11-15T17:36:26,118,118
http://irail.be/vehicle/IC938,http://irail.be/stations/NMBS/008881406,IC,2016-11-15T17:37:00,2016-11-15T17:37:00,102,102
http://irail.be/vehicle/IC938,http://irail.be/stations/NMBS/008881315,IC,2016-11-15T17:39:00,2016-11-15T17:39:00,173,173
http://irail.be/vehicle/IC938,http://irail.be/stations/NMBS/008881000,IC,2016-11-15T17:45:00,2016-11-15T17:42:00,126,173
http://irail.be/vehicle/IC938,http://irail.be/stations/NMBS/008884566,IC,2016-11-15T17:50:00,2016-11-15T17:50:00,126,126
http://irail.be/vehicle/IC938,http://irail.be/stations/NMBS/008884541,IC,2016-11-15T17:51:03,2016-11-15T17:51:03,68,68
http://irail.be/vehicle/IC938,http://irail.be/stations/NMBS/008884004,IC,2016-11-15T17:54:24,2016-11-15T17:53:24,14,65
http://irail.be/vehicle/IC938,http://irail.be/stations/NMBS/008884632,IC,2016-11-15T17:59:00,2016-11-15T17:59:00,14,14
http://irail.be/vehicle/IC938,http://irail.be/stations/NMBS/008884640,IC,2016-11-15T18:02:05,2016-11-15T18:02:05,57,57
http://irail.be/vehicle/IC938,http://irail.be/stations/NMBS/008884715,IC,2016-11-15T18:03:19,2016-11-15T18:03:19,57,57
http://irail.be/vehicle/IC938,http://irail.be/stations/NMBS/008884855,IC,2016-11-15T18:05:33,2016-11-15T18:05:33,60,60
http://irail.be/vehicle/IC938,http://irail.be/stations/NMBS/008884889,IC,2016-11-15T18:07:39,2016-11-15T18:07:39,36,36
http://irail.be/vehicle/IC938,http://irail.be/stations/NMBS/008885530,IC,2016-11-15T18:08:41,2016-11-15T18:08:41,36,36
http://irail.be/vehicle/IC938,http://irail.be/stations/NMBS/008885522,IC,2016-11-15T18:10:11,2016-11-15T18:10:11,30,30
http://irail.be/vehicle/IC938,http://irail.be/stations/NMBS/008885001,IC,2016-11-15T18:19:00,2016-11-15T18:15:00,34,-55
http://irail.be/vehicle/IC938,http://irail.be/stations/NMBS/008885068,IC,2016-11-15T18:23:00,2016-11-15T18:23:00,51,3
http://irail.be/vehicle/IC938,http://irail.be/stations/NMBS/008885753,IC,2016-11-15T18:33:00,2016-11-15T18:33:00,39,39
http://irail.be/vehicle/IC938,http://irail.be/stations/NMBS/008885704,IC,2016-11-15T18:37:00,2016-11-15T18:37:00,,39
http://irail.be/vehicle/IC938,http://irail.be/stations/NMBS/008863008,IC,2016-12-28T16:38:00,2016-12-28T16:38:00,56,
http://irail.be/vehicle/IC938,http://irail.be/stations/NMBS/008861119,IC,2016-12-28T16:41:00,2016-12-28T16:41:00,63,63
http://irail.be/vehicle/IC938,http://irail.be/stations/NMBS/008861127,IC,2016-12-28T16:43:00,2016-12-28T16:43:00,17,17
http://irail.be/vehicle/IC938,http://irail.be/stations/NMBS/008861135,IC,2016-12-28T16:46:00,2016-12-28T16:46:00,17,17
http://irail.be/vehicle/IC938,http://irail.be/stations/NMBS/008861143,IC,2016-12-28T16:49:00,2016-12-28T16:49:00,-57,-57
http://irail.be/vehicle/IC938,http://irail.be/stations/NMBS/008861150,IC,2016-12-28T16:51:00,2016-12-28T16:51:00,-41,-41
http://irail.be/vehicle/IC938,NO-URI,IC,2016-12-28T16:51:00,2016-12-28T16:51:00,-41,-41
http://irail.be/vehicle/IC938,http://irail.be/stations/NMBS/008861168,IC,2016-12-28T16:52:00,2016-12-28T16:52:00,-34,-34
http://irail.be/vehicle/IC938,http://irail.be/stations/NMBS/008874724,IC,2016-12-28T16:52:00,2016-12-28T16:52:00,-24,-24
http://irail.be/vehicle/IC938,NO-URI,IC,2016-12-28T16:54:00,2016-12-28T16:54:00,-24,-24
http://irail.be/vehicle/IC938,http://irail.be/stations/NMBS/008874716,IC,2016-12-28T16:55:00,2016-12-28T16:55:00,-41,-41
http://irail.be/vehicle/IC938,http://irail.be/stations/NMBS/008874609,IC,2016-12-28T16:58:00,2016-12-28T16:57:00,39,9
http://irail.be/vehicle/IC938,http://irail.be/stations/NMBS/008874583,IC,2016-12-28T17:00:00,2016-12-28T17:00:00,39,39
http://irail.be/vehicle/IC938,http://irail.be/stations/NMBS/008874567,IC,2016-12-28T17:01:00,2016-12-28T17:01:00,28,28
http://irail.be/vehicle/IC938,http://irail.be/stations/NMBS/008874559,IC,2016-12-28T17:02:00,2016-12-28T17:02:00,28,28
http://irail.be/vehicle/IC938,http://irail.be/stations/NMBS/008874005,IC,2016-12-28T17:03:00,2016-12-28T17:03:00,24,24
http://irail.be/vehicle/IC938,http://irail.be/stations/NMBS/008874054,IC,2016-12-28T17:06:00,2016-12-28T17:06:00,-22,-22
http://irail.be/vehicle/IC938,http://irail.be/stations/NMBS/008872009,IC,2016-12-28T17:11:00,2016-12-28T17:08:00,15,-34
http://irail.be/vehicle/IC938,http://irail.be/stations/NMBS/008871100,IC,2016-12-28T17:15:00,2016-12-28T17:15:00,-18,-18
http://irail.be/vehicle/IC938,http://irail.be/stations/NMBS/008871514,IC,2016-12-28T17:19:00,2016-12-28T17:19:00,-27,-27
http://irail.be/vehicle/IC938,http://irail.be/stations/NMBS/008871415,IC,2016-12-28T17:20:00,2016-12-28T17:20:00,-27,-27
http://irail.be/vehicle/IC938,http://irail.be/stations/NMBS/008882248,IC,2016-12-28T17:22:00,2016-12-28T17:22:00,-33,-33
http://irail.be/vehicle/IC938,http://irail.be/stations/NMBS/008882230,IC,2016-12-28T17:23:00,2016-12-28T17:23:00,24,24
http://irail.be/vehicle/IC938,http://irail.be/stations/NMBS/008882206,IC,2016-12-28T17:28:00,2016-12-28T17:27:00,10,-10
http://irail.be/vehicle/IC938,http://irail.be/stations/NMBS/008881463,IC,2016-12-28T17:32:00,2016-12-28T17:32:00,21,21
http://irail.be/vehicle/IC938,http://irail.be/stations/NMBS/008881455,IC,2016-12-28T17:33:00,2016-12-28T17:33:00,7,7
http://irail.be/vehicle/IC938,http://irail.be/stations/NMBS/008881430,IC,2016-12-28T17:35:00,2016-12-28T17:35:00,7,7
http://irail.be/vehicle/IC938,NO-URI,IC,2016-12-28T17:36:00,2016-12-28T17:36:00,7,7
http://irail.be/vehicle/IC938,http://irail.be/stations/NMBS/008881406,IC,2016-12-28T17:37:00,2016-12-28T17:37:00,-10,-10
http://irail.be/vehicle/IC938,http://irail.be/stations/NMBS/008881315,IC,2016-12-28T17:39:00,2016-12-28T17:39:00,44,44
http://irail.be/vehicle/IC938,http://irail.be/stations/NMBS/008881000,IC,2016-12-28T17:45:00,2016-12-28T17:42:00,43,44
http://irail.be/vehicle/IC938,http://irail.be/stations/NMBS/008884566,IC,2016-12-28T17:50:00,2016-12-28T17:50:00,43,43
http://irail.be/vehicle/IC938,http://irail.be/stations/NMBS/008884541,IC,2016-12-28T17:51:00,2016-12-28T17:51:00,-11,-11
http://irail.be/vehicle/IC938,http://irail.be/stations/NMBS/008884004,IC,2016-12-28T17:54:00,2016-12-28T17:53:00,22,-15
http://irail.be/vehicle/IC938,http://irail.be/stations/NMBS/008884632,IC,2016-12-28T17:59:00,2016-12-28T17:59:00,22,22
http://irail.be/vehicle/IC938,http://irail.be/stations/NMBS/008884640,IC,2016-12-28T18:00:00,2016-12-28T18:00:00,127,127
http://irail.be/vehicle/IC938,http://irail.be/stations/NMBS/008884715,IC,2016-12-28T18:01:00,2016-12-28T18:01:00,127,127
http://irail.be/vehicle/IC938,http://irail.be/stations/NMBS/008884855,IC,2016-12-28T18:04:00,2016-12-28T18:04:00,132,132
http://irail.be/vehicle/IC938,http://irail.be/stations/NMBS/008884889,IC,2016-12-28T18:06:00,2016-12-28T18:06:00,142,142
http://irail.be/vehicle/IC938,http://irail.be/stations/NMBS/008885530,IC,2016-12-28T18:08:00,2016-12-28T18:08:00,142,142
http://irail.be/vehicle/IC938,http://irail.be/stations/NMBS/008885522,IC,2016-12-28T18:09:00,2016-12-28T18:09:00,191,191
http://irail.be/vehicle/IC938,http://irail.be/stations/NMBS/008885001,IC,2016-12-28T18:19:00,2016-12-28T18:15:00,538,203
http://irail.be/vehicle/IC938,http://irail.be/stations/NMBS/008885068,IC,2016-12-28T18:23:00,2016-12-28T18:23:00,552,536
http://irail.be/vehicle/IC938,http://irail.be/stations/NMBS/008885753,IC,2016-12-28T18:33:00,2016-12-28T18:33:00,530,530
http://irail.be/vehicle/IC938,http://irail.be/stations/NMBS/008885704,IC,2016-12-28T18:37:00,2016-12-28T18:37:00,,530
http://irail.be/vehicle/IC938,http://irail.be/stations/NMBS/008863008,IC,2016-01-15T16:38:00,2016-01-15T16:38:00,17,0
http://irail.be/vehicle/IC938,http://irail.be/stations/NMBS/008861119,IC,2016-01-15T16:41:00,2016-01-15T16:41:00,44,44
http://irail.be/vehicle/IC938,http://irail.be/stations/NMBS/008861127,IC,2016-01-15T16:43:00,2016-01-15T16:43:00,-5,-21
http://irail.be/vehicle/IC938,http://irail.be/stations/NMBS/008861135,IC,2016-01-15T16:46:00,2016-01-15T16:46:00,-42,-5
http://irail.be/vehicle/IC938,http://irail.be/stations/NMBS/008861143,IC,2016-01-15T16:49:00,2016-01-15T16:49:00,-129,-129
http://irail.be/vehicle/IC938,http://irail.be/stations/NMBS/008861150,IC,2016-01-15T16:51:00,2016-01-15T16:51:00,-129,-129
http://irail.be/vehicle/IC938,NO-URI,IC,2016-01-15T16:51:00,2016-01-15T16:51:00,-86,-86
http://irail.be/vehicle/IC938,http://irail.be/stations/NMBS/008861168,IC,2016-01-15T16:52:00,2016-01-15T16:52:00,-75,-75
http://irail.be/vehicle/IC938,http://irail.be/stations/NMBS/008874724,IC,2016-01-15T16:52:00,2016-01-15T16:52:00,-53,-75
http://irail.be/vehicle/IC938,NO-URI,IC,2016-01-15T16:54:00,2016-01-15T16:54:00,-137,-150
http://irail.be/vehicle/IC938,http://irail.be/stations/NMBS/008874716,IC,2016-01-15T16:55:00,2016-01-15T16:55:00,-47,-47
http://irail.be/vehicle/IC938,http://irail.be/stations/NMBS/008874609,IC,2016-01-15T16:58:00,2016-01-15T16:57:00,162,137
http://irail.be/vehicle/IC938,http://irail.be/stations/NMBS/008874583,IC,2016-01-15T17:00:00,2016-01-15T17:00:00,0,0
http://irail.be/vehicle/IC938,http://irail.be/stations/NMBS/008874567,IC,2016-01-15T17:01:00,2016-01-15T17:01:00,0,0
http://irail.be/vehicle/IC938,http://irail.be/stations/NMBS/008874559,IC,2016-01-15T17:02:00,2016-01-15T17:02:00,142,142
http://irail.be/vehicle/IC938,http://irail.be/stations/NMBS/008874005,IC,2016-01-15T17:03:00,2016-01-15T17:03:00,148,148
http://irail.be/vehicle/IC938,http://irail.be/stations/NMBS/008874054,IC,2016-01-15T17:06:00,2016-01-15T17:06:00,104,104
http://irail.be/vehicle/IC938,http://irail.be/stations/NMBS/008872009,IC,2016-01-15T17:11:00,2016-01-15T17:08:00,85,136
http://irail.be/vehicle/IC938,http://irail.be/stations/NMBS/008871100,IC,2016-01-15T17:15:00,2016-01-15T17:15:00,62,29
http://irail.be/vehicle/IC938,http://irail.be/stations/NMBS/008871514,IC,2016-01-15T17:19:00,2016-01-15T17:19:00,58,58
http://irail.be/vehicle/IC938,http://irail.be/stations/NMBS/008871415,IC,2016-01-15T17:20:00,2016-01-15T17:20:00,51,51
http://irail.be/vehicle/IC938,http://irail.be/stations/NMBS/008882248,IC,2016-01-15T17:22:00,2016-01-15T17:22:00,47,47
http://irail.be/vehicle/IC938,http://irail.be/stations/NMBS/008882230,IC,2016-01-15T17:23:00,2016-01-15T17:23:00,0,0
http://irail.be/vehicle/IC938,http://irail.be/stations/NMBS/008882206,IC,2016-01-15T17:28:00,2016-01-15T17:27:00,31,5
http://irail.be/vehicle/IC938,http://irail.be/stations/NMBS/008881463,IC,2016-01-15T17:32:00,2016-01-15T17:32:00,24,24
http://irail.be/vehicle/IC938,http://irail.be/stations/NMBS/008881455,IC,2016-01-15T17:33:00,2016-01-15T17:33:00,24,24
http://irail.be/vehicle/IC938,http://irail.be/stations/NMBS/008881430,IC,2016-01-15T17:35:00,2016-01-15T17:35:00,0,0
http://irail.be/vehicle/IC938,NO-URI,IC,2016-01-15T17:36:00,2016-01-15T17:36:00,43,43
http://irail.be/vehicle/IC938,http://irail.be/stations/NMBS/008881406,IC,2016-01-15T17:37:00,2016-01-15T17:37:00,4,4
http://irail.be/vehicle/IC938,http://irail.be/stations/NMBS/008881315,IC,2016-01-15T17:39:00,2016-01-15T17:39:00,0,0
http://irail.be/vehicle/IC938,http://irail.be/stations/NMBS/008881000,IC,2016-01-15T17:45:00,2016-01-15T17:42:00,728,797
http://irail.be/vehicle/IC938,http://irail.be/stations/NMBS/008884566,IC,2016-01-15T17:50:00,2016-01-15T17:50:00,723,668
http://irail.be/vehicle/IC938,http://irail.be/stations/NMBS/008884541,IC,2016-01-15T17:51:00,2016-01-15T17:51:00,714,714
http://irail.be/vehicle/IC938,http://irail.be/stations/NMBS/008884004,IC,2016-01-15T17:54:00,2016-01-15T17:53:00,823,787
http://irail.be/vehicle/IC938,http://irail.be/stations/NMBS/008884632,IC,2016-01-15T17:59:00,2016-01-15T17:59:00,0,0
http://irail.be/vehicle/IC938,http://irail.be/stations/NMBS/008884640,IC,2016-01-15T18:00:00,2016-01-15T18:00:00,0,0
http://irail.be/vehicle/IC938,http://irail.be/stations/NMBS/008884715,IC,2016-01-15T18:01:00,2016-01-15T18:01:00,812,812
http://irail.be/vehicle/IC938,http://irail.be/stations/NMBS/008884855,IC,2016-01-15T18:04:00,2016-01-15T18:04:00,821,821
http://irail.be/vehicle/IC938,http://irail.be/stations/NMBS/008884889,IC,2016-01-15T18:06:00,2016-01-15T18:06:00,0,0
http://irail.be/vehicle/IC938,http://irail.be/stations/NMBS/008885530,IC,2016-01-15T18:08:00,2016-01-15T18:08:00,0,0
http://irail.be/vehicle/IC938,http://irail.be/stations/NMBS/008885522,IC,2016-01-15T18:09:00,2016-01-15T18:09:00,839,832
http://irail.be/vehicle/IC938,http://irail.be/stations/NMBS/008885001,IC,2016-01-15T18:19:00,2016-01-15T18:15:00,1170,860
http://irail.be/vehicle/IC938,http://irail.be/stations/NMBS/008885068,IC,2016-01-15T18:23:00,2016-01-15T18:23:00,1342,1303
http://irail.be/vehicle/IC938,http://irail.be/stations/NMBS/008885753,IC,2016-01-15T18:33:00,2016-01-15T18:33:00,0,0
http://irail.be/vehicle/IC938,http://irail.be/stations/NMBS/008885704,IC,2016-01-15T18:37:00,2016-01-15T18:37:00,0,1488
http://irail.be/vehicle/IC938,http://irail.be/stations/NMBS/008863008,IC,2016-11-07T16:38:00,2016-11-07T16:38:00,21,
http://irail.be/vehicle/IC938,http://irail.be/stations/NMBS/008861119,IC,2016-11-07T16:41:00,2016-11-07T16:41:00,39,39
http://irail.be/vehicle/IC938,http://irail.be/stations/NMBS/008861127,IC,2016-11-07T16:43:00,2016-11-07T16:43:00,-12,-12
http://irail.be/vehicle/IC938,http://irail.be/stations/NMBS/008861135,IC,2016-11-07T16:46:00,2016-11-07T16:46:00,-51,-51
http://irail.be/vehicle/IC938,http://irail.be/stations/NMBS/008861143,IC,2016-11-07T16:49:00,2016-11-07T16:49:00,-141,-141
http://irail.be/vehicle/IC938,http://irail.be/stations/NMBS/008861150,IC,2016-11-07T16:51:00,2016-11-07T16:51:00,-141,-141
http://irail.be/vehicle/IC938,NO-URI,IC,2016-11-07T16:51:00,2016-11-07T16:51:00,34,34
http://irail.be/vehicle/IC938,http://irail.be/stations/NMBS/008861168,IC,2016-11-07T16:52:00,2016-11-07T16:52:00,34,34
http://irail.be/vehicle/IC938,http://irail.be/stations/NMBS/008874724,IC,2016-11-07T16:52:00,2016-11-07T16:52:00,177,177
http://irail.be/vehicle/IC938,NO-URI,IC,2016-11-07T16:54:00,2016-11-07T16:54:00,105,105
http://irail.be/vehicle/IC938,http://irail.be/stations/NMBS/008874716,IC,2016-11-07T16:55:00,2016-11-07T16:55:00,127,127
http://irail.be/vehicle/IC938,http://irail.be/stations/NMBS/008874609,IC,2016-11-07T16:58:00,2016-11-07T16:57:00,177,138
http://irail.be/vehicle/IC938,http://irail.be/stations/NMBS/008874583,IC,2016-11-07T17:00:00,2016-11-07T17:00:00,177,177
http://irail.be/vehicle/IC938,http://irail.be/stations/NMBS/008874567,IC,2016-11-07T17:01:00,2016-11-07T17:01:00,177,177
http://irail.be/vehicle/IC938,http://irail.be/stations/NMBS/008874559,IC,2016-11-07T17:02:00,2016-11-07T17:02:00,152,152
http://irail.be/vehicle/IC938,NO-URI,IC,2016-11-07T17:03:00,2016-11-07T17:03:00,152,152
http://irail.be/vehicle/IC938,http://irail.be/stations/NMBS/008874005,IC,2016-11-07T17:03:00,2016-11-07T17:03:00,161,161
http://irail.be/vehicle/IC938,http://irail.be/stations/NMBS/008874054,IC,2016-11-07T17:06:00,2016-11-07T17:06:00,112,112
http://irail.be/vehicle/IC938,http://irail.be/stations/NMBS/008872009,IC,2016-11-07T17:11:00,2016-11-07T17:08:00,44,129
http://irail.be/vehicle/IC938,http://irail.be/stations/NMBS/008871100,IC,2016-11-07T17:15:00,2016-11-07T17:15:00,85,85
http://irail.be/vehicle/IC938,http://irail.be/stations/NMBS/008871514,IC,2016-11-07T17:19:00,2016-11-07T17:19:00,96,96
http://irail.be/vehicle/IC938,http://irail.be/stations/NMBS/008871415,IC,2016-11-07T17:20:00,2016-11-07T17:20:00,77,77
http://irail.be/vehicle/IC938,http://irail.be/stations/NMBS/008882248,IC,2016-11-07T17:22:00,2016-11-07T17:22:00,77,77
http://irail.be/vehicle/IC938,http://irail.be/stations/NMBS/008882230,IC,2016-11-07T17:23:00,2016-11-07T17:23:00,77,77
http://irail.be/vehicle/IC938,http://irail.be/stations/NMBS/008882206,IC,2016-11-07T17:28:00,2016-11-07T17:27:00,185,151
http://irail.be/vehicle/IC938,http://irail.be/stations/NMBS/008881463,IC,2016-11-07T17:32:00,2016-11-07T17:32:00,178,178
http://irail.be/vehicle/IC938,http://irail.be/stations/NMBS/008881455,IC,2016-11-07T17:33:00,2016-11-07T17:33:00,178,178
http://irail.be/vehicle/IC938,http://irail.be/stations/NMBS/008881430,IC,2016-11-07T17:35:00,2016-11-07T17:35:00,178,178
http://irail.be/vehicle/IC938,NO-URI,IC,2016-11-07T17:36:00,2016-11-07T17:36:00,160,160
http://irail.be/vehicle/IC938,http://irail.be/stations/NMBS/008881406,IC,2016-11-07T17:37:00,2016-11-07T17:37:00,100,100
http://irail.be/vehicle/IC938,http://irail.be/stations/NMBS/008881315,IC,2016-11-07T17:39:00,2016-11-07T17:39:00,100,100
http://irail.be/vehicle/IC938,http://irail.be/stations/NMBS/008881000,IC,2016-11-07T17:45:00,2016-11-07T17:42:00,79,148
http://irail.be/vehicle/IC938,http://irail.be/stations/NMBS/008884566,IC,2016-11-07T17:50:00,2016-11-07T17:50:00,87,87
http://irail.be/vehicle/IC938,http://irail.be/stations/NMBS/008884541,IC,2016-11-07T17:51:00,2016-11-07T17:51:00,98,98
http://irail.be/vehicle/IC938,http://irail.be/stations/NMBS/008884004,IC,2016-11-07T17:54:00,2016-11-07T17:53:00,297,268
http://irail.be/vehicle/IC938,http://irail.be/stations/NMBS/008884632,IC,2016-11-07T17:59:00,2016-11-07T17:59:00,297,297
http://irail.be/vehicle/IC938,http://irail.be/stations/NMBS/008884640,IC,2016-11-07T18:00:00,2016-11-07T18:00:00,297,297
http://irail.be/vehicle/IC938,http://irail.be/stations/NMBS/008884715,IC,2016-11-07T18:01:00,2016-11-07T18:01:00,328,328
http://irail.be/vehicle/IC938,http://irail.be/stations/NMBS/008884855,IC,2016-11-07T18:04:00,2016-11-07T18:04:00,328,328
http://irail.be/vehicle/IC938,http://irail.be/stations/NMBS/008884889,IC,2016-11-07T18:06:00,2016-11-07T18:06:00,328,328
http://irail.be/vehicle/IC938,http://irail.be/stations/NMBS/008885530,IC,2016-11-07T18:08:00,2016-11-07T18:08:00,268,268
http://irail.be/vehicle/IC938,http://irail.be/stations/NMBS/008885522,IC,2016-11-07T18:09:00,2016-11-07T18:09:00,351,351
http://irail.be/vehicle/IC938,http://irail.be/stations/NMBS/008885001,IC,2016-11-07T18:19:00,2016-11-07T18:15:00,191,323
http://irail.be/vehicle/IC938,http://irail.be/stations/NMBS/008885068,IC,2016-11-07T18:23:00,2016-11-07T18:23:00,198,169
http://irail.be/vehicle/IC938,http://irail.be/stations/NMBS/008885753,IC,2016-11-07T18:33:00,2016-11-07T18:33:00,18,18
http://irail.be/vehicle/IC938,http://irail.be/stations/NMBS/008885704,IC,2016-11-07T18:37:00,2016-11-07T18:37:00,,162
http://irail.be/vehicle/IC938,http://irail.be/stations/NMBS/008863008,IC,2016-04-12T16:38:00,2016-04-12T16:38:00,471,0
http://irail.be/vehicle/IC938,http://irail.be/stations/NMBS/008861119,IC,2016-04-12T16:41:00,2016-04-12T16:41:00,524,524
http://irail.be/vehicle/IC938,http://irail.be/stations/NMBS/008861127,IC,2016-04-12T16:43:00,2016-04-12T16:43:00,475,459
http://irail.be/vehicle/IC938,http://irail.be/stations/NMBS/008861135,IC,2016-04-12T16:46:00,2016-04-12T16:46:00,439,475
http://irail.be/vehicle/IC938,http://irail.be/stations/NMBS/008861143,IC,2016-04-12T16:49:00,2016-04-12T16:49:00,349,349
http://irail.be/vehicle/IC938,http://irail.be/stations/NMBS/008861150,IC,2016-04-12T16:51:00,2016-04-12T16:51:00,349,349
http://irail.be/vehicle/IC938,NO-URI,IC,2016-04-12T16:51:00,2016-04-12T16:51:00,374,373
http://irail.be/vehicle/IC938,http://irail.be/stations/NMBS/008861168,IC,2016-04-12T16:52:00,2016-04-12T16:52:00,374,374
http://irail.be/vehicle/IC938,http://irail.be/stations/NMBS/008874724,IC,2016-04-12T16:52:00,2016-04-12T16:52:00,380,374
http://irail.be/vehicle/IC938,NO-URI,IC,2016-04-12T16:54:00,2016-04-12T16:54:00,285,283
http://irail.be/vehicle/IC938,http://irail.be/stations/NMBS/008874716,IC,2016-04-12T16:55:00,2016-04-12T16:55:00,296,296
http://irail.be/vehicle/IC938,http://irail.be/stations/NMBS/008874609,IC,2016-04-12T16:58:00,2016-04-12T16:57:00,348,313
http://irail.be/vehicle/IC938,http://irail.be/stations/NMBS/008874583,IC,2016-04-12T17:00:00,2016-04-12T17:00:00,348,348
http://irail.be/vehicle/IC938,http://irail.be/stations/NMBS/008874567,IC,2016-04-12T17:01:00,2016-04-12T17:01:00,348,348
http://irail.be/vehicle/IC938,http://irail.be/stations/NMBS/008874559,IC,2016-04-12T17:02:00,2016-04-12T17:02:00,346,346
http://irail.be/vehicle/IC938,http://irail.be/stations/NMBS/008874005,IC,2016-04-12T17:03:00,2016-04-12T17:03:00,360,355
http://irail.be/vehicle/IC938,http://irail.be/stations/NMBS/008874054,IC,2016-04-12T17:06:00,2016-04-12T17:06:00,315,309
http://irail.be/vehicle/IC938,http://irail.be/stations/NMBS/008872009,IC,2016-04-12T17:11:00,2016-04-12T17:08:00,340,368
http://irail.be/vehicle/IC938,http://irail.be/stations/NMBS/008871100,IC,2016-04-12T17:15:00,2016-04-12T17:15:00,324,291
http://irail.be/vehicle/IC938,http://irail.be/stations/NMBS/008871514,IC,2016-04-12T17:19:00,2016-04-12T17:19:00,321,321
http://irail.be/vehicle/IC938,http://irail.be/stations/NMBS/008871415,IC,2016-04-12T17:20:00,2016-04-12T17:20:00,317,317
http://irail.be/vehicle/IC938,http://irail.be/stations/NMBS/008882248,IC,2016-04-12T17:22:00,2016-04-12T17:22:00,317,317
http://irail.be/vehicle/IC938,http://irail.be/stations/NMBS/008882230,IC,2016-04-12T17:23:00,2016-04-12T17:23:00,317,317
http://irail.be/vehicle/IC938,http://irail.be/stations/NMBS/008882206,IC,2016-04-12T17:28:00,2016-04-12T17:27:00,324,294
http://irail.be/vehicle/IC938,http://irail.be/stations/NMBS/008881463,IC,2016-04-12T17:32:00,2016-04-12T17:32:00,304,304
http://irail.be/vehicle/IC938,http://irail.be/stations/NMBS/008881455,IC,2016-04-12T17:33:00,2016-04-12T17:33:00,304,304
http://irail.be/vehicle/IC938,http://irail.be/stations/NMBS/008881430,IC,2016-04-12T17:35:00,2016-04-12T17:35:00,304,304
http://irail.be/vehicle/IC938,NO-URI,IC,2016-04-12T17:36:00,2016-04-12T17:36:00,384,382
http://irail.be/vehicle/IC938,http://irail.be/stations/NMBS/008881406,IC,2016-04-12T17:37:00,2016-04-12T17:37:00,324,324
http://irail.be/vehicle/IC938,http://irail.be/stations/NMBS/008881315,IC,2016-04-12T17:39:00,2016-04-12T17:39:00,324,324
http://irail.be/vehicle/IC938,http://irail.be/stations/NMBS/008881000,IC,2016-04-12T17:45:00,2016-04-12T17:42:00,326,409
http://irail.be/vehicle/IC938,http://irail.be/stations/NMBS/008884566,IC,2016-04-12T17:50:00,2016-04-12T17:50:00,283,266
http://irail.be/vehicle/IC938,http://irail.be/stations/NMBS/008884541,IC,2016-04-12T17:51:00,2016-04-12T17:51:00,274,274
http://irail.be/vehicle/IC938,http://irail.be/stations/NMBS/008884004,IC,2016-04-12T17:54:00,2016-04-12T17:53:00,327,289
http://irail.be/vehicle/IC938,http://irail.be/stations/NMBS/008884632,IC,2016-04-12T17:59:00,2016-04-12T17:59:00,327,327
http://irail.be/vehicle/IC938,http://irail.be/stations/NMBS/008884640,IC,2016-04-12T18:00:00,2016-04-12T18:00:00,327,327
http://irail.be/vehicle/IC938,http://irail.be/stations/NMBS/008884715,IC,2016-04-12T18:01:00,2016-04-12T18:01:00,361,352
http://irail.be/vehicle/IC938,http://irail.be/stations/NMBS/008884855,IC,2016-04-12T18:04:00,2016-04-12T18:04:00,361,361
http://irail.be/vehicle/IC938,http://irail.be/stations/NMBS/008884889,IC,2016-04-12T18:06:00,2016-04-12T18:06:00,361,361
http://irail.be/vehicle/IC938,http://irail.be/stations/NMBS/008885530,IC,2016-04-12T18:08:00,2016-04-12T18:08:00,301,301
http://irail.be/vehicle/IC938,http://irail.be/stations/NMBS/008885522,IC,2016-04-12T18:09:00,2016-04-12T18:09:00,379,357
http://irail.be/vehicle/IC938,http://irail.be/stations/NMBS/008885001,IC,2016-04-12T18:19:00,2016-04-12T18:15:00,553,388
http://irail.be/vehicle/IC938,http://irail.be/stations/NMBS/008885068,IC,2016-04-12T18:23:00,2016-04-12T18:23:00,581,530
http://irail.be/vehicle/IC938,http://irail.be/stations/NMBS/008885753,IC,2016-04-12T18:33:00,2016-04-12T18:33:00,401,401
http://irail.be/vehicle/IC938,http://irail.be/stations/NMBS/008885704,IC,2016-04-12T18:37:00,2016-04-12T18:37:00,0,644
http://irail.be/vehicle/IC938,http://irail.be/stations/NMBS/008863008,IC,2016-06-13T16:38:00,2016-06-13T16:38:00,15,0
http://irail.be/vehicle/IC938,http://irail.be/stations/NMBS/008861119,IC,2016-06-13T16:41:00,2016-06-13T16:41:00,176,176
http://irail.be/vehicle/IC938,NO-URI,IC,2016-06-13T16:41:00,2016-06-13T16:41:00,176,176
http://irail.be/vehicle/IC938,http://irail.be/stations/NMBS/008861127,IC,2016-06-13T16:43:00,2016-06-13T16:43:00,237,211
http://irail.be/vehicle/IC938,http://irail.be/stations/NMBS/008861135,IC,2016-06-13T16:46:00,2016-06-13T16:46:00,232,237
http://irail.be/vehicle/IC938,http://irail.be/stations/NMBS/008861143,IC,2016-06-13T16:49:00,2016-06-13T16:49:00,145,145
http://irail.be/vehicle/IC938,http://irail.be/stations/NMBS/008861150,IC,2016-06-13T16:51:00,2016-06-13T16:51:00,145,145
http://irail.be/vehicle/IC938,NO-URI,IC,2016-06-13T16:51:00,2016-06-13T16:51:00,173,172
http://irail.be/vehicle/IC938,http://irail.be/stations/NMBS/008861168,IC,2016-06-13T16:52:00,2016-06-13T16:52:00,173,173
http://irail.be/vehicle/IC938,http://irail.be/stations/NMBS/008874724,IC,2016-06-13T16:52:00,2016-06-13T16:52:00,185,173
http://irail.be/vehicle/IC938,NO-URI,IC,2016-06-13T16:54:00,2016-06-13T16:54:00,91,88
http://irail.be/vehicle/IC938,http://irail.be/stations/NMBS/008874716,IC,2016-06-13T16:55:00,2016-06-13T16:55:00,104,104
http://irail.be/vehicle/IC938,http://irail.be/stations/NMBS/008874609,IC,2016-06-13T16:58:00,2016-06-13T16:57:00,142,120
http://irail.be/vehicle/IC938,http://irail.be/stations/NMBS/008874583,IC,2016-06-13T16:59:00,2016-06-13T16:59:00,0,0
http://irail.be/vehicle/IC938,http://irail.be/stations/NMBS/008874567,IC,2016-06-13T17:01:00,2016-06-13T17:01:00,0,0
http://irail.be/vehicle/IC938,http://irail.be/stations/NMBS/008874559,IC,2016-06-13T17:02:00,2016-06-13T17:02:00,113,113
http://irail.be/vehicle/IC938,NO-URI,IC,2016-06-13T17:03:00,2016-06-13T17:03:00,113,113
http://irail.be/vehicle/IC938,http://irail.be/stations/NMBS/008874005,IC,2016-06-13T17:03:00,2016-06-13T17:03:00,126,122
http://irail.be/vehicle/IC938,http://irail.be/stations/NMBS/008874054,IC,2016-06-13T17:06:00,2016-06-13T17:06:00,263,133
http://irail.be/vehicle/IC938,http://irail.be/stations/NMBS/008872009,IC,2016-06-13T17:11:00,2016-06-13T17:08:00,219,324
http://irail.be/vehicle/IC938,http://irail.be/stations/NMBS/008871100,IC,2016-06-13T17:15:00,2016-06-13T17:15:00,205,167
http://irail.be/vehicle/IC938,http://irail.be/stations/NMBS/008871514,IC,2016-06-13T17:18:00,2016-06-13T17:18:00,143,143
http://irail.be/vehicle/IC938,http://irail.be/stations/NMBS/008871415,IC,2016-06-13T17:20:00,2016-06-13T17:20:00,177,179
http://irail.be/vehicle/IC938,http://irail.be/stations/NMBS/008882248,IC,2016-06-13T17:21:00,2016-06-13T17:21:00,117,117
http://irail.be/vehicle/IC938,http://irail.be/stations/NMBS/008882230,IC,2016-06-13T17:22:00,2016-06-13T17:22:00,0,0
http://irail.be/vehicle/IC938,http://irail.be/stations/NMBS/008882206,IC,2016-06-13T17:28:00,2016-06-13T17:27:00,118,113
http://irail.be/vehicle/IC938,http://irail.be/stations/NMBS/008881463,IC,2016-06-13T17:32:00,2016-06-13T17:32:00,99,99
http://irail.be/vehicle/IC938,http://irail.be/stations/NMBS/008881455,IC,2016-06-13T17:33:00,2016-06-13T17:33:00,99,99
http://irail.be/vehicle/IC938,http://irail.be/stations/NMBS/008881430,IC,2016-06-13T17:34:00,2016-06-13T17:34:00,0,0
http://irail.be/vehicle/IC938,NO-URI,IC,2016-06-13T17:36:00,2016-06-13T17:36:00,88,86
http://irail.be/vehicle/IC938,http://irail.be/stations/NMBS/008881406,IC,2016-06-13T17:37:00,2016-06-13T17:37:00,28,28
http://irail.be/vehicle/IC938,http://irail.be/stations/NMBS/008881315,IC,2016-06-13T17:40:00,2016-06-13T17:40:00,0,0
http://irail.be/vehicle/IC938,http://irail.be/stations/NMBS/008881000,IC,2016-06-13T17:45:00,2016-06-13T17:42:00,205,281
http://irail.be/vehicle/IC938,http://irail.be/stations/NMBS/008884566,IC,2016-06-13T17:50:00,2016-06-13T17:50:00,147,145
http://irail.be/vehicle/IC938,http://irail.be/stations/NMBS/008884541,IC,2016-06-13T17:51:00,2016-06-13T17:51:00,134,134
http://irail.be/vehicle/IC938,http://irail.be/stations/NMBS/008884004,IC,2016-06-13T17:54:00,2016-06-13T17:53:00,135,148
http://irail.be/vehicle/IC938,http://irail.be/stations/NMBS/008884632,IC,2016-06-13T17:58:00,2016-06-13T17:58:00,0,0
http://irail.be/vehicle/IC938,http://irail.be/stations/NMBS/008884640,IC,2016-06-13T17:59:00,2016-06-13T17:59:00,0,0
http://irail.be/vehicle/IC938,http://irail.be/stations/NMBS/008884715,IC,2016-06-13T18:01:00,2016-06-13T18:01:00,102,96
http://irail.be/vehicle/IC938,http://irail.be/stations/NMBS/008884855,IC,2016-06-13T18:03:00,2016-06-13T18:03:00,42,42
http://irail.be/vehicle/IC938,http://irail.be/stations/NMBS/008884889,IC,2016-06-13T18:06:00,2016-06-13T18:06:00,0,0
http://irail.be/vehicle/IC938,http://irail.be/stations/NMBS/008885530,IC,2016-06-13T18:08:00,2016-06-13T18:08:00,0,0
http://irail.be/vehicle/IC938,http://irail.be/stations/NMBS/008885522,IC,2016-06-13T18:09:00,2016-06-13T18:09:00,0,0
http://irail.be/vehicle/IC938,http://irail.be/stations/NMBS/008885001,IC,2016-06-13T18:19:00,2016-06-13T18:15:00,497,217
http://irail.be/vehicle/IC938,http://irail.be/stations/NMBS/008885068,IC,2016-06-13T18:23:00,2016-06-13T18:23:00,630,604
http://irail.be/vehicle/IC938,http://irail.be/stations/NMBS/008885753,IC,2016-06-13T18:33:00,2016-06-13T18:33:00,0,0
http://irail.be/vehicle/IC938,http://irail.be/stations/NMBS/008885704,IC,2016-06-13T18:37:00,2016-06-13T18:37:00,0,581
http://irail.be/vehicle/IC938,http://irail.be/stations/NMBS/008863008,IC,2016-12-29T16:38:00,2016-12-29T16:38:00,175,
http://irail.be/vehicle/IC938,http://irail.be/stations/NMBS/008861119,IC,2016-12-29T16:41:00,2016-12-29T16:41:00,179,179
http://irail.be/vehicle/IC938,http://irail.be/stations/NMBS/008861127,IC,2016-12-29T16:43:00,2016-12-29T16:43:00,125,125
http://irail.be/vehicle/IC938,http://irail.be/stations/NMBS/008861135,IC,2016-12-29T16:46:00,2016-12-29T16:46:00,125,125
http://irail.be/vehicle/IC938,http://irail.be/stations/NMBS/008861143,IC,2016-12-29T16:49:00,2016-12-29T16:49:00,34,34
http://irail.be/vehicle/IC938,http://irail.be/stations/NMBS/008861150,IC,2016-12-29T16:51:00,2016-12-29T16:51:00,44,44
http://irail.be/vehicle/IC938,NO-URI,IC,2016-12-29T16:51:00,2016-12-29T16:51:00,44,44
http://irail.be/vehicle/IC938,http://irail.be/stations/NMBS/008861168,IC,2016-12-29T16:52:00,2016-12-29T16:52:00,47,47
http://irail.be/vehicle/IC938,http://irail.be/stations/NMBS/008874724,IC,2016-12-29T16:52:00,2016-12-29T16:52:00,118,118
http://irail.be/vehicle/IC938,NO-URI,IC,2016-12-29T16:54:00,2016-12-29T16:54:00,118,118
http://irail.be/vehicle/IC938,http://irail.be/stations/NMBS/008874716,IC,2016-12-29T16:55:00,2016-12-29T16:55:00,79,79
http://irail.be/vehicle/IC938,http://irail.be/stations/NMBS/008874609,IC,2016-12-29T16:58:00,2016-12-29T16:57:00,221,202
http://irail.be/vehicle/IC938,http://irail.be/stations/NMBS/008874583,IC,2016-12-29T17:00:00,2016-12-29T17:00:00,221,221
http://irail.be/vehicle/IC938,http://irail.be/stations/NMBS/008874567,IC,2016-12-29T17:01:00,2016-12-29T17:01:00,228,228
http://irail.be/vehicle/IC938,http://irail.be/stations/NMBS/008874559,IC,2016-12-29T17:02:00,2016-12-29T17:02:00,228,228
http://irail.be/vehicle/IC938,http://irail.be/stations/NMBS/008874005,IC,2016-12-29T17:03:00,2016-12-29T17:03:00,229,229
http://irail.be/vehicle/IC938,http://irail.be/stations/NMBS/008874054,IC,2016-12-29T17:06:00,2016-12-29T17:06:00,321,321
http://irail.be/vehicle/IC938,http://irail.be/stations/NMBS/008872009,IC,2016-12-29T17:11:00,2016-12-29T17:08:00,269,308
http://irail.be/vehicle/IC938,http://irail.be/stations/NMBS/008871100,IC,2016-12-29T17:15:00,2016-12-29T17:15:00,343,343
http://irail.be/vehicle/IC938,http://irail.be/stations/NMBS/008871514,IC,2016-12-29T17:19:00,2016-12-29T17:19:00,368,368
http://irail.be/vehicle/IC938,http://irail.be/stations/NMBS/008871415,IC,2016-12-29T17:20:00,2016-12-29T17:20:00,368,368
http://irail.be/vehicle/IC938,http://irail.be/stations/NMBS/008882248,IC,2016-12-29T17:22:00,2016-12-29T17:22:00,358,358
http://irail.be/vehicle/IC938,http://irail.be/stations/NMBS/008882230,IC,2016-12-29T17:23:00,2016-12-29T17:23:00,391,391
http://irail.be/vehicle/IC938,http://irail.be/stations/NMBS/008882206,IC,2016-12-29T17:28:00,2016-12-29T17:27:00,311,358
http://irail.be/vehicle/IC938,http://irail.be/stations/NMBS/008881463,IC,2016-12-29T17:32:00,2016-12-29T17:32:00,298,298
http://irail.be/vehicle/IC938,http://irail.be/stations/NMBS/008881455,IC,2016-12-29T17:33:00,2016-12-29T17:33:00,284,284
http://irail.be/vehicle/IC938,http://irail.be/stations/NMBS/008881430,IC,2016-12-29T17:35:00,2016-12-29T17:35:00,284,284
http://irail.be/vehicle/IC938,NO-URI,IC,2016-12-29T17:36:00,2016-12-29T17:36:00,284,284
http://irail.be/vehicle/IC938,http://irail.be/stations/NMBS/008881406,IC,2016-12-29T17:37:00,2016-12-29T17:37:00,271,271
http://irail.be/vehicle/IC938,http://irail.be/stations/NMBS/008881315,IC,2016-12-29T17:39:00,2016-12-29T17:39:00,296,296
http://irail.be/vehicle/IC938,http://irail.be/stations/NMBS/008881000,IC,2016-12-29T17:45:00,2016-12-29T17:42:00,282,296
http://irail.be/vehicle/IC938,http://irail.be/stations/NMBS/008884566,IC,2016-12-29T17:50:00,2016-12-29T17:50:00,282,282
http://irail.be/vehicle/IC938,http://irail.be/stations/NMBS/008884541,IC,2016-12-29T17:51:00,2016-12-29T17:51:00,222,222
http://irail.be/vehicle/IC938,http://irail.be/stations/NMBS/008884004,IC,2016-12-29T17:54:00,2016-12-29T17:53:00,180,216
http://irail.be/vehicle/IC938,http://irail.be/stations/NMBS/008884632,IC,2016-12-29T17:59:00,2016-12-29T17:59:00,180,180
http://irail.be/vehicle/IC938,http://irail.be/stations/NMBS/008884640,IC,2016-12-29T18:00:00,2016-12-29T18:00:00,279,279
http://irail.be/vehicle/IC938,http://irail.be/stations/NMBS/008884715,IC,2016-12-29T18:01:00,2016-12-29T18:01:00,279,279
http://irail.be/vehicle/IC938,http://irail.be/stations/NMBS/008884855,IC,2016-12-29T18:04:00,2016-12-29T18:04:00,283,283
http://irail.be/vehicle/IC938,http://irail.be/stations/NMBS/008884889,IC,2016-12-29T18:06:00,2016-12-29T18:06:00,245,245
http://irail.be/vehicle/IC938,http://irail.be/stations/NMBS/008885530,IC,2016-12-29T18:08:00,2016-12-29T18:08:00,238,238
http://irail.be/vehicle/IC938,http://irail.be/stations/NMBS/008885522,IC,2016-12-29T18:09:00,2016-12-29T18:09:00,271,271
http://irail.be/vehicle/IC938,http://irail.be/stations/NMBS/008885001,IC,2016-12-29T18:19:00,2016-12-29T18:15:00,178,280
http://irail.be/vehicle/IC938,http://irail.be/stations/NMBS/008885068,IC,2016-12-29T18:23:00,2016-12-29T18:23:00,234,206
http://irail.be/vehicle/IC938,http://irail.be/stations/NMBS/008885753,IC,2016-12-29T18:33:00,2016-12-29T18:33:00,229,229
http://irail.be/vehicle/IC938,http://irail.be/stations/NMBS/008885704,IC,2016-12-29T18:37:00,2016-12-29T18:37:00,,229
http://irail.be/vehicle/IC938,http://irail.be/stations/NMBS/008863008,IC,2016-12-09T16:38:00,2016-12-09T16:38:00,41,
http://irail.be/vehicle/IC938,http://irail.be/stations/NMBS/008861119,IC,2016-12-09T16:41:00,2016-12-09T16:41:00,63,63
http://irail.be/vehicle/IC938,http://irail.be/stations/NMBS/008861127,IC,2016-12-09T16:43:00,2016-12-09T16:43:00,84,84
http://irail.be/vehicle/IC938,http://irail.be/stations/NMBS/008861135,IC,2016-12-09T16:46:00,2016-12-09T16:46:00,84,84
http://irail.be/vehicle/IC938,http://irail.be/stations/NMBS/008861143,IC,2016-12-09T16:49:00,2016-12-09T16:49:00,22,22
http://irail.be/vehicle/IC938,http://irail.be/stations/NMBS/008861150,IC,2016-12-09T16:51:00,2016-12-09T16:51:00,32,32
http://irail.be/vehicle/IC938,NO-URI,IC,2016-12-09T16:51:00,2016-12-09T16:51:00,32,32
http://irail.be/vehicle/IC938,http://irail.be/stations/NMBS/008861168,IC,2016-12-09T16:52:00,2016-12-09T16:52:00,35,35
http://irail.be/vehicle/IC938,http://irail.be/stations/NMBS/008874724,IC,2016-12-09T16:52:00,2016-12-09T16:52:00,26,26
http://irail.be/vehicle/IC938,NO-URI,IC,2016-12-09T16:54:00,2016-12-09T16:54:00,26,26
http://irail.be/vehicle/IC938,http://irail.be/stations/NMBS/008874716,IC,2016-12-09T16:55:00,2016-12-09T16:55:00,-26,-26
http://irail.be/vehicle/IC938,http://irail.be/stations/NMBS/008874609,IC,2016-12-09T16:58:00,2016-12-09T16:57:00,61,-9
http://irail.be/vehicle/IC938,http://irail.be/stations/NMBS/008874583,IC,2016-12-09T17:00:00,2016-12-09T17:00:00,61,61
http://irail.be/vehicle/IC938,http://irail.be/stations/NMBS/008874567,IC,2016-12-09T17:01:00,2016-12-09T17:01:00,88,88
http://irail.be/vehicle/IC938,http://irail.be/stations/NMBS/008874559,IC,2016-12-09T17:02:00,2016-12-09T17:02:00,88,88
http://irail.be/vehicle/IC938,NO-URI,IC,2016-12-09T17:03:00,2016-12-09T17:03:00,92,92
http://irail.be/vehicle/IC938,http://irail.be/stations/NMBS/008874005,IC,2016-12-09T17:03:00,2016-12-09T17:03:00,115,115
http://irail.be/vehicle/IC938,http://irail.be/stations/NMBS/008874054,IC,2016-12-09T17:06:00,2016-12-09T17:06:00,114,114
http://irail.be/vehicle/IC938,http://irail.be/stations/NMBS/008872009,IC,2016-12-09T17:11:00,2016-12-09T17:08:00,118,115
http://irail.be/vehicle/IC938,http://irail.be/stations/NMBS/008871100,IC,2016-12-09T17:15:00,2016-12-09T17:15:00,144,144
http://irail.be/vehicle/IC938,http://irail.be/stations/NMBS/008871514,IC,2016-12-09T17:19:00,2016-12-09T17:19:00,249,249
http://irail.be/vehicle/IC938,http://irail.be/stations/NMBS/008871415,IC,2016-12-09T17:20:00,2016-12-09T17:20:00,249,249
http://irail.be/vehicle/IC938,http://irail.be/stations/NMBS/008882248,IC,2016-12-09T17:22:00,2016-12-09T17:22:00,247,247
http://irail.be/vehicle/IC938,http://irail.be/stations/NMBS/008882230,IC,2016-12-09T17:23:00,2016-12-09T17:23:00,314,314
http://irail.be/vehicle/IC938,http://irail.be/stations/NMBS/008882206,IC,2016-12-09T17:28:00,2016-12-09T17:27:00,266,294
http://irail.be/vehicle/IC938,http://irail.be/stations/NMBS/008881463,IC,2016-12-09T17:32:00,2016-12-09T17:32:00,259,259
http://irail.be/vehicle/IC938,http://irail.be/stations/NMBS/008881455,IC,2016-12-09T17:33:00,2016-12-09T17:33:00,268,268
http://irail.be/vehicle/IC938,http://irail.be/stations/NMBS/008881430,IC,2016-12-09T17:35:00,2016-12-09T17:35:00,268,268
http://irail.be/vehicle/IC938,NO-URI,IC,2016-12-09T17:36:00,2016-12-09T17:36:00,268,268
http://irail.be/vehicle/IC938,http://irail.be/stations/NMBS/008881406,IC,2016-12-09T17:37:00,2016-12-09T17:37:00,258,258
http://irail.be/vehicle/IC938,http://irail.be/stations/NMBS/008881315,IC,2016-12-09T17:39:00,2016-12-09T17:39:00,302,302
http://irail.be/vehicle/IC938,http://irail.be/stations/NMBS/008881000,IC,2016-12-09T17:45:00,2016-12-09T17:42:00,293,302
http://irail.be/vehicle/IC938,http://irail.be/stations/NMBS/008884566,IC,2016-12-09T17:50:00,2016-12-09T17:50:00,293,293
http://irail.be/vehicle/IC938,http://irail.be/stations/NMBS/008884541,IC,2016-12-09T17:51:00,2016-12-09T17:51:00,203,203
http://irail.be/vehicle/IC938,http://irail.be/stations/NMBS/008884004,IC,2016-12-09T17:54:00,2016-12-09T17:53:00,182,240
http://irail.be/vehicle/IC938,http://irail.be/stations/NMBS/008884632,IC,2016-12-09T17:59:00,2016-12-09T17:59:00,182,182
http://irail.be/vehicle/IC938,http://irail.be/stations/NMBS/008884640,IC,2016-12-09T18:00:00,2016-12-09T18:00:00,238,238
http://irail.be/vehicle/IC938,http://irail.be/stations/NMBS/008884715,IC,2016-12-09T18:01:00,2016-12-09T18:01:00,238,238
http://irail.be/vehicle/IC938,http://irail.be/stations/NMBS/008884855,IC,2016-12-09T18:04:00,2016-12-09T18:04:00,240,240
http://irail.be/vehicle/IC938,http://irail.be/stations/NMBS/008884889,IC,2016-12-09T18:06:00,2016-12-09T18:06:00,226,226
http://irail.be/vehicle/IC938,http://irail.be/stations/NMBS/008885530,IC,2016-12-09T18:08:00,2016-12-09T18:08:00,226,226
http://irail.be/vehicle/IC938,http://irail.be/stations/NMBS/008885522,IC,2016-12-09T18:09:00,2016-12-09T18:09:00,229,229
http://irail.be/vehicle/IC938,http://irail.be/stations/NMBS/008885001,IC,2016-12-09T18:19:00,2016-12-09T18:15:00,211,222
http://irail.be/vehicle/IC938,http://irail.be/stations/NMBS/008885068,IC,2016-12-09T18:23:00,2016-12-09T18:23:00,226,185
http://irail.be/vehicle/IC938,http://irail.be/stations/NMBS/008885753,IC,2016-12-09T18:33:00,2016-12-09T18:33:00,123,123
http://irail.be/vehicle/IC938,http://irail.be/stations/NMBS/008885704,IC,2016-12-09T18:37:00,2016-12-09T18:37:00,,123
http://irail.be/vehicle/IC938,http://irail.be/stations/NMBS/008863008,IC,2016-03-10T16:38:00,2016-03-10T16:38:00,91,0
http://irail.be/vehicle/IC938,http://irail.be/stations/NMBS/008861119,IC,2016-03-10T16:41:00,2016-03-10T16:41:00,109,109
http://irail.be/vehicle/IC938,http://irail.be/stations/NMBS/008861127,IC,2016-03-10T16:43:00,2016-03-10T16:43:00,58,43
http://irail.be/vehicle/IC938,http://irail.be/stations/NMBS/008861135,IC,2016-03-10T16:46:00,2016-03-10T16:46:00,20,58
http://irail.be/vehicle/IC938,http://irail.be/stations/NMBS/008861143,IC,2016-03-10T16:49:00,2016-03-10T16:49:00,-70,-70
http://irail.be/vehicle/IC938,http://irail.be/stations/NMBS/008861150,IC,2016-03-10T16:51:00,2016-03-10T16:51:00,-70,-70
http://irail.be/vehicle/IC938,NO-URI,IC,2016-03-10T16:51:00,2016-03-10T16:51:00,-41,-43
http://irail.be/vehicle/IC938,http://irail.be/stations/NMBS/008861168,IC,2016-03-10T16:52:00,2016-03-10T16:52:00,-41,-41
http://irail.be/vehicle/IC938,http://irail.be/stations/NMBS/008874724,IC,2016-03-10T16:52:00,2016-03-10T16:52:00,-32,-41
http://irail.be/vehicle/IC938,NO-URI,IC,2016-03-10T16:54:00,2016-03-10T16:54:00,-123,-129
http://irail.be/vehicle/IC938,http://irail.be/stations/NMBS/008874716,IC,2016-03-10T16:55:00,2016-03-10T16:55:00,-60,-60
http://irail.be/vehicle/IC938,http://irail.be/stations/NMBS/008874609,IC,2016-03-10T16:58:00,2016-03-10T16:57:00,101,78
http://irail.be/vehicle/IC938,http://irail.be/stations/NMBS/008874583,IC,2016-03-10T17:00:00,2016-03-10T17:00:00,101,101
http://irail.be/vehicle/IC938,http://irail.be/stations/NMBS/008874567,IC,2016-03-10T17:01:00,2016-03-10T17:01:00,101,101
http://irail.be/vehicle/IC938,http://irail.be/stations/NMBS/008874559,IC,2016-03-10T17:02:00,2016-03-10T17:02:00,72,72
http://irail.be/vehicle/IC938,http://irail.be/stations/NMBS/008874005,IC,2016-03-10T17:03:00,2016-03-10T17:03:00,86,81
http://irail.be/vehicle/IC938,http://irail.be/stations/NMBS/008874054,IC,2016-03-10T17:06:00,2016-03-10T17:06:00,37,33
http://irail.be/vehicle/IC938,http://irail.be/stations/NMBS/008872009,IC,2016-03-10T17:11:00,2016-03-10T17:08:00,38,102
http://irail.be/vehicle/IC938,http://irail.be/stations/NMBS/008871100,IC,2016-03-10T17:15:00,2016-03-10T17:15:00,13,-18
http://irail.be/vehicle/IC938,http://irail.be/stations/NMBS/008871514,IC,2016-03-10T17:19:00,2016-03-10T17:19:00,9,9
http://irail.be/vehicle/IC938,http://irail.be/stations/NMBS/008871415,IC,2016-03-10T17:20:00,2016-03-10T17:20:00,-14,-11
http://irail.be/vehicle/IC938,http://irail.be/stations/NMBS/008882248,IC,2016-03-10T17:22:00,2016-03-10T17:22:00,-14,-14
http://irail.be/vehicle/IC938,http://irail.be/stations/NMBS/008882230,IC,2016-03-10T17:23:00,2016-03-10T17:23:00,-14,-14
http://irail.be/vehicle/IC938,http://irail.be/stations/NMBS/008882206,IC,2016-03-10T17:28:00,2016-03-10T17:27:00,11,-68
http://irail.be/vehicle/IC938,http://irail.be/stations/NMBS/008881463,IC,2016-03-10T17:32:00,2016-03-10T17:32:00,-4,-4
http://irail.be/vehicle/IC938,http://irail.be/stations/NMBS/008881455,IC,2016-03-10T17:33:00,2016-03-10T17:33:00,-4,-4
http://irail.be/vehicle/IC938,http://irail.be/stations/NMBS/008881430,IC,2016-03-10T17:35:00,2016-03-10T17:35:00,-4,-4
http://irail.be/vehicle/IC938,NO-URI,IC,2016-03-10T17:36:00,2016-03-10T17:36:00,231,229
http://irail.be/vehicle/IC938,http://irail.be/stations/NMBS/008881406,IC,2016-03-10T17:37:00,2016-03-10T17:37:00,171,171
http://irail.be/vehicle/IC938,http://irail.be/stations/NMBS/008881315,IC,2016-03-10T17:39:00,2016-03-10T17:39:00,171,171
http://irail.be/vehicle/IC938,http://irail.be/stations/NMBS/008881000,IC,2016-03-10T17:45:00,2016-03-10T17:42:00,157,227
http://irail.be/vehicle/IC938,http://irail.be/stations/NMBS/008884566,IC,2016-03-10T17:50:00,2016-03-10T17:50:00,88,97
http://irail.be/vehicle/IC938,http://irail.be/stations/NMBS/008884541,IC,2016-03-10T17:51:00,2016-03-10T17:51:00,76,76
http://irail.be/vehicle/IC938,http://irail.be/stations/NMBS/008884004,IC,2016-03-10T17:54:00,2016-03-10T17:53:00,70,65
http://irail.be/vehicle/IC938,http://irail.be/stations/NMBS/008884632,IC,2016-03-10T17:59:00,2016-03-10T17:59:00,70,70
http://irail.be/vehicle/IC938,http://irail.be/stations/NMBS/008884640,IC,2016-03-10T18:00:00,2016-03-10T18:00:00,70,70
http://irail.be/vehicle/IC938,http://irail.be/stations/NMBS/008884715,IC,2016-03-10T18:01:00,2016-03-10T18:01:00,162,102
http://irail.be/vehicle/IC938,http://irail.be/stations/NMBS/008884855,IC,2016-03-10T18:04:00,2016-03-10T18:04:00,162,162
http://irail.be/vehicle/IC938,http://irail.be/stations/NMBS/008884889,IC,2016-03-10T18:06:00,2016-03-10T18:06:00,162,162
http://irail.be/vehicle/IC938,http://irail.be/stations/NMBS/008885530,IC,2016-03-10T18:08:00,2016-03-10T18:08:00,102,102
http://irail.be/vehicle/IC938,http://irail.be/stations/NMBS/008885522,IC,2016-03-10T18:09:00,2016-03-10T18:09:00,203,150
http://irail.be/vehicle/IC938,http://irail.be/stations/NMBS/008885001,IC,2016-03-10T18:19:00,2016-03-10T18:15:00,255,221
http://irail.be/vehicle/IC938,http://irail.be/stations/NMBS/008885068,IC,2016-03-10T18:23:00,2016-03-10T18:23:00,263,223
http://irail.be/vehicle/IC938,http://irail.be/stations/NMBS/008885753,IC,2016-03-10T18:33:00,2016-03-10T18:33:00,83,83
http://irail.be/vehicle/IC938,http://irail.be/stations/NMBS/008885704,IC,2016-03-10T18:37:00,2016-03-10T18:37:00,0,255
http://irail.be/vehicle/IC938,http://irail.be/stations/NMBS/008863008,IC,2016-04-20T16:38:00,2016-04-20T16:38:00,396,0
http://irail.be/vehicle/IC938,http://irail.be/stations/NMBS/008861119,IC,2016-04-20T16:41:00,2016-04-20T16:41:00,409,409
http://irail.be/vehicle/IC938,http://irail.be/stations/NMBS/008861127,IC,2016-04-20T16:43:00,2016-04-20T16:43:00,355,340
http://irail.be/vehicle/IC938,http://irail.be/stations/NMBS/008861135,IC,2016-04-20T16:46:00,2016-04-20T16:46:00,309,355
http://irail.be/vehicle/IC938,http://irail.be/stations/NMBS/008861143,IC,2016-04-20T16:49:00,2016-04-20T16:49:00,217,217
http://irail.be/vehicle/IC938,http://irail.be/stations/NMBS/008861150,IC,2016-04-20T16:51:00,2016-04-20T16:51:00,217,217
http://irail.be/vehicle/IC938,NO-URI,IC,2016-04-20T16:51:00,2016-04-20T16:51:00,483,465
http://irail.be/vehicle/IC938,http://irail.be/stations/NMBS/008861168,IC,2016-04-20T16:52:00,2016-04-20T16:52:00,483,483
http://irail.be/vehicle/IC938,http://irail.be/stations/NMBS/008874724,IC,2016-04-20T16:52:00,2016-04-20T16:52:00,517,483
http://irail.be/vehicle/IC938,NO-URI,IC,2016-04-20T16:54:00,2016-04-20T16:54:00,427,420
http://irail.be/vehicle/IC938,http://irail.be/stations/NMBS/008874716,IC,2016-04-20T16:55:00,2016-04-20T16:55:00,437,437
http://irail.be/vehicle/IC938,http://irail.be/stations/NMBS/008874609,IC,2016-04-20T16:58:00,2016-04-20T16:57:00,508,438
http://irail.be/vehicle/IC938,http://irail.be/stations/NMBS/008874583,IC,2016-04-20T17:00:00,2016-04-20T17:00:00,508,508
http://irail.be/vehicle/IC938,http://irail.be/stations/NMBS/008874567,IC,2016-04-20T17:01:00,2016-04-20T17:01:00,508,508
http://irail.be/vehicle/IC938,http://irail.be/stations/NMBS/008874559,IC,2016-04-20T17:02:00,2016-04-20T17:02:00,487,487
http://irail.be/vehicle/IC938,http://irail.be/stations/NMBS/008874005,IC,2016-04-20T17:03:00,2016-04-20T17:03:00,495,493
http://irail.be/vehicle/IC938,http://irail.be/stations/NMBS/008874054,IC,2016-04-20T17:06:00,2016-04-20T17:06:00,472,443
http://irail.be/vehicle/IC938,http://irail.be/stations/NMBS/008872009,IC,2016-04-20T17:11:00,2016-04-20T17:08:00,460,494
http://irail.be/vehicle/IC938,http://irail.be/stations/NMBS/008871100,IC,2016-04-20T17:15:00,2016-04-20T17:15:00,437,406
http://irail.be/vehicle/IC938,http://irail.be/stations/NMBS/008871514,IC,2016-04-20T17:19:00,2016-04-20T17:19:00,433,433
http://irail.be/vehicle/IC938,http://irail.be/stations/NMBS/008871415,IC,2016-04-20T17:20:00,2016-04-20T17:20:00,414,415
http://irail.be/vehicle/IC938,http://irail.be/stations/NMBS/008882248,IC,2016-04-20T17:22:00,2016-04-20T17:22:00,414,414
http://irail.be/vehicle/IC938,http://irail.be/stations/NMBS/008882230,IC,2016-04-20T17:23:00,2016-04-20T17:23:00,414,414
http://irail.be/vehicle/IC938,http://irail.be/stations/NMBS/008882206,IC,2016-04-20T17:28:00,2016-04-20T17:27:00,527,510
http://irail.be/vehicle/IC938,http://irail.be/stations/NMBS/008881463,IC,2016-04-20T17:32:00,2016-04-20T17:32:00,522,522
http://irail.be/vehicle/IC938,http://irail.be/stations/NMBS/008881455,IC,2016-04-20T17:33:00,2016-04-20T17:33:00,522,522
http://irail.be/vehicle/IC938,http://irail.be/stations/NMBS/008881430,IC,2016-04-20T17:35:00,2016-04-20T17:35:00,522,522
http://irail.be/vehicle/IC938,NO-URI,IC,2016-04-20T17:36:00,2016-04-20T17:36:00,600,599
http://irail.be/vehicle/IC938,http://irail.be/stations/NMBS/008881406,IC,2016-04-20T17:37:00,2016-04-20T17:37:00,540,540
http://irail.be/vehicle/IC938,http://irail.be/stations/NMBS/008881315,IC,2016-04-20T17:39:00,2016-04-20T17:39:00,540,540
http://irail.be/vehicle/IC938,http://irail.be/stations/NMBS/008881000,IC,2016-04-20T17:45:00,2016-04-20T17:42:00,510,583
http://irail.be/vehicle/IC938,http://irail.be/stations/NMBS/008884566,IC,2016-04-20T17:50:00,2016-04-20T17:50:00,444,450
http://irail.be/vehicle/IC938,http://irail.be/stations/NMBS/008884541,IC,2016-04-20T17:51:00,2016-04-20T17:51:00,434,434
http://irail.be/vehicle/IC938,http://irail.be/stations/NMBS/008884004,IC,2016-04-20T17:54:00,2016-04-20T17:53:00,423,426
http://irail.be/vehicle/IC938,http://irail.be/stations/NMBS/008884632,IC,2016-04-20T17:59:00,2016-04-20T17:59:00,423,423
http://irail.be/vehicle/IC938,http://irail.be/stations/NMBS/008884640,IC,2016-04-20T18:00:00,2016-04-20T18:00:00,423,423
http://irail.be/vehicle/IC938,http://irail.be/stations/NMBS/008884715,IC,2016-04-20T18:01:00,2016-04-20T18:01:00,380,374
http://irail.be/vehicle/IC938,http://irail.be/stations/NMBS/008884855,IC,2016-04-20T18:04:00,2016-04-20T18:04:00,380,380
http://irail.be/vehicle/IC938,http://irail.be/stations/NMBS/008884889,IC,2016-04-20T18:06:00,2016-04-20T18:06:00,380,380
http://irail.be/vehicle/IC938,http://irail.be/stations/NMBS/008885530,IC,2016-04-20T18:08:00,2016-04-20T18:08:00,320,320
http://irail.be/vehicle/IC938,http://irail.be/stations/NMBS/008885522,IC,2016-04-20T18:09:00,2016-04-20T18:09:00,371,358
http://irail.be/vehicle/IC938,http://irail.be/stations/NMBS/008885001,IC,2016-04-20T18:19:00,2016-04-20T18:15:00,522,333
http://irail.be/vehicle/IC938,http://irail.be/stations/NMBS/008885068,IC,2016-04-20T18:23:00,2016-04-20T18:23:00,652,616
http://irail.be/vehicle/IC938,http://irail.be/stations/NMBS/008885753,IC,2016-04-20T18:33:00,2016-04-20T18:33:00,472,472
http://irail.be/vehicle/IC938,http://irail.be/stations/NMBS/008885704,IC,2016-04-20T18:37:00,2016-04-20T18:37:00,0,594
http://irail.be/vehicle/IC938,http://irail.be/stations/NMBS/008863008,IC,2016-09-29T16:38:00,2016-09-29T16:38:00,41,
http://irail.be/vehicle/IC938,http://irail.be/stations/NMBS/008861119,IC,2016-09-29T16:41:00,2016-09-29T16:41:00,82,82
http://irail.be/vehicle/IC938,NO-URI,IC,2016-09-29T16:41:00,2016-09-29T16:41:00,82,82
http://irail.be/vehicle/IC938,http://irail.be/stations/NMBS/008861127,IC,2016-09-29T16:43:00,2016-09-29T16:43:00,31,31
http://irail.be/vehicle/IC938,http://irail.be/stations/NMBS/008861135,IC,2016-09-29T16:46:00,2016-09-29T16:46:00,-10,-10
http://irail.be/vehicle/IC938,http://irail.be/stations/NMBS/008861143,IC,2016-09-29T16:49:00,2016-09-29T16:49:00,-100,-100
http://irail.be/vehicle/IC938,http://irail.be/stations/NMBS/008861150,IC,2016-09-29T16:51:00,2016-09-29T16:51:00,-100,-100
http://irail.be/vehicle/IC938,NO-URI,IC,2016-09-29T16:51:00,2016-09-29T16:51:00,-76,-76
http://irail.be/vehicle/IC938,http://irail.be/stations/NMBS/008861168,IC,2016-09-29T16:52:00,2016-09-29T16:52:00,-76,-76
http://irail.be/vehicle/IC938,http://irail.be/stations/NMBS/008874724,IC,2016-09-29T16:52:00,2016-09-29T16:52:00,-68,-68
http://irail.be/vehicle/IC938,NO-URI,IC,2016-09-29T16:54:00,2016-09-29T16:54:00,-161,-161
http://irail.be/vehicle/IC938,http://irail.be/stations/NMBS/008874716,IC,2016-09-29T16:55:00,2016-09-29T16:55:00,-88,-88
http://irail.be/vehicle/IC938,http://irail.be/stations/NMBS/008874609,IC,2016-09-29T16:58:00,2016-09-29T16:57:00,128,87
http://irail.be/vehicle/IC938,http://irail.be/stations/NMBS/008874583,IC,2016-09-29T16:59:00,2016-09-29T16:59:00,68,68
http://irail.be/vehicle/IC938,http://irail.be/stations/NMBS/008874567,IC,2016-09-29T17:01:00,2016-09-29T17:01:00,128,128
http://irail.be/vehicle/IC938,http://irail.be/stations/NMBS/008874559,IC,2016-09-29T17:02:00,2016-09-29T17:02:00,102,102
http://irail.be/vehicle/IC938,NO-URI,IC,2016-09-29T17:03:00,2016-09-29T17:03:00,102,102
http://irail.be/vehicle/IC938,http://irail.be/stations/NMBS/008874005,IC,2016-09-29T17:03:00,2016-09-29T17:03:00,113,113
http://irail.be/vehicle/IC938,http://irail.be/stations/NMBS/008874054,IC,2016-09-29T17:06:00,2016-09-29T17:06:00,69,69
http://irail.be/vehicle/IC938,http://irail.be/stations/NMBS/008872009,IC,2016-09-29T17:11:00,2016-09-29T17:08:00,70,135
http://irail.be/vehicle/IC938,http://irail.be/stations/NMBS/008871100,IC,2016-09-29T17:15:00,2016-09-29T17:15:00,137,137
http://irail.be/vehicle/IC938,http://irail.be/stations/NMBS/008871514,IC,2016-09-29T17:18:00,2016-09-29T17:18:00,83,83
http://irail.be/vehicle/IC938,http://irail.be/stations/NMBS/008871415,IC,2016-09-29T17:20:00,2016-09-29T17:20:00,128,128
http://irail.be/vehicle/IC938,http://irail.be/stations/NMBS/008882248,IC,2016-09-29T17:21:00,2016-09-29T17:21:00,68,68
http://irail.be/vehicle/IC938,http://irail.be/stations/NMBS/008882230,IC,2016-09-29T17:22:00,2016-09-29T17:22:00,68,68
http://irail.be/vehicle/IC938,http://irail.be/stations/NMBS/008882206,IC,2016-09-29T17:28:00,2016-09-29T17:27:00,83,70
http://irail.be/vehicle/IC938,http://irail.be/stations/NMBS/008881463,IC,2016-09-29T17:32:00,2016-09-29T17:32:00,63,63
http://irail.be/vehicle/IC938,http://irail.be/stations/NMBS/008881455,IC,2016-09-29T17:33:00,2016-09-29T17:33:00,63,63
http://irail.be/vehicle/IC938,http://irail.be/stations/NMBS/008881430,IC,2016-09-29T17:34:00,2016-09-29T17:34:00,3,3
http://irail.be/vehicle/IC938,NO-URI,IC,2016-09-29T17:36:00,2016-09-29T17:36:00,44,44
http://irail.be/vehicle/IC938,http://irail.be/stations/NMBS/008881406,IC,2016-09-29T17:37:00,2016-09-29T17:37:00,-16,-16
http://irail.be/vehicle/IC938,http://irail.be/stations/NMBS/008881315,IC,2016-09-29T17:40:00,2016-09-29T17:40:00,44,44
http://irail.be/vehicle/IC938,http://irail.be/stations/NMBS/008881000,IC,2016-09-29T17:45:00,2016-09-29T17:42:00,45,101
http://irail.be/vehicle/IC938,http://irail.be/stations/NMBS/008884566,IC,2016-09-29T17:50:00,2016-09-29T17:50:00,19,19
http://irail.be/vehicle/IC938,http://irail.be/stations/NMBS/008884541,IC,2016-09-29T17:51:00,2016-09-29T17:51:00,40,40
http://irail.be/vehicle/IC938,http://irail.be/stations/NMBS/008884004,IC,2016-09-29T17:54:00,2016-09-29T17:53:00,66,51
http://irail.be/vehicle/IC938,http://irail.be/stations/NMBS/008884632,IC,2016-09-29T17:58:00,2016-09-29T17:58:00,6,6
http://irail.be/vehicle/IC938,http://irail.be/stations/NMBS/008884640,IC,2016-09-29T17:59:00,2016-09-29T17:59:00,6,6
http://irail.be/vehicle/IC938,http://irail.be/stations/NMBS/008884715,IC,2016-09-29T18:01:00,2016-09-29T18:01:00,32,32
http://irail.be/vehicle/IC938,http://irail.be/stations/NMBS/008884855,IC,2016-09-29T18:03:00,2016-09-29T18:03:00,-28,-28
http://irail.be/vehicle/IC938,http://irail.be/stations/NMBS/008884889,IC,2016-09-29T18:06:00,2016-09-29T18:06:00,32,32
http://irail.be/vehicle/IC938,http://irail.be/stations/NMBS/008885530,IC,2016-09-29T18:08:00,2016-09-29T18:08:00,-28,-28
http://irail.be/vehicle/IC938,http://irail.be/stations/NMBS/008885522,IC,2016-09-29T18:09:00,2016-09-29T18:09:00,10,10
http://irail.be/vehicle/IC938,http://irail.be/stations/NMBS/008885001,IC,2016-09-29T18:19:00,2016-09-29T18:15:00,5,-20
http://irail.be/vehicle/IC938,http://irail.be/stations/NMBS/008885068,IC,2016-09-29T18:23:00,2016-09-29T18:23:00,12,-35
http://irail.be/vehicle/IC938,http://irail.be/stations/NMBS/008885753,IC,2016-09-29T18:33:00,2016-09-29T18:33:00,0,-168
http://irail.be/vehicle/IC938,http://irail.be/stations/NMBS/008885704,IC,2016-09-29T18:37:00,2016-09-29T18:37:00,,93
http://irail.be/vehicle/IC938,http://irail.be/stations/NMBS/008863008,IC,2016-12-14T16:38:00,2016-12-14T16:38:00,112,
http://irail.be/vehicle/IC938,http://irail.be/stations/NMBS/008861119,IC,2016-12-14T16:41:00,2016-12-14T16:41:00,148,148
http://irail.be/vehicle/IC938,http://irail.be/stations/NMBS/008861127,IC,2016-12-14T16:43:00,2016-12-14T16:43:00,85,85
http://irail.be/vehicle/IC938,http://irail.be/stations/NMBS/008861135,IC,2016-12-14T16:46:00,2016-12-14T16:46:00,85,85
http://irail.be/vehicle/IC938,http://irail.be/stations/NMBS/008861143,IC,2016-12-14T16:49:00,2016-12-14T16:49:00,-15,-15
http://irail.be/vehicle/IC938,http://irail.be/stations/NMBS/008861150,IC,2016-12-14T16:51:00,2016-12-14T16:51:00,92,92
http://irail.be/vehicle/IC938,NO-URI,IC,2016-12-14T16:51:00,2016-12-14T16:51:00,92,92
http://irail.be/vehicle/IC938,http://irail.be/stations/NMBS/008861168,IC,2016-12-14T16:52:00,2016-12-14T16:52:00,95,95
http://irail.be/vehicle/IC938,http://irail.be/stations/NMBS/008874724,IC,2016-12-14T16:52:00,2016-12-14T16:52:00,106,106
http://irail.be/vehicle/IC938,NO-URI,IC,2016-12-14T16:54:00,2016-12-14T16:54:00,106,106
http://irail.be/vehicle/IC938,http://irail.be/stations/NMBS/008874716,IC,2016-12-14T16:55:00,2016-12-14T16:55:00,129,129
http://irail.be/vehicle/IC938,http://irail.be/stations/NMBS/008874609,IC,2016-12-14T16:58:00,2016-12-14T16:57:00,268,239
http://irail.be/vehicle/IC938,http://irail.be/stations/NMBS/008874583,IC,2016-12-14T17:00:00,2016-12-14T17:00:00,268,268
http://irail.be/vehicle/IC938,http://irail.be/stations/NMBS/008874567,IC,2016-12-14T17:01:00,2016-12-14T17:01:00,251,251
http://irail.be/vehicle/IC938,http://irail.be/stations/NMBS/008874559,IC,2016-12-14T17:02:00,2016-12-14T17:02:00,251,251
http://irail.be/vehicle/IC938,http://irail.be/stations/NMBS/008874005,IC,2016-12-14T17:03:00,2016-12-14T17:03:00,336,336
http://irail.be/vehicle/IC938,http://irail.be/stations/NMBS/008874054,IC,2016-12-14T17:06:00,2016-12-14T17:06:00,307,307
http://irail.be/vehicle/IC938,http://irail.be/stations/NMBS/008872009,IC,2016-12-14T17:11:00,2016-12-14T17:08:00,364,288
http://irail.be/vehicle/IC938,http://irail.be/stations/NMBS/008871100,IC,2016-12-14T17:15:00,2016-12-14T17:15:00,320,320
http://irail.be/vehicle/IC938,http://irail.be/stations/NMBS/008871514,IC,2016-12-14T17:19:00,2016-12-14T17:19:00,283,283
http://irail.be/vehicle/IC938,http://irail.be/stations/NMBS/008871415,IC,2016-12-14T17:20:00,2016-12-14T17:20:00,305,305
http://irail.be/vehicle/IC938,http://irail.be/stations/NMBS/008882248,IC,2016-12-14T17:22:00,2016-12-14T17:22:00,293,293
http://irail.be/vehicle/IC938,http://irail.be/stations/NMBS/008882230,IC,2016-12-14T17:23:00,2016-12-14T17:23:00,333,333
http://irail.be/vehicle/IC938,http://irail.be/stations/NMBS/008882206,IC,2016-12-14T17:28:00,2016-12-14T17:27:00,274,297
http://irail.be/vehicle/IC938,http://irail.be/stations/NMBS/008881463,IC,2016-12-14T17:32:00,2016-12-14T17:32:00,255,255
http://irail.be/vehicle/IC938,http://irail.be/stations/NMBS/008881455,IC,2016-12-14T17:33:00,2016-12-14T17:33:00,235,235
http://irail.be/vehicle/IC938,http://irail.be/stations/NMBS/008881430,IC,2016-12-14T17:35:00,2016-12-14T17:35:00,235,235
http://irail.be/vehicle/IC938,NO-URI,IC,2016-12-14T17:36:00,2016-12-14T17:36:00,235,235
http://irail.be/vehicle/IC938,http://irail.be/stations/NMBS/008881406,IC,2016-12-14T17:37:00,2016-12-14T17:37:00,218,218
http://irail.be/vehicle/IC938,http://irail.be/stations/NMBS/008881315,IC,2016-12-14T17:39:00,2016-12-14T17:39:00,197,197
http://irail.be/vehicle/IC938,http://irail.be/stations/NMBS/008881000,IC,2016-12-14T17:45:00,2016-12-14T17:42:00,176,197
http://irail.be/vehicle/IC938,http://irail.be/stations/NMBS/008884566,IC,2016-12-14T17:50:00,2016-12-14T17:50:00,176,176
http://irail.be/vehicle/IC938,http://irail.be/stations/NMBS/008884541,IC,2016-12-14T17:51:00,2016-12-14T17:51:00,110,110
http://irail.be/vehicle/IC938,http://irail.be/stations/NMBS/008884004,IC,2016-12-14T17:54:00,2016-12-14T17:53:00,68,97
http://irail.be/vehicle/IC938,http://irail.be/stations/NMBS/008884632,IC,2016-12-14T17:59:00,2016-12-14T17:59:00,68,68
http://irail.be/vehicle/IC938,http://irail.be/stations/NMBS/008884640,IC,2016-12-14T18:00:00,2016-12-14T18:00:00,121,121
http://irail.be/vehicle/IC938,http://irail.be/stations/NMBS/008884715,IC,2016-12-14T18:01:00,2016-12-14T18:01:00,121,121
http://irail.be/vehicle/IC938,http://irail.be/stations/NMBS/008884855,IC,2016-12-14T18:04:00,2016-12-14T18:04:00,123,123
http://irail.be/vehicle/IC938,http://irail.be/stations/NMBS/008884889,IC,2016-12-14T18:06:00,2016-12-14T18:06:00,214,214
http://irail.be/vehicle/IC938,http://irail.be/stations/NMBS/008885530,IC,2016-12-14T18:08:00,2016-12-14T18:08:00,214,214
http://irail.be/vehicle/IC938,http://irail.be/stations/NMBS/008885522,IC,2016-12-14T18:09:00,2016-12-14T18:09:00,307,307
http://irail.be/vehicle/IC938,http://irail.be/stations/NMBS/008885001,IC,2016-12-14T18:19:00,2016-12-14T18:15:00,322,449
http://irail.be/vehicle/IC938,http://irail.be/stations/NMBS/008885068,IC,2016-12-14T18:23:00,2016-12-14T18:23:00,373,326
http://irail.be/vehicle/IC938,http://irail.be/stations/NMBS/008885753,IC,2016-12-14T18:33:00,2016-12-14T18:33:00,413,373
http://irail.be/vehicle/IC938,http://irail.be/stations/NMBS/008885704,IC,2016-12-14T18:37:00,2016-12-14T18:37:00,,413
http://irail.be/vehicle/IC938,http://irail.be/stations/NMBS/008863008,IC,2016-05-23T16:38:00,2016-05-23T16:38:00,95,0
http://irail.be/vehicle/IC938,http://irail.be/stations/NMBS/008861119,IC,2016-05-23T16:41:00,2016-05-23T16:41:00,118,118
http://irail.be/vehicle/IC938,http://irail.be/stations/NMBS/008861127,IC,2016-05-23T16:43:00,2016-05-23T16:43:00,64,50
http://irail.be/vehicle/IC938,http://irail.be/stations/NMBS/008861135,IC,2016-05-23T16:46:00,2016-05-23T16:46:00,19,64
http://irail.be/vehicle/IC938,http://irail.be/stations/NMBS/008861143,IC,2016-05-23T16:49:00,2016-05-23T16:49:00,-70,-70
http://irail.be/vehicle/IC938,http://irail.be/stations/NMBS/008861150,IC,2016-05-23T16:51:00,2016-05-23T16:51:00,-70,-70
http://irail.be/vehicle/IC938,NO-URI,IC,2016-05-23T16:51:00,2016-05-23T16:51:00,-48,-48
http://irail.be/vehicle/IC938,http://irail.be/stations/NMBS/008861168,IC,2016-05-23T16:52:00,2016-05-23T16:52:00,-48,-48
http://irail.be/vehicle/IC938,http://irail.be/stations/NMBS/008874724,IC,2016-05-23T16:52:00,2016-05-23T16:52:00,-42,-48
http://irail.be/vehicle/IC938,NO-URI,IC,2016-05-23T16:54:00,2016-05-23T16:54:00,-138,-139
http://irail.be/vehicle/IC938,http://irail.be/stations/NMBS/008874716,IC,2016-05-23T16:55:00,2016-05-23T16:55:00,-54,-54
http://irail.be/vehicle/IC938,http://irail.be/stations/NMBS/008874609,IC,2016-05-23T16:58:00,2016-05-23T16:57:00,25,-13
http://irail.be/vehicle/IC938,http://irail.be/stations/NMBS/008874583,IC,2016-05-23T17:00:00,2016-05-23T17:00:00,25,25
http://irail.be/vehicle/IC938,http://irail.be/stations/NMBS/008874567,IC,2016-05-23T17:01:00,2016-05-23T17:01:00,25,25
http://irail.be/vehicle/IC938,http://irail.be/stations/NMBS/008874559,IC,2016-05-23T17:02:00,2016-05-23T17:02:00,3,3
http://irail.be/vehicle/IC938,http://irail.be/stations/NMBS/008874005,IC,2016-05-23T17:03:00,2016-05-23T17:03:00,12,10
http://irail.be/vehicle/IC938,http://irail.be/stations/NMBS/008874054,IC,2016-05-23T17:06:00,2016-05-23T17:06:00,5,-32
http://irail.be/vehicle/IC938,http://irail.be/stations/NMBS/008872009,IC,2016-05-23T17:11:00,2016-05-23T17:08:00,41,117
http://irail.be/vehicle/IC938,http://irail.be/stations/NMBS/008871100,IC,2016-05-23T17:15:00,2016-05-23T17:15:00,48,13
http://irail.be/vehicle/IC938,http://irail.be/stations/NMBS/008871514,IC,2016-05-23T17:19:00,2016-05-23T17:19:00,47,47
http://irail.be/vehicle/IC938,http://irail.be/stations/NMBS/008871415,IC,2016-05-23T17:20:00,2016-05-23T17:20:00,28,29
http://irail.be/vehicle/IC938,http://irail.be/stations/NMBS/008882248,IC,2016-05-23T17:22:00,2016-05-23T17:22:00,28,28
http://irail.be/vehicle/IC938,http://irail.be/stations/NMBS/008882230,IC,2016-05-23T17:23:00,2016-05-23T17:23:00,28,28
http://irail.be/vehicle/IC938,http://irail.be/stations/NMBS/008882206,IC,2016-05-23T17:28:00,2016-05-23T17:27:00,14,-30
http://irail.be/vehicle/IC938,http://irail.be/stations/NMBS/008881463,IC,2016-05-23T17:32:00,2016-05-23T17:32:00,5,5
http://irail.be/vehicle/IC938,http://irail.be/stations/NMBS/008881455,IC,2016-05-23T17:33:00,2016-05-23T17:33:00,5,5
http://irail.be/vehicle/IC938,http://irail.be/stations/NMBS/008881430,IC,2016-05-23T17:35:00,2016-05-23T17:35:00,5,5
http://irail.be/vehicle/IC938,NO-URI,IC,2016-05-23T17:36:00,2016-05-23T17:36:00,37,7
http://irail.be/vehicle/IC938,http://irail.be/stations/NMBS/008881406,IC,2016-05-23T17:37:00,2016-05-23T17:37:00,-23,-23
http://irail.be/vehicle/IC938,http://irail.be/stations/NMBS/008881315,IC,2016-05-23T17:39:00,2016-05-23T17:39:00,-23,-23
http://irail.be/vehicle/IC938,http://irail.be/stations/NMBS/008881000,IC,2016-05-23T17:45:00,2016-05-23T17:42:00,20,101
http://irail.be/vehicle/IC938,http://irail.be/stations/NMBS/008884566,IC,2016-05-23T17:50:00,2016-05-23T17:50:00,-62,-40
http://irail.be/vehicle/IC938,http://irail.be/stations/NMBS/008884541,IC,2016-05-23T17:51:00,2016-05-23T17:51:00,-74,-74
http://irail.be/vehicle/IC938,http://irail.be/stations/NMBS/008884004,IC,2016-05-23T17:54:00,2016-05-23T17:53:00,22,-23
http://irail.be/vehicle/IC938,http://irail.be/stations/NMBS/008884632,IC,2016-05-23T17:59:00,2016-05-23T17:59:00,22,22
http://irail.be/vehicle/IC938,http://irail.be/stations/NMBS/008884640,IC,2016-05-23T18:00:00,2016-05-23T18:00:00,22,22
http://irail.be/vehicle/IC938,http://irail.be/stations/NMBS/008884715,IC,2016-05-23T18:01:00,2016-05-23T18:01:00,7,-4
http://irail.be/vehicle/IC938,http://irail.be/stations/NMBS/008884855,IC,2016-05-23T18:04:00,2016-05-23T18:04:00,7,7
http://irail.be/vehicle/IC938,http://irail.be/stations/NMBS/008884889,IC,2016-05-23T18:06:00,2016-05-23T18:06:00,7,7
http://irail.be/vehicle/IC938,http://irail.be/stations/NMBS/008885530,IC,2016-05-23T18:08:00,2016-05-23T18:08:00,-53,-53
http://irail.be/vehicle/IC938,http://irail.be/stations/NMBS/008885522,IC,2016-05-23T18:09:00,2016-05-23T18:09:00,-6,-15
http://irail.be/vehicle/IC938,http://irail.be/stations/NMBS/008885001,IC,2016-05-23T18:19:00,2016-05-23T18:15:00,103,0
http://irail.be/vehicle/IC938,http://irail.be/stations/NMBS/008885068,IC,2016-05-23T18:23:00,2016-05-23T18:23:00,115,86
http://irail.be/vehicle/IC938,http://irail.be/stations/NMBS/008885753,IC,2016-05-23T18:33:00,2016-05-23T18:33:00,0,-65
http://irail.be/vehicle/IC938,http://irail.be/stations/NMBS/008885704,IC,2016-05-23T18:37:00,2016-05-23T18:37:00,0,227
http://irail.be/vehicle/IC938,http://irail.be/stations/NMBS/008863008,IC,2016-11-29T16:38:00,2016-11-29T16:38:00,61,
http://irail.be/vehicle/IC938,http://irail.be/stations/NMBS/008861119,IC,2016-11-29T16:41:00,2016-11-29T16:41:00,75,75
http://irail.be/vehicle/IC938,http://irail.be/stations/NMBS/008861127,IC,2016-11-29T16:43:00,2016-11-29T16:43:00,16,16
http://irail.be/vehicle/IC938,http://irail.be/stations/NMBS/008861135,IC,2016-11-29T16:46:00,2016-11-29T16:46:00,16,16
http://irail.be/vehicle/IC938,http://irail.be/stations/NMBS/008861143,IC,2016-11-29T16:49:00,2016-11-29T16:49:00,-74,-74
http://irail.be/vehicle/IC938,http://irail.be/stations/NMBS/008861150,IC,2016-11-29T16:51:00,2016-11-29T16:51:00,-73,-73
http://irail.be/vehicle/IC938,NO-URI,IC,2016-11-29T16:51:00,2016-11-29T16:51:00,-73,-73
http://irail.be/vehicle/IC938,http://irail.be/stations/NMBS/008861168,IC,2016-11-29T16:52:00,2016-11-29T16:52:00,-72,-72
http://irail.be/vehicle/IC938,http://irail.be/stations/NMBS/008874724,IC,2016-11-29T16:52:00,2016-11-29T16:52:00,-87,-87
http://irail.be/vehicle/IC938,NO-URI,IC,2016-11-29T16:54:00,2016-11-29T16:54:00,-87,-87
http://irail.be/vehicle/IC938,http://irail.be/stations/NMBS/008874716,IC,2016-11-29T16:55:00,2016-11-29T16:55:00,-102,-102
http://irail.be/vehicle/IC938,http://irail.be/stations/NMBS/008874609,IC,2016-11-29T16:58:00,2016-11-29T16:57:00,58,35
http://irail.be/vehicle/IC938,http://irail.be/stations/NMBS/008874583,IC,2016-11-29T17:00:00,2016-11-29T17:00:00,58,58
http://irail.be/vehicle/IC938,http://irail.be/stations/NMBS/008874567,IC,2016-11-29T17:01:00,2016-11-29T17:01:00,39,39
http://irail.be/vehicle/IC938,http://irail.be/stations/NMBS/008874559,IC,2016-11-29T17:02:00,2016-11-29T17:02:00,39,39
http://irail.be/vehicle/IC938,NO-URI,IC,2016-11-29T17:03:00,2016-11-29T17:03:00,27,27
http://irail.be/vehicle/IC938,http://irail.be/stations/NMBS/008874005,IC,2016-11-29T17:03:00,2016-11-29T17:03:00,33,33
http://irail.be/vehicle/IC938,http://irail.be/stations/NMBS/008874054,IC,2016-11-29T17:06:00,2016-11-29T17:06:00,-18,-18
http://irail.be/vehicle/IC938,http://irail.be/stations/NMBS/008872009,IC,2016-11-29T17:11:00,2016-11-29T17:08:00,11,-41
http://irail.be/vehicle/IC938,http://irail.be/stations/NMBS/008871100,IC,2016-11-29T17:15:00,2016-11-29T17:15:00,27,27
http://irail.be/vehicle/IC938,http://irail.be/stations/NMBS/008871514,IC,2016-11-29T17:19:00,2016-11-29T17:19:00,37,37
http://irail.be/vehicle/IC938,http://irail.be/stations/NMBS/008871415,IC,2016-11-29T17:20:00,2016-11-29T17:20:00,37,37
http://irail.be/vehicle/IC938,http://irail.be/stations/NMBS/008882248,IC,2016-11-29T17:22:00,2016-11-29T17:22:00,26,26
http://irail.be/vehicle/IC938,http://irail.be/stations/NMBS/008882230,IC,2016-11-29T17:23:00,2016-11-29T17:23:00,70,70
http://irail.be/vehicle/IC938,http://irail.be/stations/NMBS/008882206,IC,2016-11-29T17:28:00,2016-11-29T17:27:00,29,36
http://irail.be/vehicle/IC938,http://irail.be/stations/NMBS/008881463,IC,2016-11-29T17:32:00,2016-11-29T17:32:00,17,17
http://irail.be/vehicle/IC938,http://irail.be/stations/NMBS/008881455,IC,2016-11-29T17:33:00,2016-11-29T17:33:00,1,1
http://irail.be/vehicle/IC938,http://irail.be/stations/NMBS/008881430,IC,2016-11-29T17:35:00,2016-11-29T17:35:00,1,1
http://irail.be/vehicle/IC938,NO-URI,IC,2016-11-29T17:36:00,2016-11-29T17:36:00,1,1
http://irail.be/vehicle/IC938,http://irail.be/stations/NMBS/008881406,IC,2016-11-29T17:37:00,2016-11-29T17:37:00,-16,-16
http://irail.be/vehicle/IC938,http://irail.be/stations/NMBS/008881315,IC,2016-11-29T17:39:00,2016-11-29T17:39:00,17,17
http://irail.be/vehicle/IC938,http://irail.be/stations/NMBS/008881000,IC,2016-11-29T17:45:00,2016-11-29T17:42:00,26,17
http://irail.be/vehicle/IC938,http://irail.be/stations/NMBS/008884566,IC,2016-11-29T17:50:00,2016-11-29T17:50:00,26,26
http://irail.be/vehicle/IC938,http://irail.be/stations/NMBS/008884541,IC,2016-11-29T17:51:00,2016-11-29T17:51:00,-41,-41
http://irail.be/vehicle/IC938,http://irail.be/stations/NMBS/008884004,IC,2016-11-29T17:54:00,2016-11-29T17:53:00,-34,-46
http://irail.be/vehicle/IC938,http://irail.be/stations/NMBS/008884632,IC,2016-11-29T17:59:00,2016-11-29T17:59:00,-34,-34
http://irail.be/vehicle/IC938,http://irail.be/stations/NMBS/008884640,IC,2016-11-29T18:00:00,2016-11-29T18:00:00,20,20
http://irail.be/vehicle/IC938,http://irail.be/stations/NMBS/008884715,IC,2016-11-29T18:01:00,2016-11-29T18:01:00,20,20
http://irail.be/vehicle/IC938,http://irail.be/stations/NMBS/008884855,IC,2016-11-29T18:04:00,2016-11-29T18:04:00,22,22
http://irail.be/vehicle/IC938,http://irail.be/stations/NMBS/008884889,IC,2016-11-29T18:06:00,2016-11-29T18:06:00,284,284
http://irail.be/vehicle/IC938,http://irail.be/stations/NMBS/008885530,IC,2016-11-29T18:08:00,2016-11-29T18:08:00,284,284
http://irail.be/vehicle/IC938,http://irail.be/stations/NMBS/008885522,IC,2016-11-29T18:09:00,2016-11-29T18:09:00,455,455
http://irail.be/vehicle/IC938,http://irail.be/stations/NMBS/008885001,IC,2016-11-29T18:19:00,2016-11-29T18:15:00,609,410
http://irail.be/vehicle/IC938,http://irail.be/stations/NMBS/008885068,IC,2016-11-29T18:23:00,2016-11-29T18:23:00,770,686
http://irail.be/vehicle/IC938,http://irail.be/stations/NMBS/008885753,IC,2016-11-29T18:33:00,2016-11-29T18:33:00,691,691
http://irail.be/vehicle/IC938,http://irail.be/stations/NMBS/008885704,IC,2016-11-29T18:37:00,2016-11-29T18:37:00,,691
http://irail.be/vehicle/IC938,http://irail.be/stations/NMBS/008863008,IC,2016-08-16T16:38:00,2016-08-16T16:38:00,32,
http://irail.be/vehicle/IC938,http://irail.be/stations/NMBS/008861119,IC,2016-08-16T16:41:00,2016-08-16T16:41:00,71,71
http://irail.be/vehicle/IC938,http://irail.be/stations/NMBS/008861127,IC,2016-08-16T16:43:00,2016-08-16T16:43:00,17,17
http://irail.be/vehicle/IC938,http://irail.be/stations/NMBS/008861135,IC,2016-08-16T16:46:00,2016-08-16T16:46:00,-25,-25
http://irail.be/vehicle/IC938,http://irail.be/stations/NMBS/008861143,IC,2016-08-16T16:49:00,2016-08-16T16:49:00,-108,-108
http://irail.be/vehicle/IC938,http://irail.be/stations/NMBS/008861150,IC,2016-08-16T16:51:00,2016-08-16T16:51:00,-108,-108
http://irail.be/vehicle/IC938,NO-URI,IC,2016-08-16T16:51:00,2016-08-16T16:51:00,-38,-38
http://irail.be/vehicle/IC938,http://irail.be/stations/NMBS/008861168,IC,2016-08-16T16:52:00,2016-08-16T16:52:00,-38,-38
http://irail.be/vehicle/IC938,http://irail.be/stations/NMBS/008874724,IC,2016-08-16T16:52:00,2016-08-16T16:52:00,-2,-2
http://irail.be/vehicle/IC938,NO-URI,IC,2016-08-16T16:54:00,2016-08-16T16:54:00,-74,-74
http://irail.be/vehicle/IC938,http://irail.be/stations/NMBS/008874716,IC,2016-08-16T16:55:00,2016-08-16T16:55:00,-44,-44
http://irail.be/vehicle/IC938,http://irail.be/stations/NMBS/008874609,IC,2016-08-16T16:58:00,2016-08-16T16:57:00,1,-20
http://irail.be/vehicle/IC938,http://irail.be/stations/NMBS/008874583,IC,2016-08-16T16:59:00,2016-08-16T16:59:00,-59,-59
http://irail.be/vehicle/IC938,http://irail.be/stations/NMBS/008874567,IC,2016-08-16T17:01:00,2016-08-16T17:01:00,1,1
http://irail.be/vehicle/IC938,http://irail.be/stations/NMBS/008874559,IC,2016-08-16T17:02:00,2016-08-16T17:02:00,-32,-32
http://irail.be/vehicle/IC938,NO-URI,IC,2016-08-16T17:03:00,2016-08-16T17:03:00,-32,-32
http://irail.be/vehicle/IC938,http://irail.be/stations/NMBS/008874005,IC,2016-08-16T17:03:00,2016-08-16T17:03:00,-23,-23
http://irail.be/vehicle/IC938,http://irail.be/stations/NMBS/008874054,IC,2016-08-16T17:06:00,2016-08-16T17:06:00,-72,-72
http://irail.be/vehicle/IC938,http://irail.be/stations/NMBS/008872009,IC,2016-08-16T17:11:00,2016-08-16T17:08:00,292,-27
http://irail.be/vehicle/IC938,http://irail.be/stations/NMBS/008871100,IC,2016-08-16T17:15:00,2016-08-16T17:15:00,584,584
http://irail.be/vehicle/IC938,http://irail.be/stations/NMBS/008871514,IC,2016-08-16T17:18:00,2016-08-16T17:18:00,521,521
http://irail.be/vehicle/IC938,http://irail.be/stations/NMBS/008871415,IC,2016-08-16T17:20:00,2016-08-16T17:20:00,556,556
http://irail.be/vehicle/IC938,http://irail.be/stations/NMBS/008882248,IC,2016-08-16T17:21:00,2016-08-16T17:21:00,496,496
http://irail.be/vehicle/IC938,http://irail.be/stations/NMBS/008882230,IC,2016-08-16T17:22:00,2016-08-16T17:22:00,496,496
http://irail.be/vehicle/IC938,http://irail.be/stations/NMBS/008882206,IC,2016-08-16T17:28:00,2016-08-16T17:27:00,642,629
http://irail.be/vehicle/IC938,http://irail.be/stations/NMBS/008881463,IC,2016-08-16T17:32:00,2016-08-16T17:32:00,633,633
http://irail.be/vehicle/IC938,http://irail.be/stations/NMBS/008881455,IC,2016-08-16T17:33:00,2016-08-16T17:33:00,633,633
http://irail.be/vehicle/IC938,http://irail.be/stations/NMBS/008881430,IC,2016-08-16T17:34:00,2016-08-16T17:34:00,573,573
http://irail.be/vehicle/IC938,NO-URI,IC,2016-08-16T17:36:00,2016-08-16T17:36:00,612,612
http://irail.be/vehicle/IC938,http://irail.be/stations/NMBS/008881406,IC,2016-08-16T17:37:00,2016-08-16T17:37:00,552,552
http://irail.be/vehicle/IC938,http://irail.be/stations/NMBS/008881315,IC,2016-08-16T17:40:00,2016-08-16T17:40:00,612,612
http://irail.be/vehicle/IC938,http://irail.be/stations/NMBS/008881000,IC,2016-08-16T17:45:00,2016-08-16T17:42:00,490,578
http://irail.be/vehicle/IC938,http://irail.be/stations/NMBS/008884566,IC,2016-08-16T17:50:00,2016-08-16T17:50:00,451,451
http://irail.be/vehicle/IC938,http://irail.be/stations/NMBS/008884541,IC,2016-08-16T17:51:00,2016-08-16T17:51:00,438,438
http://irail.be/vehicle/IC938,http://irail.be/stations/NMBS/008884004,IC,2016-08-16T17:54:00,2016-08-16T17:53:00,430,437
http://irail.be/vehicle/IC938,http://irail.be/stations/NMBS/008884632,IC,2016-08-16T17:58:00,2016-08-16T17:58:00,370,370
http://irail.be/vehicle/IC938,http://irail.be/stations/NMBS/008884640,IC,2016-08-16T17:59:00,2016-08-16T17:59:00,370,370
http://irail.be/vehicle/IC938,http://irail.be/stations/NMBS/008884715,IC,2016-08-16T18:01:00,2016-08-16T18:01:00,390,390
http://irail.be/vehicle/IC938,http://irail.be/stations/NMBS/008884855,IC,2016-08-16T18:03:00,2016-08-16T18:03:00,330,330
http://irail.be/vehicle/IC938,http://irail.be/stations/NMBS/008884889,IC,2016-08-16T18:06:00,2016-08-16T18:06:00,390,390
http://irail.be/vehicle/IC938,http://irail.be/stations/NMBS/008885530,IC,2016-08-16T18:08:00,2016-08-16T18:08:00,330,330
http://irail.be/vehicle/IC938,http://irail.be/stations/NMBS/008885522,IC,2016-08-16T18:09:00,2016-08-16T18:09:00,386,386
http://irail.be/vehicle/IC938,http://irail.be/stations/NMBS/008885001,IC,2016-08-16T18:19:00,2016-08-16T18:15:00,309,338
http://irail.be/vehicle/IC938,http://irail.be/stations/NMBS/008885068,IC,2016-08-16T18:23:00,2016-08-16T18:23:00,347,301
http://irail.be/vehicle/IC938,http://irail.be/stations/NMBS/008885753,IC,2016-08-16T18:33:00,2016-08-16T18:33:00,167,167
http://irail.be/vehicle/IC938,http://irail.be/stations/NMBS/008885704,IC,2016-08-16T18:37:00,2016-08-16T18:37:00,,288
http://irail.be/vehicle/IC938,http://irail.be/stations/NMBS/008863008,IC,2016-03-09T16:38:00,2016-03-09T16:38:00,32,0
http://irail.be/vehicle/IC938,http://irail.be/stations/NMBS/008861119,IC,2016-03-09T16:41:00,2016-03-09T16:41:00,61,61
http://irail.be/vehicle/IC938,http://irail.be/stations/NMBS/008861127,IC,2016-03-09T16:43:00,2016-03-09T16:43:00,6,-9
http://irail.be/vehicle/IC938,http://irail.be/stations/NMBS/008861135,IC,2016-03-09T16:46:00,2016-03-09T16:46:00,-33,6
http://irail.be/vehicle/IC938,http://irail.be/stations/NMBS/008861143,IC,2016-03-09T16:49:00,2016-03-09T16:49:00,-121,-121
http://irail.be/vehicle/IC938,http://irail.be/stations/NMBS/008861150,IC,2016-03-09T16:51:00,2016-03-09T16:51:00,-121,-121
http://irail.be/vehicle/IC938,NO-URI,IC,2016-03-09T16:51:00,2016-03-09T16:51:00,-92,-96
http://irail.be/vehicle/IC938,http://irail.be/stations/NMBS/008861168,IC,2016-03-09T16:52:00,2016-03-09T16:52:00,-92,-92
http://irail.be/vehicle/IC938,http://irail.be/stations/NMBS/008874724,IC,2016-03-09T16:52:00,2016-03-09T16:52:00,-80,-92
http://irail.be/vehicle/IC938,NO-URI,IC,2016-03-09T16:54:00,2016-03-09T16:54:00,-168,-177
http://irail.be/vehicle/IC938,http://irail.be/stations/NMBS/008874716,IC,2016-03-09T16:55:00,2016-03-09T16:55:00,-96,-96
http://irail.be/vehicle/IC938,http://irail.be/stations/NMBS/008874609,IC,2016-03-09T16:58:00,2016-03-09T16:57:00,99,74
http://irail.be/vehicle/IC938,http://irail.be/stations/NMBS/008874583,IC,2016-03-09T17:00:00,2016-03-09T17:00:00,99,99
http://irail.be/vehicle/IC938,http://irail.be/stations/NMBS/008874567,IC,2016-03-09T17:01:00,2016-03-09T17:01:00,99,99
http://irail.be/vehicle/IC938,http://irail.be/stations/NMBS/008874559,IC,2016-03-09T17:02:00,2016-03-09T17:02:00,74,74
http://irail.be/vehicle/IC938,http://irail.be/stations/NMBS/008874005,IC,2016-03-09T17:03:00,2016-03-09T17:03:00,87,82
http://irail.be/vehicle/IC938,http://irail.be/stations/NMBS/008874054,IC,2016-03-09T17:06:00,2016-03-09T17:06:00,40,35
http://irail.be/vehicle/IC938,http://irail.be/stations/NMBS/008872009,IC,2016-03-09T17:11:00,2016-03-09T17:08:00,-4,58
http://irail.be/vehicle/IC938,http://irail.be/stations/NMBS/008871100,IC,2016-03-09T17:15:00,2016-03-09T17:15:00,-24,-55
http://irail.be/vehicle/IC938,http://irail.be/stations/NMBS/008871514,IC,2016-03-09T17:19:00,2016-03-09T17:19:00,-26,-26
http://irail.be/vehicle/IC938,http://irail.be/stations/NMBS/008871415,IC,2016-03-09T17:20:00,2016-03-09T17:20:00,-46,-45
http://irail.be/vehicle/IC938,http://irail.be/stations/NMBS/008882248,IC,2016-03-09T17:22:00,2016-03-09T17:22:00,-46,-46
http://irail.be/vehicle/IC938,http://irail.be/stations/NMBS/008882230,IC,2016-03-09T17:23:00,2016-03-09T17:23:00,-46,-46
http://irail.be/vehicle/IC938,http://irail.be/stations/NMBS/008882206,IC,2016-03-09T17:28:00,2016-03-09T17:27:00,9,-78
http://irail.be/vehicle/IC938,http://irail.be/stations/NMBS/008881463,IC,2016-03-09T17:32:00,2016-03-09T17:32:00,8,8
http://irail.be/vehicle/IC938,http://irail.be/stations/NMBS/008881455,IC,2016-03-09T17:33:00,2016-03-09T17:33:00,8,8
http://irail.be/vehicle/IC938,http://irail.be/stations/NMBS/008881430,IC,2016-03-09T17:35:00,2016-03-09T17:35:00,8,8
http://irail.be/vehicle/IC938,NO-URI,IC,2016-03-09T17:36:00,2016-03-09T17:36:00,-7,-8
http://irail.be/vehicle/IC938,http://irail.be/stations/NMBS/008881406,IC,2016-03-09T17:37:00,2016-03-09T17:37:00,-7,-7
http://irail.be/vehicle/IC938,http://irail.be/stations/NMBS/008881315,IC,2016-03-09T17:39:00,2016-03-09T17:39:00,-7,-7
http://irail.be/vehicle/IC938,http://irail.be/stations/NMBS/008881000,IC,2016-03-09T17:45:00,2016-03-09T17:42:00,46,-24
http://irail.be/vehicle/IC938,http://irail.be/stations/NMBS/008884566,IC,2016-03-09T17:50:00,2016-03-09T17:50:00,-2,-14
http://irail.be/vehicle/IC938,http://irail.be/stations/NMBS/008884541,IC,2016-03-09T17:51:00,2016-03-09T17:51:00,-11,-11
http://irail.be/vehicle/IC938,http://irail.be/stations/NMBS/008884004,IC,2016-03-09T17:54:00,2016-03-09T17:53:00,50,8
http://irail.be/vehicle/IC938,http://irail.be/stations/NMBS/008884632,IC,2016-03-09T17:59:00,2016-03-09T17:59:00,50,50
http://irail.be/vehicle/IC938,http://irail.be/stations/NMBS/008884640,IC,2016-03-09T18:00:00,2016-03-09T18:00:00,50,50
http://irail.be/vehicle/IC938,http://irail.be/stations/NMBS/008884715,IC,2016-03-09T18:01:00,2016-03-09T18:01:00,34,29
http://irail.be/vehicle/IC938,http://irail.be/stations/NMBS/008884855,IC,2016-03-09T18:04:00,2016-03-09T18:04:00,34,34
http://irail.be/vehicle/IC938,http://irail.be/stations/NMBS/008884889,IC,2016-03-09T18:06:00,2016-03-09T18:06:00,34,34
http://irail.be/vehicle/IC938,http://irail.be/stations/NMBS/008885530,IC,2016-03-09T18:08:00,2016-03-09T18:08:00,-26,-26
http://irail.be/vehicle/IC938,http://irail.be/stations/NMBS/008885522,IC,2016-03-09T18:09:00,2016-03-09T18:09:00,111,16
http://irail.be/vehicle/IC938,http://irail.be/stations/NMBS/008885001,IC,2016-03-09T18:19:00,2016-03-09T18:15:00,136,150
http://irail.be/vehicle/IC938,http://irail.be/stations/NMBS/008885068,IC,2016-03-09T18:23:00,2016-03-09T18:23:00,148,102
http://irail.be/vehicle/IC938,http://irail.be/stations/NMBS/008885753,IC,2016-03-09T18:33:00,2016-03-09T18:33:00,0,-32
http://irail.be/vehicle/IC938,http://irail.be/stations/NMBS/008885704,IC,2016-03-09T18:37:00,2016-03-09T18:37:00,0,167
http://irail.be/vehicle/IC938,http://irail.be/stations/NMBS/008863008,IC,2016-06-08T16:38:00,2016-06-08T16:38:00,7,0
http://irail.be/vehicle/IC938,http://irail.be/stations/NMBS/008861119,IC,2016-06-08T16:41:00,2016-06-08T16:41:00,30,30
http://irail.be/vehicle/IC938,NO-URI,IC,2016-06-08T16:41:00,2016-06-08T16:41:00,30,30
http://irail.be/vehicle/IC938,http://irail.be/stations/NMBS/008861127,IC,2016-06-08T16:43:00,2016-06-08T16:43:00,59,14
http://irail.be/vehicle/IC938,http://irail.be/stations/NMBS/008861135,IC,2016-06-08T16:46:00,2016-06-08T16:46:00,24,59
http://irail.be/vehicle/IC938,http://irail.be/stations/NMBS/008861143,IC,2016-06-08T16:49:00,2016-06-08T16:49:00,-64,-64
http://irail.be/vehicle/IC938,http://irail.be/stations/NMBS/008861150,IC,2016-06-08T16:51:00,2016-06-08T16:51:00,-64,-64
http://irail.be/vehicle/IC938,NO-URI,IC,2016-06-08T16:51:00,2016-06-08T16:51:00,192,148
http://irail.be/vehicle/IC938,http://irail.be/stations/NMBS/008861168,IC,2016-06-08T16:52:00,2016-06-08T16:52:00,192,192
http://irail.be/vehicle/IC938,http://irail.be/stations/NMBS/008874724,IC,2016-06-08T16:52:00,2016-06-08T16:52:00,205,192
http://irail.be/vehicle/IC938,NO-URI,IC,2016-06-08T16:54:00,2016-06-08T16:54:00,109,108
http://irail.be/vehicle/IC938,http://irail.be/stations/NMBS/008874716,IC,2016-06-08T16:55:00,2016-06-08T16:55:00,118,118
http://irail.be/vehicle/IC938,http://irail.be/stations/NMBS/008874609,IC,2016-06-08T16:58:00,2016-06-08T16:57:00,138,138
http://irail.be/vehicle/IC938,http://irail.be/stations/NMBS/008874583,IC,2016-06-08T16:59:00,2016-06-08T16:59:00,78,78
http://irail.be/vehicle/IC938,http://irail.be/stations/NMBS/008874567,IC,2016-06-08T17:01:00,2016-06-08T17:01:00,138,138
http://irail.be/vehicle/IC938,http://irail.be/stations/NMBS/008874559,IC,2016-06-08T17:02:00,2016-06-08T17:02:00,107,107
http://irail.be/vehicle/IC938,http://irail.be/stations/NMBS/008874005,IC,2016-06-08T17:03:00,2016-06-08T17:03:00,118,115
http://irail.be/vehicle/IC938,http://irail.be/stations/NMBS/008874054,IC,2016-06-08T17:06:00,2016-06-08T17:06:00,98,68
http://irail.be/vehicle/IC938,http://irail.be/stations/NMBS/008872009,IC,2016-06-08T17:11:00,2016-06-08T17:08:00,57,134
http://irail.be/vehicle/IC938,http://irail.be/stations/NMBS/008871100,IC,2016-06-08T17:15:00,2016-06-08T17:15:00,25,-4
http://irail.be/vehicle/IC938,http://irail.be/stations/NMBS/008871514,IC,2016-06-08T17:18:00,2016-06-08T17:18:00,-39,-39
http://irail.be/vehicle/IC938,http://irail.be/stations/NMBS/008871415,IC,2016-06-08T17:20:00,2016-06-08T17:20:00,2,3
http://irail.be/vehicle/IC938,http://irail.be/stations/NMBS/008882248,IC,2016-06-08T17:21:00,2016-06-08T17:21:00,-58,-58
http://irail.be/vehicle/IC938,http://irail.be/stations/NMBS/008882230,IC,2016-06-08T17:22:00,2016-06-08T17:22:00,-58,-58
http://irail.be/vehicle/IC938,http://irail.be/stations/NMBS/008882206,IC,2016-06-08T17:28:00,2016-06-08T17:27:00,-14,-64
http://irail.be/vehicle/IC938,http://irail.be/stations/NMBS/008881463,IC,2016-06-08T17:32:00,2016-06-08T17:32:00,-22,-22
http://irail.be/vehicle/IC938,http://irail.be/stations/NMBS/008881455,IC,2016-06-08T17:33:00,2016-06-08T17:33:00,-22,-22
http://irail.be/vehicle/IC938,http://irail.be/stations/NMBS/008881430,IC,2016-06-08T17:34:00,2016-06-08T17:34:00,-82,-82
http://irail.be/vehicle/IC938,NO-URI,IC,2016-06-08T17:36:00,2016-06-08T17:36:00,-34,-37
http://irail.be/vehicle/IC938,http://irail.be/stations/NMBS/008881406,IC,2016-06-08T17:37:00,2016-06-08T17:37:00,-34,-34
http://irail.be/vehicle/IC938,http://irail.be/stations/NMBS/008881315,IC,2016-06-08T17:40:00,2016-06-08T17:40:00,26,26
http://irail.be/vehicle/IC938,http://irail.be/stations/NMBS/008881000,IC,2016-06-08T17:45:00,2016-06-08T17:42:00,10,-7
http://irail.be/vehicle/IC938,http://irail.be/stations/NMBS/008884566,IC,2016-06-08T17:50:00,2016-06-08T17:50:00,-57,-50
http://irail.be/vehicle/IC938,http://irail.be/stations/NMBS/008884541,IC,2016-06-08T17:51:00,2016-06-08T17:51:00,-62,-62
http://irail.be/vehicle/IC938,http://irail.be/stations/NMBS/008884004,IC,2016-06-08T17:54:00,2016-06-08T17:53:00,78,67
http://irail.be/vehicle/IC938,http://irail.be/stations/NMBS/008884632,IC,2016-06-08T17:58:00,2016-06-08T17:58:00,18,18
http://irail.be/vehicle/IC938,http://irail.be/stations/NMBS/008884640,IC,2016-06-08T17:59:00,2016-06-08T17:59:00,18,18
http://irail.be/vehicle/IC938,http://irail.be/stations/NMBS/008884715,IC,2016-06-08T18:01:00,2016-06-08T18:01:00,45,41
http://irail.be/vehicle/IC938,http://irail.be/stations/NMBS/008884855,IC,2016-06-08T18:03:00,2016-06-08T18:03:00,-15,-15
http://irail.be/vehicle/IC938,http://irail.be/stations/NMBS/008884889,IC,2016-06-08T18:06:00,2016-06-08T18:06:00,45,45
http://irail.be/vehicle/IC938,http://irail.be/stations/NMBS/008885530,IC,2016-06-08T18:08:00,2016-06-08T18:08:00,-15,-15
http://irail.be/vehicle/IC938,http://irail.be/stations/NMBS/008885522,IC,2016-06-08T18:09:00,2016-06-08T18:09:00,-15,-15
http://irail.be/vehicle/IC938,http://irail.be/stations/NMBS/008885001,IC,2016-06-08T18:19:00,2016-06-08T18:15:00,272,59
http://irail.be/vehicle/IC938,http://irail.be/stations/NMBS/008885068,IC,2016-06-08T18:23:00,2016-06-08T18:23:00,271,246
http://irail.be/vehicle/IC938,http://irail.be/stations/NMBS/008885753,IC,2016-06-08T18:33:00,2016-06-08T18:33:00,91,91
http://irail.be/vehicle/IC938,http://irail.be/stations/NMBS/008885704,IC,2016-06-08T18:37:00,2016-06-08T18:37:00,0,241
http://irail.be/vehicle/IC938,http://irail.be/stations/NMBS/008863008,IC,2016-07-05T16:38:00,2016-07-05T16:38:00,36,
http://irail.be/vehicle/IC938,http://irail.be/stations/NMBS/008861119,IC,2016-07-05T16:41:00,2016-07-05T16:41:00,75,75
http://irail.be/vehicle/IC938,http://irail.be/stations/NMBS/008861127,IC,2016-07-05T16:43:00,2016-07-05T16:43:00,40,40
http://irail.be/vehicle/IC938,http://irail.be/stations/NMBS/008861135,IC,2016-07-05T16:46:00,2016-07-05T16:46:00,22,22
http://irail.be/vehicle/IC938,http://irail.be/stations/NMBS/008861143,IC,2016-07-05T16:49:00,2016-07-05T16:49:00,-58,-58
http://irail.be/vehicle/IC938,http://irail.be/stations/NMBS/008861150,IC,2016-07-05T16:51:00,2016-07-05T16:51:00,-58,-58
http://irail.be/vehicle/IC938,NO-URI,IC,2016-07-05T16:51:00,2016-07-05T16:51:00,-8,-8
http://irail.be/vehicle/IC938,http://irail.be/stations/NMBS/008861168,IC,2016-07-05T16:52:00,2016-07-05T16:52:00,-8,-8
http://irail.be/vehicle/IC938,http://irail.be/stations/NMBS/008874724,IC,2016-07-05T16:52:00,2016-07-05T16:52:00,2,2
http://irail.be/vehicle/IC938,NO-URI,IC,2016-07-05T16:54:00,2016-07-05T16:54:00,-88,-88
http://irail.be/vehicle/IC938,http://irail.be/stations/NMBS/008874716,IC,2016-07-05T16:55:00,2016-07-05T16:55:00,-71,-71
http://irail.be/vehicle/IC938,http://irail.be/stations/NMBS/008874609,IC,2016-07-05T16:58:00,2016-07-05T16:57:00,16,-57
http://irail.be/vehicle/IC938,http://irail.be/stations/NMBS/008874583,IC,2016-07-05T17:00:00,2016-07-05T17:00:00,16,16
http://irail.be/vehicle/IC938,http://irail.be/stations/NMBS/008874567,IC,2016-07-05T17:01:00,2016-07-05T17:01:00,16,16
http://irail.be/vehicle/IC938,http://irail.be/stations/NMBS/008874559,IC,2016-07-05T17:02:00,2016-07-05T17:02:00,-1,-1
http://irail.be/vehicle/IC938,NO-URI,IC,2016-07-05T17:03:00,2016-07-05T17:03:00,-1,-1
http://irail.be/vehicle/IC938,http://irail.be/stations/NMBS/008874005,IC,2016-07-05T17:03:00,2016-07-05T17:03:00,15,15
http://irail.be/vehicle/IC938,http://irail.be/stations/NMBS/008874054,IC,2016-07-05T17:06:00,2016-07-05T17:06:00,18,18
http://irail.be/vehicle/IC938,http://irail.be/stations/NMBS/008872009,IC,2016-07-05T17:11:00,2016-07-05T17:08:00,57,113
http://irail.be/vehicle/IC938,http://irail.be/stations/NMBS/008871100,IC,2016-07-05T17:15:00,2016-07-05T17:15:00,48,48
http://irail.be/vehicle/IC938,http://irail.be/stations/NMBS/008871514,IC,2016-07-05T17:19:00,2016-07-05T17:19:00,52,52
http://irail.be/vehicle/IC938,http://irail.be/stations/NMBS/008871415,IC,2016-07-05T17:20:00,2016-07-05T17:20:00,38,38
http://irail.be/vehicle/IC938,http://irail.be/stations/NMBS/008882248,IC,2016-07-05T17:22:00,2016-07-05T17:22:00,38,38
http://irail.be/vehicle/IC938,http://irail.be/stations/NMBS/008882230,IC,2016-07-05T17:23:00,2016-07-05T17:23:00,38,38
http://irail.be/vehicle/IC938,http://irail.be/stations/NMBS/008882206,IC,2016-07-05T17:28:00,2016-07-05T17:27:00,98,74
http://irail.be/vehicle/IC938,http://irail.be/stations/NMBS/008881463,IC,2016-07-05T17:32:00,2016-07-05T17:32:00,121,121
http://irail.be/vehicle/IC938,http://irail.be/stations/NMBS/008881455,IC,2016-07-05T17:33:00,2016-07-05T17:33:00,121,121
http://irail.be/vehicle/IC938,http://irail.be/stations/NMBS/008881430,IC,2016-07-05T17:35:00,2016-07-05T17:35:00,121,121
http://irail.be/vehicle/IC938,NO-URI,IC,2016-07-05T17:36:00,2016-07-05T17:36:00,112,112
http://irail.be/vehicle/IC938,http://irail.be/stations/NMBS/008881406,IC,2016-07-05T17:37:00,2016-07-05T17:37:00,52,52
http://irail.be/vehicle/IC938,http://irail.be/stations/NMBS/008881315,IC,2016-07-05T17:39:00,2016-07-05T17:39:00,52,52
http://irail.be/vehicle/IC938,http://irail.be/stations/NMBS/008881000,IC,2016-07-05T17:45:00,2016-07-05T17:42:00,152,130
http://irail.be/vehicle/IC938,http://irail.be/stations/NMBS/008884566,IC,2016-07-05T17:50:00,2016-07-05T17:50:00,95,95
http://irail.be/vehicle/IC938,http://irail.be/stations/NMBS/008884541,IC,2016-07-05T17:51:00,2016-07-05T17:51:00,89,89
http://irail.be/vehicle/IC938,http://irail.be/stations/NMBS/008884004,IC,2016-07-05T17:54:00,2016-07-05T17:53:00,111,96
http://irail.be/vehicle/IC938,http://irail.be/stations/NMBS/008884632,IC,2016-07-05T17:59:00,2016-07-05T17:59:00,111,111
http://irail.be/vehicle/IC938,http://irail.be/stations/NMBS/008884640,IC,2016-07-05T18:00:00,2016-07-05T18:00:00,111,111
http://irail.be/vehicle/IC938,http://irail.be/stations/NMBS/008884715,IC,2016-07-05T18:01:00,2016-07-05T18:01:00,86,86
http://irail.be/vehicle/IC938,http://irail.be/stations/NMBS/008884855,IC,2016-07-05T18:04:00,2016-07-05T18:04:00,86,86
http://irail.be/vehicle/IC938,http://irail.be/stations/NMBS/008884889,IC,2016-07-05T18:06:00,2016-07-05T18:06:00,86,86
http://irail.be/vehicle/IC938,http://irail.be/stations/NMBS/008885530,IC,2016-07-05T18:08:00,2016-07-05T18:08:00,26,26
http://irail.be/vehicle/IC938,http://irail.be/stations/NMBS/008885522,IC,2016-07-05T18:09:00,2016-07-05T18:09:00,74,74
http://irail.be/vehicle/IC938,http://irail.be/stations/NMBS/008885001,IC,2016-07-05T18:19:00,2016-07-05T18:15:00,37,57
http://irail.be/vehicle/IC938,http://irail.be/stations/NMBS/008885068,IC,2016-07-05T18:23:00,2016-07-05T18:23:00,57,21
http://irail.be/vehicle/IC938,http://irail.be/stations/NMBS/008885753,IC,2016-07-05T18:33:00,2016-07-05T18:33:00,0,-123
http://irail.be/vehicle/IC938,http://irail.be/stations/NMBS/008885704,IC,2016-07-05T18:37:00,2016-07-05T18:37:00,,51
http://irail.be/vehicle/IC938,http://irail.be/stations/NMBS/008863008,IC,2016-04-29T16:38:00,2016-04-29T16:38:00,23,0
http://irail.be/vehicle/IC938,http://irail.be/stations/NMBS/008861119,IC,2016-04-29T16:41:00,2016-04-29T16:41:00,54,54
http://irail.be/vehicle/IC938,http://irail.be/stations/NMBS/008861127,IC,2016-04-29T16:43:00,2016-04-29T16:43:00,7,-11
http://irail.be/vehicle/IC938,http://irail.be/stations/NMBS/008861135,IC,2016-04-29T16:46:00,2016-04-29T16:46:00,-28,7
http://irail.be/vehicle/IC938,http://irail.be/stations/NMBS/008861143,IC,2016-04-29T16:49:00,2016-04-29T16:49:00,-114,-114
http://irail.be/vehicle/IC938,http://irail.be/stations/NMBS/008861150,IC,2016-04-29T16:51:00,2016-04-29T16:51:00,-114,-114
http://irail.be/vehicle/IC938,NO-URI,IC,2016-04-29T16:51:00,2016-04-29T16:51:00,-22,-64
http://irail.be/vehicle/IC938,http://irail.be/stations/NMBS/008861168,IC,2016-04-29T16:52:00,2016-04-29T16:52:00,-22,-22
http://irail.be/vehicle/IC938,http://irail.be/stations/NMBS/008874724,IC,2016-04-29T16:52:00,2016-04-29T16:52:00,96,-22
http://irail.be/vehicle/IC938,NO-URI,IC,2016-04-29T16:54:00,2016-04-29T16:54:00,20,-1
http://irail.be/vehicle/IC938,http://irail.be/stations/NMBS/008874716,IC,2016-04-29T16:55:00,2016-04-29T16:55:00,88,88
http://irail.be/vehicle/IC938,http://irail.be/stations/NMBS/008874609,IC,2016-04-29T16:58:00,2016-04-29T16:57:00,122,114
http://irail.be/vehicle/IC938,http://irail.be/stations/NMBS/008874583,IC,2016-04-29T17:00:00,2016-04-29T17:00:00,122,122
http://irail.be/vehicle/IC938,http://irail.be/stations/NMBS/008874567,IC,2016-04-29T17:01:00,2016-04-29T17:01:00,122,122
http://irail.be/vehicle/IC938,http://irail.be/stations/NMBS/008874559,IC,2016-04-29T17:02:00,2016-04-29T17:02:00,102,102
http://irail.be/vehicle/IC938,http://irail.be/stations/NMBS/008874005,IC,2016-04-29T17:03:00,2016-04-29T17:03:00,113,109
http://irail.be/vehicle/IC938,http://irail.be/stations/NMBS/008874054,IC,2016-04-29T17:06:00,2016-04-29T17:06:00,63,59
http://irail.be/vehicle/IC938,http://irail.be/stations/NMBS/008872009,IC,2016-04-29T17:11:00,2016-04-29T17:08:00,38,94
http://irail.be/vehicle/IC938,http://irail.be/stations/NMBS/008871100,IC,2016-04-29T17:15:00,2016-04-29T17:15:00,28,-5
http://irail.be/vehicle/IC938,http://irail.be/stations/NMBS/008871514,IC,2016-04-29T17:19:00,2016-04-29T17:19:00,26,26
http://irail.be/vehicle/IC938,http://irail.be/stations/NMBS/008871415,IC,2016-04-29T17:20:00,2016-04-29T17:20:00,10,11
http://irail.be/vehicle/IC938,http://irail.be/stations/NMBS/008882248,IC,2016-04-29T17:22:00,2016-04-29T17:22:00,10,10
http://irail.be/vehicle/IC938,http://irail.be/stations/NMBS/008882230,IC,2016-04-29T17:23:00,2016-04-29T17:23:00,10,10
http://irail.be/vehicle/IC938,http://irail.be/stations/NMBS/008882206,IC,2016-04-29T17:28:00,2016-04-29T17:27:00,147,91
http://irail.be/vehicle/IC938,http://irail.be/stations/NMBS/008881463,IC,2016-04-29T17:32:00,2016-04-29T17:32:00,147,147
http://irail.be/vehicle/IC938,http://irail.be/stations/NMBS/008881455,IC,2016-04-29T17:33:00,2016-04-29T17:33:00,147,147
http://irail.be/vehicle/IC938,http://irail.be/stations/NMBS/008881430,IC,2016-04-29T17:35:00,2016-04-29T17:35:00,147,147
http://irail.be/vehicle/IC938,NO-URI,IC,2016-04-29T17:36:00,2016-04-29T17:36:00,214,213
http://irail.be/vehicle/IC938,http://irail.be/stations/NMBS/008881406,IC,2016-04-29T17:37:00,2016-04-29T17:37:00,154,154
http://irail.be/vehicle/IC938,http://irail.be/stations/NMBS/008881315,IC,2016-04-29T17:39:00,2016-04-29T17:39:00,154,154
http://irail.be/vehicle/IC938,http://irail.be/stations/NMBS/008881000,IC,2016-04-29T17:45:00,2016-04-29T17:42:00,132,186
http://irail.be/vehicle/IC938,http://irail.be/stations/NMBS/008884566,IC,2016-04-29T17:50:00,2016-04-29T17:50:00,65,72
http://irail.be/vehicle/IC938,http://irail.be/stations/NMBS/008884541,IC,2016-04-29T17:51:00,2016-04-29T17:51:00,58,58
http://irail.be/vehicle/IC938,http://irail.be/stations/NMBS/008884004,IC,2016-04-29T17:54:00,2016-04-29T17:53:00,112,63
http://irail.be/vehicle/IC938,http://irail.be/stations/NMBS/008884632,IC,2016-04-29T17:59:00,2016-04-29T17:59:00,112,112
http://irail.be/vehicle/IC938,http://irail.be/stations/NMBS/008884640,IC,2016-04-29T18:00:00,2016-04-29T18:00:00,112,112
http://irail.be/vehicle/IC938,http://irail.be/stations/NMBS/008884715,IC,2016-04-29T18:01:00,2016-04-29T18:01:00,90,82
http://irail.be/vehicle/IC938,http://irail.be/stations/NMBS/008884855,IC,2016-04-29T18:04:00,2016-04-29T18:04:00,90,90
http://irail.be/vehicle/IC938,http://irail.be/stations/NMBS/008884889,IC,2016-04-29T18:06:00,2016-04-29T18:06:00,90,90
http://irail.be/vehicle/IC938,http://irail.be/stations/NMBS/008885530,IC,2016-04-29T18:08:00,2016-04-29T18:08:00,30,30
http://irail.be/vehicle/IC938,http://irail.be/stations/NMBS/008885522,IC,2016-04-29T18:09:00,2016-04-29T18:09:00,80,68
http://irail.be/vehicle/IC938,http://irail.be/stations/NMBS/008885001,IC,2016-04-29T18:19:00,2016-04-29T18:15:00,116,116
http://irail.be/vehicle/IC938,http://irail.be/stations/NMBS/008885068,IC,2016-04-29T18:23:00,2016-04-29T18:23:00,152,113
http://irail.be/vehicle/IC938,http://irail.be/stations/NMBS/008885753,IC,2016-04-29T18:33:00,2016-04-29T18:33:00,0,-28
http://irail.be/vehicle/IC938,http://irail.be/stations/NMBS/008885704,IC,2016-04-29T18:37:00,2016-04-29T18:37:00,0,105
http://irail.be/vehicle/IC938,http://irail.be/stations/NMBS/008863008,IC,2016-05-12T16:38:00,2016-05-12T16:38:00,14,0
http://irail.be/vehicle/IC938,http://irail.be/stations/NMBS/008861119,IC,2016-05-12T16:41:00,2016-05-12T16:41:00,30,30
http://irail.be/vehicle/IC938,http://irail.be/stations/NMBS/008861127,IC,2016-05-12T16:43:00,2016-05-12T16:43:00,-16,-34
http://irail.be/vehicle/IC938,http://irail.be/stations/NMBS/008861135,IC,2016-05-12T16:46:00,2016-05-12T16:46:00,-57,-16
http://irail.be/vehicle/IC938,http://irail.be/stations/NMBS/008861143,IC,2016-05-12T16:49:00,2016-05-12T16:49:00,-148,-148
http://irail.be/vehicle/IC938,http://irail.be/stations/NMBS/008861150,IC,2016-05-12T16:51:00,2016-05-12T16:51:00,-148,-148
http://irail.be/vehicle/IC938,NO-URI,IC,2016-05-12T16:51:00,2016-05-12T16:51:00,-95,-106
http://irail.be/vehicle/IC938,http://irail.be/stations/NMBS/008861168,IC,2016-05-12T16:52:00,2016-05-12T16:52:00,-95,-95
http://irail.be/vehicle/IC938,http://irail.be/stations/NMBS/008874724,IC,2016-05-12T16:52:00,2016-05-12T16:52:00,-87,-95
http://irail.be/vehicle/IC938,NO-URI,IC,2016-05-12T16:54:00,2016-05-12T16:54:00,-180,-184
http://irail.be/vehicle/IC938,http://irail.be/stations/NMBS/008874716,IC,2016-05-12T16:55:00,2016-05-12T16:55:00,-113,-113
http://irail.be/vehicle/IC938,http://irail.be/stations/NMBS/008874609,IC,2016-05-12T16:58:00,2016-05-12T16:57:00,101,55
http://irail.be/vehicle/IC938,http://irail.be/stations/NMBS/008874583,IC,2016-05-12T17:00:00,2016-05-12T17:00:00,101,101
http://irail.be/vehicle/IC938,http://irail.be/stations/NMBS/008874567,IC,2016-05-12T17:01:00,2016-05-12T17:01:00,101,101
http://irail.be/vehicle/IC938,http://irail.be/stations/NMBS/008874559,IC,2016-05-12T17:02:00,2016-05-12T17:02:00,84,84
http://irail.be/vehicle/IC938,http://irail.be/stations/NMBS/008874005,IC,2016-05-12T17:03:00,2016-05-12T17:03:00,100,95
http://irail.be/vehicle/IC938,http://irail.be/stations/NMBS/008874054,IC,2016-05-12T17:06:00,2016-05-12T17:06:00,81,51
http://irail.be/vehicle/IC938,http://irail.be/stations/NMBS/008872009,IC,2016-05-12T17:11:00,2016-05-12T17:08:00,88,120
http://irail.be/vehicle/IC938,http://irail.be/stations/NMBS/008871100,IC,2016-05-12T17:15:00,2016-05-12T17:15:00,61,30
http://irail.be/vehicle/IC938,http://irail.be/stations/NMBS/008871514,IC,2016-05-12T17:19:00,2016-05-12T17:19:00,56,56
http://irail.be/vehicle/IC938,http://irail.be/stations/NMBS/008871415,IC,2016-05-12T17:20:00,2016-05-12T17:20:00,36,42
http://irail.be/vehicle/IC938,http://irail.be/stations/NMBS/008882248,IC,2016-05-12T17:22:00,2016-05-12T17:22:00,36,36
http://irail.be/vehicle/IC938,http://irail.be/stations/NMBS/008882230,IC,2016-05-12T17:23:00,2016-05-12T17:23:00,36,36
http://irail.be/vehicle/IC938,http://irail.be/stations/NMBS/008882206,IC,2016-05-12T17:28:00,2016-05-12T17:27:00,31,-30
http://irail.be/vehicle/IC938,http://irail.be/stations/NMBS/008881463,IC,2016-05-12T17:32:00,2016-05-12T17:32:00,23,23
http://irail.be/vehicle/IC938,http://irail.be/stations/NMBS/008881455,IC,2016-05-12T17:33:00,2016-05-12T17:33:00,23,23
http://irail.be/vehicle/IC938,http://irail.be/stations/NMBS/008881430,IC,2016-05-12T17:35:00,2016-05-12T17:35:00,23,23
http://irail.be/vehicle/IC938,NO-URI,IC,2016-05-12T17:36:00,2016-05-12T17:36:00,56,27
http://irail.be/vehicle/IC938,http://irail.be/stations/NMBS/008881406,IC,2016-05-12T17:37:00,2016-05-12T17:37:00,-4,-4
http://irail.be/vehicle/IC938,http://irail.be/stations/NMBS/008881315,IC,2016-05-12T17:39:00,2016-05-12T17:39:00,-4,-4
http://irail.be/vehicle/IC938,http://irail.be/stations/NMBS/008881000,IC,2016-05-12T17:45:00,2016-05-12T17:42:00,46,31
http://irail.be/vehicle/IC938,http://irail.be/stations/NMBS/008884566,IC,2016-05-12T17:50:00,2016-05-12T17:50:00,-7,-14
http://irail.be/vehicle/IC938,http://irail.be/stations/NMBS/008884541,IC,2016-05-12T17:51:00,2016-05-12T17:51:00,-19,-19
http://irail.be/vehicle/IC938,http://irail.be/stations/NMBS/008884004,IC,2016-05-12T17:54:00,2016-05-12T17:53:00,73,-8
http://irail.be/vehicle/IC938,http://irail.be/stations/NMBS/008884632,IC,2016-05-12T17:59:00,2016-05-12T17:59:00,73,73
http://irail.be/vehicle/IC938,http://irail.be/stations/NMBS/008884640,IC,2016-05-12T18:00:00,2016-05-12T18:00:00,73,73
http://irail.be/vehicle/IC938,http://irail.be/stations/NMBS/008884715,IC,2016-05-12T18:01:00,2016-05-12T18:01:00,148,132
http://irail.be/vehicle/IC938,http://irail.be/stations/NMBS/008884855,IC,2016-05-12T18:04:00,2016-05-12T18:04:00,148,148
http://irail.be/vehicle/IC938,http://irail.be/stations/NMBS/008884889,IC,2016-05-12T18:06:00,2016-05-12T18:06:00,148,148
http://irail.be/vehicle/IC938,http://irail.be/stations/NMBS/008885530,IC,2016-05-12T18:08:00,2016-05-12T18:08:00,88,88
http://irail.be/vehicle/IC938,http://irail.be/stations/NMBS/008885522,IC,2016-05-12T18:09:00,2016-05-12T18:09:00,227,208
http://irail.be/vehicle/IC938,http://irail.be/stations/NMBS/008885001,IC,2016-05-12T18:19:00,2016-05-12T18:15:00,128,147
http://irail.be/vehicle/IC938,http://irail.be/stations/NMBS/008885068,IC,2016-05-12T18:23:00,2016-05-12T18:23:00,144,90
http://irail.be/vehicle/IC938,http://irail.be/stations/NMBS/008885753,IC,2016-05-12T18:33:00,2016-05-12T18:33:00,0,-36
http://irail.be/vehicle/IC938,http://irail.be/stations/NMBS/008885704,IC,2016-05-12T18:37:00,2016-05-12T18:37:00,0,230
http://irail.be/vehicle/IC938,http://irail.be/stations/NMBS/008863008,IC,2016-08-31T16:38:00,2016-08-31T16:38:00,16,
http://irail.be/vehicle/IC938,http://irail.be/stations/NMBS/008861119,IC,2016-08-31T16:41:00,2016-08-31T16:41:00,58,58
http://irail.be/vehicle/IC938,http://irail.be/stations/NMBS/008861127,IC,2016-08-31T16:43:00,2016-08-31T16:43:00,6,6
http://irail.be/vehicle/IC938,http://irail.be/stations/NMBS/008861135,IC,2016-08-31T16:46:00,2016-08-31T16:46:00,-25,-25
http://irail.be/vehicle/IC938,http://irail.be/stations/NMBS/008861143,IC,2016-08-31T16:49:00,2016-08-31T16:49:00,-117,-117
http://irail.be/vehicle/IC938,http://irail.be/stations/NMBS/008861150,IC,2016-08-31T16:51:00,2016-08-31T16:51:00,-117,-117
http://irail.be/vehicle/IC938,NO-URI,IC,2016-08-31T16:51:00,2016-08-31T16:51:00,-94,-94
http://irail.be/vehicle/IC938,http://irail.be/stations/NMBS/008861168,IC,2016-08-31T16:52:00,2016-08-31T16:52:00,-94,-94
http://irail.be/vehicle/IC938,http://irail.be/stations/NMBS/008874724,IC,2016-08-31T16:52:00,2016-08-31T16:52:00,-85,-85
http://irail.be/vehicle/IC938,NO-URI,IC,2016-08-31T16:54:00,2016-08-31T16:54:00,-173,-173
http://irail.be/vehicle/IC938,http://irail.be/stations/NMBS/008874716,IC,2016-08-31T16:55:00,2016-08-31T16:55:00,-99,-99
http://irail.be/vehicle/IC938,http://irail.be/stations/NMBS/008874609,IC,2016-08-31T16:58:00,2016-08-31T16:57:00,43,39
http://irail.be/vehicle/IC938,http://irail.be/stations/NMBS/008874583,IC,2016-08-31T17:00:00,2016-08-31T17:00:00,43,43
http://irail.be/vehicle/IC938,http://irail.be/stations/NMBS/008874567,IC,2016-08-31T17:01:00,2016-08-31T17:01:00,43,43
http://irail.be/vehicle/IC938,http://irail.be/stations/NMBS/008874559,IC,2016-08-31T17:02:00,2016-08-31T17:02:00,8,8
http://irail.be/vehicle/IC938,NO-URI,IC,2016-08-31T17:03:00,2016-08-31T17:03:00,8,8
http://irail.be/vehicle/IC938,http://irail.be/stations/NMBS/008874005,IC,2016-08-31T17:03:00,2016-08-31T17:03:00,20,20
http://irail.be/vehicle/IC938,http://irail.be/stations/NMBS/008874054,IC,2016-08-31T17:06:00,2016-08-31T17:06:00,-24,-24
http://irail.be/vehicle/IC938,http://irail.be/stations/NMBS/008872009,IC,2016-08-31T17:11:00,2016-08-31T17:08:00,9,39
http://irail.be/vehicle/IC938,http://irail.be/stations/NMBS/008871100,IC,2016-08-31T17:15:00,2016-08-31T17:15:00,131,131
http://irail.be/vehicle/IC938,http://irail.be/stations/NMBS/008871514,IC,2016-08-31T17:19:00,2016-08-31T17:19:00,141,141
http://irail.be/vehicle/IC938,http://irail.be/stations/NMBS/008871415,IC,2016-08-31T17:20:00,2016-08-31T17:20:00,139,139
http://irail.be/vehicle/IC938,http://irail.be/stations/NMBS/008882248,IC,2016-08-31T17:22:00,2016-08-31T17:22:00,139,139
http://irail.be/vehicle/IC938,http://irail.be/stations/NMBS/008882230,IC,2016-08-31T17:23:00,2016-08-31T17:23:00,139,139
http://irail.be/vehicle/IC938,http://irail.be/stations/NMBS/008882206,IC,2016-08-31T17:28:00,2016-08-31T17:27:00,90,84
http://irail.be/vehicle/IC938,http://irail.be/stations/NMBS/008881463,IC,2016-08-31T17:32:00,2016-08-31T17:32:00,61,61
http://irail.be/vehicle/IC938,http://irail.be/stations/NMBS/008881455,IC,2016-08-31T17:33:00,2016-08-31T17:33:00,61,61
http://irail.be/vehicle/IC938,http://irail.be/stations/NMBS/008881430,IC,2016-08-31T17:35:00,2016-08-31T17:35:00,61,61
http://irail.be/vehicle/IC938,NO-URI,IC,2016-08-31T17:36:00,2016-08-31T17:36:00,36,36
http://irail.be/vehicle/IC938,http://irail.be/stations/NMBS/008881406,IC,2016-08-31T17:37:00,2016-08-31T17:37:00,-24,-24
http://irail.be/vehicle/IC938,http://irail.be/stations/NMBS/008881315,IC,2016-08-31T17:39:00,2016-08-31T17:39:00,-24,-24
http://irail.be/vehicle/IC938,http://irail.be/stations/NMBS/008881000,IC,2016-08-31T17:45:00,2016-08-31T17:42:00,18,69
http://irail.be/vehicle/IC938,http://irail.be/stations/NMBS/008884566,IC,2016-08-31T17:50:00,2016-08-31T17:50:00,-55,-55
http://irail.be/vehicle/IC938,http://irail.be/stations/NMBS/008884541,IC,2016-08-31T17:51:00,2016-08-31T17:51:00,-67,-67
http://irail.be/vehicle/IC938,http://irail.be/stations/NMBS/008884004,IC,2016-08-31T17:54:00,2016-08-31T17:53:00,22,-31
http://irail.be/vehicle/IC938,http://irail.be/stations/NMBS/008884632,IC,2016-08-31T17:59:00,2016-08-31T17:59:00,22,22
http://irail.be/vehicle/IC938,http://irail.be/stations/NMBS/008884640,IC,2016-08-31T18:00:00,2016-08-31T18:00:00,22,22
http://irail.be/vehicle/IC938,http://irail.be/stations/NMBS/008884715,IC,2016-08-31T18:01:00,2016-08-31T18:01:00,-4,-4
http://irail.be/vehicle/IC938,http://irail.be/stations/NMBS/008884855,IC,2016-08-31T18:04:00,2016-08-31T18:04:00,-4,-4
http://irail.be/vehicle/IC938,http://irail.be/stations/NMBS/008884889,IC,2016-08-31T18:06:00,2016-08-31T18:06:00,-4,-4
http://irail.be/vehicle/IC938,http://irail.be/stations/NMBS/008885530,IC,2016-08-31T18:08:00,2016-08-31T18:08:00,-4,-4
http://irail.be/vehicle/IC938,http://irail.be/stations/NMBS/008885522,IC,2016-08-31T18:09:00,2016-08-31T18:09:00,-39,-39
http://irail.be/vehicle/IC938,http://irail.be/stations/NMBS/008885001,IC,2016-08-31T18:19:00,2016-08-31T18:15:00,62,-95
http://irail.be/vehicle/IC938,http://irail.be/stations/NMBS/008885068,IC,2016-08-31T18:23:00,2016-08-31T18:23:00,46,13
http://irail.be/vehicle/IC938,http://irail.be/stations/NMBS/008885753,IC,2016-08-31T18:33:00,2016-08-31T18:33:00,0,-134
http://irail.be/vehicle/IC938,http://irail.be/stations/NMBS/008885704,IC,2016-08-31T18:37:00,2016-08-31T18:37:00,,25
http://irail.be/vehicle/IC938,http://irail.be/stations/NMBS/008863008,IC,2016-04-06T16:38:00,2016-04-06T16:38:00,18,0
http://irail.be/vehicle/IC938,http://irail.be/stations/NMBS/008861119,IC,2016-04-06T16:41:00,2016-04-06T16:41:00,51,51
http://irail.be/vehicle/IC938,http://irail.be/stations/NMBS/008861127,IC,2016-04-06T16:43:00,2016-04-06T16:43:00,8,-10
http://irail.be/vehicle/IC938,http://irail.be/stations/NMBS/008861135,IC,2016-04-06T16:46:00,2016-04-06T16:46:00,-19,8
http://irail.be/vehicle/IC938,http://irail.be/stations/NMBS/008861143,IC,2016-04-06T16:49:00,2016-04-06T16:49:00,-106,-106
http://irail.be/vehicle/IC938,http://irail.be/stations/NMBS/008861150,IC,2016-04-06T16:51:00,2016-04-06T16:51:00,-106,-106
http://irail.be/vehicle/IC938,NO-URI,IC,2016-04-06T16:51:00,2016-04-06T16:51:00,-69,-74
http://irail.be/vehicle/IC938,http://irail.be/stations/NMBS/008861168,IC,2016-04-06T16:52:00,2016-04-06T16:52:00,-69,-69
http://irail.be/vehicle/IC938,http://irail.be/stations/NMBS/008874724,IC,2016-04-06T16:52:00,2016-04-06T16:52:00,-57,-69
http://irail.be/vehicle/IC938,NO-URI,IC,2016-04-06T16:54:00,2016-04-06T16:54:00,-148,-154
http://irail.be/vehicle/IC938,http://irail.be/stations/NMBS/008874716,IC,2016-04-06T16:55:00,2016-04-06T16:55:00,-55,-55
http://irail.be/vehicle/IC938,http://irail.be/stations/NMBS/008874609,IC,2016-04-06T16:58:00,2016-04-06T16:57:00,10,-13
http://irail.be/vehicle/IC938,http://irail.be/stations/NMBS/008874583,IC,2016-04-06T17:00:00,2016-04-06T17:00:00,10,10
http://irail.be/vehicle/IC938,http://irail.be/stations/NMBS/008874567,IC,2016-04-06T17:01:00,2016-04-06T17:01:00,10,10
http://irail.be/vehicle/IC938,http://irail.be/stations/NMBS/008874559,IC,2016-04-06T17:02:00,2016-04-06T17:02:00,-3,-3
http://irail.be/vehicle/IC938,http://irail.be/stations/NMBS/008874005,IC,2016-04-06T17:03:00,2016-04-06T17:03:00,14,7
http://irail.be/vehicle/IC938,http://irail.be/stations/NMBS/008874054,IC,2016-04-06T17:06:00,2016-04-06T17:06:00,-21,-29
http://irail.be/vehicle/IC938,http://irail.be/stations/NMBS/008872009,IC,2016-04-06T17:11:00,2016-04-06T17:08:00,19,50
http://irail.be/vehicle/IC938,http://irail.be/stations/NMBS/008871100,IC,2016-04-06T17:15:00,2016-04-06T17:15:00,22,-12
http://irail.be/vehicle/IC938,http://irail.be/stations/NMBS/008871514,IC,2016-04-06T17:19:00,2016-04-06T17:19:00,19,19
http://irail.be/vehicle/IC938,http://irail.be/stations/NMBS/008871415,IC,2016-04-06T17:20:00,2016-04-06T17:20:00,9,6
http://irail.be/vehicle/IC938,http://irail.be/stations/NMBS/008882248,IC,2016-04-06T17:22:00,2016-04-06T17:22:00,9,9
http://irail.be/vehicle/IC938,http://irail.be/stations/NMBS/008882230,IC,2016-04-06T17:23:00,2016-04-06T17:23:00,9,9
http://irail.be/vehicle/IC938,http://irail.be/stations/NMBS/008882206,IC,2016-04-06T17:28:00,2016-04-06T17:27:00,7,-22
http://irail.be/vehicle/IC938,http://irail.be/stations/NMBS/008881463,IC,2016-04-06T17:32:00,2016-04-06T17:32:00,3,3
http://irail.be/vehicle/IC938,http://irail.be/stations/NMBS/008881455,IC,2016-04-06T17:33:00,2016-04-06T17:33:00,3,3
http://irail.be/vehicle/IC938,http://irail.be/stations/NMBS/008881430,IC,2016-04-06T17:35:00,2016-04-06T17:35:00,3,3
http://irail.be/vehicle/IC938,NO-URI,IC,2016-04-06T17:36:00,2016-04-06T17:36:00,-5,-7
http://irail.be/vehicle/IC938,http://irail.be/stations/NMBS/008881406,IC,2016-04-06T17:37:00,2016-04-06T17:37:00,-5,-5
http://irail.be/vehicle/IC938,http://irail.be/stations/NMBS/008881315,IC,2016-04-06T17:39:00,2016-04-06T17:39:00,-5,-5
http://irail.be/vehicle/IC938,http://irail.be/stations/NMBS/008881000,IC,2016-04-06T17:45:00,2016-04-06T17:42:00,47,88
http://irail.be/vehicle/IC938,http://irail.be/stations/NMBS/008884566,IC,2016-04-06T17:50:00,2016-04-06T17:50:00,4,-13
http://irail.be/vehicle/IC938,http://irail.be/stations/NMBS/008884541,IC,2016-04-06T17:51:00,2016-04-06T17:51:00,-5,-5
http://irail.be/vehicle/IC938,http://irail.be/stations/NMBS/008884004,IC,2016-04-06T17:54:00,2016-04-06T17:53:00,93,14
http://irail.be/vehicle/IC938,http://irail.be/stations/NMBS/008884632,IC,2016-04-06T17:59:00,2016-04-06T17:59:00,93,93
http://irail.be/vehicle/IC938,http://irail.be/stations/NMBS/008884640,IC,2016-04-06T18:00:00,2016-04-06T18:00:00,93,93
http://irail.be/vehicle/IC938,http://irail.be/stations/NMBS/008884715,IC,2016-04-06T18:01:00,2016-04-06T18:01:00,91,86
http://irail.be/vehicle/IC938,http://irail.be/stations/NMBS/008884855,IC,2016-04-06T18:04:00,2016-04-06T18:04:00,91,91
http://irail.be/vehicle/IC938,http://irail.be/stations/NMBS/008884889,IC,2016-04-06T18:06:00,2016-04-06T18:06:00,91,91
http://irail.be/vehicle/IC938,http://irail.be/stations/NMBS/008885530,IC,2016-04-06T18:08:00,2016-04-06T18:08:00,31,31
http://irail.be/vehicle/IC938,http://irail.be/stations/NMBS/008885522,IC,2016-04-06T18:09:00,2016-04-06T18:09:00,99,84
http://irail.be/vehicle/IC938,http://irail.be/stations/NMBS/008885001,IC,2016-04-06T18:19:00,2016-04-06T18:15:00,391,191
http://irail.be/vehicle/IC938,http://irail.be/stations/NMBS/008885068,IC,2016-04-06T18:23:00,2016-04-06T18:23:00,539,503
http://irail.be/vehicle/IC938,http://irail.be/stations/NMBS/008885753,IC,2016-04-06T18:33:00,2016-04-06T18:33:00,359,359
http://irail.be/vehicle/IC938,http://irail.be/stations/NMBS/008885704,IC,2016-04-06T18:37:00,2016-04-06T18:37:00,0,505
http://irail.be/vehicle/IC938,http://irail.be/stations/NMBS/008863008,IC,2016-06-06T16:38:00,2016-06-06T16:38:00,26,0
http://irail.be/vehicle/IC938,http://irail.be/stations/NMBS/008861119,IC,2016-06-06T16:41:00,2016-06-06T16:41:00,50,50
http://irail.be/vehicle/IC938,NO-URI,IC,2016-06-06T16:41:00,2016-06-06T16:41:00,50,50
http://irail.be/vehicle/IC938,http://irail.be/stations/NMBS/008861127,IC,2016-06-06T16:43:00,2016-06-06T16:43:00,2,-14
http://irail.be/vehicle/IC938,http://irail.be/stations/NMBS/008861135,IC,2016-06-06T16:46:00,2016-06-06T16:46:00,-10,2
http://irail.be/vehicle/IC938,http://irail.be/stations/NMBS/008861143,IC,2016-06-06T16:49:00,2016-06-06T16:49:00,-89,-89
http://irail.be/vehicle/IC938,http://irail.be/stations/NMBS/008861150,IC,2016-06-06T16:51:00,2016-06-06T16:51:00,-89,-89
http://irail.be/vehicle/IC938,NO-URI,IC,2016-06-06T16:51:00,2016-06-06T16:51:00,39,-23
http://irail.be/vehicle/IC938,http://irail.be/stations/NMBS/008861168,IC,2016-06-06T16:52:00,2016-06-06T16:52:00,39,39
http://irail.be/vehicle/IC938,http://irail.be/stations/NMBS/008874724,IC,2016-06-06T16:52:00,2016-06-06T16:52:00,166,39
http://irail.be/vehicle/IC938,NO-URI,IC,2016-06-06T16:54:00,2016-06-06T16:54:00,87,69
http://irail.be/vehicle/IC938,http://irail.be/stations/NMBS/008874716,IC,2016-06-06T16:55:00,2016-06-06T16:55:00,115,115
http://irail.be/vehicle/IC938,http://irail.be/stations/NMBS/008874609,IC,2016-06-06T16:58:00,2016-06-06T16:57:00,187,155
http://irail.be/vehicle/IC938,http://irail.be/stations/NMBS/008874583,IC,2016-06-06T16:59:00,2016-06-06T16:59:00,0,0
http://irail.be/vehicle/IC938,http://irail.be/stations/NMBS/008874567,IC,2016-06-06T17:01:00,2016-06-06T17:01:00,0,0
http://irail.be/vehicle/IC938,http://irail.be/stations/NMBS/008874559,IC,2016-06-06T17:02:00,2016-06-06T17:02:00,156,156
http://irail.be/vehicle/IC938,http://irail.be/stations/NMBS/008874005,IC,2016-06-06T17:03:00,2016-06-06T17:03:00,170,165
http://irail.be/vehicle/IC938,http://irail.be/stations/NMBS/008874054,IC,2016-06-06T17:06:00,2016-06-06T17:06:00,153,121
http://irail.be/vehicle/IC938,http://irail.be/stations/NMBS/008872009,IC,2016-06-06T17:11:00,2016-06-06T17:08:00,149,203
http://irail.be/vehicle/IC938,http://irail.be/stations/NMBS/008871100,IC,2016-06-06T17:15:00,2016-06-06T17:15:00,129,94
http://irail.be/vehicle/IC938,http://irail.be/stations/NMBS/008871514,IC,2016-06-06T17:18:00,2016-06-06T17:18:00,68,68
http://irail.be/vehicle/IC938,http://irail.be/stations/NMBS/008871415,IC,2016-06-06T17:20:00,2016-06-06T17:20:00,110,110
http://irail.be/vehicle/IC938,http://irail.be/stations/NMBS/008882248,IC,2016-06-06T17:21:00,2016-06-06T17:21:00,50,50
http://irail.be/vehicle/IC938,http://irail.be/stations/NMBS/008882230,IC,2016-06-06T17:22:00,2016-06-06T17:22:00,0,0
http://irail.be/vehicle/IC938,http://irail.be/stations/NMBS/008882206,IC,2016-06-06T17:28:00,2016-06-06T17:27:00,158,142
http://irail.be/vehicle/IC938,http://irail.be/stations/NMBS/008881463,IC,2016-06-06T17:32:00,2016-06-06T17:32:00,142,142
http://irail.be/vehicle/IC938,http://irail.be/stations/NMBS/008881455,IC,2016-06-06T17:33:00,2016-06-06T17:33:00,142,142
http://irail.be/vehicle/IC938,http://irail.be/stations/NMBS/008881430,IC,2016-06-06T17:34:00,2016-06-06T17:34:00,0,0
http://irail.be/vehicle/IC938,NO-URI,IC,2016-06-06T17:36:00,2016-06-06T17:36:00,184,152
http://irail.be/vehicle/IC938,http://irail.be/stations/NMBS/008881406,IC,2016-06-06T17:37:00,2016-06-06T17:37:00,124,124
http://irail.be/vehicle/IC938,http://irail.be/stations/NMBS/008881315,IC,2016-06-06T17:40:00,2016-06-06T17:40:00,0,0
http://irail.be/vehicle/IC938,http://irail.be/stations/NMBS/008881000,IC,2016-06-06T17:45:00,2016-06-06T17:42:00,118,207
http://irail.be/vehicle/IC938,http://irail.be/stations/NMBS/008884566,IC,2016-06-06T17:50:00,2016-06-06T17:50:00,68,58
http://irail.be/vehicle/IC938,http://irail.be/stations/NMBS/008884541,IC,2016-06-06T17:51:00,2016-06-06T17:51:00,58,58
http://irail.be/vehicle/IC938,http://irail.be/stations/NMBS/008884004,IC,2016-06-06T17:54:00,2016-06-06T17:53:00,129,118
http://irail.be/vehicle/IC938,http://irail.be/stations/NMBS/008884632,IC,2016-06-06T17:58:00,2016-06-06T17:58:00,0,0
http://irail.be/vehicle/IC938,http://irail.be/stations/NMBS/008884640,IC,2016-06-06T17:59:00,2016-06-06T17:59:00,0,0
http://irail.be/vehicle/IC938,http://irail.be/stations/NMBS/008884715,IC,2016-06-06T18:01:00,2016-06-06T18:01:00,178,180
http://irail.be/vehicle/IC938,http://irail.be/stations/NMBS/008884855,IC,2016-06-06T18:03:00,2016-06-06T18:03:00,118,118
http://irail.be/vehicle/IC938,http://irail.be/stations/NMBS/008884889,IC,2016-06-06T18:06:00,2016-06-06T18:06:00,0,0
http://irail.be/vehicle/IC938,http://irail.be/stations/NMBS/008885530,IC,2016-06-06T18:08:00,2016-06-06T18:08:00,0,0
http://irail.be/vehicle/IC938,http://irail.be/stations/NMBS/008885522,IC,2016-06-06T18:09:00,2016-06-06T18:09:00,0,0
http://irail.be/vehicle/IC938,http://irail.be/stations/NMBS/008885001,IC,2016-06-06T18:19:00,2016-06-06T18:15:00,237,246
http://irail.be/vehicle/IC938,http://irail.be/stations/NMBS/008885068,IC,2016-06-06T18:23:00,2016-06-06T18:23:00,221,191
http://irail.be/vehicle/IC938,http://irail.be/stations/NMBS/008885753,IC,2016-06-06T18:33:00,2016-06-06T18:33:00,0,0
http://irail.be/vehicle/IC938,http://irail.be/stations/NMBS/008885704,IC,2016-06-06T18:37:00,2016-06-06T18:37:00,0,234
http://irail.be/vehicle/IC938,http://irail.be/stations/NMBS/008863008,IC,2016-12-27T16:38:00,2016-12-27T16:38:00,82,
http://irail.be/vehicle/IC938,http://irail.be/stations/NMBS/008861119,IC,2016-12-27T16:41:00,2016-12-27T16:41:00,90,90
http://irail.be/vehicle/IC938,http://irail.be/stations/NMBS/008861127,IC,2016-12-27T16:43:00,2016-12-27T16:43:00,31,31
http://irail.be/vehicle/IC938,http://irail.be/stations/NMBS/008861135,IC,2016-12-27T16:46:00,2016-12-27T16:46:00,31,31
http://irail.be/vehicle/IC938,http://irail.be/stations/NMBS/008861143,IC,2016-12-27T16:49:00,2016-12-27T16:49:00,-60,-60
http://irail.be/vehicle/IC938,http://irail.be/stations/NMBS/008861150,IC,2016-12-27T16:51:00,2016-12-27T16:51:00,-58,-58
http://irail.be/vehicle/IC938,NO-URI,IC,2016-12-27T16:51:00,2016-12-27T16:51:00,-58,-58
http://irail.be/vehicle/IC938,http://irail.be/stations/NMBS/008861168,IC,2016-12-27T16:52:00,2016-12-27T16:52:00,-57,-57
http://irail.be/vehicle/IC938,http://irail.be/stations/NMBS/008874724,IC,2016-12-27T16:52:00,2016-12-27T16:52:00,-69,-69
http://irail.be/vehicle/IC938,NO-URI,IC,2016-12-27T16:54:00,2016-12-27T16:54:00,-69,-69
http://irail.be/vehicle/IC938,http://irail.be/stations/NMBS/008874716,IC,2016-12-27T16:55:00,2016-12-27T16:55:00,-36,-36
http://irail.be/vehicle/IC938,http://irail.be/stations/NMBS/008874609,IC,2016-12-27T16:58:00,2016-12-27T16:57:00,50,-23
http://irail.be/vehicle/IC938,http://irail.be/stations/NMBS/008874583,IC,2016-12-27T17:00:00,2016-12-27T17:00:00,50,50
http://irail.be/vehicle/IC938,http://irail.be/stations/NMBS/008874567,IC,2016-12-27T17:01:00,2016-12-27T17:01:00,63,63
http://irail.be/vehicle/IC938,http://irail.be/stations/NMBS/008874559,IC,2016-12-27T17:02:00,2016-12-27T17:02:00,63,63
http://irail.be/vehicle/IC938,http://irail.be/stations/NMBS/008874005,IC,2016-12-27T17:03:00,2016-12-27T17:03:00,57,57
http://irail.be/vehicle/IC938,http://irail.be/stations/NMBS/008874054,IC,2016-12-27T17:06:00,2016-12-27T17:06:00,7,7
http://irail.be/vehicle/IC938,http://irail.be/stations/NMBS/008872009,IC,2016-12-27T17:11:00,2016-12-27T17:08:00,23,-10
http://irail.be/vehicle/IC938,http://irail.be/stations/NMBS/008871100,IC,2016-12-27T17:15:00,2016-12-27T17:15:00,-6,-6
http://irail.be/vehicle/IC938,http://irail.be/stations/NMBS/008871514,IC,2016-12-27T17:19:00,2016-12-27T17:19:00,-28,-28
http://irail.be/vehicle/IC938,http://irail.be/stations/NMBS/008871415,IC,2016-12-27T17:20:00,2016-12-27T17:20:00,-28,-28
http://irail.be/vehicle/IC938,http://irail.be/stations/NMBS/008882248,IC,2016-12-27T17:22:00,2016-12-27T17:22:00,-33,-33
http://irail.be/vehicle/IC938,http://irail.be/stations/NMBS/008882230,IC,2016-12-27T17:23:00,2016-12-27T17:23:00,11,11
http://irail.be/vehicle/IC938,http://irail.be/stations/NMBS/008882206,IC,2016-12-27T17:28:00,2016-12-27T17:27:00,65,-23
http://irail.be/vehicle/IC938,http://irail.be/stations/NMBS/008881463,IC,2016-12-27T17:32:00,2016-12-27T17:32:00,70,70
http://irail.be/vehicle/IC938,http://irail.be/stations/NMBS/008881455,IC,2016-12-27T17:33:00,2016-12-27T17:33:00,51,51
http://irail.be/vehicle/IC938,http://irail.be/stations/NMBS/008881430,IC,2016-12-27T17:35:00,2016-12-27T17:35:00,51,51
http://irail.be/vehicle/IC938,NO-URI,IC,2016-12-27T17:36:00,2016-12-27T17:36:00,51,51
http://irail.be/vehicle/IC938,http://irail.be/stations/NMBS/008881406,IC,2016-12-27T17:37:00,2016-12-27T17:37:00,34,34
http://irail.be/vehicle/IC938,http://irail.be/stations/NMBS/008881315,IC,2016-12-27T17:39:00,2016-12-27T17:39:00,96,96
http://irail.be/vehicle/IC938,http://irail.be/stations/NMBS/008881000,IC,2016-12-27T17:45:00,2016-12-27T17:42:00,224,96
http://irail.be/vehicle/IC938,http://irail.be/stations/NMBS/008884566,IC,2016-12-27T17:50:00,2016-12-27T17:50:00,224,224
http://irail.be/vehicle/IC938,http://irail.be/stations/NMBS/008884541,IC,2016-12-27T17:51:00,2016-12-27T17:51:00,135,135
http://irail.be/vehicle/IC938,http://irail.be/stations/NMBS/008884004,IC,2016-12-27T17:54:00,2016-12-27T17:53:00,120,124
http://irail.be/vehicle/IC938,http://irail.be/stations/NMBS/008884632,IC,2016-12-27T17:59:00,2016-12-27T17:59:00,120,120
http://irail.be/vehicle/IC938,http://irail.be/stations/NMBS/008884640,IC,2016-12-27T18:00:00,2016-12-27T18:00:00,174,174
http://irail.be/vehicle/IC938,http://irail.be/stations/NMBS/008884715,IC,2016-12-27T18:01:00,2016-12-27T18:01:00,174,174
http://irail.be/vehicle/IC938,http://irail.be/stations/NMBS/008884855,IC,2016-12-27T18:04:00,2016-12-27T18:04:00,181,181
http://irail.be/vehicle/IC938,http://irail.be/stations/NMBS/008884889,IC,2016-12-27T18:06:00,2016-12-27T18:06:00,143,143
http://irail.be/vehicle/IC938,http://irail.be/stations/NMBS/008885530,IC,2016-12-27T18:08:00,2016-12-27T18:08:00,134,134
http://irail.be/vehicle/IC938,http://irail.be/stations/NMBS/008885522,IC,2016-12-27T18:09:00,2016-12-27T18:09:00,164,164
http://irail.be/vehicle/IC938,http://irail.be/stations/NMBS/008885001,IC,2016-12-27T18:19:00,2016-12-27T18:15:00,82,168
http://irail.be/vehicle/IC938,http://irail.be/stations/NMBS/008885068,IC,2016-12-27T18:23:00,2016-12-27T18:23:00,155,86
http://irail.be/vehicle/IC938,http://irail.be/stations/NMBS/008885753,IC,2016-12-27T18:33:00,2016-12-27T18:33:00,114,114
http://irail.be/vehicle/IC938,http://irail.be/stations/NMBS/008885704,IC,2016-12-27T18:37:00,2016-12-27T18:37:00,,114
http://irail.be/vehicle/IC938,http://irail.be/stations/NMBS/008863008,IC,2016-10-04T16:38:00,2016-10-04T16:38:00,24,
http://irail.be/vehicle/IC938,http://irail.be/stations/NMBS/008861119,IC,2016-10-04T16:41:00,2016-10-04T16:41:00,42,42
http://irail.be/vehicle/IC938,http://irail.be/stations/NMBS/008861127,IC,2016-10-04T16:43:00,2016-10-04T16:43:00,-6,-6
http://irail.be/vehicle/IC938,http://irail.be/stations/NMBS/008861135,IC,2016-10-04T16:46:00,2016-10-04T16:46:00,-44,-44
http://irail.be/vehicle/IC938,http://irail.be/stations/NMBS/008861143,IC,2016-10-04T16:49:00,2016-10-04T16:49:00,-128,-128
http://irail.be/vehicle/IC938,http://irail.be/stations/NMBS/008861150,IC,2016-10-04T16:51:00,2016-10-04T16:51:00,-128,-128
http://irail.be/vehicle/IC938,NO-URI,IC,2016-10-04T16:51:00,2016-10-04T16:51:00,-77,-77
http://irail.be/vehicle/IC938,http://irail.be/stations/NMBS/008861168,IC,2016-10-04T16:52:00,2016-10-04T16:52:00,-77,-77
http://irail.be/vehicle/IC938,http://irail.be/stations/NMBS/008874724,IC,2016-10-04T16:52:00,2016-10-04T16:52:00,-71,-71
http://irail.be/vehicle/IC938,NO-URI,IC,2016-10-04T16:54:00,2016-10-04T16:54:00,-168,-168
http://irail.be/vehicle/IC938,http://irail.be/stations/NMBS/008874716,IC,2016-10-04T16:55:00,2016-10-04T16:55:00,-103,-103
http://irail.be/vehicle/IC938,http://irail.be/stations/NMBS/008874609,IC,2016-10-04T16:58:00,2016-10-04T16:57:00,123,72
http://irail.be/vehicle/IC938,http://irail.be/stations/NMBS/008874583,IC,2016-10-04T17:00:00,2016-10-04T17:00:00,123,123
http://irail.be/vehicle/IC938,http://irail.be/stations/NMBS/008874567,IC,2016-10-04T17:01:00,2016-10-04T17:01:00,123,123
http://irail.be/vehicle/IC938,http://irail.be/stations/NMBS/008874559,IC,2016-10-04T17:02:00,2016-10-04T17:02:00,100,100
http://irail.be/vehicle/IC938,NO-URI,IC,2016-10-04T17:03:00,2016-10-04T17:03:00,100,100
http://irail.be/vehicle/IC938,http://irail.be/stations/NMBS/008874005,IC,2016-10-04T17:03:00,2016-10-04T17:03:00,112,112
http://irail.be/vehicle/IC938,http://irail.be/stations/NMBS/008874054,IC,2016-10-04T17:06:00,2016-10-04T17:06:00,64,64
http://irail.be/vehicle/IC938,http://irail.be/stations/NMBS/008872009,IC,2016-10-04T17:11:00,2016-10-04T17:08:00,443,101
http://irail.be/vehicle/IC938,http://irail.be/stations/NMBS/008871100,IC,2016-10-04T17:15:00,2016-10-04T17:15:00,469,469
http://irail.be/vehicle/IC938,http://irail.be/stations/NMBS/008871514,IC,2016-10-04T17:19:00,2016-10-04T17:19:00,538,538
http://irail.be/vehicle/IC938,http://irail.be/stations/NMBS/008871415,IC,2016-10-04T17:20:00,2016-10-04T17:20:00,544,544
http://irail.be/vehicle/IC938,http://irail.be/stations/NMBS/008882248,IC,2016-10-04T17:22:00,2016-10-04T17:22:00,544,544
http://irail.be/vehicle/IC938,http://irail.be/stations/NMBS/008882230,IC,2016-10-04T17:23:00,2016-10-04T17:23:00,544,544
http://irail.be/vehicle/IC938,http://irail.be/stations/NMBS/008882206,IC,2016-10-04T17:28:00,2016-10-04T17:27:00,516,474
http://irail.be/vehicle/IC938,http://irail.be/stations/NMBS/008881463,IC,2016-10-04T17:32:00,2016-10-04T17:32:00,493,493
http://irail.be/vehicle/IC938,http://irail.be/stations/NMBS/008881455,IC,2016-10-04T17:33:00,2016-10-04T17:33:00,493,493
http://irail.be/vehicle/IC938,http://irail.be/stations/NMBS/008881430,IC,2016-10-04T17:35:00,2016-10-04T17:35:00,493,493
http://irail.be/vehicle/IC938,NO-URI,IC,2016-10-04T17:36:00,2016-10-04T17:36:00,473,473
http://irail.be/vehicle/IC938,http://irail.be/stations/NMBS/008881406,IC,2016-10-04T17:37:00,2016-10-04T17:37:00,413,413
http://irail.be/vehicle/IC938,http://irail.be/stations/NMBS/008881315,IC,2016-10-04T17:39:00,2016-10-04T17:39:00,413,413
http://irail.be/vehicle/IC938,http://irail.be/stations/NMBS/008881000,IC,2016-10-04T17:45:00,2016-10-04T17:42:00,432,503
http://irail.be/vehicle/IC938,http://irail.be/stations/NMBS/008884566,IC,2016-10-04T17:50:00,2016-10-04T17:50:00,375,375
http://irail.be/vehicle/IC938,http://irail.be/stations/NMBS/008884541,IC,2016-10-04T17:51:00,2016-10-04T17:51:00,365,365
http://irail.be/vehicle/IC938,http://irail.be/stations/NMBS/008884004,IC,2016-10-04T17:54:00,2016-10-04T17:53:00,444,415
http://irail.be/vehicle/IC938,http://irail.be/stations/NMBS/008884632,IC,2016-10-04T17:59:00,2016-10-04T17:59:00,444,444
http://irail.be/vehicle/IC938,http://irail.be/stations/NMBS/008884640,IC,2016-10-04T18:00:00,2016-10-04T18:00:00,444,444
http://irail.be/vehicle/IC938,http://irail.be/stations/NMBS/008884715,IC,2016-10-04T18:01:00,2016-10-04T18:01:00,421,421
http://irail.be/vehicle/IC938,http://irail.be/stations/NMBS/008884855,IC,2016-10-04T18:04:00,2016-10-04T18:04:00,421,421
http://irail.be/vehicle/IC938,http://irail.be/stations/NMBS/008884889,IC,2016-10-04T18:06:00,2016-10-04T18:06:00,421,421
http://irail.be/vehicle/IC938,http://irail.be/stations/NMBS/008885530,IC,2016-10-04T18:08:00,2016-10-04T18:08:00,361,361
http://irail.be/vehicle/IC938,http://irail.be/stations/NMBS/008885522,IC,2016-10-04T18:09:00,2016-10-04T18:09:00,413,413
http://irail.be/vehicle/IC938,http://irail.be/stations/NMBS/008885001,IC,2016-10-04T18:19:00,2016-10-04T18:15:00,260,376
http://irail.be/vehicle/IC938,http://irail.be/stations/NMBS/008885068,IC,2016-10-04T18:23:00,2016-10-04T18:23:00,265,225
http://irail.be/vehicle/IC938,http://irail.be/stations/NMBS/008885753,IC,2016-10-04T18:33:00,2016-10-04T18:33:00,85,85
http://irail.be/vehicle/IC938,http://irail.be/stations/NMBS/008885704,IC,2016-10-04T18:37:00,2016-10-04T18:37:00,,292
http://irail.be/vehicle/IC938,http://irail.be/stations/NMBS/008863008,IC,2016-04-04T16:38:00,2016-04-04T16:38:00,10,0
http://irail.be/vehicle/IC938,http://irail.be/stations/NMBS/008861119,IC,2016-04-04T16:41:00,2016-04-04T16:41:00,29,29
http://irail.be/vehicle/IC938,http://irail.be/stations/NMBS/008861127,IC,2016-04-04T16:43:00,2016-04-04T16:43:00,-23,-38
http://irail.be/vehicle/IC938,http://irail.be/stations/NMBS/008861135,IC,2016-04-04T16:46:00,2016-04-04T16:46:00,-63,-23
http://irail.be/vehicle/IC938,http://irail.be/stations/NMBS/008861143,IC,2016-04-04T16:49:00,2016-04-04T16:49:00,-151,-151
http://irail.be/vehicle/IC938,http://irail.be/stations/NMBS/008861150,IC,2016-04-04T16:51:00,2016-04-04T16:51:00,-151,-151
http://irail.be/vehicle/IC938,NO-URI,IC,2016-04-04T16:51:00,2016-04-04T16:51:00,-109,-122
http://irail.be/vehicle/IC938,http://irail.be/stations/NMBS/008861168,IC,2016-04-04T16:52:00,2016-04-04T16:52:00,-109,-109
http://irail.be/vehicle/IC938,http://irail.be/stations/NMBS/008874724,IC,2016-04-04T16:52:00,2016-04-04T16:52:00,-78,-109
http://irail.be/vehicle/IC938,NO-URI,IC,2016-04-04T16:54:00,2016-04-04T16:54:00,-161,-175
http://irail.be/vehicle/IC938,http://irail.be/stations/NMBS/008874716,IC,2016-04-04T16:55:00,2016-04-04T16:55:00,-18,-18
http://irail.be/vehicle/IC938,http://irail.be/stations/NMBS/008874609,IC,2016-04-04T16:58:00,2016-04-04T16:57:00,14,19
http://irail.be/vehicle/IC938,http://irail.be/stations/NMBS/008874583,IC,2016-04-04T17:00:00,2016-04-04T17:00:00,0,0
http://irail.be/vehicle/IC938,http://irail.be/stations/NMBS/008874567,IC,2016-04-04T17:01:00,2016-04-04T17:01:00,0,0
http://irail.be/vehicle/IC938,http://irail.be/stations/NMBS/008874559,IC,2016-04-04T17:02:00,2016-04-04T17:02:00,-9,-9
http://irail.be/vehicle/IC938,http://irail.be/stations/NMBS/008874005,IC,2016-04-04T17:03:00,2016-04-04T17:03:00,3,-2
http://irail.be/vehicle/IC938,http://irail.be/stations/NMBS/008874054,IC,2016-04-04T17:06:00,2016-04-04T17:06:00,-38,-45
http://irail.be/vehicle/IC938,http://irail.be/stations/NMBS/008872009,IC,2016-04-04T17:11:00,2016-04-04T17:08:00,7,-17
http://irail.be/vehicle/IC938,http://irail.be/stations/NMBS/008871100,IC,2016-04-04T17:15:00,2016-04-04T17:15:00,-20,-50
http://irail.be/vehicle/IC938,http://irail.be/stations/NMBS/008871514,IC,2016-04-04T17:19:00,2016-04-04T17:19:00,-24,-24
http://irail.be/vehicle/IC938,http://irail.be/stations/NMBS/008871415,IC,2016-04-04T17:20:00,2016-04-04T17:20:00,-44,-42
http://irail.be/vehicle/IC938,http://irail.be/stations/NMBS/008882248,IC,2016-04-04T17:22:00,2016-04-04T17:22:00,-44,-44
http://irail.be/vehicle/IC938,http://irail.be/stations/NMBS/008882230,IC,2016-04-04T17:23:00,2016-04-04T17:23:00,0,0
http://irail.be/vehicle/IC938,http://irail.be/stations/NMBS/008882206,IC,2016-04-04T17:28:00,2016-04-04T17:27:00,4,-111
http://irail.be/vehicle/IC938,http://irail.be/stations/NMBS/008881463,IC,2016-04-04T17:32:00,2016-04-04T17:32:00,-9,-9
http://irail.be/vehicle/IC938,http://irail.be/stations/NMBS/008881455,IC,2016-04-04T17:33:00,2016-04-04T17:33:00,-9,-9
http://irail.be/vehicle/IC938,http://irail.be/stations/NMBS/008881430,IC,2016-04-04T17:35:00,2016-04-04T17:35:00,0,0
http://irail.be/vehicle/IC938,NO-URI,IC,2016-04-04T17:36:00,2016-04-04T17:36:00,-22,-23
http://irail.be/vehicle/IC938,http://irail.be/stations/NMBS/008881406,IC,2016-04-04T17:37:00,2016-04-04T17:37:00,-22,-22
http://irail.be/vehicle/IC938,http://irail.be/stations/NMBS/008881315,IC,2016-04-04T17:39:00,2016-04-04T17:39:00,0,0
http://irail.be/vehicle/IC938,http://irail.be/stations/NMBS/008881000,IC,2016-04-04T17:45:00,2016-04-04T17:42:00,15,-39
http://irail.be/vehicle/IC938,http://irail.be/stations/NMBS/008884566,IC,2016-04-04T17:50:00,2016-04-04T17:50:00,-30,-45
http://irail.be/vehicle/IC938,http://irail.be/stations/NMBS/008884541,IC,2016-04-04T17:51:00,2016-04-04T17:51:00,-37,-37
http://irail.be/vehicle/IC938,http://irail.be/stations/NMBS/008884004,IC,2016-04-04T17:54:00,2016-04-04T17:53:00,52,-16
http://irail.be/vehicle/IC938,http://irail.be/stations/NMBS/008884632,IC,2016-04-04T17:59:00,2016-04-04T17:59:00,0,0
http://irail.be/vehicle/IC938,http://irail.be/stations/NMBS/008884640,IC,2016-04-04T18:00:00,2016-04-04T18:00:00,0,0
http://irail.be/vehicle/IC938,http://irail.be/stations/NMBS/008884715,IC,2016-04-04T18:01:00,2016-04-04T18:01:00,42,38
http://irail.be/vehicle/IC938,http://irail.be/stations/NMBS/008884855,IC,2016-04-04T18:04:00,2016-04-04T18:04:00,42,42
http://irail.be/vehicle/IC938,http://irail.be/stations/NMBS/008884889,IC,2016-04-04T18:06:00,2016-04-04T18:06:00,0,0
http://irail.be/vehicle/IC938,http://irail.be/stations/NMBS/008885530,IC,2016-04-04T18:08:00,2016-04-04T18:08:00,0,0
http://irail.be/vehicle/IC938,http://irail.be/stations/NMBS/008885522,IC,2016-04-04T18:09:00,2016-04-04T18:09:00,37,22
http://irail.be/vehicle/IC938,http://irail.be/stations/NMBS/008885001,IC,2016-04-04T18:19:00,2016-04-04T18:15:00,44,68
http://irail.be/vehicle/IC938,http://irail.be/stations/NMBS/008885068,IC,2016-04-04T18:23:00,2016-04-04T18:23:00,53,15
http://irail.be/vehicle/IC938,http://irail.be/stations/NMBS/008885753,IC,2016-04-04T18:33:00,2016-04-04T18:33:00,0,0
http://irail.be/vehicle/IC938,http://irail.be/stations/NMBS/008885704,IC,2016-04-04T18:37:00,2016-04-04T18:37:00,0,33
http://irail.be/vehicle/IC938,http://irail.be/stations/NMBS/008863008,IC,2016-01-25T16:38:00,2016-01-25T16:38:00,23,0
http://irail.be/vehicle/IC938,http://irail.be/stations/NMBS/008861119,IC,2016-01-25T16:41:00,2016-01-25T16:41:00,64,64
http://irail.be/vehicle/IC938,http://irail.be/stations/NMBS/008861127,IC,2016-01-25T16:43:00,2016-01-25T16:43:00,23,8
http://irail.be/vehicle/IC938,http://irail.be/stations/NMBS/008861135,IC,2016-01-25T16:46:00,2016-01-25T16:46:00,-18,23
http://irail.be/vehicle/IC938,http://irail.be/stations/NMBS/008861143,IC,2016-01-25T16:49:00,2016-01-25T16:49:00,-105,-105
http://irail.be/vehicle/IC938,http://irail.be/stations/NMBS/008861150,IC,2016-01-25T16:51:00,2016-01-25T16:51:00,-105,-105
http://irail.be/vehicle/IC938,NO-URI,IC,2016-01-25T16:51:00,2016-01-25T16:51:00,-70,-76
http://irail.be/vehicle/IC938,http://irail.be/stations/NMBS/008861168,IC,2016-01-25T16:52:00,2016-01-25T16:52:00,-70,-70
http://irail.be/vehicle/IC938,http://irail.be/stations/NMBS/008874724,IC,2016-01-25T16:52:00,2016-01-25T16:52:00,-50,-70
http://irail.be/vehicle/IC938,NO-URI,IC,2016-01-25T16:54:00,2016-01-25T16:54:00,-51,-147
http://irail.be/vehicle/IC938,http://irail.be/stations/NMBS/008874716,IC,2016-01-25T16:55:00,2016-01-25T16:55:00,-11,-11
http://irail.be/vehicle/IC938,http://irail.be/stations/NMBS/008874609,IC,2016-01-25T16:58:00,2016-01-25T16:57:00,18,-10
http://irail.be/vehicle/IC938,http://irail.be/stations/NMBS/008874583,IC,2016-01-25T17:00:00,2016-01-25T17:00:00,18,18
http://irail.be/vehicle/IC938,http://irail.be/stations/NMBS/008874567,IC,2016-01-25T17:01:00,2016-01-25T17:01:00,18,18
http://irail.be/vehicle/IC938,http://irail.be/stations/NMBS/008874559,IC,2016-01-25T17:02:00,2016-01-25T17:02:00,-4,-4
http://irail.be/vehicle/IC938,http://irail.be/stations/NMBS/008874005,IC,2016-01-25T17:03:00,2016-01-25T17:03:00,5,2
http://irail.be/vehicle/IC938,http://irail.be/stations/NMBS/008874054,IC,2016-01-25T17:06:00,2016-01-25T17:06:00,-47,-51
http://irail.be/vehicle/IC938,http://irail.be/stations/NMBS/008872009,IC,2016-01-25T17:11:00,2016-01-25T17:08:00,4,0
http://irail.be/vehicle/IC938,http://irail.be/stations/NMBS/008871100,IC,2016-01-25T17:15:00,2016-01-25T17:15:00,-18,-47
http://irail.be/vehicle/IC938,http://irail.be/stations/NMBS/008871514,IC,2016-01-25T17:19:00,2016-01-25T17:19:00,-22,-22
http://irail.be/vehicle/IC938,http://irail.be/stations/NMBS/008871415,IC,2016-01-25T17:20:00,2016-01-25T17:20:00,-46,-45
http://irail.be/vehicle/IC938,http://irail.be/stations/NMBS/008882248,IC,2016-01-25T17:22:00,2016-01-25T17:22:00,-46,-46
http://irail.be/vehicle/IC938,http://irail.be/stations/NMBS/008882230,IC,2016-01-25T17:23:00,2016-01-25T17:23:00,-46,-46
http://irail.be/vehicle/IC938,http://irail.be/stations/NMBS/008882206,IC,2016-01-25T17:28:00,2016-01-25T17:27:00,17,-103
http://irail.be/vehicle/IC938,http://irail.be/stations/NMBS/008881463,IC,2016-01-25T17:32:00,2016-01-25T17:32:00,74,74
http://irail.be/vehicle/IC938,http://irail.be/stations/NMBS/008881455,IC,2016-01-25T17:33:00,2016-01-25T17:33:00,74,74
http://irail.be/vehicle/IC938,http://irail.be/stations/NMBS/008881430,IC,2016-01-25T17:35:00,2016-01-25T17:35:00,74,74
http://irail.be/vehicle/IC938,NO-URI,IC,2016-01-25T17:36:00,2016-01-25T17:36:00,62,60
http://irail.be/vehicle/IC938,http://irail.be/stations/NMBS/008881406,IC,2016-01-25T17:37:00,2016-01-25T17:37:00,2,2
http://irail.be/vehicle/IC938,http://irail.be/stations/NMBS/008881315,IC,2016-01-25T17:39:00,2016-01-25T17:39:00,2,2
http://irail.be/vehicle/IC938,http://irail.be/stations/NMBS/008881000,IC,2016-01-25T17:45:00,2016-01-25T17:42:00,240,301
http://irail.be/vehicle/IC938,http://irail.be/stations/NMBS/008884566,IC,2016-01-25T17:50:00,2016-01-25T17:50:00,223,180
http://irail.be/vehicle/IC938,http://irail.be/stations/NMBS/008884541,IC,2016-01-25T17:51:00,2016-01-25T17:51:00,223,223
http://irail.be/vehicle/IC938,http://irail.be/stations/NMBS/008884004,IC,2016-01-25T17:54:00,2016-01-25T17:53:00,265,250
http://irail.be/vehicle/IC938,http://irail.be/stations/NMBS/008884632,IC,2016-01-25T17:59:00,2016-01-25T17:59:00,265,265
http://irail.be/vehicle/IC938,http://irail.be/stations/NMBS/008884640,IC,2016-01-25T18:00:00,2016-01-25T18:00:00,265,265
http://irail.be/vehicle/IC938,http://irail.be/stations/NMBS/008884715,IC,2016-01-25T18:01:00,2016-01-25T18:01:00,224,220
http://irail.be/vehicle/IC938,http://irail.be/stations/NMBS/008884855,IC,2016-01-25T18:04:00,2016-01-25T18:04:00,224,224
http://irail.be/vehicle/IC938,http://irail.be/stations/NMBS/008884889,IC,2016-01-25T18:06:00,2016-01-25T18:06:00,224,224
http://irail.be/vehicle/IC938,http://irail.be/stations/NMBS/008885530,IC,2016-01-25T18:08:00,2016-01-25T18:08:00,164,164
http://irail.be/vehicle/IC938,http://irail.be/stations/NMBS/008885522,IC,2016-01-25T18:09:00,2016-01-25T18:09:00,217,207
http://irail.be/vehicle/IC938,http://irail.be/stations/NMBS/008885001,IC,2016-01-25T18:19:00,2016-01-25T18:15:00,461,248
http://irail.be/vehicle/IC938,http://irail.be/stations/NMBS/008885068,IC,2016-01-25T18:23:00,2016-01-25T18:23:00,504,469
http://irail.be/vehicle/IC938,http://irail.be/stations/NMBS/008885753,IC,2016-01-25T18:33:00,2016-01-25T18:33:00,324,324
http://irail.be/vehicle/IC938,http://irail.be/stations/NMBS/008885704,IC,2016-01-25T18:37:00,2016-01-25T18:37:00,0,300
http://irail.be/vehicle/IC938,http://irail.be/stations/NMBS/008863008,IC,2016-07-08T16:38:00,2016-07-08T16:38:00,18,
http://irail.be/vehicle/IC938,http://irail.be/stations/NMBS/008861119,IC,2016-07-08T16:41:00,2016-07-08T16:41:00,46,46
http://irail.be/vehicle/IC938,http://irail.be/stations/NMBS/008861127,IC,2016-07-08T16:43:00,2016-07-08T16:43:00,-5,-5
http://irail.be/vehicle/IC938,http://irail.be/stations/NMBS/008861135,IC,2016-07-08T16:46:00,2016-07-08T16:46:00,-43,-43
http://irail.be/vehicle/IC938,http://irail.be/stations/NMBS/008861143,IC,2016-07-08T16:49:00,2016-07-08T16:49:00,-133,-133
http://irail.be/vehicle/IC938,http://irail.be/stations/NMBS/008861150,IC,2016-07-08T16:51:00,2016-07-08T16:51:00,-133,-133
http://irail.be/vehicle/IC938,NO-URI,IC,2016-07-08T16:51:00,2016-07-08T16:51:00,-11,-11
http://irail.be/vehicle/IC938,http://irail.be/stations/NMBS/008861168,IC,2016-07-08T16:52:00,2016-07-08T16:52:00,-11,-11
http://irail.be/vehicle/IC938,http://irail.be/stations/NMBS/008874724,IC,2016-07-08T16:52:00,2016-07-08T16:52:00,118,118
http://irail.be/vehicle/IC938,NO-URI,IC,2016-07-08T16:54:00,2016-07-08T16:54:00,59,59
http://irail.be/vehicle/IC938,http://irail.be/stations/NMBS/008874716,IC,2016-07-08T16:55:00,2016-07-08T16:55:00,91,91
http://irail.be/vehicle/IC938,http://irail.be/stations/NMBS/008874609,IC,2016-07-08T16:58:00,2016-07-08T16:57:00,92,98
http://irail.be/vehicle/IC938,http://irail.be/stations/NMBS/008874583,IC,2016-07-08T17:00:00,2016-07-08T17:00:00,92,92
http://irail.be/vehicle/IC938,http://irail.be/stations/NMBS/008874567,IC,2016-07-08T17:01:00,2016-07-08T17:01:00,92,92
http://irail.be/vehicle/IC938,http://irail.be/stations/NMBS/008874559,IC,2016-07-08T17:02:00,2016-07-08T17:02:00,58,58
http://irail.be/vehicle/IC938,NO-URI,IC,2016-07-08T17:03:00,2016-07-08T17:03:00,58,58
http://irail.be/vehicle/IC938,http://irail.be/stations/NMBS/008874005,IC,2016-07-08T17:03:00,2016-07-08T17:03:00,69,69
http://irail.be/vehicle/IC938,http://irail.be/stations/NMBS/008874054,IC,2016-07-08T17:06:00,2016-07-08T17:06:00,23,23
http://irail.be/vehicle/IC938,http://irail.be/stations/NMBS/008872009,IC,2016-07-08T17:11:00,2016-07-08T17:08:00,3,50
http://irail.be/vehicle/IC938,http://irail.be/stations/NMBS/008871100,IC,2016-07-08T17:15:00,2016-07-08T17:15:00,-27,-27
http://irail.be/vehicle/IC938,http://irail.be/stations/NMBS/008871514,IC,2016-07-08T17:19:00,2016-07-08T17:19:00,-29,-29
http://irail.be/vehicle/IC938,http://irail.be/stations/NMBS/008871415,IC,2016-07-08T17:20:00,2016-07-08T17:20:00,-43,-43
http://irail.be/vehicle/IC938,http://irail.be/stations/NMBS/008882248,IC,2016-07-08T17:22:00,2016-07-08T17:22:00,-43,-43
http://irail.be/vehicle/IC938,http://irail.be/stations/NMBS/008882230,IC,2016-07-08T17:23:00,2016-07-08T17:23:00,-43,-43
http://irail.be/vehicle/IC938,http://irail.be/stations/NMBS/008882206,IC,2016-07-08T17:28:00,2016-07-08T17:27:00,0,-85
http://irail.be/vehicle/IC938,http://irail.be/stations/NMBS/008881463,IC,2016-07-08T17:32:00,2016-07-08T17:32:00,6,6
http://irail.be/vehicle/IC938,http://irail.be/stations/NMBS/008881455,IC,2016-07-08T17:33:00,2016-07-08T17:33:00,6,6
http://irail.be/vehicle/IC938,http://irail.be/stations/NMBS/008881430,IC,2016-07-08T17:35:00,2016-07-08T17:35:00,6,6
http://irail.be/vehicle/IC938,NO-URI,IC,2016-07-08T17:36:00,2016-07-08T17:36:00,-4,-4
http://irail.be/vehicle/IC938,http://irail.be/stations/NMBS/008881406,IC,2016-07-08T17:37:00,2016-07-08T17:37:00,-4,-4
http://irail.be/vehicle/IC938,http://irail.be/stations/NMBS/008881315,IC,2016-07-08T17:39:00,2016-07-08T17:39:00,-4,-4
http://irail.be/vehicle/IC938,http://irail.be/stations/NMBS/008881000,IC,2016-07-08T17:45:00,2016-07-08T17:42:00,113,177
http://irail.be/vehicle/IC938,http://irail.be/stations/NMBS/008884566,IC,2016-07-08T17:50:00,2016-07-08T17:50:00,52,52
http://irail.be/vehicle/IC938,http://irail.be/stations/NMBS/008884541,IC,2016-07-08T17:51:00,2016-07-08T17:51:00,40,40
http://irail.be/vehicle/IC938,http://irail.be/stations/NMBS/008884004,IC,2016-07-08T17:54:00,2016-07-08T17:53:00,68,39
http://irail.be/vehicle/IC938,http://irail.be/stations/NMBS/008884632,IC,2016-07-08T17:59:00,2016-07-08T17:59:00,68,68
http://irail.be/vehicle/IC938,http://irail.be/stations/NMBS/008884640,IC,2016-07-08T18:00:00,2016-07-08T18:00:00,68,68
http://irail.be/vehicle/IC938,http://irail.be/stations/NMBS/008884715,IC,2016-07-08T18:01:00,2016-07-08T18:01:00,47,47
http://irail.be/vehicle/IC938,http://irail.be/stations/NMBS/008884855,IC,2016-07-08T18:04:00,2016-07-08T18:04:00,47,47
http://irail.be/vehicle/IC938,http://irail.be/stations/NMBS/008884889,IC,2016-07-08T18:06:00,2016-07-08T18:06:00,47,47
http://irail.be/vehicle/IC938,http://irail.be/stations/NMBS/008885530,IC,2016-07-08T18:08:00,2016-07-08T18:08:00,-13,-13
http://irail.be/vehicle/IC938,http://irail.be/stations/NMBS/008885522,IC,2016-07-08T18:09:00,2016-07-08T18:09:00,126,126
http://irail.be/vehicle/IC938,http://irail.be/stations/NMBS/008885001,IC,2016-07-08T18:19:00,2016-07-08T18:15:00,238,96
http://irail.be/vehicle/IC938,http://irail.be/stations/NMBS/008885068,IC,2016-07-08T18:23:00,2016-07-08T18:23:00,333,292
http://irail.be/vehicle/IC938,http://irail.be/stations/NMBS/008885753,IC,2016-07-08T18:33:00,2016-07-08T18:33:00,153,153
http://irail.be/vehicle/IC938,http://irail.be/stations/NMBS/008885704,IC,2016-07-08T18:37:00,2016-07-08T18:37:00,,564
http://irail.be/vehicle/IC938,http://irail.be/stations/NMBS/008863008,IC,2016-02-08T16:38:00,2016-02-08T16:38:00,10,0
http://irail.be/vehicle/IC938,http://irail.be/stations/NMBS/008861119,IC,2016-02-08T16:41:00,2016-02-08T16:41:00,39,39
http://irail.be/vehicle/IC938,http://irail.be/stations/NMBS/008861127,IC,2016-02-08T16:43:00,2016-02-08T16:43:00,-2,-24
http://irail.be/vehicle/IC938,http://irail.be/stations/NMBS/008861135,IC,2016-02-08T16:46:00,2016-02-08T16:46:00,-8,-2
http://irail.be/vehicle/IC938,http://irail.be/stations/NMBS/008861143,IC,2016-02-08T16:49:00,2016-02-08T16:49:00,-82,-82
http://irail.be/vehicle/IC938,http://irail.be/stations/NMBS/008861150,IC,2016-02-08T16:51:00,2016-02-08T16:51:00,-82,-82
http://irail.be/vehicle/IC938,NO-URI,IC,2016-02-08T16:51:00,2016-02-08T16:51:00,-3,-15
http://irail.be/vehicle/IC938,http://irail.be/stations/NMBS/008861168,IC,2016-02-08T16:52:00,2016-02-08T16:52:00,-3,-3
http://irail.be/vehicle/IC938,http://irail.be/stations/NMBS/008874724,IC,2016-02-08T16:52:00,2016-02-08T16:52:00,16,-3
http://irail.be/vehicle/IC938,NO-URI,IC,2016-02-08T16:54:00,2016-02-08T16:54:00,-71,-81
http://irail.be/vehicle/IC938,http://irail.be/stations/NMBS/008874716,IC,2016-02-08T16:55:00,2016-02-08T16:55:00,-48,-48
http://irail.be/vehicle/IC938,http://irail.be/stations/NMBS/008874609,IC,2016-02-08T16:58:00,2016-02-08T16:57:00,4,-29
http://irail.be/vehicle/IC938,http://irail.be/stations/NMBS/008874583,IC,2016-02-08T17:00:00,2016-02-08T17:00:00,4,4
http://irail.be/vehicle/IC938,http://irail.be/stations/NMBS/008874567,IC,2016-02-08T17:01:00,2016-02-08T17:01:00,4,4
http://irail.be/vehicle/IC938,http://irail.be/stations/NMBS/008874559,IC,2016-02-08T17:02:00,2016-02-08T17:02:00,-25,-25
http://irail.be/vehicle/IC938,http://irail.be/stations/NMBS/008874005,IC,2016-02-08T17:03:00,2016-02-08T17:03:00,-13,-19
http://irail.be/vehicle/IC938,http://irail.be/stations/NMBS/008874054,IC,2016-02-08T17:06:00,2016-02-08T17:06:00,-56,-63
http://irail.be/vehicle/IC938,http://irail.be/stations/NMBS/008872009,IC,2016-02-08T17:11:00,2016-02-08T17:08:00,14,-34
http://irail.be/vehicle/IC938,http://irail.be/stations/NMBS/008871100,IC,2016-02-08T17:15:00,2016-02-08T17:15:00,-7,-39
http://irail.be/vehicle/IC938,http://irail.be/stations/NMBS/008871514,IC,2016-02-08T17:19:00,2016-02-08T17:19:00,-11,-11
http://irail.be/vehicle/IC938,http://irail.be/stations/NMBS/008871415,IC,2016-02-08T17:20:00,2016-02-08T17:20:00,-35,-33
http://irail.be/vehicle/IC938,http://irail.be/stations/NMBS/008882248,IC,2016-02-08T17:22:00,2016-02-08T17:22:00,-35,-35
http://irail.be/vehicle/IC938,http://irail.be/stations/NMBS/008882230,IC,2016-02-08T17:23:00,2016-02-08T17:23:00,-35,-35
http://irail.be/vehicle/IC938,http://irail.be/stations/NMBS/008882206,IC,2016-02-08T17:28:00,2016-02-08T17:27:00,2,-66
http://irail.be/vehicle/IC938,http://irail.be/stations/NMBS/008881463,IC,2016-02-08T17:32:00,2016-02-08T17:32:00,1,1
http://irail.be/vehicle/IC938,http://irail.be/stations/NMBS/008881455,IC,2016-02-08T17:33:00,2016-02-08T17:33:00,1,1
http://irail.be/vehicle/IC938,http://irail.be/stations/NMBS/008881430,IC,2016-02-08T17:35:00,2016-02-08T17:35:00,1,1
http://irail.be/vehicle/IC938,NO-URI,IC,2016-02-08T17:36:00,2016-02-08T17:36:00,-8,-10
http://irail.be/vehicle/IC938,http://irail.be/stations/NMBS/008881406,IC,2016-02-08T17:37:00,2016-02-08T17:37:00,-8,-8
http://irail.be/vehicle/IC938,http://irail.be/stations/NMBS/008881315,IC,2016-02-08T17:39:00,2016-02-08T17:39:00,-8,-8
http://irail.be/vehicle/IC938,http://irail.be/stations/NMBS/008881000,IC,2016-02-08T17:45:00,2016-02-08T17:42:00,47,69
http://irail.be/vehicle/IC938,http://irail.be/stations/NMBS/008884566,IC,2016-02-08T17:50:00,2016-02-08T17:50:00,-3,-13
http://irail.be/vehicle/IC938,http://irail.be/stations/NMBS/008884541,IC,2016-02-08T17:51:00,2016-02-08T17:51:00,-3,-3
http://irail.be/vehicle/IC938,http://irail.be/stations/NMBS/008884004,IC,2016-02-08T17:54:00,2016-02-08T17:53:00,65,73
http://irail.be/vehicle/IC938,http://irail.be/stations/NMBS/008884632,IC,2016-02-08T17:59:00,2016-02-08T17:59:00,65,65
http://irail.be/vehicle/IC938,http://irail.be/stations/NMBS/008884640,IC,2016-02-08T18:00:00,2016-02-08T18:00:00,65,65
http://irail.be/vehicle/IC938,http://irail.be/stations/NMBS/008884715,IC,2016-02-08T18:01:00,2016-02-08T18:01:00,35,30
http://irail.be/vehicle/IC938,http://irail.be/stations/NMBS/008884855,IC,2016-02-08T18:04:00,2016-02-08T18:04:00,35,35
http://irail.be/vehicle/IC938,http://irail.be/stations/NMBS/008884889,IC,2016-02-08T18:06:00,2016-02-08T18:06:00,35,35
http://irail.be/vehicle/IC938,http://irail.be/stations/NMBS/008885530,IC,2016-02-08T18:08:00,2016-02-08T18:08:00,-25,-25
http://irail.be/vehicle/IC938,http://irail.be/stations/NMBS/008885522,IC,2016-02-08T18:09:00,2016-02-08T18:09:00,167,26
http://irail.be/vehicle/IC938,http://irail.be/stations/NMBS/008885001,IC,2016-02-08T18:19:00,2016-02-08T18:15:00,140,171
http://irail.be/vehicle/IC938,http://irail.be/stations/NMBS/008885068,IC,2016-02-08T18:23:00,2016-02-08T18:23:00,171,117
http://irail.be/vehicle/IC938,http://irail.be/stations/NMBS/008885753,IC,2016-02-08T18:33:00,2016-02-08T18:33:00,0,-9
http://irail.be/vehicle/IC938,http://irail.be/stations/NMBS/008885704,IC,2016-02-08T18:37:00,2016-02-08T18:37:00,0,135
http://irail.be/vehicle/IC938,http://irail.be/stations/NMBS/008863008,IC,2016-10-17T16:38:00,2016-10-17T16:38:00,77,
http://irail.be/vehicle/IC938,http://irail.be/stations/NMBS/008861119,IC,2016-10-17T16:41:00,2016-10-17T16:41:00,121,121
http://irail.be/vehicle/IC938,http://irail.be/stations/NMBS/008861127,IC,2016-10-17T16:43:00,2016-10-17T16:43:00,88,88
http://irail.be/vehicle/IC938,http://irail.be/stations/NMBS/008861135,IC,2016-10-17T16:46:00,2016-10-17T16:46:00,72,72
http://irail.be/vehicle/IC938,http://irail.be/stations/NMBS/008861143,IC,2016-10-17T16:49:00,2016-10-17T16:49:00,1,1
http://irail.be/vehicle/IC938,http://irail.be/stations/NMBS/008861150,IC,2016-10-17T16:51:00,2016-10-17T16:51:00,1,1
http://irail.be/vehicle/IC938,NO-URI,IC,2016-10-17T16:51:00,2016-10-17T16:51:00,62,62
http://irail.be/vehicle/IC938,http://irail.be/stations/NMBS/008861168,IC,2016-10-17T16:52:00,2016-10-17T16:52:00,62,62
http://irail.be/vehicle/IC938,http://irail.be/stations/NMBS/008874724,IC,2016-10-17T16:52:00,2016-10-17T16:52:00,79,79
http://irail.be/vehicle/IC938,NO-URI,IC,2016-10-17T16:54:00,2016-10-17T16:54:00,-6,-6
http://irail.be/vehicle/IC938,http://irail.be/stations/NMBS/008874716,IC,2016-10-17T16:55:00,2016-10-17T16:55:00,17,17
http://irail.be/vehicle/IC938,http://irail.be/stations/NMBS/008874609,IC,2016-10-17T16:58:00,2016-10-17T16:57:00,79,30
http://irail.be/vehicle/IC938,http://irail.be/stations/NMBS/008874583,IC,2016-10-17T17:00:00,2016-10-17T17:00:00,79,79
http://irail.be/vehicle/IC938,http://irail.be/stations/NMBS/008874567,IC,2016-10-17T17:01:00,2016-10-17T17:01:00,79,79
http://irail.be/vehicle/IC938,http://irail.be/stations/NMBS/008874559,IC,2016-10-17T17:02:00,2016-10-17T17:02:00,46,46
http://irail.be/vehicle/IC938,NO-URI,IC,2016-10-17T17:03:00,2016-10-17T17:03:00,46,46
http://irail.be/vehicle/IC938,http://irail.be/stations/NMBS/008874005,IC,2016-10-17T17:03:00,2016-10-17T17:03:00,57,57
http://irail.be/vehicle/IC938,http://irail.be/stations/NMBS/008874054,IC,2016-10-17T17:06:00,2016-10-17T17:06:00,10,10
http://irail.be/vehicle/IC938,http://irail.be/stations/NMBS/008872009,IC,2016-10-17T17:11:00,2016-10-17T17:08:00,542,58
http://irail.be/vehicle/IC938,http://irail.be/stations/NMBS/008871100,IC,2016-10-17T17:15:00,2016-10-17T17:15:00,562,562
http://irail.be/vehicle/IC938,http://irail.be/stations/NMBS/008871514,IC,2016-10-17T17:19:00,2016-10-17T17:19:00,627,627
http://irail.be/vehicle/IC938,http://irail.be/stations/NMBS/008871415,IC,2016-10-17T17:20:00,2016-10-17T17:20:00,633,633
http://irail.be/vehicle/IC938,http://irail.be/stations/NMBS/008882248,IC,2016-10-17T17:22:00,2016-10-17T17:22:00,633,633
http://irail.be/vehicle/IC938,http://irail.be/stations/NMBS/008882230,IC,2016-10-17T17:23:00,2016-10-17T17:23:00,633,633
http://irail.be/vehicle/IC938,http://irail.be/stations/NMBS/008882206,IC,2016-10-17T17:28:00,2016-10-17T17:27:00,812,753
http://irail.be/vehicle/IC938,http://irail.be/stations/NMBS/008881463,IC,2016-10-17T17:32:00,2016-10-17T17:32:00,801,801
http://irail.be/vehicle/IC938,http://irail.be/stations/NMBS/008881455,IC,2016-10-17T17:33:00,2016-10-17T17:33:00,801,801
http://irail.be/vehicle/IC938,http://irail.be/stations/NMBS/008881430,IC,2016-10-17T17:35:00,2016-10-17T17:35:00,801,801
http://irail.be/vehicle/IC938,NO-URI,IC,2016-10-17T17:36:00,2016-10-17T17:36:00,788,788
http://irail.be/vehicle/IC938,http://irail.be/stations/NMBS/008881406,IC,2016-10-17T17:37:00,2016-10-17T17:37:00,728,728
http://irail.be/vehicle/IC938,http://irail.be/stations/NMBS/008881315,IC,2016-10-17T17:39:00,2016-10-17T17:39:00,728,728
http://irail.be/vehicle/IC938,http://irail.be/stations/NMBS/008881000,IC,2016-10-17T17:45:00,2016-10-17T17:42:00,749,754
http://irail.be/vehicle/IC938,http://irail.be/stations/NMBS/008884566,IC,2016-10-17T17:50:00,2016-10-17T17:50:00,676,676
http://irail.be/vehicle/IC938,http://irail.be/stations/NMBS/008884541,IC,2016-10-17T17:51:00,2016-10-17T17:51:00,667,667
http://irail.be/vehicle/IC938,http://irail.be/stations/NMBS/008884004,IC,2016-10-17T17:54:00,2016-10-17T17:53:00,740,674
http://irail.be/vehicle/IC938,http://irail.be/stations/NMBS/008884632,IC,2016-10-17T17:59:00,2016-10-17T17:59:00,740,740
http://irail.be/vehicle/IC938,http://irail.be/stations/NMBS/008884640,IC,2016-10-17T18:00:00,2016-10-17T18:00:00,740,740
http://irail.be/vehicle/IC938,http://irail.be/stations/NMBS/008884715,IC,2016-10-17T18:01:00,2016-10-17T18:01:00,779,779
http://irail.be/vehicle/IC938,http://irail.be/stations/NMBS/008884855,IC,2016-10-17T18:04:00,2016-10-17T18:04:00,779,779
http://irail.be/vehicle/IC938,http://irail.be/stations/NMBS/008884889,IC,2016-10-17T18:06:00,2016-10-17T18:06:00,779,779
http://irail.be/vehicle/IC938,http://irail.be/stations/NMBS/008885530,IC,2016-10-17T18:08:00,2016-10-17T18:08:00,719,719
http://irail.be/vehicle/IC938,http://irail.be/stations/NMBS/008885522,IC,2016-10-17T18:09:00,2016-10-17T18:09:00,795,795
http://irail.be/vehicle/IC938,http://irail.be/stations/NMBS/008885001,IC,2016-10-17T18:19:00,2016-10-17T18:15:00,879,760
http://irail.be/vehicle/IC938,http://irail.be/stations/NMBS/008885068,IC,2016-10-17T18:23:00,2016-10-17T18:23:00,1037,997
http://irail.be/vehicle/IC938,http://irail.be/stations/NMBS/008885753,IC,2016-10-17T18:33:00,2016-10-17T18:33:00,857,857
http://irail.be/vehicle/IC938,http://irail.be/stations/NMBS/008885704,IC,2016-10-17T18:37:00,2016-10-17T18:37:00,,997
http://irail.be/vehicle/IC938,http://irail.be/stations/NMBS/008863008,IC,2016-08-30T16:38:00,2016-08-30T16:38:00,96,
http://irail.be/vehicle/IC938,http://irail.be/stations/NMBS/008861119,IC,2016-08-30T16:41:00,2016-08-30T16:41:00,117,117
http://irail.be/vehicle/IC938,http://irail.be/stations/NMBS/008861127,IC,2016-08-30T16:43:00,2016-08-30T16:43:00,68,68
http://irail.be/vehicle/IC938,http://irail.be/stations/NMBS/008861135,IC,2016-08-30T16:46:00,2016-08-30T16:46:00,26,26
http://irail.be/vehicle/IC938,http://irail.be/stations/NMBS/008861143,IC,2016-08-30T16:49:00,2016-08-30T16:49:00,-65,-65
http://irail.be/vehicle/IC938,http://irail.be/stations/NMBS/008861150,IC,2016-08-30T16:51:00,2016-08-30T16:51:00,-65,-65
http://irail.be/vehicle/IC938,NO-URI,IC,2016-08-30T16:51:00,2016-08-30T16:51:00,-42,-42
http://irail.be/vehicle/IC938,http://irail.be/stations/NMBS/008861168,IC,2016-08-30T16:52:00,2016-08-30T16:52:00,-42,-42
http://irail.be/vehicle/IC938,http://irail.be/stations/NMBS/008874724,IC,2016-08-30T16:52:00,2016-08-30T16:52:00,-31,-31
http://irail.be/vehicle/IC938,NO-URI,IC,2016-08-30T16:54:00,2016-08-30T16:54:00,-122,-122
http://irail.be/vehicle/IC938,http://irail.be/stations/NMBS/008874716,IC,2016-08-30T16:55:00,2016-08-30T16:55:00,-60,-60
http://irail.be/vehicle/IC938,http://irail.be/stations/NMBS/008874609,IC,2016-08-30T16:58:00,2016-08-30T16:57:00,8,-50
http://irail.be/vehicle/IC938,http://irail.be/stations/NMBS/008874583,IC,2016-08-30T17:00:00,2016-08-30T17:00:00,8,8
http://irail.be/vehicle/IC938,http://irail.be/stations/NMBS/008874567,IC,2016-08-30T17:01:00,2016-08-30T17:01:00,8,8
http://irail.be/vehicle/IC938,http://irail.be/stations/NMBS/008874559,IC,2016-08-30T17:02:00,2016-08-30T17:02:00,-20,-20
http://irail.be/vehicle/IC938,NO-URI,IC,2016-08-30T17:03:00,2016-08-30T17:03:00,-20,-20
http://irail.be/vehicle/IC938,http://irail.be/stations/NMBS/008874005,IC,2016-08-30T17:03:00,2016-08-30T17:03:00,-6,-6
http://irail.be/vehicle/IC938,http://irail.be/stations/NMBS/008874054,IC,2016-08-30T17:06:00,2016-08-30T17:06:00,-50,-50
http://irail.be/vehicle/IC938,http://irail.be/stations/NMBS/008872009,IC,2016-08-30T17:11:00,2016-08-30T17:08:00,11,9
http://irail.be/vehicle/IC938,http://irail.be/stations/NMBS/008871100,IC,2016-08-30T17:15:00,2016-08-30T17:15:00,304,304
http://irail.be/vehicle/IC938,http://irail.be/stations/NMBS/008871514,IC,2016-08-30T17:19:00,2016-08-30T17:19:00,307,307
http://irail.be/vehicle/IC938,http://irail.be/stations/NMBS/008871415,IC,2016-08-30T17:20:00,2016-08-30T17:20:00,282,282
http://irail.be/vehicle/IC938,http://irail.be/stations/NMBS/008882248,IC,2016-08-30T17:22:00,2016-08-30T17:22:00,282,282
http://irail.be/vehicle/IC938,http://irail.be/stations/NMBS/008882230,IC,2016-08-30T17:23:00,2016-08-30T17:23:00,282,282
http://irail.be/vehicle/IC938,http://irail.be/stations/NMBS/008882206,IC,2016-08-30T17:28:00,2016-08-30T17:27:00,239,192
http://irail.be/vehicle/IC938,http://irail.be/stations/NMBS/008881463,IC,2016-08-30T17:32:00,2016-08-30T17:32:00,217,217
http://irail.be/vehicle/IC938,http://irail.be/stations/NMBS/008881455,IC,2016-08-30T17:33:00,2016-08-30T17:33:00,217,217
http://irail.be/vehicle/IC938,http://irail.be/stations/NMBS/008881430,IC,2016-08-30T17:35:00,2016-08-30T17:35:00,217,217
http://irail.be/vehicle/IC938,NO-URI,IC,2016-08-30T17:36:00,2016-08-30T17:36:00,198,198
http://irail.be/vehicle/IC938,http://irail.be/stations/NMBS/008881406,IC,2016-08-30T17:37:00,2016-08-30T17:37:00,138,138
http://irail.be/vehicle/IC938,http://irail.be/stations/NMBS/008881315,IC,2016-08-30T17:39:00,2016-08-30T17:39:00,138,138
http://irail.be/vehicle/IC938,http://irail.be/stations/NMBS/008881000,IC,2016-08-30T17:45:00,2016-08-30T17:42:00,96,156
http://irail.be/vehicle/IC938,http://irail.be/stations/NMBS/008884566,IC,2016-08-30T17:50:00,2016-08-30T17:50:00,46,46
http://irail.be/vehicle/IC938,http://irail.be/stations/NMBS/008884541,IC,2016-08-30T17:51:00,2016-08-30T17:51:00,36,36
http://irail.be/vehicle/IC938,http://irail.be/stations/NMBS/008884004,IC,2016-08-30T17:54:00,2016-08-30T17:53:00,117,123
http://irail.be/vehicle/IC938,http://irail.be/stations/NMBS/008884632,IC,2016-08-30T17:59:00,2016-08-30T17:59:00,117,117
http://irail.be/vehicle/IC938,http://irail.be/stations/NMBS/008884640,IC,2016-08-30T18:00:00,2016-08-30T18:00:00,117,117
http://irail.be/vehicle/IC938,http://irail.be/stations/NMBS/008884715,IC,2016-08-30T18:01:00,2016-08-30T18:01:00,93,93
http://irail.be/vehicle/IC938,http://irail.be/stations/NMBS/008884855,IC,2016-08-30T18:04:00,2016-08-30T18:04:00,93,93
http://irail.be/vehicle/IC938,http://irail.be/stations/NMBS/008884889,IC,2016-08-30T18:06:00,2016-08-30T18:06:00,93,93
http://irail.be/vehicle/IC938,http://irail.be/stations/NMBS/008885530,IC,2016-08-30T18:08:00,2016-08-30T18:08:00,33,33
http://irail.be/vehicle/IC938,http://irail.be/stations/NMBS/008885522,IC,2016-08-30T18:09:00,2016-08-30T18:09:00,88,88
http://irail.be/vehicle/IC938,http://irail.be/stations/NMBS/008885001,IC,2016-08-30T18:19:00,2016-08-30T18:15:00,14,28
http://irail.be/vehicle/IC938,http://irail.be/stations/NMBS/008885068,IC,2016-08-30T18:23:00,2016-08-30T18:23:00,7,-25
http://irail.be/vehicle/IC938,http://irail.be/stations/NMBS/008885753,IC,2016-08-30T18:33:00,2016-08-30T18:33:00,0,-173
http://irail.be/vehicle/IC938,http://irail.be/stations/NMBS/008885704,IC,2016-08-30T18:37:00,2016-08-30T18:37:00,,178
http://irail.be/vehicle/IC938,http://irail.be/stations/NMBS/008863008,IC,2016-01-20T16:38:00,2016-01-20T16:38:00,25,0
http://irail.be/vehicle/IC938,http://irail.be/stations/NMBS/008861119,IC,2016-01-20T16:41:00,2016-01-20T16:41:00,67,67
http://irail.be/vehicle/IC938,http://irail.be/stations/NMBS/008861127,IC,2016-01-20T16:43:00,2016-01-20T16:43:00,29,11
http://irail.be/vehicle/IC938,http://irail.be/stations/NMBS/008861135,IC,2016-01-20T16:46:00,2016-01-20T16:46:00,-9,29
http://irail.be/vehicle/IC938,http://irail.be/stations/NMBS/008861143,IC,2016-01-20T16:49:00,2016-01-20T16:49:00,-96,-96
http://irail.be/vehicle/IC938,http://irail.be/stations/NMBS/008861150,IC,2016-01-20T16:51:00,2016-01-20T16:51:00,-96,-96
http://irail.be/vehicle/IC938,NO-URI,IC,2016-01-20T16:51:00,2016-01-20T16:51:00,-68,-70
http://irail.be/vehicle/IC938,http://irail.be/stations/NMBS/008861168,IC,2016-01-20T16:52:00,2016-01-20T16:52:00,-68,-68
http://irail.be/vehicle/IC938,http://irail.be/stations/NMBS/008874724,IC,2016-01-20T16:52:00,2016-01-20T16:52:00,-62,-68
http://irail.be/vehicle/IC938,NO-URI,IC,2016-01-20T16:54:00,2016-01-20T16:54:00,-159,-159
http://irail.be/vehicle/IC938,http://irail.be/stations/NMBS/008874716,IC,2016-01-20T16:55:00,2016-01-20T16:55:00,-97,-97
http://irail.be/vehicle/IC938,http://irail.be/stations/NMBS/008874609,IC,2016-01-20T16:58:00,2016-01-20T16:57:00,55,39
http://irail.be/vehicle/IC938,http://irail.be/stations/NMBS/008874583,IC,2016-01-20T17:00:00,2016-01-20T17:00:00,0,0
http://irail.be/vehicle/IC938,http://irail.be/stations/NMBS/008874567,IC,2016-01-20T17:01:00,2016-01-20T17:01:00,0,0
http://irail.be/vehicle/IC938,http://irail.be/stations/NMBS/008874559,IC,2016-01-20T17:02:00,2016-01-20T17:02:00,47,47
http://irail.be/vehicle/IC938,http://irail.be/stations/NMBS/008874005,IC,2016-01-20T17:03:00,2016-01-20T17:03:00,67,59
http://irail.be/vehicle/IC938,http://irail.be/stations/NMBS/008874054,IC,2016-01-20T17:06:00,2016-01-20T17:06:00,30,18
http://irail.be/vehicle/IC938,http://irail.be/stations/NMBS/008872009,IC,2016-01-20T17:11:00,2016-01-20T17:08:00,59,77
http://irail.be/vehicle/IC938,http://irail.be/stations/NMBS/008871100,IC,2016-01-20T17:15:00,2016-01-20T17:15:00,54,21
http://irail.be/vehicle/IC938,http://irail.be/stations/NMBS/008871514,IC,2016-01-20T17:19:00,2016-01-20T17:19:00,54,54
http://irail.be/vehicle/IC938,http://irail.be/stations/NMBS/008871415,IC,2016-01-20T17:20:00,2016-01-20T17:20:00,45,43
http://irail.be/vehicle/IC938,http://irail.be/stations/NMBS/008882248,IC,2016-01-20T17:22:00,2016-01-20T17:22:00,45,45
http://irail.be/vehicle/IC938,http://irail.be/stations/NMBS/008882230,IC,2016-01-20T17:23:00,2016-01-20T17:23:00,0,0
http://irail.be/vehicle/IC938,http://irail.be/stations/NMBS/008882206,IC,2016-01-20T17:28:00,2016-01-20T17:27:00,66,5
http://irail.be/vehicle/IC938,http://irail.be/stations/NMBS/008881463,IC,2016-01-20T17:32:00,2016-01-20T17:32:00,60,60
http://irail.be/vehicle/IC938,http://irail.be/stations/NMBS/008881455,IC,2016-01-20T17:33:00,2016-01-20T17:33:00,60,60
http://irail.be/vehicle/IC938,http://irail.be/stations/NMBS/008881430,IC,2016-01-20T17:35:00,2016-01-20T17:35:00,0,0
http://irail.be/vehicle/IC938,NO-URI,IC,2016-01-20T17:36:00,2016-01-20T17:36:00,66,61
http://irail.be/vehicle/IC938,http://irail.be/stations/NMBS/008881406,IC,2016-01-20T17:37:00,2016-01-20T17:37:00,6,6
http://irail.be/vehicle/IC938,http://irail.be/stations/NMBS/008881315,IC,2016-01-20T17:39:00,2016-01-20T17:39:00,0,0
http://irail.be/vehicle/IC938,http://irail.be/stations/NMBS/008881000,IC,2016-01-20T17:45:00,2016-01-20T17:42:00,146,146
http://irail.be/vehicle/IC938,http://irail.be/stations/NMBS/008884566,IC,2016-01-20T17:50:00,2016-01-20T17:50:00,105,86
http://irail.be/vehicle/IC938,http://irail.be/stations/NMBS/008884541,IC,2016-01-20T17:51:00,2016-01-20T17:51:00,98,98
http://irail.be/vehicle/IC938,http://irail.be/stations/NMBS/008884004,IC,2016-01-20T17:54:00,2016-01-20T17:53:00,132,92
http://irail.be/vehicle/IC938,http://irail.be/stations/NMBS/008884632,IC,2016-01-20T17:59:00,2016-01-20T17:59:00,0,0
http://irail.be/vehicle/IC938,http://irail.be/stations/NMBS/008884640,IC,2016-01-20T18:00:00,2016-01-20T18:00:00,0,0
http://irail.be/vehicle/IC938,http://irail.be/stations/NMBS/008884715,IC,2016-01-20T18:01:00,2016-01-20T18:01:00,109,104
http://irail.be/vehicle/IC938,http://irail.be/stations/NMBS/008884855,IC,2016-01-20T18:04:00,2016-01-20T18:04:00,109,109
http://irail.be/vehicle/IC938,http://irail.be/stations/NMBS/008884889,IC,2016-01-20T18:06:00,2016-01-20T18:06:00,0,0
http://irail.be/vehicle/IC938,http://irail.be/stations/NMBS/008885530,IC,2016-01-20T18:08:00,2016-01-20T18:08:00,0,0
http://irail.be/vehicle/IC938,http://irail.be/stations/NMBS/008885522,IC,2016-01-20T18:09:00,2016-01-20T18:09:00,167,104
http://irail.be/vehicle/IC938,http://irail.be/stations/NMBS/008885001,IC,2016-01-20T18:19:00,2016-01-20T18:15:00,119,175
http://irail.be/vehicle/IC938,http://irail.be/stations/NMBS/008885068,IC,2016-01-20T18:23:00,2016-01-20T18:23:00,149,105
http://irail.be/vehicle/IC938,http://irail.be/stations/NMBS/008885753,IC,2016-01-20T18:33:00,2016-01-20T18:33:00,0,0
http://irail.be/vehicle/IC938,http://irail.be/stations/NMBS/008885704,IC,2016-01-20T18:37:00,2016-01-20T18:37:00,0,228
http://irail.be/vehicle/IC938,http://irail.be/stations/NMBS/008863008,IC,2016-08-04T16:38:00,2016-08-04T16:38:00,21,
http://irail.be/vehicle/IC938,http://irail.be/stations/NMBS/008861119,IC,2016-08-04T16:41:00,2016-08-04T16:41:00,61,61
http://irail.be/vehicle/IC938,http://irail.be/stations/NMBS/008861127,IC,2016-08-04T16:43:00,2016-08-04T16:43:00,10,10
http://irail.be/vehicle/IC938,http://irail.be/stations/NMBS/008861135,IC,2016-08-04T16:46:00,2016-08-04T16:46:00,-28,-28
http://irail.be/vehicle/IC938,http://irail.be/stations/NMBS/008861143,IC,2016-08-04T16:49:00,2016-08-04T16:49:00,-42,-42
http://irail.be/vehicle/IC938,http://irail.be/stations/NMBS/008861150,IC,2016-08-04T16:51:00,2016-08-04T16:51:00,-42,-42
http://irail.be/vehicle/IC938,NO-URI,IC,2016-08-04T16:51:00,2016-08-04T16:51:00,47,47
http://irail.be/vehicle/IC938,http://irail.be/stations/NMBS/008861168,IC,2016-08-04T16:52:00,2016-08-04T16:52:00,47,47
http://irail.be/vehicle/IC938,http://irail.be/stations/NMBS/008874724,IC,2016-08-04T16:52:00,2016-08-04T16:52:00,54,54
http://irail.be/vehicle/IC938,NO-URI,IC,2016-08-04T16:54:00,2016-08-04T16:54:00,-37,-37
http://irail.be/vehicle/IC938,http://irail.be/stations/NMBS/008874716,IC,2016-08-04T16:55:00,2016-08-04T16:55:00,34,34
http://irail.be/vehicle/IC938,http://irail.be/stations/NMBS/008874609,IC,2016-08-04T16:58:00,2016-08-04T16:57:00,201,188
http://irail.be/vehicle/IC938,http://irail.be/stations/NMBS/008874583,IC,2016-08-04T17:00:00,2016-08-04T17:00:00,201,201
http://irail.be/vehicle/IC938,http://irail.be/stations/NMBS/008874567,IC,2016-08-04T17:01:00,2016-08-04T17:01:00,201,201
http://irail.be/vehicle/IC938,http://irail.be/stations/NMBS/008874559,IC,2016-08-04T17:02:00,2016-08-04T17:02:00,176,176
http://irail.be/vehicle/IC938,NO-URI,IC,2016-08-04T17:03:00,2016-08-04T17:03:00,176,176
http://irail.be/vehicle/IC938,http://irail.be/stations/NMBS/008874005,IC,2016-08-04T17:03:00,2016-08-04T17:03:00,187,187
http://irail.be/vehicle/IC938,http://irail.be/stations/NMBS/008874054,IC,2016-08-04T17:06:00,2016-08-04T17:06:00,175,175
http://irail.be/vehicle/IC938,http://irail.be/stations/NMBS/008872009,IC,2016-08-04T17:11:00,2016-08-04T17:08:00,159,239
http://irail.be/vehicle/IC938,http://irail.be/stations/NMBS/008871100,IC,2016-08-04T17:15:00,2016-08-04T17:15:00,159,159
http://irail.be/vehicle/IC938,http://irail.be/stations/NMBS/008871514,IC,2016-08-04T17:19:00,2016-08-04T17:19:00,162,162
http://irail.be/vehicle/IC938,http://irail.be/stations/NMBS/008871415,IC,2016-08-04T17:20:00,2016-08-04T17:20:00,159,159
http://irail.be/vehicle/IC938,http://irail.be/stations/NMBS/008882248,IC,2016-08-04T17:22:00,2016-08-04T17:22:00,159,159
http://irail.be/vehicle/IC938,http://irail.be/stations/NMBS/008882230,IC,2016-08-04T17:23:00,2016-08-04T17:23:00,159,159
http://irail.be/vehicle/IC938,http://irail.be/stations/NMBS/008882206,IC,2016-08-04T17:28:00,2016-08-04T17:27:00,156,113
http://irail.be/vehicle/IC938,http://irail.be/stations/NMBS/008881463,IC,2016-08-04T17:32:00,2016-08-04T17:32:00,165,165
http://irail.be/vehicle/IC938,http://irail.be/stations/NMBS/008881455,IC,2016-08-04T17:33:00,2016-08-04T17:33:00,165,165
http://irail.be/vehicle/IC938,http://irail.be/stations/NMBS/008881430,IC,2016-08-04T17:35:00,2016-08-04T17:35:00,165,165
http://irail.be/vehicle/IC938,NO-URI,IC,2016-08-04T17:36:00,2016-08-04T17:36:00,153,153
http://irail.be/vehicle/IC938,http://irail.be/stations/NMBS/008881406,IC,2016-08-04T17:37:00,2016-08-04T17:37:00,93,93
http://irail.be/vehicle/IC938,http://irail.be/stations/NMBS/008881315,IC,2016-08-04T17:39:00,2016-08-04T17:39:00,93,93
http://irail.be/vehicle/IC938,http://irail.be/stations/NMBS/008881000,IC,2016-08-04T17:45:00,2016-08-04T17:42:00,128,209
http://irail.be/vehicle/IC938,http://irail.be/stations/NMBS/008884566,IC,2016-08-04T17:50:00,2016-08-04T17:50:00,78,78
http://irail.be/vehicle/IC938,http://irail.be/stations/NMBS/008884541,IC,2016-08-04T17:51:00,2016-08-04T17:51:00,72,72
http://irail.be/vehicle/IC938,http://irail.be/stations/NMBS/008884004,IC,2016-08-04T17:54:00,2016-08-04T17:53:00,124,88
http://irail.be/vehicle/IC938,http://irail.be/stations/NMBS/008884632,IC,2016-08-04T17:59:00,2016-08-04T17:59:00,124,124
http://irail.be/vehicle/IC938,http://irail.be/stations/NMBS/008884640,IC,2016-08-04T18:00:00,2016-08-04T18:00:00,124,124
http://irail.be/vehicle/IC938,http://irail.be/stations/NMBS/008884715,IC,2016-08-04T18:01:00,2016-08-04T18:01:00,196,196
http://irail.be/vehicle/IC938,http://irail.be/stations/NMBS/008884855,IC,2016-08-04T18:04:00,2016-08-04T18:04:00,196,196
http://irail.be/vehicle/IC938,http://irail.be/stations/NMBS/008884889,IC,2016-08-04T18:06:00,2016-08-04T18:06:00,196,196
http://irail.be/vehicle/IC938,http://irail.be/stations/NMBS/008885530,IC,2016-08-04T18:08:00,2016-08-04T18:08:00,136,136
http://irail.be/vehicle/IC938,http://irail.be/stations/NMBS/008885522,IC,2016-08-04T18:09:00,2016-08-04T18:09:00,239,239
http://irail.be/vehicle/IC938,http://irail.be/stations/NMBS/008885001,IC,2016-08-04T18:19:00,2016-08-04T18:15:00,200,144
http://irail.be/vehicle/IC938,http://irail.be/stations/NMBS/008885068,IC,2016-08-04T18:23:00,2016-08-04T18:23:00,259,194
http://irail.be/vehicle/IC938,http://irail.be/stations/NMBS/008885753,IC,2016-08-04T18:33:00,2016-08-04T18:33:00,79,79
http://irail.be/vehicle/IC938,http://irail.be/stations/NMBS/008885704,IC,2016-08-04T18:37:00,2016-08-04T18:37:00,,235
http://irail.be/vehicle/IC938,http://irail.be/stations/NMBS/008863008,IC,2016-06-07T16:38:00,2016-06-07T16:38:00,37,0
http://irail.be/vehicle/IC938,http://irail.be/stations/NMBS/008861119,IC,2016-06-07T16:41:00,2016-06-07T16:41:00,73,73
http://irail.be/vehicle/IC938,NO-URI,IC,2016-06-07T16:41:00,2016-06-07T16:41:00,73,73
http://irail.be/vehicle/IC938,http://irail.be/stations/NMBS/008861127,IC,2016-06-07T16:43:00,2016-06-07T16:43:00,30,12
http://irail.be/vehicle/IC938,http://irail.be/stations/NMBS/008861135,IC,2016-06-07T16:46:00,2016-06-07T16:46:00,3,30
http://irail.be/vehicle/IC938,http://irail.be/stations/NMBS/008861143,IC,2016-06-07T16:49:00,2016-06-07T16:49:00,-79,-79
http://irail.be/vehicle/IC938,http://irail.be/stations/NMBS/008861150,IC,2016-06-07T16:51:00,2016-06-07T16:51:00,-79,-79
http://irail.be/vehicle/IC938,NO-URI,IC,2016-06-07T16:51:00,2016-06-07T16:51:00,-28,-36
http://irail.be/vehicle/IC938,http://irail.be/stations/NMBS/008861168,IC,2016-06-07T16:52:00,2016-06-07T16:52:00,-28,-28
http://irail.be/vehicle/IC938,http://irail.be/stations/NMBS/008874724,IC,2016-06-07T16:52:00,2016-06-07T16:52:00,-10,-28
http://irail.be/vehicle/IC938,NO-URI,IC,2016-06-07T16:54:00,2016-06-07T16:54:00,-97,-107
http://irail.be/vehicle/IC938,http://irail.be/stations/NMBS/008874716,IC,2016-06-07T16:55:00,2016-06-07T16:55:00,-73,-73
http://irail.be/vehicle/IC938,http://irail.be/stations/NMBS/008874609,IC,2016-06-07T16:58:00,2016-06-07T16:57:00,16,-31
http://irail.be/vehicle/IC938,http://irail.be/stations/NMBS/008874583,IC,2016-06-07T16:59:00,2016-06-07T16:59:00,-44,-44
http://irail.be/vehicle/IC938,http://irail.be/stations/NMBS/008874567,IC,2016-06-07T17:01:00,2016-06-07T17:01:00,16,16
http://irail.be/vehicle/IC938,http://irail.be/stations/NMBS/008874559,IC,2016-06-07T17:02:00,2016-06-07T17:02:00,-9,-9
http://irail.be/vehicle/IC938,http://irail.be/stations/NMBS/008874005,IC,2016-06-07T17:03:00,2016-06-07T17:03:00,4,-2
http://irail.be/vehicle/IC938,http://irail.be/stations/NMBS/008874054,IC,2016-06-07T17:06:00,2016-06-07T17:06:00,-6,-41
http://irail.be/vehicle/IC938,http://irail.be/stations/NMBS/008872009,IC,2016-06-07T17:11:00,2016-06-07T17:08:00,17,43
http://irail.be/vehicle/IC938,http://irail.be/stations/NMBS/008871100,IC,2016-06-07T17:15:00,2016-06-07T17:15:00,-4,-37
http://irail.be/vehicle/IC938,http://irail.be/stations/NMBS/008871514,IC,2016-06-07T17:18:00,2016-06-07T17:18:00,-67,-67
http://irail.be/vehicle/IC938,http://irail.be/stations/NMBS/008871415,IC,2016-06-07T17:20:00,2016-06-07T17:20:00,-14,-15
http://irail.be/vehicle/IC938,http://irail.be/stations/NMBS/008882248,IC,2016-06-07T17:21:00,2016-06-07T17:21:00,-74,-74
http://irail.be/vehicle/IC938,http://irail.be/stations/NMBS/008882230,IC,2016-06-07T17:22:00,2016-06-07T17:22:00,-74,-74
http://irail.be/vehicle/IC938,http://irail.be/stations/NMBS/008882206,IC,2016-06-07T17:28:00,2016-06-07T17:27:00,313,283
http://irail.be/vehicle/IC938,http://irail.be/stations/NMBS/008881463,IC,2016-06-07T17:32:00,2016-06-07T17:32:00,304,304
http://irail.be/vehicle/IC938,http://irail.be/stations/NMBS/008881455,IC,2016-06-07T17:33:00,2016-06-07T17:33:00,304,304
http://irail.be/vehicle/IC938,http://irail.be/stations/NMBS/008881430,IC,2016-06-07T17:34:00,2016-06-07T17:34:00,244,244
http://irail.be/vehicle/IC938,NO-URI,IC,2016-06-07T17:36:00,2016-06-07T17:36:00,341,323
http://irail.be/vehicle/IC938,http://irail.be/stations/NMBS/008881406,IC,2016-06-07T17:37:00,2016-06-07T17:37:00,281,281
http://irail.be/vehicle/IC938,http://irail.be/stations/NMBS/008881315,IC,2016-06-07T17:40:00,2016-06-07T17:40:00,341,341
http://irail.be/vehicle/IC938,http://irail.be/stations/NMBS/008881000,IC,2016-06-07T17:45:00,2016-06-07T17:42:00,727,574
http://irail.be/vehicle/IC938,http://irail.be/stations/NMBS/008884566,IC,2016-06-07T17:50:00,2016-06-07T17:50:00,760,667
http://irail.be/vehicle/IC938,http://irail.be/stations/NMBS/008884541,IC,2016-06-07T17:51:00,2016-06-07T17:51:00,789,789
http://irail.be/vehicle/IC938,http://irail.be/stations/NMBS/008884004,IC,2016-06-07T17:53:00,2016-06-07T17:53:00,978,978
http://irail.be/vehicle/IC938,http://irail.be/stations/NMBS/008863008,IC,2016-01-11T16:38:00,2016-01-11T16:38:00,36,0
http://irail.be/vehicle/IC938,http://irail.be/stations/NMBS/008861119,IC,2016-01-11T16:41:00,2016-01-11T16:41:00,58,58
http://irail.be/vehicle/IC938,http://irail.be/stations/NMBS/008861127,IC,2016-01-11T16:43:00,2016-01-11T16:43:00,6,-8
http://irail.be/vehicle/IC938,http://irail.be/stations/NMBS/008861135,IC,2016-01-11T16:46:00,2016-01-11T16:46:00,-33,6
http://irail.be/vehicle/IC938,http://irail.be/stations/NMBS/008861143,IC,2016-01-11T16:49:00,2016-01-11T16:49:00,-122,-122
http://irail.be/vehicle/IC938,http://irail.be/stations/NMBS/008861150,IC,2016-01-11T16:51:00,2016-01-11T16:51:00,-122,-122
http://irail.be/vehicle/IC938,NO-URI,IC,2016-01-11T16:51:00,2016-01-11T16:51:00,-90,-93
http://irail.be/vehicle/IC938,http://irail.be/stations/NMBS/008861168,IC,2016-01-11T16:52:00,2016-01-11T16:52:00,-90,-90
http://irail.be/vehicle/IC938,http://irail.be/stations/NMBS/008874724,IC,2016-01-11T16:52:00,2016-01-11T16:52:00,-68,-90
http://irail.be/vehicle/IC938,NO-URI,IC,2016-01-11T16:54:00,2016-01-11T16:54:00,-148,-165
http://irail.be/vehicle/IC938,http://irail.be/stations/NMBS/008874716,IC,2016-01-11T16:55:00,2016-01-11T16:55:00,-82,-82
http://irail.be/vehicle/IC938,http://irail.be/stations/NMBS/008874609,IC,2016-01-11T16:58:00,2016-01-11T16:57:00,60,27
http://irail.be/vehicle/IC938,http://irail.be/stations/NMBS/008874583,IC,2016-01-11T17:00:00,2016-01-11T17:00:00,60,60
http://irail.be/vehicle/IC938,http://irail.be/stations/NMBS/008874567,IC,2016-01-11T17:01:00,2016-01-11T17:01:00,60,60
http://irail.be/vehicle/IC938,http://irail.be/stations/NMBS/008874559,IC,2016-01-11T17:02:00,2016-01-11T17:02:00,44,44
http://irail.be/vehicle/IC938,http://irail.be/stations/NMBS/008874005,IC,2016-01-11T17:03:00,2016-01-11T17:03:00,57,52
http://irail.be/vehicle/IC938,http://irail.be/stations/NMBS/008874054,IC,2016-01-11T17:06:00,2016-01-11T17:06:00,12,7
http://irail.be/vehicle/IC938,http://irail.be/stations/NMBS/008872009,IC,2016-01-11T17:11:00,2016-01-11T17:08:00,29,61
http://irail.be/vehicle/IC938,http://irail.be/stations/NMBS/008871100,IC,2016-01-11T17:15:00,2016-01-11T17:15:00,26,-9
http://irail.be/vehicle/IC938,http://irail.be/stations/NMBS/008871514,IC,2016-01-11T17:19:00,2016-01-11T17:19:00,26,26
http://irail.be/vehicle/IC938,http://irail.be/stations/NMBS/008871415,IC,2016-01-11T17:20:00,2016-01-11T17:20:00,27,30
http://irail.be/vehicle/IC938,http://irail.be/stations/NMBS/008882248,IC,2016-01-11T17:22:00,2016-01-11T17:22:00,27,27
http://irail.be/vehicle/IC938,http://irail.be/stations/NMBS/008882230,IC,2016-01-11T17:23:00,2016-01-11T17:23:00,27,27
http://irail.be/vehicle/IC938,http://irail.be/stations/NMBS/008882206,IC,2016-01-11T17:28:00,2016-01-11T17:27:00,21,-31
http://irail.be/vehicle/IC938,http://irail.be/stations/NMBS/008881463,IC,2016-01-11T17:32:00,2016-01-11T17:32:00,19,19
http://irail.be/vehicle/IC938,http://irail.be/stations/NMBS/008881455,IC,2016-01-11T17:33:00,2016-01-11T17:33:00,19,19
http://irail.be/vehicle/IC938,http://irail.be/stations/NMBS/008881430,IC,2016-01-11T17:35:00,2016-01-11T17:35:00,19,19
http://irail.be/vehicle/IC938,NO-URI,IC,2016-01-11T17:36:00,2016-01-11T17:36:00,9,7
http://irail.be/vehicle/IC938,http://irail.be/stations/NMBS/008881406,IC,2016-01-11T17:37:00,2016-01-11T17:37:00,-51,-51
http://irail.be/vehicle/IC938,http://irail.be/stations/NMBS/008881315,IC,2016-01-11T17:39:00,2016-01-11T17:39:00,-51,-51
http://irail.be/vehicle/IC938,http://irail.be/stations/NMBS/008881000,IC,2016-01-11T17:45:00,2016-01-11T17:42:00,59,64
http://irail.be/vehicle/IC938,http://irail.be/stations/NMBS/008884566,IC,2016-01-11T17:50:00,2016-01-11T17:50:00,4,-1
http://irail.be/vehicle/IC938,http://irail.be/stations/NMBS/008884541,IC,2016-01-11T17:51:00,2016-01-11T17:51:00,-5,-5
http://irail.be/vehicle/IC938,http://irail.be/stations/NMBS/008884004,IC,2016-01-11T17:54:00,2016-01-11T17:53:00,248,217
http://irail.be/vehicle/IC938,http://irail.be/stations/NMBS/008884632,IC,2016-01-11T17:59:00,2016-01-11T17:59:00,248,248
http://irail.be/vehicle/IC938,http://irail.be/stations/NMBS/008884640,IC,2016-01-11T18:00:00,2016-01-11T18:00:00,248,248
http://irail.be/vehicle/IC938,http://irail.be/stations/NMBS/008884715,IC,2016-01-11T18:01:00,2016-01-11T18:01:00,249,242
http://irail.be/vehicle/IC938,http://irail.be/stations/NMBS/008884855,IC,2016-01-11T18:04:00,2016-01-11T18:04:00,249,249
http://irail.be/vehicle/IC938,http://irail.be/stations/NMBS/008884889,IC,2016-01-11T18:06:00,2016-01-11T18:06:00,249,249
http://irail.be/vehicle/IC938,http://irail.be/stations/NMBS/008885530,IC,2016-01-11T18:08:00,2016-01-11T18:08:00,189,189
http://irail.be/vehicle/IC938,http://irail.be/stations/NMBS/008885522,IC,2016-01-11T18:09:00,2016-01-11T18:09:00,441,259
http://irail.be/vehicle/IC938,http://irail.be/stations/NMBS/008885001,IC,2016-01-11T18:19:00,2016-01-11T18:15:00,470,434
http://irail.be/vehicle/IC938,http://irail.be/stations/NMBS/008885068,IC,2016-01-11T18:23:00,2016-01-11T18:23:00,474,423
http://irail.be/vehicle/IC938,http://irail.be/stations/NMBS/008885753,IC,2016-01-11T18:33:00,2016-01-11T18:33:00,294,294
http://irail.be/vehicle/IC938,http://irail.be/stations/NMBS/008885704,IC,2016-01-11T18:37:00,2016-01-11T18:37:00,0,527
http://irail.be/vehicle/IC938,http://irail.be/stations/NMBS/008863008,IC,2016-07-01T16:38:00,2016-07-01T16:38:00,18,
http://irail.be/vehicle/IC938,http://irail.be/stations/NMBS/008861119,IC,2016-07-01T16:41:00,2016-07-01T16:41:00,67,67
http://irail.be/vehicle/IC938,http://irail.be/stations/NMBS/008861127,IC,2016-07-01T16:43:00,2016-07-01T16:43:00,28,28
http://irail.be/vehicle/IC938,http://irail.be/stations/NMBS/008861135,IC,2016-07-01T16:46:00,2016-07-01T16:46:00,5,5
http://irail.be/vehicle/IC938,http://irail.be/stations/NMBS/008861143,IC,2016-07-01T16:49:00,2016-07-01T16:49:00,-70,-70
http://irail.be/vehicle/IC938,http://irail.be/stations/NMBS/008861150,IC,2016-07-01T16:51:00,2016-07-01T16:51:00,-70,-70
http://irail.be/vehicle/IC938,NO-URI,IC,2016-07-01T16:51:00,2016-07-01T16:51:00,-14,-14
http://irail.be/vehicle/IC938,http://irail.be/stations/NMBS/008861168,IC,2016-07-01T16:52:00,2016-07-01T16:52:00,-14,-14
http://irail.be/vehicle/IC938,http://irail.be/stations/NMBS/008874724,IC,2016-07-01T16:52:00,2016-07-01T16:52:00,2,2
http://irail.be/vehicle/IC938,NO-URI,IC,2016-07-01T16:54:00,2016-07-01T16:54:00,-85,-85
http://irail.be/vehicle/IC938,http://irail.be/stations/NMBS/008874716,IC,2016-07-01T16:55:00,2016-07-01T16:55:00,-53,-53
http://irail.be/vehicle/IC938,http://irail.be/stations/NMBS/008874609,IC,2016-07-01T16:58:00,2016-07-01T16:57:00,10,-23
http://irail.be/vehicle/IC938,http://irail.be/stations/NMBS/008874583,IC,2016-07-01T17:00:00,2016-07-01T17:00:00,10,10
http://irail.be/vehicle/IC938,http://irail.be/stations/NMBS/008874567,IC,2016-07-01T17:01:00,2016-07-01T17:01:00,10,10
http://irail.be/vehicle/IC938,http://irail.be/stations/NMBS/008874559,IC,2016-07-01T17:02:00,2016-07-01T17:02:00,-23,-23
http://irail.be/vehicle/IC938,NO-URI,IC,2016-07-01T17:03:00,2016-07-01T17:03:00,-23,-23
http://irail.be/vehicle/IC938,http://irail.be/stations/NMBS/008874005,IC,2016-07-01T17:03:00,2016-07-01T17:03:00,-13,-13
http://irail.be/vehicle/IC938,http://irail.be/stations/NMBS/008874054,IC,2016-07-01T17:06:00,2016-07-01T17:06:00,-40,-40
http://irail.be/vehicle/IC938,http://irail.be/stations/NMBS/008872009,IC,2016-07-01T17:11:00,2016-07-01T17:08:00,10,23
http://irail.be/vehicle/IC938,http://irail.be/stations/NMBS/008871100,IC,2016-07-01T17:15:00,2016-07-01T17:15:00,-20,-20
http://irail.be/vehicle/IC938,http://irail.be/stations/NMBS/008871514,IC,2016-07-01T17:19:00,2016-07-01T17:19:00,-25,-25
http://irail.be/vehicle/IC938,http://irail.be/stations/NMBS/008871415,IC,2016-07-01T17:20:00,2016-07-01T17:20:00,-46,-46
http://irail.be/vehicle/IC938,http://irail.be/stations/NMBS/008882248,IC,2016-07-01T17:22:00,2016-07-01T17:22:00,-46,-46
http://irail.be/vehicle/IC938,http://irail.be/stations/NMBS/008882230,IC,2016-07-01T17:23:00,2016-07-01T17:23:00,-46,-46
http://irail.be/vehicle/IC938,http://irail.be/stations/NMBS/008882206,IC,2016-07-01T17:28:00,2016-07-01T17:27:00,5,-104
http://irail.be/vehicle/IC938,http://irail.be/stations/NMBS/008881463,IC,2016-07-01T17:32:00,2016-07-01T17:32:00,-2,-2
http://irail.be/vehicle/IC938,http://irail.be/stations/NMBS/008881455,IC,2016-07-01T17:33:00,2016-07-01T17:33:00,-2,-2
http://irail.be/vehicle/IC938,http://irail.be/stations/NMBS/008881430,IC,2016-07-01T17:35:00,2016-07-01T17:35:00,-2,-2
http://irail.be/vehicle/IC938,NO-URI,IC,2016-07-01T17:36:00,2016-07-01T17:36:00,-16,-16
http://irail.be/vehicle/IC938,http://irail.be/stations/NMBS/008881406,IC,2016-07-01T17:37:00,2016-07-01T17:37:00,-16,-16
http://irail.be/vehicle/IC938,http://irail.be/stations/NMBS/008881315,IC,2016-07-01T17:39:00,2016-07-01T17:39:00,-16,-16
http://irail.be/vehicle/IC938,http://irail.be/stations/NMBS/008881000,IC,2016-07-01T17:45:00,2016-07-01T17:42:00,42,29
http://irail.be/vehicle/IC938,http://irail.be/stations/NMBS/008884566,IC,2016-07-01T17:50:00,2016-07-01T17:50:00,-34,-34
http://irail.be/vehicle/IC938,http://irail.be/stations/NMBS/008884541,IC,2016-07-01T17:51:00,2016-07-01T17:51:00,-47,-47
http://irail.be/vehicle/IC938,http://irail.be/stations/NMBS/008884004,IC,2016-07-01T17:54:00,2016-07-01T17:53:00,54,-42
http://irail.be/vehicle/IC938,http://irail.be/stations/NMBS/008884632,IC,2016-07-01T17:59:00,2016-07-01T17:59:00,54,54
http://irail.be/vehicle/IC938,http://irail.be/stations/NMBS/008884640,IC,2016-07-01T18:00:00,2016-07-01T18:00:00,54,54
http://irail.be/vehicle/IC938,http://irail.be/stations/NMBS/008884715,IC,2016-07-01T18:01:00,2016-07-01T18:01:00,40,40
http://irail.be/vehicle/IC938,http://irail.be/stations/NMBS/008884855,IC,2016-07-01T18:04:00,2016-07-01T18:04:00,40,40
http://irail.be/vehicle/IC938,http://irail.be/stations/NMBS/008884889,IC,2016-07-01T18:06:00,2016-07-01T18:06:00,40,40
http://irail.be/vehicle/IC938,http://irail.be/stations/NMBS/008885530,IC,2016-07-01T18:08:00,2016-07-01T18:08:00,-20,-20
http://irail.be/vehicle/IC938,http://irail.be/stations/NMBS/008885522,IC,2016-07-01T18:09:00,2016-07-01T18:09:00,13,13
http://irail.be/vehicle/IC938,http://irail.be/stations/NMBS/008885001,IC,2016-07-01T18:19:00,2016-07-01T18:15:00,319,352
http://irail.be/vehicle/IC938,http://irail.be/stations/NMBS/008885068,IC,2016-07-01T18:23:00,2016-07-01T18:23:00,328,277
http://irail.be/vehicle/IC938,http://irail.be/stations/NMBS/008885753,IC,2016-07-01T18:33:00,2016-07-01T18:33:00,148,148
http://irail.be/vehicle/IC938,http://irail.be/stations/NMBS/008885704,IC,2016-07-01T18:37:00,2016-07-01T18:37:00,,293
http://irail.be/vehicle/IC938,http://irail.be/stations/NMBS/008863008,IC,2016-08-26T16:38:00,2016-08-26T16:38:00,21,
http://irail.be/vehicle/IC938,http://irail.be/stations/NMBS/008861119,IC,2016-08-26T16:41:00,2016-08-26T16:41:00,36,36
http://irail.be/vehicle/IC938,http://irail.be/stations/NMBS/008861127,IC,2016-08-26T16:43:00,2016-08-26T16:43:00,-16,-16
http://irail.be/vehicle/IC938,http://irail.be/stations/NMBS/008861135,IC,2016-08-26T16:46:00,2016-08-26T16:46:00,-56,-56
http://irail.be/vehicle/IC938,http://irail.be/stations/NMBS/008861143,IC,2016-08-26T16:49:00,2016-08-26T16:49:00,-146,-146
http://irail.be/vehicle/IC938,http://irail.be/stations/NMBS/008861150,IC,2016-08-26T16:51:00,2016-08-26T16:51:00,-146,-146
http://irail.be/vehicle/IC938,NO-URI,IC,2016-08-26T16:51:00,2016-08-26T16:51:00,-61,-61
http://irail.be/vehicle/IC938,http://irail.be/stations/NMBS/008861168,IC,2016-08-26T16:52:00,2016-08-26T16:52:00,-61,-61
http://irail.be/vehicle/IC938,http://irail.be/stations/NMBS/008874724,IC,2016-08-26T16:52:00,2016-08-26T16:52:00,-39,-39
http://irail.be/vehicle/IC938,NO-URI,IC,2016-08-26T16:54:00,2016-08-26T16:54:00,-125,-125
http://irail.be/vehicle/IC938,http://irail.be/stations/NMBS/008874716,IC,2016-08-26T16:55:00,2016-08-26T16:55:00,-65,-65
http://irail.be/vehicle/IC938,http://irail.be/stations/NMBS/008874609,IC,2016-08-26T16:58:00,2016-08-26T16:57:00,9,-41
http://irail.be/vehicle/IC938,http://irail.be/stations/NMBS/008874583,IC,2016-08-26T16:59:00,2016-08-26T16:59:00,-51,-51
http://irail.be/vehicle/IC938,http://irail.be/stations/NMBS/008874567,IC,2016-08-26T17:01:00,2016-08-26T17:01:00,9,9
http://irail.be/vehicle/IC938,http://irail.be/stations/NMBS/008874559,IC,2016-08-26T17:02:00,2016-08-26T17:02:00,0,0
http://irail.be/vehicle/IC938,NO-URI,IC,2016-08-26T17:03:00,2016-08-26T17:03:00,0,0
http://irail.be/vehicle/IC938,http://irail.be/stations/NMBS/008874005,IC,2016-08-26T17:03:00,2016-08-26T17:03:00,25,25
http://irail.be/vehicle/IC938,http://irail.be/stations/NMBS/008874054,IC,2016-08-26T17:06:00,2016-08-26T17:06:00,-9,-9
http://irail.be/vehicle/IC938,http://irail.be/stations/NMBS/008872009,IC,2016-08-26T17:11:00,2016-08-26T17:08:00,19,41
http://irail.be/vehicle/IC938,http://irail.be/stations/NMBS/008871100,IC,2016-08-26T17:15:00,2016-08-26T17:15:00,-7,-7
http://irail.be/vehicle/IC938,http://irail.be/stations/NMBS/008871514,IC,2016-08-26T17:18:00,2016-08-26T17:18:00,-72,-72
http://irail.be/vehicle/IC938,http://irail.be/stations/NMBS/008871415,IC,2016-08-26T17:20:00,2016-08-26T17:20:00,-26,-26
http://irail.be/vehicle/IC938,http://irail.be/stations/NMBS/008882248,IC,2016-08-26T17:21:00,2016-08-26T17:21:00,-86,-86
http://irail.be/vehicle/IC938,http://irail.be/stations/NMBS/008882230,IC,2016-08-26T17:22:00,2016-08-26T17:22:00,-86,-86
http://irail.be/vehicle/IC938,http://irail.be/stations/NMBS/008882206,IC,2016-08-26T17:28:00,2016-08-26T17:27:00,6,-96
http://irail.be/vehicle/IC938,http://irail.be/stations/NMBS/008881463,IC,2016-08-26T17:32:00,2016-08-26T17:32:00,-11,-11
http://irail.be/vehicle/IC938,http://irail.be/stations/NMBS/008881455,IC,2016-08-26T17:33:00,2016-08-26T17:33:00,-11,-11
http://irail.be/vehicle/IC938,http://irail.be/stations/NMBS/008881430,IC,2016-08-26T17:34:00,2016-08-26T17:34:00,-71,-71
http://irail.be/vehicle/IC938,NO-URI,IC,2016-08-26T17:36:00,2016-08-26T17:36:00,-15,-15
http://irail.be/vehicle/IC938,http://irail.be/stations/NMBS/008881406,IC,2016-08-26T17:37:00,2016-08-26T17:37:00,-15,-15
http://irail.be/vehicle/IC938,http://irail.be/stations/NMBS/008881315,IC,2016-08-26T17:40:00,2016-08-26T17:40:00,45,45
http://irail.be/vehicle/IC938,http://irail.be/stations/NMBS/008881000,IC,2016-08-26T17:45:00,2016-08-26T17:42:00,50,32
http://irail.be/vehicle/IC938,http://irail.be/stations/NMBS/008884566,IC,2016-08-26T17:50:00,2016-08-26T17:50:00,-15,-15
http://irail.be/vehicle/IC938,http://irail.be/stations/NMBS/008884541,IC,2016-08-26T17:51:00,2016-08-26T17:51:00,-25,-25
http://irail.be/vehicle/IC938,http://irail.be/stations/NMBS/008884004,IC,2016-08-26T17:54:00,2016-08-26T17:53:00,12,-24
http://irail.be/vehicle/IC938,http://irail.be/stations/NMBS/008884632,IC,2016-08-26T17:58:00,2016-08-26T17:58:00,-48,-48
http://irail.be/vehicle/IC938,http://irail.be/stations/NMBS/008884640,IC,2016-08-26T17:59:00,2016-08-26T17:59:00,-48,-48
http://irail.be/vehicle/IC938,http://irail.be/stations/NMBS/008884715,IC,2016-08-26T18:01:00,2016-08-26T18:01:00,-3,-3
http://irail.be/vehicle/IC938,http://irail.be/stations/NMBS/008884855,IC,2016-08-26T18:03:00,2016-08-26T18:03:00,-63,-63
http://irail.be/vehicle/IC938,http://irail.be/stations/NMBS/008884889,IC,2016-08-26T18:06:00,2016-08-26T18:06:00,-3,-3
http://irail.be/vehicle/IC938,http://irail.be/stations/NMBS/008885530,IC,2016-08-26T18:08:00,2016-08-26T18:08:00,-3,-3
http://irail.be/vehicle/IC938,http://irail.be/stations/NMBS/008885522,IC,2016-08-26T18:09:00,2016-08-26T18:09:00,32,32
http://irail.be/vehicle/IC938,http://irail.be/stations/NMBS/008885001,IC,2016-08-26T18:19:00,2016-08-26T18:15:00,444,234
http://irail.be/vehicle/IC938,http://irail.be/stations/NMBS/008885068,IC,2016-08-26T18:23:00,2016-08-26T18:23:00,532,510
http://irail.be/vehicle/IC938,http://irail.be/stations/NMBS/008885753,IC,2016-08-26T18:33:00,2016-08-26T18:33:00,352,352
http://irail.be/vehicle/IC938,http://irail.be/stations/NMBS/008885704,IC,2016-08-26T18:37:00,2016-08-26T18:37:00,,409
http://irail.be/vehicle/IC938,http://irail.be/stations/NMBS/008863008,IC,2016-08-10T16:38:00,2016-08-10T16:38:00,33,
http://irail.be/vehicle/IC938,http://irail.be/stations/NMBS/008861119,IC,2016-08-10T16:41:00,2016-08-10T16:41:00,77,77
http://irail.be/vehicle/IC938,http://irail.be/stations/NMBS/008861127,IC,2016-08-10T16:43:00,2016-08-10T16:43:00,37,37
http://irail.be/vehicle/IC938,http://irail.be/stations/NMBS/008861135,IC,2016-08-10T16:46:00,2016-08-10T16:46:00,3,3
http://irail.be/vehicle/IC938,http://irail.be/stations/NMBS/008861143,IC,2016-08-10T16:49:00,2016-08-10T16:49:00,-85,-85
http://irail.be/vehicle/IC938,http://irail.be/stations/NMBS/008861150,IC,2016-08-10T16:51:00,2016-08-10T16:51:00,-85,-85
http://irail.be/vehicle/IC938,NO-URI,IC,2016-08-10T16:51:00,2016-08-10T16:51:00,-45,-45
http://irail.be/vehicle/IC938,http://irail.be/stations/NMBS/008861168,IC,2016-08-10T16:52:00,2016-08-10T16:52:00,-45,-45
http://irail.be/vehicle/IC938,http://irail.be/stations/NMBS/008874724,IC,2016-08-10T16:52:00,2016-08-10T16:52:00,55,55
http://irail.be/vehicle/IC938,NO-URI,IC,2016-08-10T16:54:00,2016-08-10T16:54:00,-30,-30
http://irail.be/vehicle/IC938,http://irail.be/stations/NMBS/008874716,IC,2016-08-10T16:55:00,2016-08-10T16:55:00,-17,-17
http://irail.be/vehicle/IC938,http://irail.be/stations/NMBS/008874609,IC,2016-08-10T16:58:00,2016-08-10T16:57:00,23,8
http://irail.be/vehicle/IC938,http://irail.be/stations/NMBS/008874583,IC,2016-08-10T17:00:00,2016-08-10T17:00:00,23,23
http://irail.be/vehicle/IC938,http://irail.be/stations/NMBS/008874567,IC,2016-08-10T17:01:00,2016-08-10T17:01:00,23,23
http://irail.be/vehicle/IC938,http://irail.be/stations/NMBS/008874559,IC,2016-08-10T17:02:00,2016-08-10T17:02:00,0,0
http://irail.be/vehicle/IC938,NO-URI,IC,2016-08-10T17:03:00,2016-08-10T17:03:00,0,0
http://irail.be/vehicle/IC938,http://irail.be/stations/NMBS/008874005,IC,2016-08-10T17:03:00,2016-08-10T17:03:00,11,11
http://irail.be/vehicle/IC938,http://irail.be/stations/NMBS/008874054,IC,2016-08-10T17:06:00,2016-08-10T17:06:00,-8,-8
http://irail.be/vehicle/IC938,http://irail.be/stations/NMBS/008872009,IC,2016-08-10T17:11:00,2016-08-10T17:08:00,-2,48
http://irail.be/vehicle/IC938,http://irail.be/stations/NMBS/008871100,IC,2016-08-10T17:15:00,2016-08-10T17:15:00,-32,-32
http://irail.be/vehicle/IC938,http://irail.be/stations/NMBS/008871514,IC,2016-08-10T17:19:00,2016-08-10T17:19:00,-34,-34
http://irail.be/vehicle/IC938,http://irail.be/stations/NMBS/008871415,IC,2016-08-10T17:20:00,2016-08-10T17:20:00,-48,-48
http://irail.be/vehicle/IC938,http://irail.be/stations/NMBS/008882248,IC,2016-08-10T17:22:00,2016-08-10T17:22:00,-48,-48
http://irail.be/vehicle/IC938,http://irail.be/stations/NMBS/008882230,IC,2016-08-10T17:23:00,2016-08-10T17:23:00,-48,-48
http://irail.be/vehicle/IC938,http://irail.be/stations/NMBS/008882206,IC,2016-08-10T17:28:00,2016-08-10T17:27:00,3,-80
http://irail.be/vehicle/IC938,http://irail.be/stations/NMBS/008881463,IC,2016-08-10T17:32:00,2016-08-10T17:32:00,-4,-4
http://irail.be/vehicle/IC938,http://irail.be/stations/NMBS/008881455,IC,2016-08-10T17:33:00,2016-08-10T17:33:00,-4,-4
http://irail.be/vehicle/IC938,http://irail.be/stations/NMBS/008881430,IC,2016-08-10T17:35:00,2016-08-10T17:35:00,-4,-4
http://irail.be/vehicle/IC938,NO-URI,IC,2016-08-10T17:36:00,2016-08-10T17:36:00,-13,-13
http://irail.be/vehicle/IC938,http://irail.be/stations/NMBS/008881406,IC,2016-08-10T17:37:00,2016-08-10T17:37:00,-13,-13
http://irail.be/vehicle/IC938,http://irail.be/stations/NMBS/008881315,IC,2016-08-10T17:39:00,2016-08-10T17:39:00,-13,-13
http://irail.be/vehicle/IC938,http://irail.be/stations/NMBS/008881000,IC,2016-08-10T17:45:00,2016-08-10T17:42:00,-5,28
http://irail.be/vehicle/IC938,http://irail.be/stations/NMBS/008884566,IC,2016-08-10T17:50:00,2016-08-10T17:50:00,-80,-80
http://irail.be/vehicle/IC938,http://irail.be/stations/NMBS/008884541,IC,2016-08-10T17:51:00,2016-08-10T17:51:00,-92,-92
http://irail.be/vehicle/IC938,http://irail.be/stations/NMBS/008884004,IC,2016-08-10T17:54:00,2016-08-10T17:53:00,100,-100
http://irail.be/vehicle/IC938,http://irail.be/stations/NMBS/008884632,IC,2016-08-10T17:59:00,2016-08-10T17:59:00,100,100
http://irail.be/vehicle/IC938,http://irail.be/stations/NMBS/008884640,IC,2016-08-10T18:00:00,2016-08-10T18:00:00,100,100
http://irail.be/vehicle/IC938,http://irail.be/stations/NMBS/008884715,IC,2016-08-10T18:01:00,2016-08-10T18:01:00,82,82
http://irail.be/vehicle/IC938,http://irail.be/stations/NMBS/008884855,IC,2016-08-10T18:04:00,2016-08-10T18:04:00,82,82
http://irail.be/vehicle/IC938,http://irail.be/stations/NMBS/008884889,IC,2016-08-10T18:06:00,2016-08-10T18:06:00,82,82
http://irail.be/vehicle/IC938,http://irail.be/stations/NMBS/008885530,IC,2016-08-10T18:08:00,2016-08-10T18:08:00,22,22
http://irail.be/vehicle/IC938,http://irail.be/stations/NMBS/008885522,IC,2016-08-10T18:09:00,2016-08-10T18:09:00,67,67
http://irail.be/vehicle/IC938,http://irail.be/stations/NMBS/008885001,IC,2016-08-10T18:19:00,2016-08-10T18:15:00,32,59
http://irail.be/vehicle/IC938,http://irail.be/stations/NMBS/008885068,IC,2016-08-10T18:23:00,2016-08-10T18:23:00,26,-7
http://irail.be/vehicle/IC938,http://irail.be/stations/NMBS/008885753,IC,2016-08-10T18:33:00,2016-08-10T18:33:00,0,-154
http://irail.be/vehicle/IC938,http://irail.be/stations/NMBS/008885704,IC,2016-08-10T18:37:00,2016-08-10T18:37:00,,14
http://irail.be/vehicle/IC938,http://irail.be/stations/NMBS/008863008,IC,2016-01-19T16:38:00,2016-01-19T16:38:00,19,0
http://irail.be/vehicle/IC938,http://irail.be/stations/NMBS/008861119,IC,2016-01-19T16:41:00,2016-01-19T16:41:00,43,43
http://irail.be/vehicle/IC938,http://irail.be/stations/NMBS/008861127,IC,2016-01-19T16:43:00,2016-01-19T16:43:00,6,-11
http://irail.be/vehicle/IC938,http://irail.be/stations/NMBS/008861135,IC,2016-01-19T16:46:00,2016-01-19T16:46:00,-21,6
http://irail.be/vehicle/IC938,http://irail.be/stations/NMBS/008861143,IC,2016-01-19T16:49:00,2016-01-19T16:49:00,-107,-107
http://irail.be/vehicle/IC938,http://irail.be/stations/NMBS/008861150,IC,2016-01-19T16:51:00,2016-01-19T16:51:00,-107,-107
http://irail.be/vehicle/IC938,NO-URI,IC,2016-01-19T16:51:00,2016-01-19T16:51:00,80,13
http://irail.be/vehicle/IC938,http://irail.be/stations/NMBS/008861168,IC,2016-01-19T16:52:00,2016-01-19T16:52:00,80,80
http://irail.be/vehicle/IC938,http://irail.be/stations/NMBS/008874724,IC,2016-01-19T16:52:00,2016-01-19T16:52:00,130,80
http://irail.be/vehicle/IC938,NO-URI,IC,2016-01-19T16:54:00,2016-01-19T16:54:00,45,33
http://irail.be/vehicle/IC938,http://irail.be/stations/NMBS/008874716,IC,2016-01-19T16:55:00,2016-01-19T16:55:00,59,59
http://irail.be/vehicle/IC938,http://irail.be/stations/NMBS/008874609,IC,2016-01-19T16:58:00,2016-01-19T16:57:00,115,79
http://irail.be/vehicle/IC938,http://irail.be/stations/NMBS/008874583,IC,2016-01-19T17:00:00,2016-01-19T17:00:00,115,115
http://irail.be/vehicle/IC938,http://irail.be/stations/NMBS/008874567,IC,2016-01-19T17:01:00,2016-01-19T17:01:00,115,115
http://irail.be/vehicle/IC938,http://irail.be/stations/NMBS/008874559,IC,2016-01-19T17:02:00,2016-01-19T17:02:00,92,92
http://irail.be/vehicle/IC938,http://irail.be/stations/NMBS/008874005,IC,2016-01-19T17:03:00,2016-01-19T17:03:00,114,104
http://irail.be/vehicle/IC938,http://irail.be/stations/NMBS/008874054,IC,2016-01-19T17:06:00,2016-01-19T17:06:00,74,68
http://irail.be/vehicle/IC938,http://irail.be/stations/NMBS/008872009,IC,2016-01-19T17:11:00,2016-01-19T17:08:00,89,99
http://irail.be/vehicle/IC938,http://irail.be/stations/NMBS/008871100,IC,2016-01-19T17:15:00,2016-01-19T17:15:00,153,121
http://irail.be/vehicle/IC938,http://irail.be/stations/NMBS/008871514,IC,2016-01-19T17:19:00,2016-01-19T17:19:00,152,152
http://irail.be/vehicle/IC938,http://irail.be/stations/NMBS/008871415,IC,2016-01-19T17:20:00,2016-01-19T17:20:00,141,143
http://irail.be/vehicle/IC938,http://irail.be/stations/NMBS/008882248,IC,2016-01-19T17:22:00,2016-01-19T17:22:00,141,141
http://irail.be/vehicle/IC938,http://irail.be/stations/NMBS/008882230,IC,2016-01-19T17:23:00,2016-01-19T17:23:00,141,141
http://irail.be/vehicle/IC938,http://irail.be/stations/NMBS/008882206,IC,2016-01-19T17:28:00,2016-01-19T17:27:00,129,93
http://irail.be/vehicle/IC938,http://irail.be/stations/NMBS/008881463,IC,2016-01-19T17:32:00,2016-01-19T17:32:00,129,129
http://irail.be/vehicle/IC938,http://irail.be/stations/NMBS/008881455,IC,2016-01-19T17:33:00,2016-01-19T17:33:00,129,129
http://irail.be/vehicle/IC938,http://irail.be/stations/NMBS/008881430,IC,2016-01-19T17:35:00,2016-01-19T17:35:00,129,129
http://irail.be/vehicle/IC938,NO-URI,IC,2016-01-19T17:36:00,2016-01-19T17:36:00,123,119
http://irail.be/vehicle/IC938,http://irail.be/stations/NMBS/008881406,IC,2016-01-19T17:37:00,2016-01-19T17:37:00,63,63
http://irail.be/vehicle/IC938,http://irail.be/stations/NMBS/008881315,IC,2016-01-19T17:39:00,2016-01-19T17:39:00,63,63
http://irail.be/vehicle/IC938,http://irail.be/stations/NMBS/008881000,IC,2016-01-19T17:45:00,2016-01-19T17:42:00,153,185
http://irail.be/vehicle/IC938,http://irail.be/stations/NMBS/008884566,IC,2016-01-19T17:50:00,2016-01-19T17:50:00,114,93
http://irail.be/vehicle/IC938,http://irail.be/stations/NMBS/008884541,IC,2016-01-19T17:51:00,2016-01-19T17:51:00,104,104
http://irail.be/vehicle/IC938,http://irail.be/stations/NMBS/008884004,IC,2016-01-19T17:54:00,2016-01-19T17:53:00,165,129
http://irail.be/vehicle/IC938,http://irail.be/stations/NMBS/008884632,IC,2016-01-19T17:59:00,2016-01-19T17:59:00,165,165
http://irail.be/vehicle/IC938,http://irail.be/stations/NMBS/008884640,IC,2016-01-19T18:00:00,2016-01-19T18:00:00,165,165
http://irail.be/vehicle/IC938,http://irail.be/stations/NMBS/008884715,IC,2016-01-19T18:01:00,2016-01-19T18:01:00,151,146
http://irail.be/vehicle/IC938,http://irail.be/stations/NMBS/008884855,IC,2016-01-19T18:04:00,2016-01-19T18:04:00,151,151
http://irail.be/vehicle/IC938,http://irail.be/stations/NMBS/008884889,IC,2016-01-19T18:06:00,2016-01-19T18:06:00,151,151
http://irail.be/vehicle/IC938,http://irail.be/stations/NMBS/008885530,IC,2016-01-19T18:08:00,2016-01-19T18:08:00,91,91
http://irail.be/vehicle/IC938,http://irail.be/stations/NMBS/008885522,IC,2016-01-19T18:09:00,2016-01-19T18:09:00,658,587
http://irail.be/vehicle/IC938,http://irail.be/stations/NMBS/008885001,IC,2016-01-19T18:19:00,2016-01-19T18:15:00,491,614
http://irail.be/vehicle/IC938,http://irail.be/stations/NMBS/008885068,IC,2016-01-19T18:23:00,2016-01-19T18:23:00,582,507
http://irail.be/vehicle/IC938,http://irail.be/stations/NMBS/008885753,IC,2016-01-19T18:33:00,2016-01-19T18:33:00,402,402
http://irail.be/vehicle/IC938,http://irail.be/stations/NMBS/008885704,IC,2016-01-19T18:37:00,2016-01-19T18:37:00,0,658
http://irail.be/vehicle/IC938,http://irail.be/stations/NMBS/008863008,IC,2016-10-14T16:38:00,2016-10-14T16:38:00,818,
http://irail.be/vehicle/IC938,http://irail.be/stations/NMBS/008861119,IC,2016-10-14T16:41:00,2016-10-14T16:41:00,921,921
http://irail.be/vehicle/IC938,http://irail.be/stations/NMBS/008861127,IC,2016-10-14T16:43:00,2016-10-14T16:43:00,911,911
http://irail.be/vehicle/IC938,http://irail.be/stations/NMBS/008861135,IC,2016-10-14T16:46:00,2016-10-14T16:46:00,899,899
http://irail.be/vehicle/IC938,http://irail.be/stations/NMBS/008861143,IC,2016-10-14T16:49:00,2016-10-14T16:49:00,815,815
http://irail.be/vehicle/IC938,http://irail.be/stations/NMBS/008861150,IC,2016-10-14T16:51:00,2016-10-14T16:51:00,815,815
http://irail.be/vehicle/IC938,NO-URI,IC,2016-10-14T16:51:00,2016-10-14T16:51:00,859,859
http://irail.be/vehicle/IC938,http://irail.be/stations/NMBS/008861168,IC,2016-10-14T16:52:00,2016-10-14T16:52:00,859,859
http://irail.be/vehicle/IC938,http://irail.be/stations/NMBS/008874724,IC,2016-10-14T16:52:00,2016-10-14T16:52:00,867,867
http://irail.be/vehicle/IC938,NO-URI,IC,2016-10-14T16:54:00,2016-10-14T16:54:00,776,776
http://irail.be/vehicle/IC938,http://irail.be/stations/NMBS/008874716,IC,2016-10-14T16:55:00,2016-10-14T16:55:00,790,790
http://irail.be/vehicle/IC938,http://irail.be/stations/NMBS/008874609,IC,2016-10-14T16:58:00,2016-10-14T16:57:00,800,808
http://irail.be/vehicle/IC938,http://irail.be/stations/NMBS/008874583,IC,2016-10-14T17:00:00,2016-10-14T17:00:00,800,800
http://irail.be/vehicle/IC938,http://irail.be/stations/NMBS/008874567,IC,2016-10-14T17:01:00,2016-10-14T17:01:00,800,800
http://irail.be/vehicle/IC938,http://irail.be/stations/NMBS/008874559,IC,2016-10-14T17:02:00,2016-10-14T17:02:00,798,798
http://irail.be/vehicle/IC938,NO-URI,IC,2016-10-14T17:03:00,2016-10-14T17:03:00,798,798
http://irail.be/vehicle/IC938,http://irail.be/stations/NMBS/008874005,IC,2016-10-14T17:03:00,2016-10-14T17:03:00,819,819
http://irail.be/vehicle/IC938,http://irail.be/stations/NMBS/008874054,IC,2016-10-14T17:06:00,2016-10-14T17:06:00,793,793
http://irail.be/vehicle/IC938,http://irail.be/stations/NMBS/008872009,IC,2016-10-14T17:11:00,2016-10-14T17:08:00,856,850
http://irail.be/vehicle/IC938,http://irail.be/stations/NMBS/008871100,IC,2016-10-14T17:15:00,2016-10-14T17:15:00,951,951
http://irail.be/vehicle/IC938,http://irail.be/stations/NMBS/008871514,IC,2016-10-14T17:19:00,2016-10-14T17:19:00,1035,1035
http://irail.be/vehicle/IC938,http://irail.be/stations/NMBS/008871415,IC,2016-10-14T17:20:00,2016-10-14T17:20:00,1136,1136
http://irail.be/vehicle/IC938,http://irail.be/stations/NMBS/008882248,IC,2016-10-14T17:22:00,2016-10-14T17:22:00,1136,1136
http://irail.be/vehicle/IC938,http://irail.be/stations/NMBS/008882230,IC,2016-10-14T17:23:00,2016-10-14T17:23:00,1136,1136
http://irail.be/vehicle/IC938,http://irail.be/stations/NMBS/008882206,IC,2016-10-14T17:28:00,2016-10-14T17:27:00,1131,1116
http://irail.be/vehicle/IC938,http://irail.be/stations/NMBS/008881463,IC,2016-10-14T17:32:00,2016-10-14T17:32:00,1131,1131
http://irail.be/vehicle/IC938,http://irail.be/stations/NMBS/008881455,IC,2016-10-14T17:33:00,2016-10-14T17:33:00,1131,1131
http://irail.be/vehicle/IC938,http://irail.be/stations/NMBS/008881430,IC,2016-10-14T17:35:00,2016-10-14T17:35:00,1131,1131
http://irail.be/vehicle/IC938,NO-URI,IC,2016-10-14T17:36:00,2016-10-14T17:36:00,1133,1133
http://irail.be/vehicle/IC938,http://irail.be/stations/NMBS/008881406,IC,2016-10-14T17:37:00,2016-10-14T17:37:00,1073,1073
http://irail.be/vehicle/IC938,http://irail.be/stations/NMBS/008881315,IC,2016-10-14T17:39:00,2016-10-14T17:39:00,1073,1073
http://irail.be/vehicle/IC938,http://irail.be/stations/NMBS/008881000,IC,2016-10-14T17:45:00,2016-10-14T17:42:00,1324,1161
http://irail.be/vehicle/IC938,http://irail.be/stations/NMBS/008884566,IC,2016-10-14T17:50:00,2016-10-14T17:50:00,1424,1424
http://irail.be/vehicle/IC938,http://irail.be/stations/NMBS/008884541,IC,2016-10-14T17:51:00,2016-10-14T17:51:00,1495,1495
http://irail.be/vehicle/IC938,http://irail.be/stations/NMBS/008884004,IC,2016-10-14T17:54:00,2016-10-14T17:53:00,1723,1713
http://irail.be/vehicle/IC938,http://irail.be/stations/NMBS/008884632,IC,2016-10-14T17:59:00,2016-10-14T17:59:00,1723,1723
http://irail.be/vehicle/IC938,http://irail.be/stations/NMBS/008884640,IC,2016-10-14T18:00:00,2016-10-14T18:00:00,1723,1723
http://irail.be/vehicle/IC938,http://irail.be/stations/NMBS/008884715,IC,2016-10-14T18:01:00,2016-10-14T18:01:00,1703,1703
http://irail.be/vehicle/IC938,http://irail.be/stations/NMBS/008884855,IC,2016-10-14T18:04:00,2016-10-14T18:04:00,1703,1703
http://irail.be/vehicle/IC938,http://irail.be/stations/NMBS/008884889,IC,2016-10-14T18:06:00,2016-10-14T18:06:00,1703,1703
http://irail.be/vehicle/IC938,http://irail.be/stations/NMBS/008885530,IC,2016-10-14T18:08:00,2016-10-14T18:08:00,1643,1643
http://irail.be/vehicle/IC938,http://irail.be/stations/NMBS/008885522,IC,2016-10-14T18:09:00,2016-10-14T18:09:00,1703,1703
http://irail.be/vehicle/IC938,http://irail.be/stations/NMBS/008885001,IC,2016-10-14T18:19:00,2016-10-14T18:15:00,1549,1677
http://irail.be/vehicle/IC938,http://irail.be/stations/NMBS/008885068,IC,2016-10-14T18:23:00,2016-10-14T18:23:00,1550,1512
http://irail.be/vehicle/IC938,http://irail.be/stations/NMBS/008885753,IC,2016-10-14T18:33:00,2016-10-14T18:33:00,1370,1370
http://irail.be/vehicle/IC938,http://irail.be/stations/NMBS/008885704,IC,2016-10-14T18:37:00,2016-10-14T18:37:00,,1605
http://irail.be/vehicle/IC938,http://irail.be/stations/NMBS/008863008,IC,2016-05-06T16:38:00,2016-05-06T16:38:00,25,0
http://irail.be/vehicle/IC938,http://irail.be/stations/NMBS/008861119,IC,2016-05-06T16:41:00,2016-05-06T16:41:00,87,87
http://irail.be/vehicle/IC938,http://irail.be/stations/NMBS/008861127,IC,2016-05-06T16:43:00,2016-05-06T16:43:00,40,24
http://irail.be/vehicle/IC938,http://irail.be/stations/NMBS/008861135,IC,2016-05-06T16:46:00,2016-05-06T16:46:00,14,40
http://irail.be/vehicle/IC938,http://irail.be/stations/NMBS/008861143,IC,2016-05-06T16:49:00,2016-05-06T16:49:00,-76,-76
http://irail.be/vehicle/IC938,http://irail.be/stations/NMBS/008861150,IC,2016-05-06T16:51:00,2016-05-06T16:51:00,-76,-76
http://irail.be/vehicle/IC938,NO-URI,IC,2016-05-06T16:51:00,2016-05-06T16:51:00,-32,-37
http://irail.be/vehicle/IC938,http://irail.be/stations/NMBS/008861168,IC,2016-05-06T16:52:00,2016-05-06T16:52:00,-32,-32
http://irail.be/vehicle/IC938,http://irail.be/stations/NMBS/008874724,IC,2016-05-06T16:52:00,2016-05-06T16:52:00,-24,-32
http://irail.be/vehicle/IC938,NO-URI,IC,2016-05-06T16:54:00,2016-05-06T16:54:00,-117,-121
http://irail.be/vehicle/IC938,http://irail.be/stations/NMBS/008874716,IC,2016-05-06T16:55:00,2016-05-06T16:55:00,-102,-102
http://irail.be/vehicle/IC938,http://irail.be/stations/NMBS/008874609,IC,2016-05-06T16:58:00,2016-05-06T16:57:00,28,20
http://irail.be/vehicle/IC938,http://irail.be/stations/NMBS/008874583,IC,2016-05-06T17:00:00,2016-05-06T17:00:00,28,28
http://irail.be/vehicle/IC938,http://irail.be/stations/NMBS/008874567,IC,2016-05-06T17:01:00,2016-05-06T17:01:00,28,28
http://irail.be/vehicle/IC938,http://irail.be/stations/NMBS/008874559,IC,2016-05-06T17:02:00,2016-05-06T17:02:00,10,10
http://irail.be/vehicle/IC938,http://irail.be/stations/NMBS/008874005,IC,2016-05-06T17:03:00,2016-05-06T17:03:00,27,19
http://irail.be/vehicle/IC938,http://irail.be/stations/NMBS/008874054,IC,2016-05-06T17:06:00,2016-05-06T17:06:00,-16,-23
http://irail.be/vehicle/IC938,http://irail.be/stations/NMBS/008872009,IC,2016-05-06T17:11:00,2016-05-06T17:08:00,26,17
http://irail.be/vehicle/IC938,http://irail.be/stations/NMBS/008871100,IC,2016-05-06T17:15:00,2016-05-06T17:15:00,20,-13
http://irail.be/vehicle/IC938,http://irail.be/stations/NMBS/008871514,IC,2016-05-06T17:19:00,2016-05-06T17:19:00,17,17
http://irail.be/vehicle/IC938,http://irail.be/stations/NMBS/008871415,IC,2016-05-06T17:20:00,2016-05-06T17:20:00,10,1
http://irail.be/vehicle/IC938,http://irail.be/stations/NMBS/008882248,IC,2016-05-06T17:22:00,2016-05-06T17:22:00,10,10
http://irail.be/vehicle/IC938,http://irail.be/stations/NMBS/008882230,IC,2016-05-06T17:23:00,2016-05-06T17:23:00,10,10
http://irail.be/vehicle/IC938,http://irail.be/stations/NMBS/008882206,IC,2016-05-06T17:28:00,2016-05-06T17:27:00,24,-16
http://irail.be/vehicle/IC938,http://irail.be/stations/NMBS/008881463,IC,2016-05-06T17:32:00,2016-05-06T17:32:00,42,42
http://irail.be/vehicle/IC938,http://irail.be/stations/NMBS/008881455,IC,2016-05-06T17:33:00,2016-05-06T17:33:00,42,42
http://irail.be/vehicle/IC938,http://irail.be/stations/NMBS/008881430,IC,2016-05-06T17:35:00,2016-05-06T17:35:00,42,42
http://irail.be/vehicle/IC938,NO-URI,IC,2016-05-06T17:36:00,2016-05-06T17:36:00,93,59
http://irail.be/vehicle/IC938,http://irail.be/stations/NMBS/008881406,IC,2016-05-06T17:37:00,2016-05-06T17:37:00,33,33
http://irail.be/vehicle/IC938,http://irail.be/stations/NMBS/008881315,IC,2016-05-06T17:39:00,2016-05-06T17:39:00,33,33
http://irail.be/vehicle/IC938,http://irail.be/stations/NMBS/008881000,IC,2016-05-06T17:45:00,2016-05-06T17:42:00,32,126
http://irail.be/vehicle/IC938,http://irail.be/stations/NMBS/008884566,IC,2016-05-06T17:50:00,2016-05-06T17:50:00,-10,-28
http://irail.be/vehicle/IC938,http://irail.be/stations/NMBS/008884541,IC,2016-05-06T17:51:00,2016-05-06T17:51:00,-21,-21
http://irail.be/vehicle/IC938,http://irail.be/stations/NMBS/008884004,IC,2016-05-06T17:54:00,2016-05-06T17:53:00,25,-22
http://irail.be/vehicle/IC938,http://irail.be/stations/NMBS/008884632,IC,2016-05-06T17:59:00,2016-05-06T17:59:00,25,25
http://irail.be/vehicle/IC938,http://irail.be/stations/NMBS/008884640,IC,2016-05-06T18:00:00,2016-05-06T18:00:00,25,25
http://irail.be/vehicle/IC938,http://irail.be/stations/NMBS/008884715,IC,2016-05-06T18:01:00,2016-05-06T18:01:00,5,-3
http://irail.be/vehicle/IC938,http://irail.be/stations/NMBS/008884855,IC,2016-05-06T18:04:00,2016-05-06T18:04:00,5,5
http://irail.be/vehicle/IC938,http://irail.be/stations/NMBS/008884889,IC,2016-05-06T18:06:00,2016-05-06T18:06:00,5,5
http://irail.be/vehicle/IC938,http://irail.be/stations/NMBS/008885530,IC,2016-05-06T18:08:00,2016-05-06T18:08:00,-55,-55
http://irail.be/vehicle/IC938,http://irail.be/stations/NMBS/008885522,IC,2016-05-06T18:09:00,2016-05-06T18:09:00,18,2
http://irail.be/vehicle/IC938,http://irail.be/stations/NMBS/008885001,IC,2016-05-06T18:19:00,2016-05-06T18:15:00,74,-20
http://irail.be/vehicle/IC938,http://irail.be/stations/NMBS/008885068,IC,2016-05-06T18:23:00,2016-05-06T18:23:00,72,44
http://irail.be/vehicle/IC938,http://irail.be/stations/NMBS/008885753,IC,2016-05-06T18:33:00,2016-05-06T18:33:00,0,-108
http://irail.be/vehicle/IC938,http://irail.be/stations/NMBS/008885704,IC,2016-05-06T18:37:00,2016-05-06T18:37:00,0,56
http://irail.be/vehicle/IC938,http://irail.be/stations/NMBS/008863008,IC,2016-12-30T16:38:00,2016-12-30T16:38:00,66,
http://irail.be/vehicle/IC938,http://irail.be/stations/NMBS/008861119,IC,2016-12-30T16:41:00,2016-12-30T16:41:00,99,99
http://irail.be/vehicle/IC938,http://irail.be/stations/NMBS/008861127,IC,2016-12-30T16:43:00,2016-12-30T16:43:00,42,42
http://irail.be/vehicle/IC938,http://irail.be/stations/NMBS/008861135,IC,2016-12-30T16:46:00,2016-12-30T16:46:00,42,42
http://irail.be/vehicle/IC938,http://irail.be/stations/NMBS/008861143,IC,2016-12-30T16:49:00,2016-12-30T16:49:00,-52,-52
http://irail.be/vehicle/IC938,http://irail.be/stations/NMBS/008861150,IC,2016-12-30T16:51:00,2016-12-30T16:51:00,-37,-37
http://irail.be/vehicle/IC938,NO-URI,IC,2016-12-30T16:51:00,2016-12-30T16:51:00,-37,-37
http://irail.be/vehicle/IC938,http://irail.be/stations/NMBS/008861168,IC,2016-12-30T16:52:00,2016-12-30T16:52:00,15,15
http://irail.be/vehicle/IC938,http://irail.be/stations/NMBS/008874724,IC,2016-12-30T16:52:00,2016-12-30T16:52:00,31,31
http://irail.be/vehicle/IC938,NO-URI,IC,2016-12-30T16:54:00,2016-12-30T16:54:00,31,31
http://irail.be/vehicle/IC938,http://irail.be/stations/NMBS/008874716,IC,2016-12-30T16:55:00,2016-12-30T16:55:00,61,61
http://irail.be/vehicle/IC938,http://irail.be/stations/NMBS/008874609,IC,2016-12-30T16:58:00,2016-12-30T16:57:00,104,81
http://irail.be/vehicle/IC938,http://irail.be/stations/NMBS/008874583,IC,2016-12-30T17:00:00,2016-12-30T17:00:00,104,104
http://irail.be/vehicle/IC938,http://irail.be/stations/NMBS/008874567,IC,2016-12-30T17:01:00,2016-12-30T17:01:00,95,95
http://irail.be/vehicle/IC938,http://irail.be/stations/NMBS/008874559,IC,2016-12-30T17:02:00,2016-12-30T17:02:00,95,95
http://irail.be/vehicle/IC938,http://irail.be/stations/NMBS/008874005,IC,2016-12-30T17:03:00,2016-12-30T17:03:00,91,91
http://irail.be/vehicle/IC938,http://irail.be/stations/NMBS/008874054,IC,2016-12-30T17:06:00,2016-12-30T17:06:00,45,45
http://irail.be/vehicle/IC938,http://irail.be/stations/NMBS/008872009,IC,2016-12-30T17:11:00,2016-12-30T17:08:00,46,34
http://irail.be/vehicle/IC938,http://irail.be/stations/NMBS/008871100,IC,2016-12-30T17:15:00,2016-12-30T17:15:00,8,8
http://irail.be/vehicle/IC938,http://irail.be/stations/NMBS/008871514,IC,2016-12-30T17:19:00,2016-12-30T17:19:00,47,47
http://irail.be/vehicle/IC938,http://irail.be/stations/NMBS/008871415,IC,2016-12-30T17:20:00,2016-12-30T17:20:00,47,47
http://irail.be/vehicle/IC938,http://irail.be/stations/NMBS/008882248,IC,2016-12-30T17:22:00,2016-12-30T17:22:00,47,47
http://irail.be/vehicle/IC938,http://irail.be/stations/NMBS/008882230,IC,2016-12-30T17:23:00,2016-12-30T17:23:00,78,78
http://irail.be/vehicle/IC938,http://irail.be/stations/NMBS/008882206,IC,2016-12-30T17:28:00,2016-12-30T17:27:00,22,45
http://irail.be/vehicle/IC938,http://irail.be/stations/NMBS/008881463,IC,2016-12-30T17:32:00,2016-12-30T17:32:00,2,2
http://irail.be/vehicle/IC938,http://irail.be/stations/NMBS/008881455,IC,2016-12-30T17:33:00,2016-12-30T17:33:00,-20,-20
http://irail.be/vehicle/IC938,http://irail.be/stations/NMBS/008881430,IC,2016-12-30T17:35:00,2016-12-30T17:35:00,-20,-20
http://irail.be/vehicle/IC938,NO-URI,IC,2016-12-30T17:36:00,2016-12-30T17:36:00,-20,-20
http://irail.be/vehicle/IC938,http://irail.be/stations/NMBS/008881406,IC,2016-12-30T17:37:00,2016-12-30T17:37:00,-35,-35
http://irail.be/vehicle/IC938,http://irail.be/stations/NMBS/008881315,IC,2016-12-30T17:39:00,2016-12-30T17:39:00,34,34
http://irail.be/vehicle/IC938,http://irail.be/stations/NMBS/008881000,IC,2016-12-30T17:45:00,2016-12-30T17:42:00,42,34
http://irail.be/vehicle/IC938,http://irail.be/stations/NMBS/008884566,IC,2016-12-30T17:50:00,2016-12-30T17:50:00,42,42
http://irail.be/vehicle/IC938,http://irail.be/stations/NMBS/008884541,IC,2016-12-30T17:51:00,2016-12-30T17:51:00,-34,-34
http://irail.be/vehicle/IC938,http://irail.be/stations/NMBS/008884004,IC,2016-12-30T17:54:00,2016-12-30T17:53:00,-20,-34
http://irail.be/vehicle/IC938,http://irail.be/stations/NMBS/008884632,IC,2016-12-30T17:59:00,2016-12-30T17:59:00,-20,-20
http://irail.be/vehicle/IC938,http://irail.be/stations/NMBS/008884640,IC,2016-12-30T18:00:00,2016-12-30T18:00:00,47,47
http://irail.be/vehicle/IC938,http://irail.be/stations/NMBS/008884715,IC,2016-12-30T18:01:00,2016-12-30T18:01:00,47,47
http://irail.be/vehicle/IC938,http://irail.be/stations/NMBS/008884855,IC,2016-12-30T18:04:00,2016-12-30T18:04:00,48,48
http://irail.be/vehicle/IC938,http://irail.be/stations/NMBS/008884889,IC,2016-12-30T18:06:00,2016-12-30T18:06:00,-5,-5
http://irail.be/vehicle/IC938,http://irail.be/stations/NMBS/008885530,IC,2016-12-30T18:08:00,2016-12-30T18:08:00,-5,-5
http://irail.be/vehicle/IC938,http://irail.be/stations/NMBS/008885522,IC,2016-12-30T18:09:00,2016-12-30T18:09:00,23,23
http://irail.be/vehicle/IC938,http://irail.be/stations/NMBS/008885001,IC,2016-12-30T18:19:00,2016-12-30T18:15:00,84,70
http://irail.be/vehicle/IC938,http://irail.be/stations/NMBS/008885068,IC,2016-12-30T18:23:00,2016-12-30T18:23:00,97,58
http://irail.be/vehicle/IC938,http://irail.be/stations/NMBS/008885753,IC,2016-12-30T18:33:00,2016-12-30T18:33:00,45,45
http://irail.be/vehicle/IC938,http://irail.be/stations/NMBS/008885704,IC,2016-12-30T18:37:00,2016-12-30T18:37:00,,45
http://irail.be/vehicle/IC938,http://irail.be/stations/NMBS/008863008,IC,2016-01-13T16:38:00,2016-01-13T16:38:00,13,0
http://irail.be/vehicle/IC938,http://irail.be/stations/NMBS/008861119,IC,2016-01-13T16:41:00,2016-01-13T16:41:00,40,40
http://irail.be/vehicle/IC938,http://irail.be/stations/NMBS/008861127,IC,2016-01-13T16:43:00,2016-01-13T16:43:00,-9,-25
http://irail.be/vehicle/IC938,http://irail.be/stations/NMBS/008861135,IC,2016-01-13T16:46:00,2016-01-13T16:46:00,-44,-9
http://irail.be/vehicle/IC938,http://irail.be/stations/NMBS/008861143,IC,2016-01-13T16:49:00,2016-01-13T16:49:00,-132,-132
http://irail.be/vehicle/IC938,http://irail.be/stations/NMBS/008861150,IC,2016-01-13T16:51:00,2016-01-13T16:51:00,-132,-132
http://irail.be/vehicle/IC938,NO-URI,IC,2016-01-13T16:51:00,2016-01-13T16:51:00,-101,-105
http://irail.be/vehicle/IC938,http://irail.be/stations/NMBS/008861168,IC,2016-01-13T16:52:00,2016-01-13T16:52:00,-101,-101
http://irail.be/vehicle/IC938,http://irail.be/stations/NMBS/008874724,IC,2016-01-13T16:52:00,2016-01-13T16:52:00,-95,-101
http://irail.be/vehicle/IC938,NO-URI,IC,2016-01-13T16:54:00,2016-01-13T16:54:00,-190,-192
http://irail.be/vehicle/IC938,http://irail.be/stations/NMBS/008874716,IC,2016-01-13T16:55:00,2016-01-13T16:55:00,-129,-129
http://irail.be/vehicle/IC938,http://irail.be/stations/NMBS/008874609,IC,2016-01-13T16:58:00,2016-01-13T16:57:00,16,8
http://irail.be/vehicle/IC938,http://irail.be/stations/NMBS/008874583,IC,2016-01-13T17:00:00,2016-01-13T17:00:00,16,16
http://irail.be/vehicle/IC938,http://irail.be/stations/NMBS/008874567,IC,2016-01-13T17:01:00,2016-01-13T17:01:00,16,16
http://irail.be/vehicle/IC938,http://irail.be/stations/NMBS/008874559,IC,2016-01-13T17:02:00,2016-01-13T17:02:00,8,8
http://irail.be/vehicle/IC938,http://irail.be/stations/NMBS/008874005,IC,2016-01-13T17:03:00,2016-01-13T17:03:00,30,19
http://irail.be/vehicle/IC938,http://irail.be/stations/NMBS/008874054,IC,2016-01-13T17:06:00,2016-01-13T17:06:00,-12,-17
http://irail.be/vehicle/IC938,http://irail.be/stations/NMBS/008872009,IC,2016-01-13T17:11:00,2016-01-13T17:08:00,43,15
http://irail.be/vehicle/IC938,http://irail.be/stations/NMBS/008871100,IC,2016-01-13T17:15:00,2016-01-13T17:15:00,34,0
http://irail.be/vehicle/IC938,http://irail.be/stations/NMBS/008871514,IC,2016-01-13T17:19:00,2016-01-13T17:19:00,31,31
http://irail.be/vehicle/IC938,http://irail.be/stations/NMBS/008871415,IC,2016-01-13T17:20:00,2016-01-13T17:20:00,8,12
http://irail.be/vehicle/IC938,http://irail.be/stations/NMBS/008882248,IC,2016-01-13T17:22:00,2016-01-13T17:22:00,8,8
http://irail.be/vehicle/IC938,http://irail.be/stations/NMBS/008882230,IC,2016-01-13T17:23:00,2016-01-13T17:23:00,8,8
http://irail.be/vehicle/IC938,http://irail.be/stations/NMBS/008882206,IC,2016-01-13T17:28:00,2016-01-13T17:27:00,5,-50
http://irail.be/vehicle/IC938,http://irail.be/stations/NMBS/008881463,IC,2016-01-13T17:32:00,2016-01-13T17:32:00,8,8
http://irail.be/vehicle/IC938,http://irail.be/stations/NMBS/008881455,IC,2016-01-13T17:33:00,2016-01-13T17:33:00,8,8
http://irail.be/vehicle/IC938,http://irail.be/stations/NMBS/008881430,IC,2016-01-13T17:35:00,2016-01-13T17:35:00,8,8
http://irail.be/vehicle/IC938,NO-URI,IC,2016-01-13T17:36:00,2016-01-13T17:36:00,-7,-10
http://irail.be/vehicle/IC938,http://irail.be/stations/NMBS/008881406,IC,2016-01-13T17:37:00,2016-01-13T17:37:00,-7,-7
http://irail.be/vehicle/IC938,http://irail.be/stations/NMBS/008881315,IC,2016-01-13T17:39:00,2016-01-13T17:39:00,-7,-7
http://irail.be/vehicle/IC938,http://irail.be/stations/NMBS/008881000,IC,2016-01-13T17:45:00,2016-01-13T17:42:00,28,-2
http://irail.be/vehicle/IC938,http://irail.be/stations/NMBS/008884566,IC,2016-01-13T17:50:00,2016-01-13T17:50:00,-42,-32
http://irail.be/vehicle/IC938,http://irail.be/stations/NMBS/008884541,IC,2016-01-13T17:51:00,2016-01-13T17:51:00,-50,-50
http://irail.be/vehicle/IC938,http://irail.be/stations/NMBS/008884004,IC,2016-01-13T17:54:00,2016-01-13T17:53:00,102,39
http://irail.be/vehicle/IC938,http://irail.be/stations/NMBS/008884632,IC,2016-01-13T17:59:00,2016-01-13T17:59:00,102,102
http://irail.be/vehicle/IC938,http://irail.be/stations/NMBS/008884640,IC,2016-01-13T18:00:00,2016-01-13T18:00:00,102,102
http://irail.be/vehicle/IC938,http://irail.be/stations/NMBS/008884715,IC,2016-01-13T18:01:00,2016-01-13T18:01:00,119,108
http://irail.be/vehicle/IC938,http://irail.be/stations/NMBS/008884855,IC,2016-01-13T18:04:00,2016-01-13T18:04:00,119,119
http://irail.be/vehicle/IC938,http://irail.be/stations/NMBS/008884889,IC,2016-01-13T18:06:00,2016-01-13T18:06:00,119,119
http://irail.be/vehicle/IC938,http://irail.be/stations/NMBS/008885530,IC,2016-01-13T18:08:00,2016-01-13T18:08:00,59,59
http://irail.be/vehicle/IC938,http://irail.be/stations/NMBS/008885522,IC,2016-01-13T18:09:00,2016-01-13T18:09:00,159,137
http://irail.be/vehicle/IC938,http://irail.be/stations/NMBS/008885001,IC,2016-01-13T18:19:00,2016-01-13T18:15:00,377,177
http://irail.be/vehicle/IC938,http://irail.be/stations/NMBS/008885068,IC,2016-01-13T18:23:00,2016-01-13T18:23:00,409,375
http://irail.be/vehicle/IC938,http://irail.be/stations/NMBS/008885753,IC,2016-01-13T18:33:00,2016-01-13T18:33:00,229,229
http://irail.be/vehicle/IC938,http://irail.be/stations/NMBS/008885704,IC,2016-01-13T18:37:00,2016-01-13T18:37:00,0,499
http://irail.be/vehicle/IC938,http://irail.be/stations/NMBS/008863008,IC,2016-08-01T16:38:00,2016-08-01T16:38:00,45,
http://irail.be/vehicle/IC938,http://irail.be/stations/NMBS/008861119,IC,2016-08-01T16:41:00,2016-08-01T16:41:00,79,79
http://irail.be/vehicle/IC938,http://irail.be/stations/NMBS/008861127,IC,2016-08-01T16:43:00,2016-08-01T16:43:00,32,32
http://irail.be/vehicle/IC938,http://irail.be/stations/NMBS/008861135,IC,2016-08-01T16:46:00,2016-08-01T16:46:00,-2,-2
http://irail.be/vehicle/IC938,http://irail.be/stations/NMBS/008861143,IC,2016-08-01T16:49:00,2016-08-01T16:49:00,-12,-12
http://irail.be/vehicle/IC938,http://irail.be/stations/NMBS/008861150,IC,2016-08-01T16:51:00,2016-08-01T16:51:00,-12,-12
http://irail.be/vehicle/IC938,NO-URI,IC,2016-08-01T16:51:00,2016-08-01T16:51:00,69,69
http://irail.be/vehicle/IC938,http://irail.be/stations/NMBS/008861168,IC,2016-08-01T16:52:00,2016-08-01T16:52:00,69,69
http://irail.be/vehicle/IC938,http://irail.be/stations/NMBS/008874724,IC,2016-08-01T16:52:00,2016-08-01T16:52:00,74,74
http://irail.be/vehicle/IC938,NO-URI,IC,2016-08-01T16:54:00,2016-08-01T16:54:00,-18,-18
http://irail.be/vehicle/IC938,http://irail.be/stations/NMBS/008874716,IC,2016-08-01T16:55:00,2016-08-01T16:55:00,-7,-7
http://irail.be/vehicle/IC938,http://irail.be/stations/NMBS/008874609,IC,2016-08-01T16:58:00,2016-08-01T16:57:00,24,7
http://irail.be/vehicle/IC938,http://irail.be/stations/NMBS/008874583,IC,2016-08-01T17:00:00,2016-08-01T17:00:00,24,24
http://irail.be/vehicle/IC938,http://irail.be/stations/NMBS/008874567,IC,2016-08-01T17:01:00,2016-08-01T17:01:00,24,24
http://irail.be/vehicle/IC938,http://irail.be/stations/NMBS/008874559,IC,2016-08-01T17:02:00,2016-08-01T17:02:00,-5,-5
http://irail.be/vehicle/IC938,NO-URI,IC,2016-08-01T17:03:00,2016-08-01T17:03:00,-5,-5
http://irail.be/vehicle/IC938,http://irail.be/stations/NMBS/008874005,IC,2016-08-01T17:03:00,2016-08-01T17:03:00,8,8
http://irail.be/vehicle/IC938,http://irail.be/stations/NMBS/008874054,IC,2016-08-01T17:06:00,2016-08-01T17:06:00,9,9
http://irail.be/vehicle/IC938,http://irail.be/stations/NMBS/008872009,IC,2016-08-01T17:11:00,2016-08-01T17:08:00,88,109
http://irail.be/vehicle/IC938,http://irail.be/stations/NMBS/008871100,IC,2016-08-01T17:15:00,2016-08-01T17:15:00,75,75
http://irail.be/vehicle/IC938,http://irail.be/stations/NMBS/008871514,IC,2016-08-01T17:19:00,2016-08-01T17:19:00,72,72
http://irail.be/vehicle/IC938,http://irail.be/stations/NMBS/008871415,IC,2016-08-01T17:20:00,2016-08-01T17:20:00,61,61
http://irail.be/vehicle/IC938,http://irail.be/stations/NMBS/008882248,IC,2016-08-01T17:22:00,2016-08-01T17:22:00,61,61
http://irail.be/vehicle/IC938,http://irail.be/stations/NMBS/008882230,IC,2016-08-01T17:23:00,2016-08-01T17:23:00,61,61
http://irail.be/vehicle/IC938,http://irail.be/stations/NMBS/008882206,IC,2016-08-01T17:28:00,2016-08-01T17:27:00,36,19
http://irail.be/vehicle/IC938,http://irail.be/stations/NMBS/008881463,IC,2016-08-01T17:32:00,2016-08-01T17:32:00,23,23
http://irail.be/vehicle/IC938,http://irail.be/stations/NMBS/008881455,IC,2016-08-01T17:33:00,2016-08-01T17:33:00,23,23
http://irail.be/vehicle/IC938,http://irail.be/stations/NMBS/008881430,IC,2016-08-01T17:35:00,2016-08-01T17:35:00,23,23
http://irail.be/vehicle/IC938,NO-URI,IC,2016-08-01T17:36:00,2016-08-01T17:36:00,24,24
http://irail.be/vehicle/IC938,http://irail.be/stations/NMBS/008881406,IC,2016-08-01T17:37:00,2016-08-01T17:37:00,-36,-36
http://irail.be/vehicle/IC938,http://irail.be/stations/NMBS/008881315,IC,2016-08-01T17:39:00,2016-08-01T17:39:00,-36,-36
http://irail.be/vehicle/IC938,http://irail.be/stations/NMBS/008881000,IC,2016-08-01T17:45:00,2016-08-01T17:42:00,126,51
http://irail.be/vehicle/IC938,http://irail.be/stations/NMBS/008884566,IC,2016-08-01T17:50:00,2016-08-01T17:50:00,99,99
http://irail.be/vehicle/IC938,http://irail.be/stations/NMBS/008884541,IC,2016-08-01T17:51:00,2016-08-01T17:51:00,98,98
http://irail.be/vehicle/IC938,http://irail.be/stations/NMBS/008884004,IC,2016-08-01T17:54:00,2016-08-01T17:53:00,188,135
http://irail.be/vehicle/IC938,http://irail.be/stations/NMBS/008884632,IC,2016-08-01T17:59:00,2016-08-01T17:59:00,188,188
http://irail.be/vehicle/IC938,http://irail.be/stations/NMBS/008884640,IC,2016-08-01T18:00:00,2016-08-01T18:00:00,188,188
http://irail.be/vehicle/IC938,http://irail.be/stations/NMBS/008884715,IC,2016-08-01T18:01:00,2016-08-01T18:01:00,186,186
http://irail.be/vehicle/IC938,http://irail.be/stations/NMBS/008884855,IC,2016-08-01T18:04:00,2016-08-01T18:04:00,186,186
http://irail.be/vehicle/IC938,http://irail.be/stations/NMBS/008884889,IC,2016-08-01T18:06:00,2016-08-01T18:06:00,186,186
http://irail.be/vehicle/IC938,http://irail.be/stations/NMBS/008885530,IC,2016-08-01T18:08:00,2016-08-01T18:08:00,126,126
http://irail.be/vehicle/IC938,http://irail.be/stations/NMBS/008885522,IC,2016-08-01T18:09:00,2016-08-01T18:09:00,194,194
http://irail.be/vehicle/IC938,http://irail.be/stations/NMBS/008885001,IC,2016-08-01T18:15:00,2016-08-01T18:15:00,,199
http://irail.be/vehicle/IC938,http://irail.be/stations/NMBS/008863008,IC,2016-01-26T16:38:00,2016-01-26T16:38:00,16,0
http://irail.be/vehicle/IC938,http://irail.be/stations/NMBS/008861119,IC,2016-01-26T16:41:00,2016-01-26T16:41:00,50,50
http://irail.be/vehicle/IC938,http://irail.be/stations/NMBS/008861127,IC,2016-01-26T16:43:00,2016-01-26T16:43:00,-1,-16
http://irail.be/vehicle/IC938,http://irail.be/stations/NMBS/008861135,IC,2016-01-26T16:46:00,2016-01-26T16:46:00,-42,-1
http://irail.be/vehicle/IC938,http://irail.be/stations/NMBS/008861143,IC,2016-01-26T16:49:00,2016-01-26T16:49:00,-133,-133
http://irail.be/vehicle/IC938,http://irail.be/stations/NMBS/008861150,IC,2016-01-26T16:51:00,2016-01-26T16:51:00,-133,-133
http://irail.be/vehicle/IC938,NO-URI,IC,2016-01-26T16:51:00,2016-01-26T16:51:00,-80,-88
http://irail.be/vehicle/IC938,http://irail.be/stations/NMBS/008861168,IC,2016-01-26T16:52:00,2016-01-26T16:52:00,-80,-80
http://irail.be/vehicle/IC938,http://irail.be/stations/NMBS/008874724,IC,2016-01-26T16:52:00,2016-01-26T16:52:00,-75,-80
http://irail.be/vehicle/IC938,NO-URI,IC,2016-01-26T16:54:00,2016-01-26T16:54:00,-172,-172
http://irail.be/vehicle/IC938,http://irail.be/stations/NMBS/008874716,IC,2016-01-26T16:55:00,2016-01-26T16:55:00,-119,-119
http://irail.be/vehicle/IC938,http://irail.be/stations/NMBS/008874609,IC,2016-01-26T16:58:00,2016-01-26T16:57:00,46,15
http://irail.be/vehicle/IC938,http://irail.be/stations/NMBS/008874583,IC,2016-01-26T17:00:00,2016-01-26T17:00:00,46,46
http://irail.be/vehicle/IC938,http://irail.be/stations/NMBS/008874567,IC,2016-01-26T17:01:00,2016-01-26T17:01:00,46,46
http://irail.be/vehicle/IC938,http://irail.be/stations/NMBS/008874559,IC,2016-01-26T17:02:00,2016-01-26T17:02:00,24,24
http://irail.be/vehicle/IC938,http://irail.be/stations/NMBS/008874005,IC,2016-01-26T17:03:00,2016-01-26T17:03:00,33,30
http://irail.be/vehicle/IC938,http://irail.be/stations/NMBS/008874054,IC,2016-01-26T17:06:00,2016-01-26T17:06:00,-10,-18
http://irail.be/vehicle/IC938,http://irail.be/stations/NMBS/008872009,IC,2016-01-26T17:11:00,2016-01-26T17:08:00,-2,32
http://irail.be/vehicle/IC938,http://irail.be/stations/NMBS/008871100,IC,2016-01-26T17:15:00,2016-01-26T17:15:00,-29,-64
http://irail.be/vehicle/IC938,http://irail.be/stations/NMBS/008871514,IC,2016-01-26T17:19:00,2016-01-26T17:19:00,-31,-31
http://irail.be/vehicle/IC938,http://irail.be/stations/NMBS/008871415,IC,2016-01-26T17:20:00,2016-01-26T17:20:00,-54,-48
http://irail.be/vehicle/IC938,http://irail.be/stations/NMBS/008882248,IC,2016-01-26T17:22:00,2016-01-26T17:22:00,-54,-54
http://irail.be/vehicle/IC938,http://irail.be/stations/NMBS/008882230,IC,2016-01-26T17:23:00,2016-01-26T17:23:00,-54,-54
http://irail.be/vehicle/IC938,http://irail.be/stations/NMBS/008882206,IC,2016-01-26T17:28:00,2016-01-26T17:27:00,-10,-59
http://irail.be/vehicle/IC938,http://irail.be/stations/NMBS/008881463,IC,2016-01-26T17:32:00,2016-01-26T17:32:00,-11,-11
http://irail.be/vehicle/IC938,http://irail.be/stations/NMBS/008881455,IC,2016-01-26T17:33:00,2016-01-26T17:33:00,-11,-11
http://irail.be/vehicle/IC938,http://irail.be/stations/NMBS/008881430,IC,2016-01-26T17:35:00,2016-01-26T17:35:00,-11,-11
http://irail.be/vehicle/IC938,NO-URI,IC,2016-01-26T17:36:00,2016-01-26T17:36:00,-28,-29
http://irail.be/vehicle/IC938,http://irail.be/stations/NMBS/008881406,IC,2016-01-26T17:37:00,2016-01-26T17:37:00,-28,-28
http://irail.be/vehicle/IC938,http://irail.be/stations/NMBS/008881315,IC,2016-01-26T17:39:00,2016-01-26T17:39:00,-28,-28
http://irail.be/vehicle/IC938,http://irail.be/stations/NMBS/008881000,IC,2016-01-26T17:45:00,2016-01-26T17:42:00,92,162
http://irail.be/vehicle/IC938,http://irail.be/stations/NMBS/008884566,IC,2016-01-26T17:50:00,2016-01-26T17:50:00,28,32
http://irail.be/vehicle/IC938,http://irail.be/stations/NMBS/008884541,IC,2016-01-26T17:51:00,2016-01-26T17:51:00,16,16
http://irail.be/vehicle/IC938,http://irail.be/stations/NMBS/008884004,IC,2016-01-26T17:54:00,2016-01-26T17:53:00,38,14
http://irail.be/vehicle/IC938,http://irail.be/stations/NMBS/008884632,IC,2016-01-26T17:59:00,2016-01-26T17:59:00,38,38
http://irail.be/vehicle/IC938,http://irail.be/stations/NMBS/008884640,IC,2016-01-26T18:00:00,2016-01-26T18:00:00,38,38
http://irail.be/vehicle/IC938,http://irail.be/stations/NMBS/008884715,IC,2016-01-26T18:01:00,2016-01-26T18:01:00,17,3
http://irail.be/vehicle/IC938,http://irail.be/stations/NMBS/008884855,IC,2016-01-26T18:04:00,2016-01-26T18:04:00,17,17
http://irail.be/vehicle/IC938,http://irail.be/stations/NMBS/008884889,IC,2016-01-26T18:06:00,2016-01-26T18:06:00,17,17
http://irail.be/vehicle/IC938,http://irail.be/stations/NMBS/008885530,IC,2016-01-26T18:08:00,2016-01-26T18:08:00,-43,-43
http://irail.be/vehicle/IC938,http://irail.be/stations/NMBS/008885522,IC,2016-01-26T18:09:00,2016-01-26T18:09:00,21,11
http://irail.be/vehicle/IC938,http://irail.be/stations/NMBS/008885001,IC,2016-01-26T18:19:00,2016-01-26T18:15:00,125,12
http://irail.be/vehicle/IC938,http://irail.be/stations/NMBS/008885068,IC,2016-01-26T18:23:00,2016-01-26T18:23:00,140,96
http://irail.be/vehicle/IC938,http://irail.be/stations/NMBS/008885753,IC,2016-01-26T18:33:00,2016-01-26T18:33:00,0,-40
http://irail.be/vehicle/IC938,http://irail.be/stations/NMBS/008885704,IC,2016-01-26T18:37:00,2016-01-26T18:37:00,0,81
http://irail.be/vehicle/IC938,http://irail.be/stations/NMBS/008863008,IC,2016-11-09T16:38:00,2016-11-09T16:38:00,11,
http://irail.be/vehicle/IC938,http://irail.be/stations/NMBS/008861119,IC,2016-11-09T16:41:00,2016-11-09T16:41:00,35,35
http://irail.be/vehicle/IC938,http://irail.be/stations/NMBS/008861127,IC,2016-11-09T16:43:00,2016-11-09T16:43:00,-15,-15
http://irail.be/vehicle/IC938,http://irail.be/stations/NMBS/008861135,IC,2016-11-09T16:46:00,2016-11-09T16:46:00,-58,-58
http://irail.be/vehicle/IC938,http://irail.be/stations/NMBS/008861143,IC,2016-11-09T16:49:00,2016-11-09T16:49:00,-147,-147
http://irail.be/vehicle/IC938,http://irail.be/stations/NMBS/008861150,IC,2016-11-09T16:51:00,2016-11-09T16:51:00,-147,-147
http://irail.be/vehicle/IC938,NO-URI,IC,2016-11-09T16:51:00,2016-11-09T16:51:00,178,178
http://irail.be/vehicle/IC938,http://irail.be/stations/NMBS/008861168,IC,2016-11-09T16:52:00,2016-11-09T16:52:00,178,178
http://irail.be/vehicle/IC938,http://irail.be/stations/NMBS/008874724,IC,2016-11-09T16:52:00,2016-11-09T16:52:00,305,305
http://irail.be/vehicle/IC938,NO-URI,IC,2016-11-09T16:54:00,2016-11-09T16:54:00,226,226
http://irail.be/vehicle/IC938,http://irail.be/stations/NMBS/008874716,IC,2016-11-09T16:55:00,2016-11-09T16:55:00,240,240
http://irail.be/vehicle/IC938,http://irail.be/stations/NMBS/008874609,IC,2016-11-09T16:58:00,2016-11-09T16:57:00,258,251
http://irail.be/vehicle/IC938,http://irail.be/stations/NMBS/008874583,IC,2016-11-09T17:00:00,2016-11-09T17:00:00,258,258
http://irail.be/vehicle/IC938,http://irail.be/stations/NMBS/008874567,IC,2016-11-09T17:01:00,2016-11-09T17:01:00,258,258
http://irail.be/vehicle/IC938,http://irail.be/stations/NMBS/008874559,IC,2016-11-09T17:02:00,2016-11-09T17:02:00,232,232
http://irail.be/vehicle/IC938,NO-URI,IC,2016-11-09T17:03:00,2016-11-09T17:03:00,232,232
http://irail.be/vehicle/IC938,http://irail.be/stations/NMBS/008874005,IC,2016-11-09T17:03:00,2016-11-09T17:03:00,237,237
http://irail.be/vehicle/IC938,http://irail.be/stations/NMBS/008874054,IC,2016-11-09T17:06:00,2016-11-09T17:06:00,179,179
http://irail.be/vehicle/IC938,http://irail.be/stations/NMBS/008872009,IC,2016-11-09T17:11:00,2016-11-09T17:08:00,142,212
http://irail.be/vehicle/IC938,http://irail.be/stations/NMBS/008871100,IC,2016-11-09T17:15:00,2016-11-09T17:15:00,171,171
http://irail.be/vehicle/IC938,http://irail.be/stations/NMBS/008871514,IC,2016-11-09T17:19:00,2016-11-09T17:19:00,177,177
http://irail.be/vehicle/IC938,http://irail.be/stations/NMBS/008871415,IC,2016-11-09T17:20:00,2016-11-09T17:20:00,155,155
http://irail.be/vehicle/IC938,http://irail.be/stations/NMBS/008882248,IC,2016-11-09T17:22:00,2016-11-09T17:22:00,155,155
http://irail.be/vehicle/IC938,http://irail.be/stations/NMBS/008882230,IC,2016-11-09T17:23:00,2016-11-09T17:23:00,155,155
http://irail.be/vehicle/IC938,http://irail.be/stations/NMBS/008882206,IC,2016-11-09T17:28:00,2016-11-09T17:27:00,89,78
http://irail.be/vehicle/IC938,http://irail.be/stations/NMBS/008881463,IC,2016-11-09T17:32:00,2016-11-09T17:32:00,71,71
http://irail.be/vehicle/IC938,http://irail.be/stations/NMBS/008881455,IC,2016-11-09T17:33:00,2016-11-09T17:33:00,71,71
http://irail.be/vehicle/IC938,http://irail.be/stations/NMBS/008881430,IC,2016-11-09T17:35:00,2016-11-09T17:35:00,71,71
http://irail.be/vehicle/IC938,NO-URI,IC,2016-11-09T17:36:00,2016-11-09T17:36:00,49,49
http://irail.be/vehicle/IC938,http://irail.be/stations/NMBS/008881406,IC,2016-11-09T17:37:00,2016-11-09T17:37:00,-11,-11
http://irail.be/vehicle/IC938,http://irail.be/stations/NMBS/008881315,IC,2016-11-09T17:39:00,2016-11-09T17:39:00,-11,-11
http://irail.be/vehicle/IC938,http://irail.be/stations/NMBS/008881000,IC,2016-11-09T17:45:00,2016-11-09T17:42:00,10,49
http://irail.be/vehicle/IC938,http://irail.be/stations/NMBS/008884566,IC,2016-11-09T17:50:00,2016-11-09T17:50:00,-55,-55
http://irail.be/vehicle/IC938,http://irail.be/stations/NMBS/008884541,IC,2016-11-09T17:51:00,2016-11-09T17:51:00,-62,-62
http://irail.be/vehicle/IC938,http://irail.be/stations/NMBS/008884004,IC,2016-11-09T17:54:00,2016-11-09T17:53:00,8,-43
http://irail.be/vehicle/IC938,http://irail.be/stations/NMBS/008884632,IC,2016-11-09T17:59:00,2016-11-09T17:59:00,8,8
http://irail.be/vehicle/IC938,http://irail.be/stations/NMBS/008884640,IC,2016-11-09T18:00:00,2016-11-09T18:00:00,8,8
http://irail.be/vehicle/IC938,http://irail.be/stations/NMBS/008884715,IC,2016-11-09T18:01:00,2016-11-09T18:01:00,118,118
http://irail.be/vehicle/IC938,http://irail.be/stations/NMBS/008884855,IC,2016-11-09T18:04:00,2016-11-09T18:04:00,118,118
http://irail.be/vehicle/IC938,http://irail.be/stations/NMBS/008884889,IC,2016-11-09T18:06:00,2016-11-09T18:06:00,118,118
http://irail.be/vehicle/IC938,http://irail.be/stations/NMBS/008885530,IC,2016-11-09T18:08:00,2016-11-09T18:08:00,58,58
http://irail.be/vehicle/IC938,http://irail.be/stations/NMBS/008885522,IC,2016-11-09T18:09:00,2016-11-09T18:09:00,249,249
http://irail.be/vehicle/IC938,http://irail.be/stations/NMBS/008885001,IC,2016-11-09T18:19:00,2016-11-09T18:15:00,62,166
http://irail.be/vehicle/IC938,http://irail.be/stations/NMBS/008885068,IC,2016-11-09T18:23:00,2016-11-09T18:23:00,98,38
http://irail.be/vehicle/IC938,http://irail.be/stations/NMBS/008885753,IC,2016-11-09T18:33:00,2016-11-09T18:33:00,0,-82
http://irail.be/vehicle/IC938,http://irail.be/stations/NMBS/008885704,IC,2016-11-09T18:37:00,2016-11-09T18:37:00,,16
http://irail.be/vehicle/IC938,http://irail.be/stations/NMBS/008863008,IC,2016-11-14T16:38:00,2016-11-14T16:38:00,127,
http://irail.be/vehicle/IC938,http://irail.be/stations/NMBS/008861119,IC,2016-11-14T16:41:00,2016-11-14T16:41:00,119,119
http://irail.be/vehicle/IC938,http://irail.be/stations/NMBS/008861127,IC,2016-11-14T16:43:08,2016-11-14T16:43:08,62,62
http://irail.be/vehicle/IC938,http://irail.be/stations/NMBS/008861135,IC,2016-11-14T16:46:00,2016-11-14T16:46:00,62,62
http://irail.be/vehicle/IC938,http://irail.be/stations/NMBS/008861143,IC,2016-11-14T16:49:00,2016-11-14T16:49:00,-26,-26
http://irail.be/vehicle/IC938,http://irail.be/stations/NMBS/008861150,IC,2016-11-14T16:51:00,2016-11-14T16:51:00,-31,-31
http://irail.be/vehicle/IC938,NO-URI,IC,2016-11-14T16:51:23,2016-11-14T16:51:23,-31,-31
http://irail.be/vehicle/IC938,http://irail.be/stations/NMBS/008861168,IC,2016-11-14T16:52:09,2016-11-14T16:52:09,-32,-32
http://irail.be/vehicle/IC938,http://irail.be/stations/NMBS/008874724,IC,2016-11-14T16:52:26,2016-11-14T16:52:26,-45,-45
http://irail.be/vehicle/IC938,NO-URI,IC,2016-11-14T16:54:00,2016-11-14T16:54:00,-45,-45
http://irail.be/vehicle/IC938,http://irail.be/stations/NMBS/008874716,IC,2016-11-14T16:55:12,2016-11-14T16:55:12,-97,-97
http://irail.be/vehicle/IC938,http://irail.be/stations/NMBS/008874609,IC,2016-11-14T16:58:08,2016-11-14T16:57:08,85,43
http://irail.be/vehicle/IC938,http://irail.be/stations/NMBS/008874583,IC,2016-11-14T17:00:00,2016-11-14T17:00:00,85,85
http://irail.be/vehicle/IC938,http://irail.be/stations/NMBS/008874567,IC,2016-11-14T17:01:23,2016-11-14T17:01:23,78,78
http://irail.be/vehicle/IC938,http://irail.be/stations/NMBS/008874559,IC,2016-11-14T17:02:00,2016-11-14T17:02:00,78,78
http://irail.be/vehicle/IC938,NO-URI,IC,2016-11-14T17:03:00,2016-11-14T17:03:00,69,69
http://irail.be/vehicle/IC938,http://irail.be/stations/NMBS/008874005,IC,2016-11-14T17:03:06,2016-11-14T17:03:06,77,77
http://irail.be/vehicle/IC938,http://irail.be/stations/NMBS/008874054,IC,2016-11-14T17:06:00,2016-11-14T17:06:00,36,36
http://irail.be/vehicle/IC938,http://irail.be/stations/NMBS/008872009,IC,2016-11-14T17:11:00,2016-11-14T17:08:02,95,29
http://irail.be/vehicle/IC938,http://irail.be/stations/NMBS/008871100,IC,2016-11-14T17:15:00,2016-11-14T17:15:00,116,116
http://irail.be/vehicle/IC938,http://irail.be/stations/NMBS/008871514,IC,2016-11-14T17:19:00,2016-11-14T17:19:00,149,149
http://irail.be/vehicle/IC938,http://irail.be/stations/NMBS/008871415,IC,2016-11-14T17:20:16,2016-11-14T17:20:16,149,149
http://irail.be/vehicle/IC938,http://irail.be/stations/NMBS/008882248,IC,2016-11-14T17:22:05,2016-11-14T17:22:05,140,140
http://irail.be/vehicle/IC938,http://irail.be/stations/NMBS/008882230,IC,2016-11-14T17:23:11,2016-11-14T17:23:11,179,179
http://irail.be/vehicle/IC938,http://irail.be/stations/NMBS/008882206,IC,2016-11-14T17:28:00,2016-11-14T17:27:00,256,177
http://irail.be/vehicle/IC938,http://irail.be/stations/NMBS/008881463,IC,2016-11-14T17:32:20,2016-11-14T17:32:20,257,257
http://irail.be/vehicle/IC938,http://irail.be/stations/NMBS/008881455,IC,2016-11-14T17:33:13,2016-11-14T17:33:13,246,246
http://irail.be/vehicle/IC938,http://irail.be/stations/NMBS/008881430,IC,2016-11-14T17:35:00,2016-11-14T17:35:00,246,246
http://irail.be/vehicle/IC938,NO-URI,IC,2016-11-14T17:36:26,2016-11-14T17:36:26,246,246
http://irail.be/vehicle/IC938,http://irail.be/stations/NMBS/008881406,IC,2016-11-14T17:37:00,2016-11-14T17:37:00,233,233
http://irail.be/vehicle/IC938,http://irail.be/stations/NMBS/008881315,IC,2016-11-14T17:39:00,2016-11-14T17:39:00,337,337
http://irail.be/vehicle/IC938,http://irail.be/stations/NMBS/008881000,IC,2016-11-14T17:45:00,2016-11-14T17:42:00,348,337
http://irail.be/vehicle/IC938,http://irail.be/stations/NMBS/008884566,IC,2016-11-14T17:50:00,2016-11-14T17:50:00,348,348
http://irail.be/vehicle/IC938,http://irail.be/stations/NMBS/008884541,IC,2016-11-14T17:51:03,2016-11-14T17:51:03,273,273
http://irail.be/vehicle/IC938,http://irail.be/stations/NMBS/008884004,IC,2016-11-14T17:54:24,2016-11-14T17:53:24,363,392
http://irail.be/vehicle/IC938,http://irail.be/stations/NMBS/008884632,IC,2016-11-14T17:59:00,2016-11-14T17:59:00,363,363
http://irail.be/vehicle/IC938,http://irail.be/stations/NMBS/008884640,IC,2016-11-14T18:02:05,2016-11-14T18:02:05,454,454
http://irail.be/vehicle/IC938,http://irail.be/stations/NMBS/008884715,IC,2016-11-14T18:03:19,2016-11-14T18:03:19,454,454
http://irail.be/vehicle/IC938,http://irail.be/stations/NMBS/008884855,IC,2016-11-14T18:05:33,2016-11-14T18:05:33,460,460
http://irail.be/vehicle/IC938,http://irail.be/stations/NMBS/008884889,IC,2016-11-14T18:07:39,2016-11-14T18:07:39,473,473
http://irail.be/vehicle/IC938,http://irail.be/stations/NMBS/008885530,IC,2016-11-14T18:08:41,2016-11-14T18:08:41,473,473
http://irail.be/vehicle/IC938,http://irail.be/stations/NMBS/008885522,IC,2016-11-14T18:10:11,2016-11-14T18:10:11,479,479
http://irail.be/vehicle/IC938,http://irail.be/stations/NMBS/008885001,IC,2016-11-14T18:19:00,2016-11-14T18:15:00,405,407
http://irail.be/vehicle/IC938,http://irail.be/stations/NMBS/008885068,IC,2016-11-14T18:23:00,2016-11-14T18:23:00,414,383
http://irail.be/vehicle/IC938,http://irail.be/stations/NMBS/008885753,IC,2016-11-14T18:33:00,2016-11-14T18:33:00,324,324
http://irail.be/vehicle/IC938,http://irail.be/stations/NMBS/008885704,IC,2016-11-14T18:37:00,2016-11-14T18:37:00,,324
http://irail.be/vehicle/IC938,http://irail.be/stations/NMBS/008863008,IC,2016-09-23T16:38:00,2016-09-23T16:38:00,82,
http://irail.be/vehicle/IC938,http://irail.be/stations/NMBS/008861119,IC,2016-09-23T16:41:00,2016-09-23T16:41:00,104,104
http://irail.be/vehicle/IC938,http://irail.be/stations/NMBS/008861127,IC,2016-09-23T16:43:00,2016-09-23T16:43:00,54,54
http://irail.be/vehicle/IC938,http://irail.be/stations/NMBS/008861135,IC,2016-09-23T16:46:00,2016-09-23T16:46:00,12,12
http://irail.be/vehicle/IC938,http://irail.be/stations/NMBS/008861143,IC,2016-09-23T16:49:00,2016-09-23T16:49:00,-77,-77
http://irail.be/vehicle/IC938,http://irail.be/stations/NMBS/008861150,IC,2016-09-23T16:51:00,2016-09-23T16:51:00,-77,-77
http://irail.be/vehicle/IC938,NO-URI,IC,2016-09-23T16:51:00,2016-09-23T16:51:00,32,32
http://irail.be/vehicle/IC938,http://irail.be/stations/NMBS/008861168,IC,2016-09-23T16:52:00,2016-09-23T16:52:00,32,32
http://irail.be/vehicle/IC938,http://irail.be/stations/NMBS/008874724,IC,2016-09-23T16:52:00,2016-09-23T16:52:00,136,136
http://irail.be/vehicle/IC938,NO-URI,IC,2016-09-23T16:54:00,2016-09-23T16:54:00,61,61
http://irail.be/vehicle/IC938,http://irail.be/stations/NMBS/008874716,IC,2016-09-23T16:55:00,2016-09-23T16:55:00,133,133
http://irail.be/vehicle/IC938,http://irail.be/stations/NMBS/008874609,IC,2016-09-23T16:58:00,2016-09-23T16:57:00,230,173
http://irail.be/vehicle/IC938,http://irail.be/stations/NMBS/008874583,IC,2016-09-23T17:00:00,2016-09-23T17:00:00,230,230
http://irail.be/vehicle/IC938,http://irail.be/stations/NMBS/008874567,IC,2016-09-23T17:01:00,2016-09-23T17:01:00,230,230
http://irail.be/vehicle/IC938,http://irail.be/stations/NMBS/008874559,IC,2016-09-23T17:02:00,2016-09-23T17:02:00,212,212
http://irail.be/vehicle/IC938,NO-URI,IC,2016-09-23T17:03:00,2016-09-23T17:03:00,212,212
http://irail.be/vehicle/IC938,http://irail.be/stations/NMBS/008874005,IC,2016-09-23T17:03:00,2016-09-23T17:03:00,228,228
http://irail.be/vehicle/IC938,http://irail.be/stations/NMBS/008874054,IC,2016-09-23T17:06:00,2016-09-23T17:06:00,183,183
http://irail.be/vehicle/IC938,http://irail.be/stations/NMBS/008872009,IC,2016-09-23T17:11:00,2016-09-23T17:08:00,159,211
http://irail.be/vehicle/IC938,http://irail.be/stations/NMBS/008871100,IC,2016-09-23T17:15:00,2016-09-23T17:15:00,575,575
http://irail.be/vehicle/IC938,http://irail.be/stations/NMBS/008871514,IC,2016-09-23T17:19:00,2016-09-23T17:19:00,594,594
http://irail.be/vehicle/IC938,http://irail.be/stations/NMBS/008871415,IC,2016-09-23T17:20:00,2016-09-23T17:20:00,598,598
http://irail.be/vehicle/IC938,http://irail.be/stations/NMBS/008882248,IC,2016-09-23T17:22:00,2016-09-23T17:22:00,598,598
http://irail.be/vehicle/IC938,http://irail.be/stations/NMBS/008882230,IC,2016-09-23T17:23:00,2016-09-23T17:23:00,598,598
http://irail.be/vehicle/IC938,http://irail.be/stations/NMBS/008882206,IC,2016-09-23T17:28:00,2016-09-23T17:27:00,750,704
http://irail.be/vehicle/IC938,http://irail.be/stations/NMBS/008881463,IC,2016-09-23T17:32:00,2016-09-23T17:32:00,737,737
http://irail.be/vehicle/IC938,http://irail.be/stations/NMBS/008881455,IC,2016-09-23T17:33:00,2016-09-23T17:33:00,737,737
http://irail.be/vehicle/IC938,http://irail.be/stations/NMBS/008881430,IC,2016-09-23T17:35:00,2016-09-23T17:35:00,737,737
http://irail.be/vehicle/IC938,NO-URI,IC,2016-09-23T17:36:00,2016-09-23T17:36:00,722,722
http://irail.be/vehicle/IC938,http://irail.be/stations/NMBS/008881406,IC,2016-09-23T17:37:00,2016-09-23T17:37:00,662,662
http://irail.be/vehicle/IC938,http://irail.be/stations/NMBS/008881315,IC,2016-09-23T17:39:00,2016-09-23T17:39:00,662,662
http://irail.be/vehicle/IC938,http://irail.be/stations/NMBS/008881000,IC,2016-09-23T17:45:00,2016-09-23T17:42:00,688,726
http://irail.be/vehicle/IC938,http://irail.be/stations/NMBS/008884566,IC,2016-09-23T17:50:00,2016-09-23T17:50:00,624,624
http://irail.be/vehicle/IC938,http://irail.be/stations/NMBS/008884541,IC,2016-09-23T17:51:00,2016-09-23T17:51:00,612,612
http://irail.be/vehicle/IC938,http://irail.be/stations/NMBS/008884004,IC,2016-09-23T17:54:00,2016-09-23T17:53:00,630,606
http://irail.be/vehicle/IC938,http://irail.be/stations/NMBS/008884632,IC,2016-09-23T17:59:00,2016-09-23T17:59:00,630,630
http://irail.be/vehicle/IC938,http://irail.be/stations/NMBS/008884640,IC,2016-09-23T18:00:00,2016-09-23T18:00:00,630,630
http://irail.be/vehicle/IC938,http://irail.be/stations/NMBS/008884715,IC,2016-09-23T18:01:00,2016-09-23T18:01:00,600,600
http://irail.be/vehicle/IC938,http://irail.be/stations/NMBS/008884855,IC,2016-09-23T18:04:00,2016-09-23T18:04:00,600,600
http://irail.be/vehicle/IC938,http://irail.be/stations/NMBS/008884889,IC,2016-09-23T18:06:00,2016-09-23T18:06:00,600,600
http://irail.be/vehicle/IC938,http://irail.be/stations/NMBS/008885530,IC,2016-09-23T18:08:00,2016-09-23T18:08:00,540,540
http://irail.be/vehicle/IC938,http://irail.be/stations/NMBS/008885522,IC,2016-09-23T18:09:00,2016-09-23T18:09:00,607,607
http://irail.be/vehicle/IC938,http://irail.be/stations/NMBS/008885001,IC,2016-09-23T18:19:00,2016-09-23T18:15:00,521,598
http://irail.be/vehicle/IC938,http://irail.be/stations/NMBS/008885068,IC,2016-09-23T18:23:00,2016-09-23T18:23:00,555,514
http://irail.be/vehicle/IC938,http://irail.be/stations/NMBS/008885753,IC,2016-09-23T18:33:00,2016-09-23T18:33:00,375,375
http://irail.be/vehicle/IC938,http://irail.be/stations/NMBS/008885704,IC,2016-09-23T18:37:00,2016-09-23T18:37:00,,673
http://irail.be/vehicle/IC938,http://irail.be/stations/NMBS/008863008,IC,2016-08-09T16:38:00,2016-08-09T16:38:00,808,
http://irail.be/vehicle/IC938,http://irail.be/stations/NMBS/008861119,IC,2016-08-09T16:41:00,2016-08-09T16:41:00,948,948
http://irail.be/vehicle/IC938,http://irail.be/stations/NMBS/008861127,IC,2016-08-09T16:43:00,2016-08-09T16:43:00,947,947
http://irail.be/vehicle/IC938,http://irail.be/stations/NMBS/008861135,IC,2016-08-09T16:46:00,2016-08-09T16:46:00,923,923
http://irail.be/vehicle/IC938,http://irail.be/stations/NMBS/008861143,IC,2016-08-09T16:49:00,2016-08-09T16:49:00,837,837
http://irail.be/vehicle/IC938,http://irail.be/stations/NMBS/008861150,IC,2016-08-09T16:51:00,2016-08-09T16:51:00,837,837
http://irail.be/vehicle/IC938,NO-URI,IC,2016-08-09T16:51:00,2016-08-09T16:51:00,884,884
http://irail.be/vehicle/IC938,http://irail.be/stations/NMBS/008861168,IC,2016-08-09T16:52:00,2016-08-09T16:52:00,884,884
http://irail.be/vehicle/IC938,http://irail.be/stations/NMBS/008874724,IC,2016-08-09T16:52:00,2016-08-09T16:52:00,891,891
http://irail.be/vehicle/IC938,NO-URI,IC,2016-08-09T16:54:00,2016-08-09T16:54:00,800,800
http://irail.be/vehicle/IC938,http://irail.be/stations/NMBS/008874716,IC,2016-08-09T16:55:00,2016-08-09T16:55:00,814,814
http://irail.be/vehicle/IC938,http://irail.be/stations/NMBS/008874609,IC,2016-08-09T16:58:00,2016-08-09T16:57:00,829,834
http://irail.be/vehicle/IC938,http://irail.be/stations/NMBS/008874583,IC,2016-08-09T17:00:00,2016-08-09T17:00:00,829,829
http://irail.be/vehicle/IC938,http://irail.be/stations/NMBS/008874567,IC,2016-08-09T17:01:00,2016-08-09T17:01:00,829,829
http://irail.be/vehicle/IC938,http://irail.be/stations/NMBS/008874559,IC,2016-08-09T17:02:00,2016-08-09T17:02:00,916,916
http://irail.be/vehicle/IC938,NO-URI,IC,2016-08-09T17:03:00,2016-08-09T17:03:00,916,916
http://irail.be/vehicle/IC938,http://irail.be/stations/NMBS/008874005,IC,2016-08-09T17:03:00,2016-08-09T17:03:00,1156,1156
http://irail.be/vehicle/IC938,http://irail.be/stations/NMBS/008874054,IC,2016-08-09T17:06:00,2016-08-09T17:06:00,1375,1375
http://irail.be/vehicle/IC938,http://irail.be/stations/NMBS/008872009,IC,2016-08-09T17:11:00,2016-08-09T17:08:00,1383,1466
http://irail.be/vehicle/IC938,http://irail.be/stations/NMBS/008871100,IC,2016-08-09T17:15:00,2016-08-09T17:15:00,1387,1387
http://irail.be/vehicle/IC938,http://irail.be/stations/NMBS/008871514,IC,2016-08-09T17:19:00,2016-08-09T17:19:00,1384,1384
http://irail.be/vehicle/IC938,http://irail.be/stations/NMBS/008871415,IC,2016-08-09T17:20:00,2016-08-09T17:20:00,1387,1387
http://irail.be/vehicle/IC938,http://irail.be/stations/NMBS/008882248,IC,2016-08-09T17:22:00,2016-08-09T17:22:00,1387,1387
http://irail.be/vehicle/IC938,http://irail.be/stations/NMBS/008882230,IC,2016-08-09T17:23:00,2016-08-09T17:23:00,1387,1387
http://irail.be/vehicle/IC938,http://irail.be/stations/NMBS/008882206,IC,2016-08-09T17:28:00,2016-08-09T17:27:00,1423,1361
http://irail.be/vehicle/IC938,http://irail.be/stations/NMBS/008881463,IC,2016-08-09T17:32:00,2016-08-09T17:32:00,1429,1429
http://irail.be/vehicle/IC938,http://irail.be/stations/NMBS/008881455,IC,2016-08-09T17:33:00,2016-08-09T17:33:00,1429,1429
http://irail.be/vehicle/IC938,http://irail.be/stations/NMBS/008881430,IC,2016-08-09T17:35:00,2016-08-09T17:35:00,1429,1429
http://irail.be/vehicle/IC938,NO-URI,IC,2016-08-09T17:36:00,2016-08-09T17:36:00,1453,1453
http://irail.be/vehicle/IC938,http://irail.be/stations/NMBS/008881406,IC,2016-08-09T17:37:00,2016-08-09T17:37:00,1393,1393
http://irail.be/vehicle/IC938,http://irail.be/stations/NMBS/008881315,IC,2016-08-09T17:39:00,2016-08-09T17:39:00,1393,1393
http://irail.be/vehicle/IC938,http://irail.be/stations/NMBS/008881000,IC,2016-08-09T17:45:00,2016-08-09T17:42:00,1445,1466
http://irail.be/vehicle/IC938,http://irail.be/stations/NMBS/008884566,IC,2016-08-09T17:50:00,2016-08-09T17:50:00,1390,1390
http://irail.be/vehicle/IC938,http://irail.be/stations/NMBS/008884541,IC,2016-08-09T17:51:00,2016-08-09T17:51:00,1379,1379
http://irail.be/vehicle/IC938,http://irail.be/stations/NMBS/008884004,IC,2016-08-09T17:54:00,2016-08-09T17:53:00,1405,1380
http://irail.be/vehicle/IC938,http://irail.be/stations/NMBS/008884632,IC,2016-08-09T17:59:00,2016-08-09T17:59:00,1405,1405
http://irail.be/vehicle/IC938,http://irail.be/stations/NMBS/008884640,IC,2016-08-09T18:00:00,2016-08-09T18:00:00,1405,1405
http://irail.be/vehicle/IC938,http://irail.be/stations/NMBS/008884715,IC,2016-08-09T18:01:00,2016-08-09T18:01:00,1386,1386
http://irail.be/vehicle/IC938,http://irail.be/stations/NMBS/008884855,IC,2016-08-09T18:04:00,2016-08-09T18:04:00,1386,1386
http://irail.be/vehicle/IC938,http://irail.be/stations/NMBS/008884889,IC,2016-08-09T18:06:00,2016-08-09T18:06:00,1386,1386
http://irail.be/vehicle/IC938,http://irail.be/stations/NMBS/008885530,IC,2016-08-09T18:08:00,2016-08-09T18:08:00,1326,1326
http://irail.be/vehicle/IC938,http://irail.be/stations/NMBS/008885522,IC,2016-08-09T18:09:00,2016-08-09T18:09:00,1381,1381
http://irail.be/vehicle/IC938,http://irail.be/stations/NMBS/008885001,IC,2016-08-09T18:19:00,2016-08-09T18:15:00,1392,1341
http://irail.be/vehicle/IC938,http://irail.be/stations/NMBS/008885068,IC,2016-08-09T18:23:00,2016-08-09T18:23:00,1392,1355
http://irail.be/vehicle/IC938,http://irail.be/stations/NMBS/008885753,IC,2016-08-09T18:33:00,2016-08-09T18:33:00,1212,1212
http://irail.be/vehicle/IC938,http://irail.be/stations/NMBS/008885704,IC,2016-08-09T18:37:00,2016-08-09T18:37:00,,1344
http://irail.be/vehicle/IC938,http://irail.be/stations/NMBS/008863008,IC,2016-10-26T16:38:00,2016-10-26T16:38:00,9,
http://irail.be/vehicle/IC938,http://irail.be/stations/NMBS/008861119,IC,2016-10-26T16:41:00,2016-10-26T16:41:00,35,35
http://irail.be/vehicle/IC938,http://irail.be/stations/NMBS/008861127,IC,2016-10-26T16:43:00,2016-10-26T16:43:00,-14,-14
http://irail.be/vehicle/IC938,http://irail.be/stations/NMBS/008861135,IC,2016-10-26T16:46:00,2016-10-26T16:46:00,-48,-48
http://irail.be/vehicle/IC938,http://irail.be/stations/NMBS/008861143,IC,2016-10-26T16:49:00,2016-10-26T16:49:00,-135,-135
http://irail.be/vehicle/IC938,http://irail.be/stations/NMBS/008861150,IC,2016-10-26T16:51:00,2016-10-26T16:51:00,-135,-135
http://irail.be/vehicle/IC938,NO-URI,IC,2016-10-26T16:51:00,2016-10-26T16:51:00,-105,-105
http://irail.be/vehicle/IC938,http://irail.be/stations/NMBS/008861168,IC,2016-10-26T16:52:00,2016-10-26T16:52:00,-105,-105
http://irail.be/vehicle/IC938,http://irail.be/stations/NMBS/008874724,IC,2016-10-26T16:52:00,2016-10-26T16:52:00,-96,-96
http://irail.be/vehicle/IC938,NO-URI,IC,2016-10-26T16:54:00,2016-10-26T16:54:00,-188,-188
http://irail.be/vehicle/IC938,http://irail.be/stations/NMBS/008874716,IC,2016-10-26T16:55:00,2016-10-26T16:55:00,-165,-165
http://irail.be/vehicle/IC938,http://irail.be/stations/NMBS/008874609,IC,2016-10-26T16:58:00,2016-10-26T16:57:00,11,-35
http://irail.be/vehicle/IC938,http://irail.be/stations/NMBS/008874583,IC,2016-10-26T17:00:00,2016-10-26T17:00:00,11,11
http://irail.be/vehicle/IC938,http://irail.be/stations/NMBS/008874567,IC,2016-10-26T17:01:00,2016-10-26T17:01:00,11,11
http://irail.be/vehicle/IC938,http://irail.be/stations/NMBS/008874559,IC,2016-10-26T17:02:00,2016-10-26T17:02:00,-19,-19
http://irail.be/vehicle/IC938,NO-URI,IC,2016-10-26T17:03:00,2016-10-26T17:03:00,-19,-19
http://irail.be/vehicle/IC938,http://irail.be/stations/NMBS/008874005,IC,2016-10-26T17:03:00,2016-10-26T17:03:00,-6,-6
http://irail.be/vehicle/IC938,http://irail.be/stations/NMBS/008874054,IC,2016-10-26T17:06:00,2016-10-26T17:06:00,-51,-51
http://irail.be/vehicle/IC938,http://irail.be/stations/NMBS/008872009,IC,2016-10-26T17:11:00,2016-10-26T17:08:00,266,8
http://irail.be/vehicle/IC938,http://irail.be/stations/NMBS/008871100,IC,2016-10-26T17:15:00,2016-10-26T17:15:00,283,283
http://irail.be/vehicle/IC938,http://irail.be/stations/NMBS/008871514,IC,2016-10-26T17:19:00,2016-10-26T17:19:00,346,346
http://irail.be/vehicle/IC938,http://irail.be/stations/NMBS/008871415,IC,2016-10-26T17:20:00,2016-10-26T17:20:00,348,348
http://irail.be/vehicle/IC938,http://irail.be/stations/NMBS/008882248,IC,2016-10-26T17:22:00,2016-10-26T17:22:00,348,348
http://irail.be/vehicle/IC938,http://irail.be/stations/NMBS/008882230,IC,2016-10-26T17:23:00,2016-10-26T17:23:00,348,348
http://irail.be/vehicle/IC938,http://irail.be/stations/NMBS/008882206,IC,2016-10-26T17:28:00,2016-10-26T17:27:00,306,285
http://irail.be/vehicle/IC938,http://irail.be/stations/NMBS/008881463,IC,2016-10-26T17:32:00,2016-10-26T17:32:00,290,290
http://irail.be/vehicle/IC938,http://irail.be/stations/NMBS/008881455,IC,2016-10-26T17:33:00,2016-10-26T17:33:00,290,290
http://irail.be/vehicle/IC938,http://irail.be/stations/NMBS/008881430,IC,2016-10-26T17:35:00,2016-10-26T17:35:00,290,290
http://irail.be/vehicle/IC938,NO-URI,IC,2016-10-26T17:36:00,2016-10-26T17:36:00,276,276
http://irail.be/vehicle/IC938,http://irail.be/stations/NMBS/008881406,IC,2016-10-26T17:37:00,2016-10-26T17:37:00,216,216
http://irail.be/vehicle/IC938,http://irail.be/stations/NMBS/008881315,IC,2016-10-26T17:39:00,2016-10-26T17:39:00,216,216
http://irail.be/vehicle/IC938,http://irail.be/stations/NMBS/008881000,IC,2016-10-26T17:45:00,2016-10-26T17:42:00,160,247
http://irail.be/vehicle/IC938,http://irail.be/stations/NMBS/008884566,IC,2016-10-26T17:50:00,2016-10-26T17:50:00,98,98
http://irail.be/vehicle/IC938,http://irail.be/stations/NMBS/008884541,IC,2016-10-26T17:51:00,2016-10-26T17:51:00,91,91
http://irail.be/vehicle/IC938,http://irail.be/stations/NMBS/008884004,IC,2016-10-26T17:54:00,2016-10-26T17:53:00,106,97
http://irail.be/vehicle/IC938,http://irail.be/stations/NMBS/008884632,IC,2016-10-26T17:59:00,2016-10-26T17:59:00,106,106
http://irail.be/vehicle/IC938,http://irail.be/stations/NMBS/008884640,IC,2016-10-26T18:00:00,2016-10-26T18:00:00,106,106
http://irail.be/vehicle/IC938,http://irail.be/stations/NMBS/008884715,IC,2016-10-26T18:01:00,2016-10-26T18:01:00,74,74
http://irail.be/vehicle/IC938,http://irail.be/stations/NMBS/008884855,IC,2016-10-26T18:04:00,2016-10-26T18:04:00,74,74
http://irail.be/vehicle/IC938,http://irail.be/stations/NMBS/008884889,IC,2016-10-26T18:06:00,2016-10-26T18:06:00,74,74
http://irail.be/vehicle/IC938,http://irail.be/stations/NMBS/008885530,IC,2016-10-26T18:08:00,2016-10-26T18:08:00,14,14
http://irail.be/vehicle/IC938,http://irail.be/stations/NMBS/008885522,IC,2016-10-26T18:09:00,2016-10-26T18:09:00,63,63
http://irail.be/vehicle/IC938,http://irail.be/stations/NMBS/008885001,IC,2016-10-26T18:19:00,2016-10-26T18:15:00,59,17
http://irail.be/vehicle/IC938,http://irail.be/stations/NMBS/008885068,IC,2016-10-26T18:23:00,2016-10-26T18:23:00,77,43
http://irail.be/vehicle/IC938,http://irail.be/stations/NMBS/008885753,IC,2016-10-26T18:33:00,2016-10-26T18:33:00,0,-103
http://irail.be/vehicle/IC938,http://irail.be/stations/NMBS/008885704,IC,2016-10-26T18:37:00,2016-10-26T18:37:00,,27
http://irail.be/vehicle/IC938,http://irail.be/stations/NMBS/008863008,IC,2016-03-21T16:38:00,2016-03-21T16:38:00,30,0
http://irail.be/vehicle/IC938,http://irail.be/stations/NMBS/008861119,IC,2016-03-21T16:41:00,2016-03-21T16:41:00,41,41
http://irail.be/vehicle/IC938,http://irail.be/stations/NMBS/008861127,IC,2016-03-21T16:43:00,2016-03-21T16:43:00,-10,-26
http://irail.be/vehicle/IC938,http://irail.be/stations/NMBS/008861135,IC,2016-03-21T16:46:00,2016-03-21T16:46:00,-53,-10
http://irail.be/vehicle/IC938,http://irail.be/stations/NMBS/008861143,IC,2016-03-21T16:49:00,2016-03-21T16:49:00,-145,-145
http://irail.be/vehicle/IC938,http://irail.be/stations/NMBS/008861150,IC,2016-03-21T16:51:00,2016-03-21T16:51:00,-145,-145
http://irail.be/vehicle/IC938,NO-URI,IC,2016-03-21T16:51:00,2016-03-21T16:51:00,-123,-124
http://irail.be/vehicle/IC938,http://irail.be/stations/NMBS/008861168,IC,2016-03-21T16:52:00,2016-03-21T16:52:00,-123,-123
http://irail.be/vehicle/IC938,http://irail.be/stations/NMBS/008874724,IC,2016-03-21T16:52:00,2016-03-21T16:52:00,-117,-123
http://irail.be/vehicle/IC938,NO-URI,IC,2016-03-21T16:54:00,2016-03-21T16:54:00,-211,-214
http://irail.be/vehicle/IC938,http://irail.be/stations/NMBS/008874716,IC,2016-03-21T16:55:00,2016-03-21T16:55:00,-138,-138
http://irail.be/vehicle/IC938,http://irail.be/stations/NMBS/008874609,IC,2016-03-21T16:58:00,2016-03-21T16:57:00,28,14
http://irail.be/vehicle/IC938,http://irail.be/stations/NMBS/008874583,IC,2016-03-21T17:00:00,2016-03-21T17:00:00,0,0
http://irail.be/vehicle/IC938,http://irail.be/stations/NMBS/008874567,IC,2016-03-21T17:01:00,2016-03-21T17:01:00,0,0
http://irail.be/vehicle/IC938,http://irail.be/stations/NMBS/008874559,IC,2016-03-21T17:02:00,2016-03-21T17:02:00,12,12
http://irail.be/vehicle/IC938,http://irail.be/stations/NMBS/008874005,IC,2016-03-21T17:03:00,2016-03-21T17:03:00,22,18
http://irail.be/vehicle/IC938,http://irail.be/stations/NMBS/008874054,IC,2016-03-21T17:06:00,2016-03-21T17:06:00,-27,-33
http://irail.be/vehicle/IC938,http://irail.be/stations/NMBS/008872009,IC,2016-03-21T17:11:00,2016-03-21T17:08:00,15,22
http://irail.be/vehicle/IC938,http://irail.be/stations/NMBS/008871100,IC,2016-03-21T17:15:00,2016-03-21T17:15:00,-7,-40
http://irail.be/vehicle/IC938,http://irail.be/stations/NMBS/008871514,IC,2016-03-21T17:19:00,2016-03-21T17:19:00,-10,-10
http://irail.be/vehicle/IC938,http://irail.be/stations/NMBS/008871415,IC,2016-03-21T17:20:00,2016-03-21T17:20:00,-29,-30
http://irail.be/vehicle/IC938,http://irail.be/stations/NMBS/008882248,IC,2016-03-21T17:22:00,2016-03-21T17:22:00,-29,-29
http://irail.be/vehicle/IC938,http://irail.be/stations/NMBS/008882230,IC,2016-03-21T17:23:00,2016-03-21T17:23:00,0,0
http://irail.be/vehicle/IC938,http://irail.be/stations/NMBS/008882206,IC,2016-03-21T17:28:00,2016-03-21T17:27:00,14,-67
http://irail.be/vehicle/IC938,http://irail.be/stations/NMBS/008881463,IC,2016-03-21T17:32:00,2016-03-21T17:32:00,55,55
http://irail.be/vehicle/IC938,http://irail.be/stations/NMBS/008881455,IC,2016-03-21T17:33:00,2016-03-21T17:33:00,55,55
http://irail.be/vehicle/IC938,http://irail.be/stations/NMBS/008881430,IC,2016-03-21T17:35:00,2016-03-21T17:35:00,0,0
http://irail.be/vehicle/IC938,NO-URI,IC,2016-03-21T17:36:00,2016-03-21T17:36:00,41,40
http://irail.be/vehicle/IC938,http://irail.be/stations/NMBS/008881406,IC,2016-03-21T17:37:00,2016-03-21T17:37:00,-19,-19
http://irail.be/vehicle/IC938,http://irail.be/stations/NMBS/008881315,IC,2016-03-21T17:39:00,2016-03-21T17:39:00,0,0
http://irail.be/vehicle/IC938,http://irail.be/stations/NMBS/008881000,IC,2016-03-21T17:45:00,2016-03-21T17:42:00,35,76
http://irail.be/vehicle/IC938,http://irail.be/stations/NMBS/008884566,IC,2016-03-21T17:50:00,2016-03-21T17:50:00,-21,-25
http://irail.be/vehicle/IC938,http://irail.be/stations/NMBS/008884541,IC,2016-03-21T17:51:00,2016-03-21T17:51:00,-32,-32
http://irail.be/vehicle/IC938,http://irail.be/stations/NMBS/008884004,IC,2016-03-21T17:54:00,2016-03-21T17:53:00,95,29
http://irail.be/vehicle/IC938,http://irail.be/stations/NMBS/008884632,IC,2016-03-21T17:59:00,2016-03-21T17:59:00,0,0
http://irail.be/vehicle/IC938,http://irail.be/stations/NMBS/008884640,IC,2016-03-21T18:00:00,2016-03-21T18:00:00,0,0
http://irail.be/vehicle/IC938,http://irail.be/stations/NMBS/008884715,IC,2016-03-21T18:01:00,2016-03-21T18:01:00,108,99
http://irail.be/vehicle/IC938,http://irail.be/stations/NMBS/008884855,IC,2016-03-21T18:04:00,2016-03-21T18:04:00,108,108
http://irail.be/vehicle/IC938,http://irail.be/stations/NMBS/008884889,IC,2016-03-21T18:06:00,2016-03-21T18:06:00,0,0
http://irail.be/vehicle/IC938,http://irail.be/stations/NMBS/008885530,IC,2016-03-21T18:08:00,2016-03-21T18:08:00,0,0
http://irail.be/vehicle/IC938,http://irail.be/stations/NMBS/008885522,IC,2016-03-21T18:09:00,2016-03-21T18:09:00,160,93
http://irail.be/vehicle/IC938,http://irail.be/stations/NMBS/008885001,IC,2016-03-21T18:19:00,2016-03-21T18:15:00,211,217
http://irail.be/vehicle/IC938,http://irail.be/stations/NMBS/008885068,IC,2016-03-21T18:23:00,2016-03-21T18:23:00,249,194
http://irail.be/vehicle/IC938,http://irail.be/stations/NMBS/008885753,IC,2016-03-21T18:33:00,2016-03-21T18:33:00,0,0
http://irail.be/vehicle/IC938,http://irail.be/stations/NMBS/008885704,IC,2016-03-21T18:37:00,2016-03-21T18:37:00,0,314
http://irail.be/vehicle/IC938,http://irail.be/stations/NMBS/008863008,IC,2016-05-02T16:38:00,2016-05-02T16:38:00,22,0
http://irail.be/vehicle/IC938,http://irail.be/stations/NMBS/008861119,IC,2016-05-02T16:41:00,2016-05-02T16:41:00,148,148
http://irail.be/vehicle/IC938,http://irail.be/stations/NMBS/008861127,IC,2016-05-02T16:43:00,2016-05-02T16:43:00,90,74
http://irail.be/vehicle/IC938,http://irail.be/stations/NMBS/008861135,IC,2016-05-02T16:46:00,2016-05-02T16:46:00,56,90
http://irail.be/vehicle/IC938,http://irail.be/stations/NMBS/008861143,IC,2016-05-02T16:49:00,2016-05-02T16:49:00,-31,-31
http://irail.be/vehicle/IC938,http://irail.be/stations/NMBS/008861150,IC,2016-05-02T16:51:00,2016-05-02T16:51:00,-31,-31
http://irail.be/vehicle/IC938,NO-URI,IC,2016-05-02T16:51:00,2016-05-02T16:51:00,0,-2
http://irail.be/vehicle/IC938,http://irail.be/stations/NMBS/008861168,IC,2016-05-02T16:52:00,2016-05-02T16:52:00,0,0
http://irail.be/vehicle/IC938,http://irail.be/stations/NMBS/008874724,IC,2016-05-02T16:52:00,2016-05-02T16:52:00,10,0
http://irail.be/vehicle/IC938,NO-URI,IC,2016-05-02T16:54:00,2016-05-02T16:54:00,-85,-87
http://irail.be/vehicle/IC938,http://irail.be/stations/NMBS/008874716,IC,2016-05-02T16:55:00,2016-05-02T16:55:00,-73,-73
http://irail.be/vehicle/IC938,http://irail.be/stations/NMBS/008874609,IC,2016-05-02T16:58:00,2016-05-02T16:57:00,16,-56
http://irail.be/vehicle/IC938,http://irail.be/stations/NMBS/008874583,IC,2016-05-02T17:00:00,2016-05-02T17:00:00,0,0
http://irail.be/vehicle/IC938,http://irail.be/stations/NMBS/008874567,IC,2016-05-02T17:01:00,2016-05-02T17:01:00,0,0
http://irail.be/vehicle/IC938,http://irail.be/stations/NMBS/008874559,IC,2016-05-02T17:02:00,2016-05-02T17:02:00,-1,-1
http://irail.be/vehicle/IC938,http://irail.be/stations/NMBS/008874005,IC,2016-05-02T17:03:00,2016-05-02T17:03:00,13,7
http://irail.be/vehicle/IC938,http://irail.be/stations/NMBS/008874054,IC,2016-05-02T17:06:00,2016-05-02T17:06:00,-32,-37
http://irail.be/vehicle/IC938,http://irail.be/stations/NMBS/008872009,IC,2016-05-02T17:11:00,2016-05-02T17:08:00,18,36
http://irail.be/vehicle/IC938,http://irail.be/stations/NMBS/008871100,IC,2016-05-02T17:15:00,2016-05-02T17:15:00,127,80
http://irail.be/vehicle/IC938,http://irail.be/stations/NMBS/008871514,IC,2016-05-02T17:19:00,2016-05-02T17:19:00,124,124
http://irail.be/vehicle/IC938,http://irail.be/stations/NMBS/008871415,IC,2016-05-02T17:20:00,2016-05-02T17:20:00,109,107
http://irail.be/vehicle/IC938,http://irail.be/stations/NMBS/008882248,IC,2016-05-02T17:22:00,2016-05-02T17:22:00,109,109
http://irail.be/vehicle/IC938,http://irail.be/stations/NMBS/008882230,IC,2016-05-02T17:23:00,2016-05-02T17:23:00,0,0
http://irail.be/vehicle/IC938,http://irail.be/stations/NMBS/008882206,IC,2016-05-02T17:28:00,2016-05-02T17:27:00,111,79
http://irail.be/vehicle/IC938,http://irail.be/stations/NMBS/008881463,IC,2016-05-02T17:32:00,2016-05-02T17:32:00,105,105
http://irail.be/vehicle/IC938,http://irail.be/stations/NMBS/008881455,IC,2016-05-02T17:33:00,2016-05-02T17:33:00,105,105
http://irail.be/vehicle/IC938,http://irail.be/stations/NMBS/008881430,IC,2016-05-02T17:35:00,2016-05-02T17:35:00,0,0
http://irail.be/vehicle/IC938,NO-URI,IC,2016-05-02T17:36:00,2016-05-02T17:36:00,176,174
http://irail.be/vehicle/IC938,http://irail.be/stations/NMBS/008881406,IC,2016-05-02T17:37:00,2016-05-02T17:37:00,116,116
http://irail.be/vehicle/IC938,http://irail.be/stations/NMBS/008881315,IC,2016-05-02T17:39:00,2016-05-02T17:39:00,0,0
http://irail.be/vehicle/IC938,http://irail.be/stations/NMBS/008881000,IC,2016-05-02T17:45:00,2016-05-02T17:42:00,96,165
http://irail.be/vehicle/IC938,http://irail.be/stations/NMBS/008884566,IC,2016-05-02T17:50:00,2016-05-02T17:50:00,23,36
http://irail.be/vehicle/IC938,http://irail.be/stations/NMBS/008884541,IC,2016-05-02T17:51:00,2016-05-02T17:51:00,11,11
http://irail.be/vehicle/IC938,http://irail.be/stations/NMBS/008884004,IC,2016-05-02T17:54:00,2016-05-02T17:53:00,89,60
http://irail.be/vehicle/IC938,http://irail.be/stations/NMBS/008884632,IC,2016-05-02T17:59:00,2016-05-02T17:59:00,0,0
http://irail.be/vehicle/IC938,http://irail.be/stations/NMBS/008884640,IC,2016-05-02T18:00:00,2016-05-02T18:00:00,0,0
http://irail.be/vehicle/IC938,http://irail.be/stations/NMBS/008884715,IC,2016-05-02T18:01:00,2016-05-02T18:01:00,66,62
http://irail.be/vehicle/IC938,http://irail.be/stations/NMBS/008884855,IC,2016-05-02T18:04:00,2016-05-02T18:04:00,66,66
http://irail.be/vehicle/IC938,http://irail.be/stations/NMBS/008884889,IC,2016-05-02T18:06:00,2016-05-02T18:06:00,0,0
http://irail.be/vehicle/IC938,http://irail.be/stations/NMBS/008885530,IC,2016-05-02T18:08:00,2016-05-02T18:08:00,0,0
http://irail.be/vehicle/IC938,http://irail.be/stations/NMBS/008885522,IC,2016-05-02T18:09:00,2016-05-02T18:09:00,60,44
http://irail.be/vehicle/IC938,http://irail.be/stations/NMBS/008885001,IC,2016-05-02T18:19:00,2016-05-02T18:15:00,416,176
http://irail.be/vehicle/IC938,http://irail.be/stations/NMBS/008885068,IC,2016-05-02T18:23:00,2016-05-02T18:23:00,533,503
http://irail.be/vehicle/IC938,http://irail.be/stations/NMBS/008885753,IC,2016-05-02T18:33:00,2016-05-02T18:33:00,0,0
http://irail.be/vehicle/IC938,http://irail.be/stations/NMBS/008885704,IC,2016-05-02T18:37:00,2016-05-02T18:37:00,0,529
http://irail.be/vehicle/IC938,http://irail.be/stations/NMBS/008863008,IC,2016-08-22T16:38:00,2016-08-22T16:38:00,50,
http://irail.be/vehicle/IC938,http://irail.be/stations/NMBS/008861119,IC,2016-08-22T16:41:00,2016-08-22T16:41:00,95,95
http://irail.be/vehicle/IC938,http://irail.be/stations/NMBS/008861127,IC,2016-08-22T16:43:00,2016-08-22T16:43:00,55,55
http://irail.be/vehicle/IC938,http://irail.be/stations/NMBS/008861135,IC,2016-08-22T16:46:00,2016-08-22T16:46:00,30,30
http://irail.be/vehicle/IC938,http://irail.be/stations/NMBS/008861143,IC,2016-08-22T16:49:00,2016-08-22T16:49:00,-58,-58
http://irail.be/vehicle/IC938,http://irail.be/stations/NMBS/008861150,IC,2016-08-22T16:51:00,2016-08-22T16:51:00,-58,-58
http://irail.be/vehicle/IC938,NO-URI,IC,2016-08-22T16:51:00,2016-08-22T16:51:00,23,23
http://irail.be/vehicle/IC938,http://irail.be/stations/NMBS/008861168,IC,2016-08-22T16:52:00,2016-08-22T16:52:00,23,23
http://irail.be/vehicle/IC938,http://irail.be/stations/NMBS/008874724,IC,2016-08-22T16:52:00,2016-08-22T16:52:00,134,134
http://irail.be/vehicle/IC938,NO-URI,IC,2016-08-22T16:54:00,2016-08-22T16:54:00,50,50
http://irail.be/vehicle/IC938,http://irail.be/stations/NMBS/008874716,IC,2016-08-22T16:55:00,2016-08-22T16:55:00,61,61
http://irail.be/vehicle/IC938,http://irail.be/stations/NMBS/008874609,IC,2016-08-22T16:58:00,2016-08-22T16:57:00,61,66
http://irail.be/vehicle/IC938,http://irail.be/stations/NMBS/008874583,IC,2016-08-22T16:59:00,2016-08-22T16:59:00,1,1
http://irail.be/vehicle/IC938,http://irail.be/stations/NMBS/008874567,IC,2016-08-22T17:01:00,2016-08-22T17:01:00,61,61
http://irail.be/vehicle/IC938,http://irail.be/stations/NMBS/008874559,IC,2016-08-22T17:02:00,2016-08-22T17:02:00,37,37
http://irail.be/vehicle/IC938,NO-URI,IC,2016-08-22T17:03:00,2016-08-22T17:03:00,37,37
http://irail.be/vehicle/IC938,http://irail.be/stations/NMBS/008874005,IC,2016-08-22T17:03:00,2016-08-22T17:03:00,61,61
http://irail.be/vehicle/IC938,http://irail.be/stations/NMBS/008874054,IC,2016-08-22T17:06:00,2016-08-22T17:06:00,15,15
http://irail.be/vehicle/IC938,http://irail.be/stations/NMBS/008872009,IC,2016-08-22T17:11:00,2016-08-22T17:08:00,64,96
http://irail.be/vehicle/IC938,http://irail.be/stations/NMBS/008871100,IC,2016-08-22T17:15:00,2016-08-22T17:15:00,164,164
http://irail.be/vehicle/IC938,http://irail.be/stations/NMBS/008871514,IC,2016-08-22T17:18:00,2016-08-22T17:18:00,99,99
http://irail.be/vehicle/IC938,http://irail.be/stations/NMBS/008871415,IC,2016-08-22T17:20:00,2016-08-22T17:20:00,130,130
http://irail.be/vehicle/IC938,http://irail.be/stations/NMBS/008882248,IC,2016-08-22T17:21:00,2016-08-22T17:21:00,70,70
http://irail.be/vehicle/IC938,http://irail.be/stations/NMBS/008882230,IC,2016-08-22T17:22:00,2016-08-22T17:22:00,70,70
http://irail.be/vehicle/IC938,http://irail.be/stations/NMBS/008882206,IC,2016-08-22T17:28:00,2016-08-22T17:27:00,122,88
http://irail.be/vehicle/IC938,http://irail.be/stations/NMBS/008881463,IC,2016-08-22T17:32:00,2016-08-22T17:32:00,109,109
http://irail.be/vehicle/IC938,http://irail.be/stations/NMBS/008881455,IC,2016-08-22T17:33:00,2016-08-22T17:33:00,109,109
http://irail.be/vehicle/IC938,http://irail.be/stations/NMBS/008881430,IC,2016-08-22T17:34:00,2016-08-22T17:34:00,49,49
http://irail.be/vehicle/IC938,NO-URI,IC,2016-08-22T17:36:00,2016-08-22T17:36:00,96,96
http://irail.be/vehicle/IC938,http://irail.be/stations/NMBS/008881406,IC,2016-08-22T17:37:00,2016-08-22T17:37:00,36,36
http://irail.be/vehicle/IC938,http://irail.be/stations/NMBS/008881315,IC,2016-08-22T17:40:00,2016-08-22T17:40:00,96,96
http://irail.be/vehicle/IC938,http://irail.be/stations/NMBS/008881000,IC,2016-08-22T17:45:00,2016-08-22T17:42:00,75,122
http://irail.be/vehicle/IC938,http://irail.be/stations/NMBS/008884566,IC,2016-08-22T17:50:00,2016-08-22T17:50:00,7,7
http://irail.be/vehicle/IC938,http://irail.be/stations/NMBS/008884541,IC,2016-08-22T17:51:00,2016-08-22T17:51:00,-1,-1
http://irail.be/vehicle/IC938,http://irail.be/stations/NMBS/008884004,IC,2016-08-22T17:54:00,2016-08-22T17:53:00,73,51
http://irail.be/vehicle/IC938,http://irail.be/stations/NMBS/008884632,IC,2016-08-22T17:58:00,2016-08-22T17:58:00,13,13
http://irail.be/vehicle/IC938,http://irail.be/stations/NMBS/008884640,IC,2016-08-22T17:59:00,2016-08-22T17:59:00,13,13
http://irail.be/vehicle/IC938,http://irail.be/stations/NMBS/008884715,IC,2016-08-22T18:01:00,2016-08-22T18:01:00,40,40
http://irail.be/vehicle/IC938,http://irail.be/stations/NMBS/008884855,IC,2016-08-22T18:03:00,2016-08-22T18:03:00,-20,-20
http://irail.be/vehicle/IC938,http://irail.be/stations/NMBS/008884889,IC,2016-08-22T18:06:00,2016-08-22T18:06:00,40,40
http://irail.be/vehicle/IC938,http://irail.be/stations/NMBS/008885530,IC,2016-08-22T18:08:00,2016-08-22T18:08:00,-20,-20
http://irail.be/vehicle/IC938,http://irail.be/stations/NMBS/008885522,IC,2016-08-22T18:09:00,2016-08-22T18:09:00,16,16
http://irail.be/vehicle/IC938,http://irail.be/stations/NMBS/008885001,IC,2016-08-22T18:19:00,2016-08-22T18:15:00,26,-13
http://irail.be/vehicle/IC938,http://irail.be/stations/NMBS/008885068,IC,2016-08-22T18:23:00,2016-08-22T18:23:00,39,11
http://irail.be/vehicle/IC938,http://irail.be/stations/NMBS/008885753,IC,2016-08-22T18:33:00,2016-08-22T18:33:00,0,-141
http://irail.be/vehicle/IC938,http://irail.be/stations/NMBS/008885704,IC,2016-08-22T18:37:00,2016-08-22T18:37:00,,50
http://irail.be/vehicle/IC938,http://irail.be/stations/NMBS/008863008,IC,2016-06-24T16:38:00,2016-06-24T16:38:00,4352,
http://irail.be/vehicle/IC938,http://irail.be/stations/NMBS/008861119,IC,2016-06-24T16:41:00,2016-06-24T16:41:00,4380,4380
http://irail.be/vehicle/IC938,http://irail.be/stations/NMBS/008861127,IC,2016-06-24T16:43:00,2016-06-24T16:43:00,4341,4341
http://irail.be/vehicle/IC938,http://irail.be/stations/NMBS/008861135,IC,2016-06-24T16:46:00,2016-06-24T16:46:00,4311,4311
http://irail.be/vehicle/IC938,http://irail.be/stations/NMBS/008861143,IC,2016-06-24T16:49:00,2016-06-24T16:49:00,4225,4225
http://irail.be/vehicle/IC938,http://irail.be/stations/NMBS/008861150,IC,2016-06-24T16:51:00,2016-06-24T16:51:00,4225,4225
http://irail.be/vehicle/IC938,NO-URI,IC,2016-06-24T16:51:00,2016-06-24T16:51:00,4268,4268
http://irail.be/vehicle/IC938,http://irail.be/stations/NMBS/008861168,IC,2016-06-24T16:52:00,2016-06-24T16:52:00,4268,4268
http://irail.be/vehicle/IC938,http://irail.be/stations/NMBS/008874724,IC,2016-06-24T16:52:00,2016-06-24T16:52:00,4284,4284
http://irail.be/vehicle/IC938,NO-URI,IC,2016-06-24T16:54:00,2016-06-24T16:54:00,4193,4193
http://irail.be/vehicle/IC938,http://irail.be/stations/NMBS/008874716,IC,2016-06-24T16:55:00,2016-06-24T16:55:00,4206,4206
http://irail.be/vehicle/IC938,http://irail.be/stations/NMBS/008874609,IC,2016-06-24T16:58:00,2016-06-24T16:57:00,4224,4227
http://irail.be/vehicle/IC938,http://irail.be/stations/NMBS/008874583,IC,2016-06-24T17:00:00,2016-06-24T17:00:00,4224,4224
http://irail.be/vehicle/IC938,http://irail.be/stations/NMBS/008874567,IC,2016-06-24T17:01:00,2016-06-24T17:01:00,4224,4224
http://irail.be/vehicle/IC938,http://irail.be/stations/NMBS/008874559,IC,2016-06-24T17:02:00,2016-06-24T17:02:00,4235,4235
http://irail.be/vehicle/IC938,NO-URI,IC,2016-06-24T17:03:00,2016-06-24T17:03:00,4235,4235
http://irail.be/vehicle/IC938,http://irail.be/stations/NMBS/008874005,IC,2016-06-24T17:03:00,2016-06-24T17:03:00,4251,4251
http://irail.be/vehicle/IC938,http://irail.be/stations/NMBS/008874054,IC,2016-06-24T17:06:00,2016-06-24T17:06:00,4245,4245
http://irail.be/vehicle/IC938,http://irail.be/stations/NMBS/008872009,IC,2016-06-24T17:11:00,2016-06-24T17:08:00,4391,4313
http://irail.be/vehicle/IC938,http://irail.be/stations/NMBS/008871100,IC,2016-06-24T17:15:00,2016-06-24T17:15:00,4373,4373
http://irail.be/vehicle/IC938,http://irail.be/stations/NMBS/008871514,IC,2016-06-24T17:19:00,2016-06-24T17:19:00,4375,4375
http://irail.be/vehicle/IC938,http://irail.be/stations/NMBS/008871415,IC,2016-06-24T17:20:00,2016-06-24T17:20:00,4354,4354
http://irail.be/vehicle/IC938,http://irail.be/stations/NMBS/008882248,IC,2016-06-24T17:22:00,2016-06-24T17:22:00,4354,4354
http://irail.be/vehicle/IC938,http://irail.be/stations/NMBS/008882230,IC,2016-06-24T17:23:00,2016-06-24T17:23:00,4354,4354
http://irail.be/vehicle/IC938,http://irail.be/stations/NMBS/008882206,IC,2016-06-24T17:28:00,2016-06-24T17:27:00,4303,4305
http://irail.be/vehicle/IC938,http://irail.be/stations/NMBS/008881463,IC,2016-06-24T17:32:00,2016-06-24T17:32:00,4294,4294
http://irail.be/vehicle/IC938,http://irail.be/stations/NMBS/008881455,IC,2016-06-24T17:33:00,2016-06-24T17:33:00,4294,4294
http://irail.be/vehicle/IC938,http://irail.be/stations/NMBS/008881430,IC,2016-06-24T17:35:00,2016-06-24T17:35:00,4294,4294
http://irail.be/vehicle/IC938,NO-URI,IC,2016-06-24T17:36:00,2016-06-24T17:36:00,4286,4286
http://irail.be/vehicle/IC938,http://irail.be/stations/NMBS/008881406,IC,2016-06-24T17:37:00,2016-06-24T17:37:00,4226,4226
http://irail.be/vehicle/IC938,http://irail.be/stations/NMBS/008881315,IC,2016-06-24T17:39:00,2016-06-24T17:39:00,4226,4226
http://irail.be/vehicle/IC938,http://irail.be/stations/NMBS/008881000,IC,2016-06-24T17:45:00,2016-06-24T17:42:00,4214,4269
http://irail.be/vehicle/IC938,http://irail.be/stations/NMBS/008884566,IC,2016-06-24T17:50:00,2016-06-24T17:50:00,4153,4153
http://irail.be/vehicle/IC938,http://irail.be/stations/NMBS/008884541,IC,2016-06-24T17:51:00,2016-06-24T17:51:00,4145,4145
http://irail.be/vehicle/IC938,http://irail.be/stations/NMBS/008884004,IC,2016-06-24T17:54:00,2016-06-24T17:53:00,4164,4149
http://irail.be/vehicle/IC938,http://irail.be/stations/NMBS/008884632,IC,2016-06-24T17:59:00,2016-06-24T17:59:00,4164,4164
http://irail.be/vehicle/IC938,http://irail.be/stations/NMBS/008884640,IC,2016-06-24T18:00:00,2016-06-24T18:00:00,4164,4164
http://irail.be/vehicle/IC938,http://irail.be/stations/NMBS/008884715,IC,2016-06-24T18:01:00,2016-06-24T18:01:00,4136,4136
http://irail.be/vehicle/IC938,http://irail.be/stations/NMBS/008884855,IC,2016-06-24T18:04:00,2016-06-24T18:04:00,4136,4136
http://irail.be/vehicle/IC938,http://irail.be/stations/NMBS/008884889,IC,2016-06-24T18:06:00,2016-06-24T18:06:00,4136,4136
http://irail.be/vehicle/IC938,http://irail.be/stations/NMBS/008885530,IC,2016-06-24T18:08:00,2016-06-24T18:08:00,4076,4076
http://irail.be/vehicle/IC938,http://irail.be/stations/NMBS/008885522,IC,2016-06-24T18:09:00,2016-06-24T18:09:00,4223,4223
http://irail.be/vehicle/IC938,http://irail.be/stations/NMBS/008885001,IC,2016-06-24T18:19:00,2016-06-24T18:15:00,4206,4210
http://irail.be/vehicle/IC938,http://irail.be/stations/NMBS/008885068,IC,2016-06-24T18:23:00,2016-06-24T18:23:00,4194,4168
http://irail.be/vehicle/IC938,http://irail.be/stations/NMBS/008885753,IC,2016-06-24T18:33:00,2016-06-24T18:33:00,4014,4014
http://irail.be/vehicle/IC938,http://irail.be/stations/NMBS/008885704,IC,2016-06-24T18:37:00,2016-06-24T18:37:00,,4107
http://irail.be/vehicle/IC938,http://irail.be/stations/NMBS/008863008,IC,2016-07-20T16:38:00,2016-07-20T16:38:00,24,
http://irail.be/vehicle/IC938,http://irail.be/stations/NMBS/008861119,IC,2016-07-20T16:41:00,2016-07-20T16:41:00,62,62
http://irail.be/vehicle/IC938,http://irail.be/stations/NMBS/008861127,IC,2016-07-20T16:43:00,2016-07-20T16:43:00,11,11
http://irail.be/vehicle/IC938,http://irail.be/stations/NMBS/008861135,IC,2016-07-20T16:46:00,2016-07-20T16:46:00,-28,-28
http://irail.be/vehicle/IC938,http://irail.be/stations/NMBS/008861143,IC,2016-07-20T16:49:00,2016-07-20T16:49:00,-117,-117
http://irail.be/vehicle/IC938,http://irail.be/stations/NMBS/008861150,IC,2016-07-20T16:51:00,2016-07-20T16:51:00,-117,-117
http://irail.be/vehicle/IC938,NO-URI,IC,2016-07-20T16:51:00,2016-07-20T16:51:00,-86,-86
http://irail.be/vehicle/IC938,http://irail.be/stations/NMBS/008861168,IC,2016-07-20T16:52:00,2016-07-20T16:52:00,-86,-86
http://irail.be/vehicle/IC938,http://irail.be/stations/NMBS/008874724,IC,2016-07-20T16:52:00,2016-07-20T16:52:00,-75,-75
http://irail.be/vehicle/IC938,NO-URI,IC,2016-07-20T16:54:00,2016-07-20T16:54:00,-164,-164
http://irail.be/vehicle/IC938,http://irail.be/stations/NMBS/008874716,IC,2016-07-20T16:55:00,2016-07-20T16:55:00,-92,-92
http://irail.be/vehicle/IC938,http://irail.be/stations/NMBS/008874609,IC,2016-07-20T16:58:00,2016-07-20T16:57:00,78,57
http://irail.be/vehicle/IC938,http://irail.be/stations/NMBS/008874583,IC,2016-07-20T17:00:00,2016-07-20T17:00:00,78,78
http://irail.be/vehicle/IC938,http://irail.be/stations/NMBS/008874567,IC,2016-07-20T17:01:00,2016-07-20T17:01:00,78,78
http://irail.be/vehicle/IC938,http://irail.be/stations/NMBS/008874559,IC,2016-07-20T17:02:00,2016-07-20T17:02:00,62,62
http://irail.be/vehicle/IC938,NO-URI,IC,2016-07-20T17:03:00,2016-07-20T17:03:00,62,62
http://irail.be/vehicle/IC938,http://irail.be/stations/NMBS/008874005,IC,2016-07-20T17:03:00,2016-07-20T17:03:00,73,73
http://irail.be/vehicle/IC938,http://irail.be/stations/NMBS/008874054,IC,2016-07-20T17:06:00,2016-07-20T17:06:00,31,31
http://irail.be/vehicle/IC938,http://irail.be/stations/NMBS/008872009,IC,2016-07-20T17:11:00,2016-07-20T17:08:00,10,57
http://irail.be/vehicle/IC938,http://irail.be/stations/NMBS/008871100,IC,2016-07-20T17:15:00,2016-07-20T17:15:00,-6,-6
http://irail.be/vehicle/IC938,http://irail.be/stations/NMBS/008871514,IC,2016-07-20T17:19:00,2016-07-20T17:19:00,-9,-9
http://irail.be/vehicle/IC938,http://irail.be/stations/NMBS/008871415,IC,2016-07-20T17:20:00,2016-07-20T17:20:00,-22,-22
http://irail.be/vehicle/IC938,http://irail.be/stations/NMBS/008882248,IC,2016-07-20T17:22:00,2016-07-20T17:22:00,-22,-22
http://irail.be/vehicle/IC938,http://irail.be/stations/NMBS/008882230,IC,2016-07-20T17:23:00,2016-07-20T17:23:00,-22,-22
http://irail.be/vehicle/IC938,http://irail.be/stations/NMBS/008882206,IC,2016-07-20T17:28:00,2016-07-20T17:27:00,15,-68
http://irail.be/vehicle/IC938,http://irail.be/stations/NMBS/008881463,IC,2016-07-20T17:32:00,2016-07-20T17:32:00,14,14
http://irail.be/vehicle/IC938,http://irail.be/stations/NMBS/008881455,IC,2016-07-20T17:33:00,2016-07-20T17:33:00,14,14
http://irail.be/vehicle/IC938,http://irail.be/stations/NMBS/008881430,IC,2016-07-20T17:35:00,2016-07-20T17:35:00,14,14
http://irail.be/vehicle/IC938,NO-URI,IC,2016-07-20T17:36:00,2016-07-20T17:36:00,6,6
http://irail.be/vehicle/IC938,http://irail.be/stations/NMBS/008881406,IC,2016-07-20T17:37:00,2016-07-20T17:37:00,-54,-54
http://irail.be/vehicle/IC938,http://irail.be/stations/NMBS/008881315,IC,2016-07-20T17:39:00,2016-07-20T17:39:00,-54,-54
http://irail.be/vehicle/IC938,http://irail.be/stations/NMBS/008881000,IC,2016-07-20T17:45:00,2016-07-20T17:42:00,38,71
http://irail.be/vehicle/IC938,http://irail.be/stations/NMBS/008884566,IC,2016-07-20T17:50:00,2016-07-20T17:50:00,6,6
http://irail.be/vehicle/IC938,http://irail.be/stations/NMBS/008884541,IC,2016-07-20T17:51:00,2016-07-20T17:51:00,1,1
http://irail.be/vehicle/IC938,http://irail.be/stations/NMBS/008884004,IC,2016-07-20T17:54:00,2016-07-20T17:53:00,58,21
http://irail.be/vehicle/IC938,http://irail.be/stations/NMBS/008884632,IC,2016-07-20T17:59:00,2016-07-20T17:59:00,58,58
http://irail.be/vehicle/IC938,http://irail.be/stations/NMBS/008884640,IC,2016-07-20T18:00:00,2016-07-20T18:00:00,58,58
http://irail.be/vehicle/IC938,http://irail.be/stations/NMBS/008884715,IC,2016-07-20T18:01:00,2016-07-20T18:01:00,55,55
http://irail.be/vehicle/IC938,http://irail.be/stations/NMBS/008884855,IC,2016-07-20T18:04:00,2016-07-20T18:04:00,55,55
http://irail.be/vehicle/IC938,http://irail.be/stations/NMBS/008884889,IC,2016-07-20T18:06:00,2016-07-20T18:06:00,55,55
http://irail.be/vehicle/IC938,http://irail.be/stations/NMBS/008885530,IC,2016-07-20T18:08:00,2016-07-20T18:08:00,-5,-5
http://irail.be/vehicle/IC938,http://irail.be/stations/NMBS/008885522,IC,2016-07-20T18:09:00,2016-07-20T18:09:00,187,187
http://irail.be/vehicle/IC938,http://irail.be/stations/NMBS/008885001,IC,2016-07-20T18:19:00,2016-07-20T18:15:00,239,143
http://irail.be/vehicle/IC938,http://irail.be/stations/NMBS/008885068,IC,2016-07-20T18:23:00,2016-07-20T18:23:00,242,216
http://irail.be/vehicle/IC938,http://irail.be/stations/NMBS/008885753,IC,2016-07-20T18:33:00,2016-07-20T18:33:00,62,62
http://irail.be/vehicle/IC938,http://irail.be/stations/NMBS/008885704,IC,2016-07-20T18:37:00,2016-07-20T18:37:00,,137
http://irail.be/vehicle/IC938,http://irail.be/stations/NMBS/008863008,IC,2016-11-22T16:38:00,2016-11-22T16:38:00,121,
http://irail.be/vehicle/IC938,http://irail.be/stations/NMBS/008861119,IC,2016-11-22T16:41:00,2016-11-22T16:41:00,132,132
http://irail.be/vehicle/IC938,http://irail.be/stations/NMBS/008861127,IC,2016-11-22T16:43:00,2016-11-22T16:43:00,96,96
http://irail.be/vehicle/IC938,http://irail.be/stations/NMBS/008861135,IC,2016-11-22T16:46:00,2016-11-22T16:46:00,96,96
http://irail.be/vehicle/IC938,http://irail.be/stations/NMBS/008861143,IC,2016-11-22T16:49:00,2016-11-22T16:49:00,55,55
http://irail.be/vehicle/IC938,http://irail.be/stations/NMBS/008861150,IC,2016-11-22T16:51:00,2016-11-22T16:51:00,80,80
http://irail.be/vehicle/IC938,NO-URI,IC,2016-11-22T16:51:00,2016-11-22T16:51:00,80,80
http://irail.be/vehicle/IC938,http://irail.be/stations/NMBS/008861168,IC,2016-11-22T16:52:00,2016-11-22T16:52:00,85,85
http://irail.be/vehicle/IC938,http://irail.be/stations/NMBS/008874724,IC,2016-11-22T16:52:00,2016-11-22T16:52:00,86,86
http://irail.be/vehicle/IC938,NO-URI,IC,2016-11-22T16:54:00,2016-11-22T16:54:00,86,86
http://irail.be/vehicle/IC938,http://irail.be/stations/NMBS/008874716,IC,2016-11-22T16:55:00,2016-11-22T16:55:00,46,46
http://irail.be/vehicle/IC938,http://irail.be/stations/NMBS/008874609,IC,2016-11-22T16:58:00,2016-11-22T16:57:00,110,69
http://irail.be/vehicle/IC938,http://irail.be/stations/NMBS/008874583,IC,2016-11-22T17:00:00,2016-11-22T17:00:00,110,110
http://irail.be/vehicle/IC938,http://irail.be/stations/NMBS/008874567,IC,2016-11-22T17:01:00,2016-11-22T17:01:00,103,103
http://irail.be/vehicle/IC938,http://irail.be/stations/NMBS/008874559,IC,2016-11-22T17:02:00,2016-11-22T17:02:00,103,103
http://irail.be/vehicle/IC938,NO-URI,IC,2016-11-22T17:03:00,2016-11-22T17:03:00,92,92
http://irail.be/vehicle/IC938,http://irail.be/stations/NMBS/008874005,IC,2016-11-22T17:03:00,2016-11-22T17:03:00,99,99
http://irail.be/vehicle/IC938,http://irail.be/stations/NMBS/008874054,IC,2016-11-22T17:06:00,2016-11-22T17:06:00,52,52
http://irail.be/vehicle/IC938,http://irail.be/stations/NMBS/008872009,IC,2016-11-22T17:11:00,2016-11-22T17:08:00,82,39
http://irail.be/vehicle/IC938,http://irail.be/stations/NMBS/008871100,IC,2016-11-22T17:15:00,2016-11-22T17:15:00,99,99
http://irail.be/vehicle/IC938,http://irail.be/stations/NMBS/008871514,IC,2016-11-22T17:19:00,2016-11-22T17:19:00,133,133
http://irail.be/vehicle/IC938,http://irail.be/stations/NMBS/008871415,IC,2016-11-22T17:20:00,2016-11-22T17:20:00,133,133
http://irail.be/vehicle/IC938,http://irail.be/stations/NMBS/008882248,IC,2016-11-22T17:22:00,2016-11-22T17:22:00,128,128
http://irail.be/vehicle/IC938,http://irail.be/stations/NMBS/008882230,IC,2016-11-22T17:23:00,2016-11-22T17:23:00,191,191
http://irail.be/vehicle/IC938,http://irail.be/stations/NMBS/008882206,IC,2016-11-22T17:28:00,2016-11-22T17:27:00,163,158
http://irail.be/vehicle/IC938,http://irail.be/stations/NMBS/008881463,IC,2016-11-22T17:32:00,2016-11-22T17:32:00,155,155
http://irail.be/vehicle/IC938,http://irail.be/stations/NMBS/008881455,IC,2016-11-22T17:33:00,2016-11-22T17:33:00,139,139
http://irail.be/vehicle/IC938,http://irail.be/stations/NMBS/008881430,IC,2016-11-22T17:35:00,2016-11-22T17:35:00,139,139
http://irail.be/vehicle/IC938,NO-URI,IC,2016-11-22T17:36:00,2016-11-22T17:36:00,139,139
http://irail.be/vehicle/IC938,http://irail.be/stations/NMBS/008881406,IC,2016-11-22T17:37:00,2016-11-22T17:37:00,123,123
http://irail.be/vehicle/IC938,http://irail.be/stations/NMBS/008881315,IC,2016-11-22T17:39:00,2016-11-22T17:39:00,141,141
http://irail.be/vehicle/IC938,http://irail.be/stations/NMBS/008881000,IC,2016-11-22T17:45:00,2016-11-22T17:42:00,157,141
http://irail.be/vehicle/IC938,http://irail.be/stations/NMBS/008884566,IC,2016-11-22T17:50:00,2016-11-22T17:50:00,157,157
http://irail.be/vehicle/IC938,http://irail.be/stations/NMBS/008884541,IC,2016-11-22T17:51:00,2016-11-22T17:51:00,82,82
http://irail.be/vehicle/IC938,http://irail.be/stations/NMBS/008884004,IC,2016-11-22T17:54:00,2016-11-22T17:53:00,91,133
http://irail.be/vehicle/IC938,http://irail.be/stations/NMBS/008884632,IC,2016-11-22T17:59:00,2016-11-22T17:59:00,91,91
http://irail.be/vehicle/IC938,http://irail.be/stations/NMBS/008884640,IC,2016-11-22T18:00:00,2016-11-22T18:00:00,150,150
http://irail.be/vehicle/IC938,http://irail.be/stations/NMBS/008884715,IC,2016-11-22T18:01:00,2016-11-22T18:01:00,150,150
http://irail.be/vehicle/IC938,http://irail.be/stations/NMBS/008884855,IC,2016-11-22T18:04:00,2016-11-22T18:04:00,152,152
http://irail.be/vehicle/IC938,http://irail.be/stations/NMBS/008884889,IC,2016-11-22T18:06:00,2016-11-22T18:06:00,138,138
http://irail.be/vehicle/IC938,http://irail.be/stations/NMBS/008885530,IC,2016-11-22T18:08:00,2016-11-22T18:08:00,138,138
http://irail.be/vehicle/IC938,http://irail.be/stations/NMBS/008885522,IC,2016-11-22T18:09:00,2016-11-22T18:09:00,354,354
http://irail.be/vehicle/IC938,http://irail.be/stations/NMBS/008885001,IC,2016-11-22T18:19:00,2016-11-22T18:15:00,286,367
http://irail.be/vehicle/IC938,http://irail.be/stations/NMBS/008885068,IC,2016-11-22T18:23:00,2016-11-22T18:23:00,299,265
http://irail.be/vehicle/IC938,http://irail.be/stations/NMBS/008885753,IC,2016-11-22T18:33:00,2016-11-22T18:33:00,259,259
http://irail.be/vehicle/IC938,http://irail.be/stations/NMBS/008885704,IC,2016-11-22T18:37:00,2016-11-22T18:37:00,,259
http://irail.be/vehicle/IC938,http://irail.be/stations/NMBS/008863008,IC,2016-07-04T16:38:00,2016-07-04T16:38:00,39,
http://irail.be/vehicle/IC938,http://irail.be/stations/NMBS/008861119,IC,2016-07-04T16:41:00,2016-07-04T16:41:00,62,62
http://irail.be/vehicle/IC938,http://irail.be/stations/NMBS/008861127,IC,2016-07-04T16:43:00,2016-07-04T16:43:00,14,14
http://irail.be/vehicle/IC938,http://irail.be/stations/NMBS/008861135,IC,2016-07-04T16:46:00,2016-07-04T16:46:00,-21,-21
http://irail.be/vehicle/IC938,http://irail.be/stations/NMBS/008861143,IC,2016-07-04T16:49:00,2016-07-04T16:49:00,-110,-110
http://irail.be/vehicle/IC938,http://irail.be/stations/NMBS/008861150,IC,2016-07-04T16:51:00,2016-07-04T16:51:00,-110,-110
http://irail.be/vehicle/IC938,NO-URI,IC,2016-07-04T16:51:00,2016-07-04T16:51:00,-77,-77
http://irail.be/vehicle/IC938,http://irail.be/stations/NMBS/008861168,IC,2016-07-04T16:52:00,2016-07-04T16:52:00,-77,-77
http://irail.be/vehicle/IC938,http://irail.be/stations/NMBS/008874724,IC,2016-07-04T16:52:00,2016-07-04T16:52:00,-70,-70
http://irail.be/vehicle/IC938,NO-URI,IC,2016-07-04T16:54:00,2016-07-04T16:54:00,-166,-166
http://irail.be/vehicle/IC938,http://irail.be/stations/NMBS/008874716,IC,2016-07-04T16:55:00,2016-07-04T16:55:00,-103,-103
http://irail.be/vehicle/IC938,http://irail.be/stations/NMBS/008874609,IC,2016-07-04T16:58:00,2016-07-04T16:57:00,42,23
http://irail.be/vehicle/IC938,http://irail.be/stations/NMBS/008874583,IC,2016-07-04T17:00:00,2016-07-04T17:00:00,42,42
http://irail.be/vehicle/IC938,http://irail.be/stations/NMBS/008874567,IC,2016-07-04T17:01:00,2016-07-04T17:01:00,42,42
http://irail.be/vehicle/IC938,http://irail.be/stations/NMBS/008874559,IC,2016-07-04T17:02:00,2016-07-04T17:02:00,16,16
http://irail.be/vehicle/IC938,NO-URI,IC,2016-07-04T17:03:00,2016-07-04T17:03:00,16,16
http://irail.be/vehicle/IC938,http://irail.be/stations/NMBS/008874005,IC,2016-07-04T17:03:00,2016-07-04T17:03:00,31,31
http://irail.be/vehicle/IC938,http://irail.be/stations/NMBS/008874054,IC,2016-07-04T17:06:00,2016-07-04T17:06:00,25,25
http://irail.be/vehicle/IC938,http://irail.be/stations/NMBS/008872009,IC,2016-07-04T17:11:00,2016-07-04T17:08:00,20,67
http://irail.be/vehicle/IC938,http://irail.be/stations/NMBS/008871100,IC,2016-07-04T17:15:00,2016-07-04T17:15:00,-1,-1
http://irail.be/vehicle/IC938,http://irail.be/stations/NMBS/008871514,IC,2016-07-04T17:19:00,2016-07-04T17:19:00,-4,-4
http://irail.be/vehicle/IC938,http://irail.be/stations/NMBS/008871415,IC,2016-07-04T17:20:00,2016-07-04T17:20:00,-21,-21
http://irail.be/vehicle/IC938,http://irail.be/stations/NMBS/008882248,IC,2016-07-04T17:22:00,2016-07-04T17:22:00,-21,-21
http://irail.be/vehicle/IC938,http://irail.be/stations/NMBS/008882230,IC,2016-07-04T17:23:00,2016-07-04T17:23:00,-21,-21
http://irail.be/vehicle/IC938,http://irail.be/stations/NMBS/008882206,IC,2016-07-04T17:28:00,2016-07-04T17:27:00,8,-83
http://irail.be/vehicle/IC938,http://irail.be/stations/NMBS/008881463,IC,2016-07-04T17:32:00,2016-07-04T17:32:00,9,9
http://irail.be/vehicle/IC938,http://irail.be/stations/NMBS/008881455,IC,2016-07-04T17:33:00,2016-07-04T17:33:00,9,9
http://irail.be/vehicle/IC938,http://irail.be/stations/NMBS/008881430,IC,2016-07-04T17:35:00,2016-07-04T17:35:00,9,9
http://irail.be/vehicle/IC938,NO-URI,IC,2016-07-04T17:36:00,2016-07-04T17:36:00,-2,-2
http://irail.be/vehicle/IC938,http://irail.be/stations/NMBS/008881406,IC,2016-07-04T17:37:00,2016-07-04T17:37:00,-2,-2
http://irail.be/vehicle/IC938,http://irail.be/stations/NMBS/008881315,IC,2016-07-04T17:39:00,2016-07-04T17:39:00,-2,-2
http://irail.be/vehicle/IC938,http://irail.be/stations/NMBS/008881000,IC,2016-07-04T17:45:00,2016-07-04T17:42:00,14,-13
http://irail.be/vehicle/IC938,http://irail.be/stations/NMBS/008884566,IC,2016-07-04T17:50:00,2016-07-04T17:50:00,-34,-34
http://irail.be/vehicle/IC938,http://irail.be/stations/NMBS/008884541,IC,2016-07-04T17:51:00,2016-07-04T17:51:00,-42,-42
http://irail.be/vehicle/IC938,http://irail.be/stations/NMBS/008884004,IC,2016-07-04T17:54:00,2016-07-04T17:53:00,21,8
http://irail.be/vehicle/IC938,http://irail.be/stations/NMBS/008884632,IC,2016-07-04T17:59:00,2016-07-04T17:59:00,21,21
http://irail.be/vehicle/IC938,http://irail.be/stations/NMBS/008884640,IC,2016-07-04T18:00:00,2016-07-04T18:00:00,21,21
http://irail.be/vehicle/IC938,http://irail.be/stations/NMBS/008884715,IC,2016-07-04T18:01:00,2016-07-04T18:01:00,-3,-3
http://irail.be/vehicle/IC938,http://irail.be/stations/NMBS/008884855,IC,2016-07-04T18:04:00,2016-07-04T18:04:00,-3,-3
http://irail.be/vehicle/IC938,http://irail.be/stations/NMBS/008884889,IC,2016-07-04T18:06:00,2016-07-04T18:06:00,-3,-3
http://irail.be/vehicle/IC938,http://irail.be/stations/NMBS/008885530,IC,2016-07-04T18:08:00,2016-07-04T18:08:00,-3,-3
http://irail.be/vehicle/IC938,http://irail.be/stations/NMBS/008885522,IC,2016-07-04T18:09:00,2016-07-04T18:09:00,-13,-13
http://irail.be/vehicle/IC938,http://irail.be/stations/NMBS/008885001,IC,2016-07-04T18:19:00,2016-07-04T18:15:00,52,-41
http://irail.be/vehicle/IC938,http://irail.be/stations/NMBS/008885068,IC,2016-07-04T18:23:00,2016-07-04T18:23:00,131,103
http://irail.be/vehicle/IC938,http://irail.be/stations/NMBS/008885753,IC,2016-07-04T18:33:00,2016-07-04T18:33:00,0,-49
http://irail.be/vehicle/IC938,http://irail.be/stations/NMBS/008885704,IC,2016-07-04T18:37:00,2016-07-04T18:37:00,,46
http://irail.be/vehicle/IC938,http://irail.be/stations/NMBS/008863008,IC,2016-04-11T16:38:00,2016-04-11T16:38:00,44,0
http://irail.be/vehicle/IC938,http://irail.be/stations/NMBS/008861119,IC,2016-04-11T16:41:00,2016-04-11T16:41:00,77,77
http://irail.be/vehicle/IC938,http://irail.be/stations/NMBS/008861127,IC,2016-04-11T16:43:00,2016-04-11T16:43:00,28,12
http://irail.be/vehicle/IC938,http://irail.be/stations/NMBS/008861135,IC,2016-04-11T16:46:00,2016-04-11T16:46:00,-10,28
http://irail.be/vehicle/IC938,http://irail.be/stations/NMBS/008861143,IC,2016-04-11T16:49:00,2016-04-11T16:49:00,-99,-99
http://irail.be/vehicle/IC938,http://irail.be/stations/NMBS/008861150,IC,2016-04-11T16:51:00,2016-04-11T16:51:00,-99,-99
http://irail.be/vehicle/IC938,NO-URI,IC,2016-04-11T16:51:00,2016-04-11T16:51:00,9,-49
http://irail.be/vehicle/IC938,http://irail.be/stations/NMBS/008861168,IC,2016-04-11T16:52:00,2016-04-11T16:52:00,9,9
http://irail.be/vehicle/IC938,http://irail.be/stations/NMBS/008874724,IC,2016-04-11T16:52:00,2016-04-11T16:52:00,46,9
http://irail.be/vehicle/IC938,NO-URI,IC,2016-04-11T16:54:00,2016-04-11T16:54:00,-37,-51
http://irail.be/vehicle/IC938,http://irail.be/stations/NMBS/008874716,IC,2016-04-11T16:55:00,2016-04-11T16:55:00,46,46
http://irail.be/vehicle/IC938,http://irail.be/stations/NMBS/008874609,IC,2016-04-11T16:58:00,2016-04-11T16:57:00,213,188
http://irail.be/vehicle/IC938,http://irail.be/stations/NMBS/008874583,IC,2016-04-11T17:00:00,2016-04-11T17:00:00,0,0
http://irail.be/vehicle/IC938,http://irail.be/stations/NMBS/008874567,IC,2016-04-11T17:01:00,2016-04-11T17:01:00,0,0
http://irail.be/vehicle/IC938,http://irail.be/stations/NMBS/008874559,IC,2016-04-11T17:02:00,2016-04-11T17:02:00,193,193
http://irail.be/vehicle/IC938,http://irail.be/stations/NMBS/008874005,IC,2016-04-11T17:03:00,2016-04-11T17:03:00,208,202
http://irail.be/vehicle/IC938,http://irail.be/stations/NMBS/008874054,IC,2016-04-11T17:06:00,2016-04-11T17:06:00,174,163
http://irail.be/vehicle/IC938,http://irail.be/stations/NMBS/008872009,IC,2016-04-11T17:11:00,2016-04-11T17:08:00,139,202
http://irail.be/vehicle/IC938,http://irail.be/stations/NMBS/008871100,IC,2016-04-11T17:15:00,2016-04-11T17:15:00,122,85
http://irail.be/vehicle/IC938,http://irail.be/stations/NMBS/008871514,IC,2016-04-11T17:19:00,2016-04-11T17:19:00,118,118
http://irail.be/vehicle/IC938,http://irail.be/stations/NMBS/008871415,IC,2016-04-11T17:20:00,2016-04-11T17:20:00,102,104
http://irail.be/vehicle/IC938,http://irail.be/stations/NMBS/008882248,IC,2016-04-11T17:22:00,2016-04-11T17:22:00,102,102
http://irail.be/vehicle/IC938,http://irail.be/stations/NMBS/008882230,IC,2016-04-11T17:23:00,2016-04-11T17:23:00,0,0
http://irail.be/vehicle/IC938,http://irail.be/stations/NMBS/008882206,IC,2016-04-11T17:28:00,2016-04-11T17:27:00,115,53
http://irail.be/vehicle/IC938,http://irail.be/stations/NMBS/008881463,IC,2016-04-11T17:32:00,2016-04-11T17:32:00,105,105
http://irail.be/vehicle/IC938,http://irail.be/stations/NMBS/008881455,IC,2016-04-11T17:33:00,2016-04-11T17:33:00,105,105
http://irail.be/vehicle/IC938,http://irail.be/stations/NMBS/008881430,IC,2016-04-11T17:35:00,2016-04-11T17:35:00,0,0
http://irail.be/vehicle/IC938,NO-URI,IC,2016-04-11T17:36:00,2016-04-11T17:36:00,186,182
http://irail.be/vehicle/IC938,http://irail.be/stations/NMBS/008881406,IC,2016-04-11T17:37:00,2016-04-11T17:37:00,126,126
http://irail.be/vehicle/IC938,http://irail.be/stations/NMBS/008881315,IC,2016-04-11T17:39:00,2016-04-11T17:39:00,0,0
http://irail.be/vehicle/IC938,http://irail.be/stations/NMBS/008881000,IC,2016-04-11T17:45:00,2016-04-11T17:42:00,122,207
http://irail.be/vehicle/IC938,http://irail.be/stations/NMBS/008884566,IC,2016-04-11T17:50:00,2016-04-11T17:50:00,65,62
http://irail.be/vehicle/IC938,http://irail.be/stations/NMBS/008884541,IC,2016-04-11T17:51:00,2016-04-11T17:51:00,53,53
http://irail.be/vehicle/IC938,http://irail.be/stations/NMBS/008884004,IC,2016-04-11T17:54:00,2016-04-11T17:53:00,125,108
http://irail.be/vehicle/IC938,http://irail.be/stations/NMBS/008884632,IC,2016-04-11T17:59:00,2016-04-11T17:59:00,0,0
http://irail.be/vehicle/IC938,http://irail.be/stations/NMBS/008884640,IC,2016-04-11T18:00:00,2016-04-11T18:00:00,0,0
http://irail.be/vehicle/IC938,http://irail.be/stations/NMBS/008884715,IC,2016-04-11T18:01:00,2016-04-11T18:01:00,103,96
http://irail.be/vehicle/IC938,http://irail.be/stations/NMBS/008884855,IC,2016-04-11T18:04:00,2016-04-11T18:04:00,103,103
http://irail.be/vehicle/IC938,http://irail.be/stations/NMBS/008884889,IC,2016-04-11T18:06:00,2016-04-11T18:06:00,0,0
http://irail.be/vehicle/IC938,http://irail.be/stations/NMBS/008885530,IC,2016-04-11T18:08:00,2016-04-11T18:08:00,0,0
http://irail.be/vehicle/IC938,http://irail.be/stations/NMBS/008885522,IC,2016-04-11T18:09:00,2016-04-11T18:09:00,96,81
http://irail.be/vehicle/IC938,http://irail.be/stations/NMBS/008885001,IC,2016-04-11T18:19:00,2016-04-11T18:15:00,356,112
http://irail.be/vehicle/IC938,http://irail.be/stations/NMBS/008885068,IC,2016-04-11T18:23:00,2016-04-11T18:23:00,388,338
http://irail.be/vehicle/IC938,http://irail.be/stations/NMBS/008885753,IC,2016-04-11T18:33:00,2016-04-11T18:33:00,0,0
http://irail.be/vehicle/IC938,http://irail.be/stations/NMBS/008885704,IC,2016-04-11T18:37:00,2016-04-11T18:37:00,0,311
http://irail.be/vehicle/IC938,http://irail.be/stations/NMBS/008863008,IC,2016-06-01T16:38:00,2016-06-01T16:38:00,185,0
http://irail.be/vehicle/IC938,http://irail.be/stations/NMBS/008861119,IC,2016-06-01T16:41:00,2016-06-01T16:41:00,232,232
http://irail.be/vehicle/IC938,http://irail.be/stations/NMBS/008861127,IC,2016-06-01T16:43:00,2016-06-01T16:43:00,217,217
http://irail.be/vehicle/IC938,http://irail.be/stations/NMBS/008861135,IC,2016-06-01T16:46:00,2016-06-01T16:46:00,226,226
http://irail.be/vehicle/IC938,http://irail.be/stations/NMBS/008861143,IC,2016-06-01T16:49:00,2016-06-01T16:49:00,138,138
http://irail.be/vehicle/IC938,http://irail.be/stations/NMBS/008861150,IC,2016-06-01T16:51:00,2016-06-01T16:51:00,138,138
http://irail.be/vehicle/IC938,NO-URI,IC,2016-06-01T16:51:00,2016-06-01T16:51:00,215,215
http://irail.be/vehicle/IC938,http://irail.be/stations/NMBS/008861168,IC,2016-06-01T16:52:00,2016-06-01T16:52:00,215,215
http://irail.be/vehicle/IC938,http://irail.be/stations/NMBS/008874724,IC,2016-06-01T16:52:00,2016-06-01T16:52:00,229,229
http://irail.be/vehicle/IC938,NO-URI,IC,2016-06-01T16:54:00,2016-06-01T16:54:00,136,136
http://irail.be/vehicle/IC938,http://irail.be/stations/NMBS/008874716,IC,2016-06-01T16:55:00,2016-06-01T16:55:00,149,149
http://irail.be/vehicle/IC938,http://irail.be/stations/NMBS/008874609,IC,2016-06-01T16:58:00,2016-06-01T16:57:00,166,162
http://irail.be/vehicle/IC938,http://irail.be/stations/NMBS/008874583,IC,2016-06-01T17:00:00,2016-06-01T17:00:00,166,166
http://irail.be/vehicle/IC938,http://irail.be/stations/NMBS/008874567,IC,2016-06-01T17:01:00,2016-06-01T17:01:00,166,166
http://irail.be/vehicle/IC938,http://irail.be/stations/NMBS/008874559,IC,2016-06-01T17:02:00,2016-06-01T17:02:00,148,148
http://irail.be/vehicle/IC938,http://irail.be/stations/NMBS/008874005,IC,2016-06-01T17:03:00,2016-06-01T17:03:00,425,190
http://irail.be/vehicle/IC938,http://irail.be/stations/NMBS/008874054,IC,2016-06-01T17:06:00,2016-06-01T17:06:00,465,430
http://irail.be/vehicle/IC938,http://irail.be/stations/NMBS/008872009,IC,2016-06-01T17:11:00,2016-06-01T17:08:00,915,521
http://irail.be/vehicle/IC938,http://irail.be/stations/NMBS/008871100,IC,2016-06-01T17:15:00,2016-06-01T17:15:00,904,864
http://irail.be/vehicle/IC938,http://irail.be/stations/NMBS/008871514,IC,2016-06-01T17:19:00,2016-06-01T17:19:00,901,901
http://irail.be/vehicle/IC938,http://irail.be/stations/NMBS/008871415,IC,2016-06-01T17:20:00,2016-06-01T17:20:00,841,841
http://irail.be/vehicle/IC938,http://irail.be/stations/NMBS/008882248,IC,2016-06-01T17:22:00,2016-06-01T17:22:00,841,841
http://irail.be/vehicle/IC938,http://irail.be/stations/NMBS/008882230,IC,2016-06-01T17:23:00,2016-06-01T17:23:00,841,841
http://irail.be/vehicle/IC938,http://irail.be/stations/NMBS/008882206,IC,2016-06-01T17:28:00,2016-06-01T17:27:00,781,781
http://irail.be/vehicle/IC938,http://irail.be/stations/NMBS/008881463,IC,2016-06-01T17:32:00,2016-06-01T17:32:00,781,781
http://irail.be/vehicle/IC938,http://irail.be/stations/NMBS/008881455,IC,2016-06-01T17:33:00,2016-06-01T17:33:00,781,781
http://irail.be/vehicle/IC938,http://irail.be/stations/NMBS/008881430,IC,2016-06-01T17:35:00,2016-06-01T17:35:00,781,781
http://irail.be/vehicle/IC938,NO-URI,IC,2016-06-01T17:36:00,2016-06-01T17:36:00,969,931
http://irail.be/vehicle/IC938,http://irail.be/stations/NMBS/008881406,IC,2016-06-01T17:37:00,2016-06-01T17:37:00,909,909
http://irail.be/vehicle/IC938,http://irail.be/stations/NMBS/008881315,IC,2016-06-01T17:39:00,2016-06-01T17:39:00,909,909
http://irail.be/vehicle/IC938,http://irail.be/stations/NMBS/008881000,IC,2016-06-01T17:42:00,2016-06-01T17:42:00,601,1019
http://irail.be/vehicle/IC938,http://irail.be/stations/NMBS/008863008,IC,2016-09-01T16:38:00,2016-09-01T16:38:00,31,
http://irail.be/vehicle/IC938,http://irail.be/stations/NMBS/008861119,IC,2016-09-01T16:41:00,2016-09-01T16:41:00,49,49
http://irail.be/vehicle/IC938,http://irail.be/stations/NMBS/008861127,IC,2016-09-01T16:43:00,2016-09-01T16:43:00,-4,-4
http://irail.be/vehicle/IC938,http://irail.be/stations/NMBS/008861135,IC,2016-09-01T16:46:00,2016-09-01T16:46:00,-43,-43
http://irail.be/vehicle/IC938,http://irail.be/stations/NMBS/008861143,IC,2016-09-01T16:49:00,2016-09-01T16:49:00,-133,-133
http://irail.be/vehicle/IC938,http://irail.be/stations/NMBS/008861150,IC,2016-09-01T16:51:00,2016-09-01T16:51:00,-133,-133
http://irail.be/vehicle/IC938,NO-URI,IC,2016-09-01T16:51:00,2016-09-01T16:51:00,-107,-107
http://irail.be/vehicle/IC938,http://irail.be/stations/NMBS/008861168,IC,2016-09-01T16:52:00,2016-09-01T16:52:00,-107,-107
http://irail.be/vehicle/IC938,http://irail.be/stations/NMBS/008874724,IC,2016-09-01T16:52:00,2016-09-01T16:52:00,-102,-102
http://irail.be/vehicle/IC938,NO-URI,IC,2016-09-01T16:54:00,2016-09-01T16:54:00,-197,-197
http://irail.be/vehicle/IC938,http://irail.be/stations/NMBS/008874716,IC,2016-09-01T16:55:00,2016-09-01T16:55:00,-79,-79
http://irail.be/vehicle/IC938,http://irail.be/stations/NMBS/008874609,IC,2016-09-01T16:58:00,2016-09-01T16:57:00,41,-61
http://irail.be/vehicle/IC938,http://irail.be/stations/NMBS/008874583,IC,2016-09-01T17:00:00,2016-09-01T17:00:00,41,41
http://irail.be/vehicle/IC938,http://irail.be/stations/NMBS/008874567,IC,2016-09-01T17:01:00,2016-09-01T17:01:00,41,41
http://irail.be/vehicle/IC938,http://irail.be/stations/NMBS/008874559,IC,2016-09-01T17:02:00,2016-09-01T17:02:00,20,20
http://irail.be/vehicle/IC938,NO-URI,IC,2016-09-01T17:03:00,2016-09-01T17:03:00,20,20
http://irail.be/vehicle/IC938,http://irail.be/stations/NMBS/008874005,IC,2016-09-01T17:03:00,2016-09-01T17:03:00,33,33
http://irail.be/vehicle/IC938,http://irail.be/stations/NMBS/008874054,IC,2016-09-01T17:06:00,2016-09-01T17:06:00,-10,-10
http://irail.be/vehicle/IC938,http://irail.be/stations/NMBS/008872009,IC,2016-09-01T17:11:00,2016-09-01T17:08:00,9,38
http://irail.be/vehicle/IC938,http://irail.be/stations/NMBS/008871100,IC,2016-09-01T17:15:00,2016-09-01T17:15:00,101,101
http://irail.be/vehicle/IC938,http://irail.be/stations/NMBS/008871514,IC,2016-09-01T17:19:00,2016-09-01T17:19:00,104,104
http://irail.be/vehicle/IC938,http://irail.be/stations/NMBS/008871415,IC,2016-09-01T17:20:00,2016-09-01T17:20:00,79,79
http://irail.be/vehicle/IC938,http://irail.be/stations/NMBS/008882248,IC,2016-09-01T17:22:00,2016-09-01T17:22:00,79,79
http://irail.be/vehicle/IC938,http://irail.be/stations/NMBS/008882230,IC,2016-09-01T17:23:00,2016-09-01T17:23:00,79,79
http://irail.be/vehicle/IC938,http://irail.be/stations/NMBS/008882206,IC,2016-09-01T17:28:00,2016-09-01T17:27:00,64,14
http://irail.be/vehicle/IC938,http://irail.be/stations/NMBS/008881463,IC,2016-09-01T17:32:00,2016-09-01T17:32:00,56,56
http://irail.be/vehicle/IC938,http://irail.be/stations/NMBS/008881455,IC,2016-09-01T17:33:00,2016-09-01T17:33:00,56,56
http://irail.be/vehicle/IC938,http://irail.be/stations/NMBS/008881430,IC,2016-09-01T17:35:00,2016-09-01T17:35:00,56,56
http://irail.be/vehicle/IC938,NO-URI,IC,2016-09-01T17:36:00,2016-09-01T17:36:00,40,40
http://irail.be/vehicle/IC938,http://irail.be/stations/NMBS/008881406,IC,2016-09-01T17:37:00,2016-09-01T17:37:00,-20,-20
http://irail.be/vehicle/IC938,http://irail.be/stations/NMBS/008881315,IC,2016-09-01T17:39:00,2016-09-01T17:39:00,-20,-20
http://irail.be/vehicle/IC938,http://irail.be/stations/NMBS/008881000,IC,2016-09-01T17:45:00,2016-09-01T17:42:00,17,18
http://irail.be/vehicle/IC938,http://irail.be/stations/NMBS/008884566,IC,2016-09-01T17:50:00,2016-09-01T17:50:00,-30,-30
http://irail.be/vehicle/IC938,http://irail.be/stations/NMBS/008884541,IC,2016-09-01T17:51:00,2016-09-01T17:51:00,-36,-36
http://irail.be/vehicle/IC938,http://irail.be/stations/NMBS/008884004,IC,2016-09-01T17:54:00,2016-09-01T17:53:00,55,-16
http://irail.be/vehicle/IC938,http://irail.be/stations/NMBS/008884632,IC,2016-09-01T17:59:00,2016-09-01T17:59:00,55,55
http://irail.be/vehicle/IC938,http://irail.be/stations/NMBS/008884640,IC,2016-09-01T18:00:00,2016-09-01T18:00:00,55,55
http://irail.be/vehicle/IC938,http://irail.be/stations/NMBS/008884715,IC,2016-09-01T18:01:00,2016-09-01T18:01:00,39,39
http://irail.be/vehicle/IC938,http://irail.be/stations/NMBS/008884855,IC,2016-09-01T18:04:00,2016-09-01T18:04:00,39,39
http://irail.be/vehicle/IC938,http://irail.be/stations/NMBS/008884889,IC,2016-09-01T18:06:00,2016-09-01T18:06:00,39,39
http://irail.be/vehicle/IC938,http://irail.be/stations/NMBS/008885530,IC,2016-09-01T18:08:00,2016-09-01T18:08:00,-21,-21
http://irail.be/vehicle/IC938,http://irail.be/stations/NMBS/008885522,IC,2016-09-01T18:09:00,2016-09-01T18:09:00,313,313
http://irail.be/vehicle/IC938,http://irail.be/stations/NMBS/008885001,IC,2016-09-01T18:19:00,2016-09-01T18:15:00,381,292
http://irail.be/vehicle/IC938,http://irail.be/stations/NMBS/008885068,IC,2016-09-01T18:23:00,2016-09-01T18:23:00,,466
http://irail.be/vehicle/IC938,http://irail.be/stations/NMBS/008863008,IC,2016-10-24T16:38:00,2016-10-24T16:38:00,43,
http://irail.be/vehicle/IC938,http://irail.be/stations/NMBS/008861119,IC,2016-10-24T16:41:00,2016-10-24T16:41:00,167,167
http://irail.be/vehicle/IC938,http://irail.be/stations/NMBS/008861127,IC,2016-10-24T16:43:00,2016-10-24T16:43:00,118,118
http://irail.be/vehicle/IC938,http://irail.be/stations/NMBS/008861135,IC,2016-10-24T16:46:00,2016-10-24T16:46:00,151,151
http://irail.be/vehicle/IC938,http://irail.be/stations/NMBS/008861143,IC,2016-10-24T16:49:00,2016-10-24T16:49:00,63,63
http://irail.be/vehicle/IC938,http://irail.be/stations/NMBS/008861150,IC,2016-10-24T16:51:00,2016-10-24T16:51:00,63,63
http://irail.be/vehicle/IC938,NO-URI,IC,2016-10-24T16:51:00,2016-10-24T16:51:00,90,90
http://irail.be/vehicle/IC938,http://irail.be/stations/NMBS/008861168,IC,2016-10-24T16:52:00,2016-10-24T16:52:00,90,90
http://irail.be/vehicle/IC938,http://irail.be/stations/NMBS/008874724,IC,2016-10-24T16:52:00,2016-10-24T16:52:00,96,96
http://irail.be/vehicle/IC938,NO-URI,IC,2016-10-24T16:54:00,2016-10-24T16:54:00,-1,-1
http://irail.be/vehicle/IC938,http://irail.be/stations/NMBS/008874716,IC,2016-10-24T16:55:00,2016-10-24T16:55:00,13,13
http://irail.be/vehicle/IC938,http://irail.be/stations/NMBS/008874609,IC,2016-10-24T16:58:00,2016-10-24T16:57:00,77,27
http://irail.be/vehicle/IC938,http://irail.be/stations/NMBS/008874583,IC,2016-10-24T17:00:00,2016-10-24T17:00:00,77,77
http://irail.be/vehicle/IC938,http://irail.be/stations/NMBS/008874567,IC,2016-10-24T17:01:00,2016-10-24T17:01:00,77,77
http://irail.be/vehicle/IC938,http://irail.be/stations/NMBS/008874559,IC,2016-10-24T17:02:00,2016-10-24T17:02:00,68,68
http://irail.be/vehicle/IC938,NO-URI,IC,2016-10-24T17:03:00,2016-10-24T17:03:00,68,68
http://irail.be/vehicle/IC938,http://irail.be/stations/NMBS/008874005,IC,2016-10-24T17:03:00,2016-10-24T17:03:00,80,80
http://irail.be/vehicle/IC938,http://irail.be/stations/NMBS/008874054,IC,2016-10-24T17:06:00,2016-10-24T17:06:00,31,31
http://irail.be/vehicle/IC938,http://irail.be/stations/NMBS/008872009,IC,2016-10-24T17:11:00,2016-10-24T17:08:00,780,58
http://irail.be/vehicle/IC938,http://irail.be/stations/NMBS/008871100,IC,2016-10-24T17:15:00,2016-10-24T17:15:00,813,813
http://irail.be/vehicle/IC938,http://irail.be/stations/NMBS/008871514,IC,2016-10-24T17:19:00,2016-10-24T17:19:00,869,869
http://irail.be/vehicle/IC938,http://irail.be/stations/NMBS/008871415,IC,2016-10-24T17:20:00,2016-10-24T17:20:00,892,892
http://irail.be/vehicle/IC938,http://irail.be/stations/NMBS/008882248,IC,2016-10-24T17:22:00,2016-10-24T17:22:00,892,892
http://irail.be/vehicle/IC938,http://irail.be/stations/NMBS/008882230,IC,2016-10-24T17:23:00,2016-10-24T17:23:00,892,892
http://irail.be/vehicle/IC938,http://irail.be/stations/NMBS/008882206,IC,2016-10-24T17:28:00,2016-10-24T17:27:00,838,821
http://irail.be/vehicle/IC938,http://irail.be/stations/NMBS/008881463,IC,2016-10-24T17:32:00,2016-10-24T17:32:00,830,830
http://irail.be/vehicle/IC938,http://irail.be/stations/NMBS/008881455,IC,2016-10-24T17:33:00,2016-10-24T17:33:00,830,830
http://irail.be/vehicle/IC938,http://irail.be/stations/NMBS/008881430,IC,2016-10-24T17:35:00,2016-10-24T17:35:00,830,830
http://irail.be/vehicle/IC938,NO-URI,IC,2016-10-24T17:36:00,2016-10-24T17:36:00,819,819
http://irail.be/vehicle/IC938,http://irail.be/stations/NMBS/008881406,IC,2016-10-24T17:37:00,2016-10-24T17:37:00,759,759
http://irail.be/vehicle/IC938,http://irail.be/stations/NMBS/008881315,IC,2016-10-24T17:39:00,2016-10-24T17:39:00,759,759
http://irail.be/vehicle/IC938,http://irail.be/stations/NMBS/008881000,IC,2016-10-24T17:45:00,2016-10-24T17:42:00,693,790
http://irail.be/vehicle/IC938,http://irail.be/stations/NMBS/008884566,IC,2016-10-24T17:50:00,2016-10-24T17:50:00,658,658
http://irail.be/vehicle/IC938,http://irail.be/stations/NMBS/008884541,IC,2016-10-24T17:51:00,2016-10-24T17:51:00,651,651
http://irail.be/vehicle/IC938,http://irail.be/stations/NMBS/008884004,IC,2016-10-24T17:54:00,2016-10-24T17:53:00,660,666
http://irail.be/vehicle/IC938,http://irail.be/stations/NMBS/008884632,IC,2016-10-24T17:59:00,2016-10-24T17:59:00,660,660
http://irail.be/vehicle/IC938,http://irail.be/stations/NMBS/008884640,IC,2016-10-24T18:00:00,2016-10-24T18:00:00,660,660
http://irail.be/vehicle/IC938,http://irail.be/stations/NMBS/008884715,IC,2016-10-24T18:01:00,2016-10-24T18:01:00,672,672
http://irail.be/vehicle/IC938,http://irail.be/stations/NMBS/008884855,IC,2016-10-24T18:04:00,2016-10-24T18:04:00,672,672
http://irail.be/vehicle/IC938,http://irail.be/stations/NMBS/008884889,IC,2016-10-24T18:06:00,2016-10-24T18:06:00,672,672
http://irail.be/vehicle/IC938,http://irail.be/stations/NMBS/008885530,IC,2016-10-24T18:08:00,2016-10-24T18:08:00,612,612
http://irail.be/vehicle/IC938,http://irail.be/stations/NMBS/008885522,IC,2016-10-24T18:09:00,2016-10-24T18:09:00,703,703
http://irail.be/vehicle/IC938,http://irail.be/stations/NMBS/008885001,IC,2016-10-24T18:19:00,2016-10-24T18:15:00,1224,705
http://irail.be/vehicle/IC938,http://irail.be/stations/NMBS/008885068,IC,2016-10-24T18:23:00,2016-10-24T18:23:00,1298,1262
http://irail.be/vehicle/IC938,http://irail.be/stations/NMBS/008885753,IC,2016-10-24T18:33:00,2016-10-24T18:33:00,1118,1118
http://irail.be/vehicle/IC938,http://irail.be/stations/NMBS/008885704,IC,2016-10-24T18:37:00,2016-10-24T18:37:00,,1286
http://irail.be/vehicle/IC938,http://irail.be/stations/NMBS/008863008,IC,2016-09-07T16:38:00,2016-09-07T16:38:00,112,
http://irail.be/vehicle/IC938,http://irail.be/stations/NMBS/008861119,IC,2016-09-07T16:41:00,2016-09-07T16:41:00,140,140
http://irail.be/vehicle/IC938,http://irail.be/stations/NMBS/008861127,IC,2016-09-07T16:43:00,2016-09-07T16:43:00,99,99
http://irail.be/vehicle/IC938,http://irail.be/stations/NMBS/008861135,IC,2016-09-07T16:46:00,2016-09-07T16:46:00,67,67
http://irail.be/vehicle/IC938,http://irail.be/stations/NMBS/008861143,IC,2016-09-07T16:49:00,2016-09-07T16:49:00,-19,-19
http://irail.be/vehicle/IC938,http://irail.be/stations/NMBS/008861150,IC,2016-09-07T16:51:00,2016-09-07T16:51:00,-19,-19
http://irail.be/vehicle/IC938,NO-URI,IC,2016-09-07T16:51:00,2016-09-07T16:51:00,12,12
http://irail.be/vehicle/IC938,http://irail.be/stations/NMBS/008861168,IC,2016-09-07T16:52:00,2016-09-07T16:52:00,12,12
http://irail.be/vehicle/IC938,http://irail.be/stations/NMBS/008874724,IC,2016-09-07T16:52:00,2016-09-07T16:52:00,21,21
http://irail.be/vehicle/IC938,NO-URI,IC,2016-09-07T16:54:00,2016-09-07T16:54:00,-74,-74
http://irail.be/vehicle/IC938,http://irail.be/stations/NMBS/008874716,IC,2016-09-07T16:55:00,2016-09-07T16:55:00,-62,-62
http://irail.be/vehicle/IC938,http://irail.be/stations/NMBS/008874609,IC,2016-09-07T16:58:00,2016-09-07T16:57:00,22,-39
http://irail.be/vehicle/IC938,http://irail.be/stations/NMBS/008874583,IC,2016-09-07T17:00:00,2016-09-07T17:00:00,22,22
http://irail.be/vehicle/IC938,http://irail.be/stations/NMBS/008874567,IC,2016-09-07T17:01:00,2016-09-07T17:01:00,22,22
http://irail.be/vehicle/IC938,http://irail.be/stations/NMBS/008874559,IC,2016-09-07T17:02:00,2016-09-07T17:02:00,0,0
http://irail.be/vehicle/IC938,NO-URI,IC,2016-09-07T17:03:00,2016-09-07T17:03:00,0,0
http://irail.be/vehicle/IC938,http://irail.be/stations/NMBS/008874005,IC,2016-09-07T17:03:00,2016-09-07T17:03:00,13,13
http://irail.be/vehicle/IC938,http://irail.be/stations/NMBS/008874054,IC,2016-09-07T17:06:00,2016-09-07T17:06:00,-28,-28
http://irail.be/vehicle/IC938,http://irail.be/stations/NMBS/008872009,IC,2016-09-07T17:11:00,2016-09-07T17:08:00,13,61
http://irail.be/vehicle/IC938,http://irail.be/stations/NMBS/008871100,IC,2016-09-07T17:15:00,2016-09-07T17:15:00,143,143
http://irail.be/vehicle/IC938,http://irail.be/stations/NMBS/008871514,IC,2016-09-07T17:19:00,2016-09-07T17:19:00,146,146
http://irail.be/vehicle/IC938,http://irail.be/stations/NMBS/008871415,IC,2016-09-07T17:20:00,2016-09-07T17:20:00,136,136
http://irail.be/vehicle/IC938,http://irail.be/stations/NMBS/008882248,IC,2016-09-07T17:22:00,2016-09-07T17:22:00,136,136
http://irail.be/vehicle/IC938,http://irail.be/stations/NMBS/008882230,IC,2016-09-07T17:23:00,2016-09-07T17:23:00,136,136
http://irail.be/vehicle/IC938,http://irail.be/stations/NMBS/008882206,IC,2016-09-07T17:28:00,2016-09-07T17:27:00,116,98
http://irail.be/vehicle/IC938,http://irail.be/stations/NMBS/008881463,IC,2016-09-07T17:32:00,2016-09-07T17:32:00,107,107
http://irail.be/vehicle/IC938,http://irail.be/stations/NMBS/008881455,IC,2016-09-07T17:33:00,2016-09-07T17:33:00,107,107
http://irail.be/vehicle/IC938,http://irail.be/stations/NMBS/008881430,IC,2016-09-07T17:35:00,2016-09-07T17:35:00,107,107
http://irail.be/vehicle/IC938,NO-URI,IC,2016-09-07T17:36:00,2016-09-07T17:36:00,112,112
http://irail.be/vehicle/IC938,http://irail.be/stations/NMBS/008881406,IC,2016-09-07T17:37:00,2016-09-07T17:37:00,52,52
http://irail.be/vehicle/IC938,http://irail.be/stations/NMBS/008881315,IC,2016-09-07T17:39:00,2016-09-07T17:39:00,52,52
http://irail.be/vehicle/IC938,http://irail.be/stations/NMBS/008881000,IC,2016-09-07T17:45:00,2016-09-07T17:42:00,54,148
http://irail.be/vehicle/IC938,http://irail.be/stations/NMBS/008884566,IC,2016-09-07T17:50:00,2016-09-07T17:50:00,20,20
http://irail.be/vehicle/IC938,http://irail.be/stations/NMBS/008884541,IC,2016-09-07T17:51:00,2016-09-07T17:51:00,8,8
http://irail.be/vehicle/IC938,http://irail.be/stations/NMBS/008884004,IC,2016-09-07T17:54:00,2016-09-07T17:53:00,15,2
http://irail.be/vehicle/IC938,http://irail.be/stations/NMBS/008884632,IC,2016-09-07T17:59:00,2016-09-07T17:59:00,15,15
http://irail.be/vehicle/IC938,http://irail.be/stations/NMBS/008884640,IC,2016-09-07T18:00:00,2016-09-07T18:00:00,15,15
http://irail.be/vehicle/IC938,http://irail.be/stations/NMBS/008884715,IC,2016-09-07T18:01:00,2016-09-07T18:01:00,1338,463
http://irail.be/vehicle/IC938,http://irail.be/stations/NMBS/008884855,IC,2016-09-07T18:04:00,2016-09-07T18:04:00,1338,1338
http://irail.be/vehicle/IC938,http://irail.be/stations/NMBS/008884889,IC,2016-09-07T18:06:00,2016-09-07T18:06:00,1338,1338
http://irail.be/vehicle/IC938,http://irail.be/stations/NMBS/008885530,IC,2016-09-07T18:08:00,2016-09-07T18:08:00,1278,1278
http://irail.be/vehicle/IC938,http://irail.be/stations/NMBS/008885522,IC,2016-09-07T18:09:00,2016-09-07T18:09:00,1400,1400
http://irail.be/vehicle/IC938,http://irail.be/stations/NMBS/008885001,IC,2016-09-07T18:19:00,2016-09-07T18:15:00,1246,1389
http://irail.be/vehicle/IC938,http://irail.be/stations/NMBS/008885068,IC,2016-09-07T18:23:00,2016-09-07T18:23:00,1198,1185
http://irail.be/vehicle/IC938,http://irail.be/stations/NMBS/008885753,IC,2016-09-07T18:33:00,2016-09-07T18:33:00,1018,1018
http://irail.be/vehicle/IC938,http://irail.be/stations/NMBS/008885704,IC,2016-09-07T18:37:00,2016-09-07T18:37:00,,1227
http://irail.be/vehicle/IC938,http://irail.be/stations/NMBS/008863008,IC,2016-12-16T16:38:00,2016-12-16T16:38:00,75,
http://irail.be/vehicle/IC938,http://irail.be/stations/NMBS/008861119,IC,2016-12-16T16:41:00,2016-12-16T16:41:00,100,100
http://irail.be/vehicle/IC938,http://irail.be/stations/NMBS/008861127,IC,2016-12-16T16:43:00,2016-12-16T16:43:00,48,48
http://irail.be/vehicle/IC938,http://irail.be/stations/NMBS/008861135,IC,2016-12-16T16:46:00,2016-12-16T16:46:00,48,48
http://irail.be/vehicle/IC938,http://irail.be/stations/NMBS/008861143,IC,2016-12-16T16:49:00,2016-12-16T16:49:00,-34,-34
http://irail.be/vehicle/IC938,http://irail.be/stations/NMBS/008861150,IC,2016-12-16T16:51:00,2016-12-16T16:51:00,-8,-8
http://irail.be/vehicle/IC938,NO-URI,IC,2016-12-16T16:51:00,2016-12-16T16:51:00,-8,-8
http://irail.be/vehicle/IC938,http://irail.be/stations/NMBS/008861168,IC,2016-12-16T16:52:00,2016-12-16T16:52:00,48,48
http://irail.be/vehicle/IC938,http://irail.be/stations/NMBS/008874724,IC,2016-12-16T16:52:00,2016-12-16T16:52:00,170,170
http://irail.be/vehicle/IC938,NO-URI,IC,2016-12-16T16:54:00,2016-12-16T16:54:00,170,170
http://irail.be/vehicle/IC938,http://irail.be/stations/NMBS/008874716,IC,2016-12-16T16:55:00,2016-12-16T16:55:00,121,121
http://irail.be/vehicle/IC938,http://irail.be/stations/NMBS/008874609,IC,2016-12-16T16:58:00,2016-12-16T16:57:00,185,129
http://irail.be/vehicle/IC938,http://irail.be/stations/NMBS/008874583,IC,2016-12-16T17:00:00,2016-12-16T17:00:00,185,185
http://irail.be/vehicle/IC938,http://irail.be/stations/NMBS/008874567,IC,2016-12-16T17:01:00,2016-12-16T17:01:00,173,173
http://irail.be/vehicle/IC938,http://irail.be/stations/NMBS/008874559,IC,2016-12-16T17:02:00,2016-12-16T17:02:00,173,173
http://irail.be/vehicle/IC938,http://irail.be/stations/NMBS/008874005,IC,2016-12-16T17:03:00,2016-12-16T17:03:00,169,169
http://irail.be/vehicle/IC938,http://irail.be/stations/NMBS/008874054,IC,2016-12-16T17:06:00,2016-12-16T17:06:00,131,131
http://irail.be/vehicle/IC938,http://irail.be/stations/NMBS/008872009,IC,2016-12-16T17:11:00,2016-12-16T17:08:00,170,119
http://irail.be/vehicle/IC938,http://irail.be/stations/NMBS/008871100,IC,2016-12-16T17:15:00,2016-12-16T17:15:00,126,126
http://irail.be/vehicle/IC938,http://irail.be/stations/NMBS/008871514,IC,2016-12-16T17:19:00,2016-12-16T17:19:00,91,91
http://irail.be/vehicle/IC938,http://irail.be/stations/NMBS/008871415,IC,2016-12-16T17:20:00,2016-12-16T17:20:00,116,116
http://irail.be/vehicle/IC938,http://irail.be/stations/NMBS/008882248,IC,2016-12-16T17:22:00,2016-12-16T17:22:00,110,110
http://irail.be/vehicle/IC938,http://irail.be/stations/NMBS/008882230,IC,2016-12-16T17:23:00,2016-12-16T17:23:00,155,155
http://irail.be/vehicle/IC938,http://irail.be/stations/NMBS/008882206,IC,2016-12-16T17:28:00,2016-12-16T17:27:00,204,200
http://irail.be/vehicle/IC938,http://irail.be/stations/NMBS/008881463,IC,2016-12-16T17:32:00,2016-12-16T17:32:00,186,186
http://irail.be/vehicle/IC938,http://irail.be/stations/NMBS/008881455,IC,2016-12-16T17:33:00,2016-12-16T17:33:00,167,167
http://irail.be/vehicle/IC938,http://irail.be/stations/NMBS/008881430,IC,2016-12-16T17:35:00,2016-12-16T17:35:00,167,167
http://irail.be/vehicle/IC938,NO-URI,IC,2016-12-16T17:36:00,2016-12-16T17:36:00,167,167
http://irail.be/vehicle/IC938,http://irail.be/stations/NMBS/008881406,IC,2016-12-16T17:37:00,2016-12-16T17:37:00,152,152
http://irail.be/vehicle/IC938,http://irail.be/stations/NMBS/008881315,IC,2016-12-16T17:39:00,2016-12-16T17:39:00,186,186
http://irail.be/vehicle/IC938,http://irail.be/stations/NMBS/008881000,IC,2016-12-16T17:45:00,2016-12-16T17:42:00,186,186
http://irail.be/vehicle/IC938,http://irail.be/stations/NMBS/008884566,IC,2016-12-16T17:50:00,2016-12-16T17:50:00,186,186
http://irail.be/vehicle/IC938,http://irail.be/stations/NMBS/008884541,IC,2016-12-16T17:51:00,2016-12-16T17:51:00,119,119
http://irail.be/vehicle/IC938,http://irail.be/stations/NMBS/008884004,IC,2016-12-16T17:54:00,2016-12-16T17:53:00,145,163
http://irail.be/vehicle/IC938,http://irail.be/stations/NMBS/008884632,IC,2016-12-16T17:59:00,2016-12-16T17:59:00,145,145
http://irail.be/vehicle/IC938,http://irail.be/stations/NMBS/008884640,IC,2016-12-16T18:00:00,2016-12-16T18:00:00,200,200
http://irail.be/vehicle/IC938,http://irail.be/stations/NMBS/008884715,IC,2016-12-16T18:01:00,2016-12-16T18:01:00,200,200
http://irail.be/vehicle/IC938,http://irail.be/stations/NMBS/008884855,IC,2016-12-16T18:04:00,2016-12-16T18:04:00,208,208
http://irail.be/vehicle/IC938,http://irail.be/stations/NMBS/008884889,IC,2016-12-16T18:06:00,2016-12-16T18:06:00,435,435
http://irail.be/vehicle/IC938,http://irail.be/stations/NMBS/008885530,IC,2016-12-16T18:08:00,2016-12-16T18:08:00,435,435
http://irail.be/vehicle/IC938,http://irail.be/stations/NMBS/008885522,IC,2016-12-16T18:09:00,2016-12-16T18:09:00,505,505
http://irail.be/vehicle/IC938,http://irail.be/stations/NMBS/008885001,IC,2016-12-16T18:19:00,2016-12-16T18:15:00,695,590
http://irail.be/vehicle/IC938,http://irail.be/stations/NMBS/008885068,IC,2016-12-16T18:23:00,2016-12-16T18:23:00,851,806
http://irail.be/vehicle/IC938,http://irail.be/stations/NMBS/008885753,IC,2016-12-16T18:33:00,2016-12-16T18:33:00,804,804
http://irail.be/vehicle/IC938,http://irail.be/stations/NMBS/008885704,IC,2016-12-16T18:37:00,2016-12-16T18:37:00,,804
http://irail.be/vehicle/IC938,http://irail.be/stations/NMBS/008863008,IC,2016-08-02T16:38:00,2016-08-02T16:38:00,32,
http://irail.be/vehicle/IC938,http://irail.be/stations/NMBS/008861119,IC,2016-08-02T16:41:00,2016-08-02T16:41:00,75,75
http://irail.be/vehicle/IC938,http://irail.be/stations/NMBS/008861127,IC,2016-08-02T16:43:00,2016-08-02T16:43:00,25,25
http://irail.be/vehicle/IC938,http://irail.be/stations/NMBS/008861135,IC,2016-08-02T16:46:00,2016-08-02T16:46:00,-12,-12
http://irail.be/vehicle/IC938,http://irail.be/stations/NMBS/008861143,IC,2016-08-02T16:49:00,2016-08-02T16:49:00,7,7
http://irail.be/vehicle/IC938,http://irail.be/stations/NMBS/008861150,IC,2016-08-02T16:51:00,2016-08-02T16:51:00,7,7
http://irail.be/vehicle/IC938,NO-URI,IC,2016-08-02T16:51:00,2016-08-02T16:51:00,185,185
http://irail.be/vehicle/IC938,http://irail.be/stations/NMBS/008861168,IC,2016-08-02T16:52:00,2016-08-02T16:52:00,185,185
http://irail.be/vehicle/IC938,http://irail.be/stations/NMBS/008874724,IC,2016-08-02T16:52:00,2016-08-02T16:52:00,335,335
http://irail.be/vehicle/IC938,NO-URI,IC,2016-08-02T16:54:00,2016-08-02T16:54:00,259,259
http://irail.be/vehicle/IC938,http://irail.be/stations/NMBS/008874716,IC,2016-08-02T16:55:00,2016-08-02T16:55:00,278,278
http://irail.be/vehicle/IC938,http://irail.be/stations/NMBS/008874609,IC,2016-08-02T16:58:00,2016-08-02T16:57:00,313,303
http://irail.be/vehicle/IC938,http://irail.be/stations/NMBS/008874583,IC,2016-08-02T17:00:00,2016-08-02T17:00:00,313,313
http://irail.be/vehicle/IC938,http://irail.be/stations/NMBS/008874567,IC,2016-08-02T17:01:00,2016-08-02T17:01:00,313,313
http://irail.be/vehicle/IC938,http://irail.be/stations/NMBS/008874559,IC,2016-08-02T17:02:00,2016-08-02T17:02:00,286,286
http://irail.be/vehicle/IC938,NO-URI,IC,2016-08-02T17:03:00,2016-08-02T17:03:00,286,286
http://irail.be/vehicle/IC938,http://irail.be/stations/NMBS/008874005,IC,2016-08-02T17:03:00,2016-08-02T17:03:00,297,297
http://irail.be/vehicle/IC938,http://irail.be/stations/NMBS/008874054,IC,2016-08-02T17:06:00,2016-08-02T17:06:00,287,287
http://irail.be/vehicle/IC938,http://irail.be/stations/NMBS/008872009,IC,2016-08-02T17:11:00,2016-08-02T17:08:00,263,345
http://irail.be/vehicle/IC938,http://irail.be/stations/NMBS/008871100,IC,2016-08-02T17:15:00,2016-08-02T17:15:00,237,237
http://irail.be/vehicle/IC938,http://irail.be/stations/NMBS/008871514,IC,2016-08-02T17:19:00,2016-08-02T17:19:00,233,233
http://irail.be/vehicle/IC938,http://irail.be/stations/NMBS/008871415,IC,2016-08-02T17:20:00,2016-08-02T17:20:00,215,215
http://irail.be/vehicle/IC938,http://irail.be/stations/NMBS/008882248,IC,2016-08-02T17:22:00,2016-08-02T17:22:00,215,215
http://irail.be/vehicle/IC938,http://irail.be/stations/NMBS/008882230,IC,2016-08-02T17:23:00,2016-08-02T17:23:00,215,215
http://irail.be/vehicle/IC938,http://irail.be/stations/NMBS/008882206,IC,2016-08-02T17:28:00,2016-08-02T17:27:00,184,172
http://irail.be/vehicle/IC938,http://irail.be/stations/NMBS/008881463,IC,2016-08-02T17:32:00,2016-08-02T17:32:00,173,173
http://irail.be/vehicle/IC938,http://irail.be/stations/NMBS/008881455,IC,2016-08-02T17:33:00,2016-08-02T17:33:00,173,173
http://irail.be/vehicle/IC938,http://irail.be/stations/NMBS/008881430,IC,2016-08-02T17:35:00,2016-08-02T17:35:00,173,173
http://irail.be/vehicle/IC938,NO-URI,IC,2016-08-02T17:36:00,2016-08-02T17:36:00,162,162
http://irail.be/vehicle/IC938,http://irail.be/stations/NMBS/008881406,IC,2016-08-02T17:37:00,2016-08-02T17:37:00,102,102
http://irail.be/vehicle/IC938,http://irail.be/stations/NMBS/008881315,IC,2016-08-02T17:39:00,2016-08-02T17:39:00,102,102
http://irail.be/vehicle/IC938,http://irail.be/stations/NMBS/008881000,IC,2016-08-02T17:45:00,2016-08-02T17:42:00,148,183
http://irail.be/vehicle/IC938,http://irail.be/stations/NMBS/008884566,IC,2016-08-02T17:50:00,2016-08-02T17:50:00,71,71
http://irail.be/vehicle/IC938,http://irail.be/stations/NMBS/008884541,IC,2016-08-02T17:51:00,2016-08-02T17:51:00,59,59
http://irail.be/vehicle/IC938,http://irail.be/stations/NMBS/008884004,IC,2016-08-02T17:54:00,2016-08-02T17:53:00,110,99
http://irail.be/vehicle/IC938,http://irail.be/stations/NMBS/008884632,IC,2016-08-02T17:59:00,2016-08-02T17:59:00,110,110
http://irail.be/vehicle/IC938,http://irail.be/stations/NMBS/008884640,IC,2016-08-02T18:00:00,2016-08-02T18:00:00,110,110
http://irail.be/vehicle/IC938,http://irail.be/stations/NMBS/008884715,IC,2016-08-02T18:01:00,2016-08-02T18:01:00,75,75
http://irail.be/vehicle/IC938,http://irail.be/stations/NMBS/008884855,IC,2016-08-02T18:04:00,2016-08-02T18:04:00,75,75
http://irail.be/vehicle/IC938,http://irail.be/stations/NMBS/008884889,IC,2016-08-02T18:06:00,2016-08-02T18:06:00,75,75
http://irail.be/vehicle/IC938,http://irail.be/stations/NMBS/008885530,IC,2016-08-02T18:08:00,2016-08-02T18:08:00,15,15
http://irail.be/vehicle/IC938,http://irail.be/stations/NMBS/008885522,IC,2016-08-02T18:09:00,2016-08-02T18:09:00,98,98
http://irail.be/vehicle/IC938,http://irail.be/stations/NMBS/008885001,IC,2016-08-02T18:19:00,2016-08-02T18:15:00,203,58
http://irail.be/vehicle/IC938,http://irail.be/stations/NMBS/008885068,IC,2016-08-02T18:23:00,2016-08-02T18:23:00,204,177
http://irail.be/vehicle/IC938,http://irail.be/stations/NMBS/008885753,IC,2016-08-02T18:33:00,2016-08-02T18:33:00,24,24
http://irail.be/vehicle/IC938,http://irail.be/stations/NMBS/008885704,IC,2016-08-02T18:37:00,2016-08-02T18:37:00,,107
http://irail.be/vehicle/IC938,http://irail.be/stations/NMBS/008863008,IC,2016-08-25T16:38:00,2016-08-25T16:38:00,37,
http://irail.be/vehicle/IC938,http://irail.be/stations/NMBS/008861119,IC,2016-08-25T16:41:00,2016-08-25T16:41:00,86,86
http://irail.be/vehicle/IC938,http://irail.be/stations/NMBS/008861127,IC,2016-08-25T16:43:00,2016-08-25T16:43:00,34,34
http://irail.be/vehicle/IC938,http://irail.be/stations/NMBS/008861135,IC,2016-08-25T16:46:00,2016-08-25T16:46:00,-1,-1
http://irail.be/vehicle/IC938,http://irail.be/stations/NMBS/008861143,IC,2016-08-25T16:49:00,2016-08-25T16:49:00,-91,-91
http://irail.be/vehicle/IC938,http://irail.be/stations/NMBS/008861150,IC,2016-08-25T16:51:00,2016-08-25T16:51:00,-91,-91
http://irail.be/vehicle/IC938,NO-URI,IC,2016-08-25T16:51:00,2016-08-25T16:51:00,101,101
http://irail.be/vehicle/IC938,http://irail.be/stations/NMBS/008861168,IC,2016-08-25T16:52:00,2016-08-25T16:52:00,101,101
http://irail.be/vehicle/IC938,http://irail.be/stations/NMBS/008874724,IC,2016-08-25T16:52:00,2016-08-25T16:52:00,271,271
http://irail.be/vehicle/IC938,NO-URI,IC,2016-08-25T16:54:00,2016-08-25T16:54:00,192,192
http://irail.be/vehicle/IC938,http://irail.be/stations/NMBS/008874716,IC,2016-08-25T16:55:00,2016-08-25T16:55:00,205,205
http://irail.be/vehicle/IC938,http://irail.be/stations/NMBS/008874609,IC,2016-08-25T16:58:00,2016-08-25T16:57:00,221,220
http://irail.be/vehicle/IC938,http://irail.be/stations/NMBS/008874583,IC,2016-08-25T16:59:00,2016-08-25T16:59:00,161,161
http://irail.be/vehicle/IC938,http://irail.be/stations/NMBS/008874567,IC,2016-08-25T17:01:00,2016-08-25T17:01:00,221,221
http://irail.be/vehicle/IC938,http://irail.be/stations/NMBS/008874559,IC,2016-08-25T17:02:00,2016-08-25T17:02:00,200,200
http://irail.be/vehicle/IC938,NO-URI,IC,2016-08-25T17:03:00,2016-08-25T17:03:00,200,200
http://irail.be/vehicle/IC938,http://irail.be/stations/NMBS/008874005,IC,2016-08-25T17:03:00,2016-08-25T17:03:00,214,214
http://irail.be/vehicle/IC938,http://irail.be/stations/NMBS/008874054,IC,2016-08-25T17:06:00,2016-08-25T17:06:00,168,168
http://irail.be/vehicle/IC938,http://irail.be/stations/NMBS/008872009,IC,2016-08-25T17:11:00,2016-08-25T17:08:00,117,208
http://irail.be/vehicle/IC938,http://irail.be/stations/NMBS/008871100,IC,2016-08-25T17:15:00,2016-08-25T17:15:00,110,110
http://irail.be/vehicle/IC938,http://irail.be/stations/NMBS/008871514,IC,2016-08-25T17:18:00,2016-08-25T17:18:00,45,45
http://irail.be/vehicle/IC938,http://irail.be/stations/NMBS/008871415,IC,2016-08-25T17:20:00,2016-08-25T17:20:00,121,121
http://irail.be/vehicle/IC938,http://irail.be/stations/NMBS/008882248,IC,2016-08-25T17:21:00,2016-08-25T17:21:00,61,61
http://irail.be/vehicle/IC938,http://irail.be/stations/NMBS/008882230,IC,2016-08-25T17:22:00,2016-08-25T17:22:00,61,61
http://irail.be/vehicle/IC938,http://irail.be/stations/NMBS/008882206,IC,2016-08-25T17:28:00,2016-08-25T17:27:00,198,182
http://irail.be/vehicle/IC938,http://irail.be/stations/NMBS/008881463,IC,2016-08-25T17:32:00,2016-08-25T17:32:00,188,188
http://irail.be/vehicle/IC938,http://irail.be/stations/NMBS/008881455,IC,2016-08-25T17:33:00,2016-08-25T17:33:00,188,188
http://irail.be/vehicle/IC938,http://irail.be/stations/NMBS/008881430,IC,2016-08-25T17:34:00,2016-08-25T17:34:00,128,128
http://irail.be/vehicle/IC938,NO-URI,IC,2016-08-25T17:36:00,2016-08-25T17:36:00,176,176
http://irail.be/vehicle/IC938,http://irail.be/stations/NMBS/008881406,IC,2016-08-25T17:37:00,2016-08-25T17:37:00,116,116
http://irail.be/vehicle/IC938,http://irail.be/stations/NMBS/008881315,IC,2016-08-25T17:40:00,2016-08-25T17:40:00,176,176
http://irail.be/vehicle/IC938,http://irail.be/stations/NMBS/008881000,IC,2016-08-25T17:45:00,2016-08-25T17:42:00,67,175
http://irail.be/vehicle/IC938,http://irail.be/stations/NMBS/008884566,IC,2016-08-25T17:50:00,2016-08-25T17:50:00,5,5
http://irail.be/vehicle/IC938,http://irail.be/stations/NMBS/008884541,IC,2016-08-25T17:51:00,2016-08-25T17:51:00,-2,-2
http://irail.be/vehicle/IC938,http://irail.be/stations/NMBS/008884004,IC,2016-08-25T17:54:00,2016-08-25T17:53:00,50,7
http://irail.be/vehicle/IC938,http://irail.be/stations/NMBS/008884632,IC,2016-08-25T17:58:00,2016-08-25T17:58:00,-10,-10
http://irail.be/vehicle/IC938,http://irail.be/stations/NMBS/008884640,IC,2016-08-25T17:59:00,2016-08-25T17:59:00,-10,-10
http://irail.be/vehicle/IC938,http://irail.be/stations/NMBS/008884715,IC,2016-08-25T18:01:00,2016-08-25T18:01:00,45,45
http://irail.be/vehicle/IC938,http://irail.be/stations/NMBS/008884855,IC,2016-08-25T18:03:00,2016-08-25T18:03:00,-15,-15
http://irail.be/vehicle/IC938,http://irail.be/stations/NMBS/008884889,IC,2016-08-25T18:06:00,2016-08-25T18:06:00,45,45
http://irail.be/vehicle/IC938,http://irail.be/stations/NMBS/008885530,IC,2016-08-25T18:08:00,2016-08-25T18:08:00,-15,-15
http://irail.be/vehicle/IC938,http://irail.be/stations/NMBS/008885522,IC,2016-08-25T18:09:00,2016-08-25T18:09:00,238,238
http://irail.be/vehicle/IC938,http://irail.be/stations/NMBS/008885001,IC,2016-08-25T18:19:00,2016-08-25T18:15:00,204,212
http://irail.be/vehicle/IC938,http://irail.be/stations/NMBS/008885068,IC,2016-08-25T18:23:00,2016-08-25T18:23:00,260,222
http://irail.be/vehicle/IC938,http://irail.be/stations/NMBS/008885753,IC,2016-08-25T18:33:00,2016-08-25T18:33:00,80,80
http://irail.be/vehicle/IC938,http://irail.be/stations/NMBS/008885704,IC,2016-08-25T18:37:00,2016-08-25T18:37:00,,254
http://irail.be/vehicle/IC938,http://irail.be/stations/NMBS/008863008,IC,2016-08-17T16:38:00,2016-08-17T16:38:00,24,
http://irail.be/vehicle/IC938,http://irail.be/stations/NMBS/008861119,IC,2016-08-17T16:41:00,2016-08-17T16:41:00,56,56
http://irail.be/vehicle/IC938,http://irail.be/stations/NMBS/008861127,IC,2016-08-17T16:43:00,2016-08-17T16:43:00,13,13
http://irail.be/vehicle/IC938,http://irail.be/stations/NMBS/008861135,IC,2016-08-17T16:46:00,2016-08-17T16:46:00,-10,-10
http://irail.be/vehicle/IC938,http://irail.be/stations/NMBS/008861143,IC,2016-08-17T16:49:00,2016-08-17T16:49:00,-96,-96
http://irail.be/vehicle/IC938,http://irail.be/stations/NMBS/008861150,IC,2016-08-17T16:51:00,2016-08-17T16:51:00,-96,-96
http://irail.be/vehicle/IC938,NO-URI,IC,2016-08-17T16:51:00,2016-08-17T16:51:00,-56,-56
http://irail.be/vehicle/IC938,http://irail.be/stations/NMBS/008861168,IC,2016-08-17T16:52:00,2016-08-17T16:52:00,-56,-56
http://irail.be/vehicle/IC938,http://irail.be/stations/NMBS/008874724,IC,2016-08-17T16:52:00,2016-08-17T16:52:00,-52,-52
http://irail.be/vehicle/IC938,NO-URI,IC,2016-08-17T16:54:00,2016-08-17T16:54:00,-144,-144
http://irail.be/vehicle/IC938,http://irail.be/stations/NMBS/008874716,IC,2016-08-17T16:55:00,2016-08-17T16:55:00,-65,-65
http://irail.be/vehicle/IC938,http://irail.be/stations/NMBS/008874609,IC,2016-08-17T16:58:00,2016-08-17T16:57:00,94,85
http://irail.be/vehicle/IC938,http://irail.be/stations/NMBS/008874583,IC,2016-08-17T16:59:00,2016-08-17T16:59:00,34,34
http://irail.be/vehicle/IC938,http://irail.be/stations/NMBS/008874567,IC,2016-08-17T17:01:00,2016-08-17T17:01:00,94,94
http://irail.be/vehicle/IC938,http://irail.be/stations/NMBS/008874559,IC,2016-08-17T17:02:00,2016-08-17T17:02:00,75,75
http://irail.be/vehicle/IC938,NO-URI,IC,2016-08-17T17:03:00,2016-08-17T17:03:00,75,75
http://irail.be/vehicle/IC938,http://irail.be/stations/NMBS/008874005,IC,2016-08-17T17:03:00,2016-08-17T17:03:00,92,92
http://irail.be/vehicle/IC938,http://irail.be/stations/NMBS/008874054,IC,2016-08-17T17:06:00,2016-08-17T17:06:00,58,58
http://irail.be/vehicle/IC938,http://irail.be/stations/NMBS/008872009,IC,2016-08-17T17:11:00,2016-08-17T17:08:00,77,147
http://irail.be/vehicle/IC938,http://irail.be/stations/NMBS/008871100,IC,2016-08-17T17:15:00,2016-08-17T17:15:00,66,66
http://irail.be/vehicle/IC938,http://irail.be/stations/NMBS/008871514,IC,2016-08-17T17:18:00,2016-08-17T17:18:00,5,5
http://irail.be/vehicle/IC938,http://irail.be/stations/NMBS/008871415,IC,2016-08-17T17:20:00,2016-08-17T17:20:00,113,113
http://irail.be/vehicle/IC938,http://irail.be/stations/NMBS/008882248,IC,2016-08-17T17:21:00,2016-08-17T17:21:00,53,53
http://irail.be/vehicle/IC938,http://irail.be/stations/NMBS/008882230,IC,2016-08-17T17:22:00,2016-08-17T17:22:00,53,53
http://irail.be/vehicle/IC938,http://irail.be/stations/NMBS/008882206,IC,2016-08-17T17:28:00,2016-08-17T17:27:00,89,65
http://irail.be/vehicle/IC938,http://irail.be/stations/NMBS/008881463,IC,2016-08-17T17:32:00,2016-08-17T17:32:00,70,70
http://irail.be/vehicle/IC938,http://irail.be/stations/NMBS/008881455,IC,2016-08-17T17:33:00,2016-08-17T17:33:00,70,70
http://irail.be/vehicle/IC938,http://irail.be/stations/NMBS/008881430,IC,2016-08-17T17:34:00,2016-08-17T17:34:00,10,10
http://irail.be/vehicle/IC938,NO-URI,IC,2016-08-17T17:36:00,2016-08-17T17:36:00,62,62
http://irail.be/vehicle/IC938,http://irail.be/stations/NMBS/008881406,IC,2016-08-17T17:37:00,2016-08-17T17:37:00,2,2
http://irail.be/vehicle/IC938,http://irail.be/stations/NMBS/008881315,IC,2016-08-17T17:40:00,2016-08-17T17:40:00,62,62
http://irail.be/vehicle/IC938,http://irail.be/stations/NMBS/008881000,IC,2016-08-17T17:45:00,2016-08-17T17:42:00,77,117
http://irail.be/vehicle/IC938,http://irail.be/stations/NMBS/008884566,IC,2016-08-17T17:50:00,2016-08-17T17:50:00,8,8
http://irail.be/vehicle/IC938,http://irail.be/stations/NMBS/008884541,IC,2016-08-17T17:51:00,2016-08-17T17:51:00,-4,-4
http://irail.be/vehicle/IC938,http://irail.be/stations/NMBS/008884004,IC,2016-08-17T17:54:00,2016-08-17T17:53:00,54,56
http://irail.be/vehicle/IC938,http://irail.be/stations/NMBS/008884632,IC,2016-08-17T17:58:00,2016-08-17T17:58:00,-6,-6
http://irail.be/vehicle/IC938,http://irail.be/stations/NMBS/008884640,IC,2016-08-17T17:59:00,2016-08-17T17:59:00,-6,-6
http://irail.be/vehicle/IC938,http://irail.be/stations/NMBS/008884715,IC,2016-08-17T18:01:00,2016-08-17T18:01:00,31,31
http://irail.be/vehicle/IC938,http://irail.be/stations/NMBS/008884855,IC,2016-08-17T18:03:00,2016-08-17T18:03:00,-29,-29
http://irail.be/vehicle/IC938,http://irail.be/stations/NMBS/008884889,IC,2016-08-17T18:06:00,2016-08-17T18:06:00,31,31
http://irail.be/vehicle/IC938,http://irail.be/stations/NMBS/008885530,IC,2016-08-17T18:08:00,2016-08-17T18:08:00,-29,-29
http://irail.be/vehicle/IC938,http://irail.be/stations/NMBS/008885522,IC,2016-08-17T18:09:00,2016-08-17T18:09:00,35,35
http://irail.be/vehicle/IC938,http://irail.be/stations/NMBS/008885001,IC,2016-08-17T18:19:00,2016-08-17T18:15:00,8,78
http://irail.be/vehicle/IC938,http://irail.be/stations/NMBS/008885068,IC,2016-08-17T18:23:00,2016-08-17T18:23:00,-5,-44
http://irail.be/vehicle/IC938,http://irail.be/stations/NMBS/008885753,IC,2016-08-17T18:33:00,2016-08-17T18:33:00,0,-5
http://irail.be/vehicle/IC938,http://irail.be/stations/NMBS/008885704,IC,2016-08-17T18:37:00,2016-08-17T18:37:00,,58
http://irail.be/vehicle/IC938,http://irail.be/stations/NMBS/008863008,IC,2016-05-03T16:38:00,2016-05-03T16:38:00,34,0
http://irail.be/vehicle/IC938,http://irail.be/stations/NMBS/008861119,IC,2016-05-03T16:41:00,2016-05-03T16:41:00,64,64
http://irail.be/vehicle/IC938,http://irail.be/stations/NMBS/008861127,IC,2016-05-03T16:43:00,2016-05-03T16:43:00,11,-4
http://irail.be/vehicle/IC938,http://irail.be/stations/NMBS/008861135,IC,2016-05-03T16:46:00,2016-05-03T16:46:00,-33,11
http://irail.be/vehicle/IC938,http://irail.be/stations/NMBS/008861143,IC,2016-05-03T16:49:00,2016-05-03T16:49:00,-123,-123
http://irail.be/vehicle/IC938,http://irail.be/stations/NMBS/008861150,IC,2016-05-03T16:51:00,2016-05-03T16:51:00,-123,-123
http://irail.be/vehicle/IC938,NO-URI,IC,2016-05-03T16:51:00,2016-05-03T16:51:00,-98,-100
http://irail.be/vehicle/IC938,http://irail.be/stations/NMBS/008861168,IC,2016-05-03T16:52:00,2016-05-03T16:52:00,-98,-98
http://irail.be/vehicle/IC938,http://irail.be/stations/NMBS/008874724,IC,2016-05-03T16:52:00,2016-05-03T16:52:00,-93,-98
http://irail.be/vehicle/IC938,NO-URI,IC,2016-05-03T16:54:00,2016-05-03T16:54:00,-187,-190
http://irail.be/vehicle/IC938,http://irail.be/stations/NMBS/008874716,IC,2016-05-03T16:55:00,2016-05-03T16:55:00,-51,-51
http://irail.be/vehicle/IC938,http://irail.be/stations/NMBS/008874609,IC,2016-05-03T16:58:00,2016-05-03T16:57:00,134,106
http://irail.be/vehicle/IC938,http://irail.be/stations/NMBS/008874583,IC,2016-05-03T17:00:00,2016-05-03T17:00:00,134,134
http://irail.be/vehicle/IC938,http://irail.be/stations/NMBS/008874567,IC,2016-05-03T17:01:00,2016-05-03T17:01:00,134,134
http://irail.be/vehicle/IC938,http://irail.be/stations/NMBS/008874559,IC,2016-05-03T17:02:00,2016-05-03T17:02:00,111,111
http://irail.be/vehicle/IC938,http://irail.be/stations/NMBS/008874005,IC,2016-05-03T17:03:00,2016-05-03T17:03:00,120,117
http://irail.be/vehicle/IC938,http://irail.be/stations/NMBS/008874054,IC,2016-05-03T17:06:00,2016-05-03T17:06:00,71,65
http://irail.be/vehicle/IC938,http://irail.be/stations/NMBS/008872009,IC,2016-05-03T17:11:00,2016-05-03T17:08:00,68,98
http://irail.be/vehicle/IC938,http://irail.be/stations/NMBS/008871100,IC,2016-05-03T17:15:00,2016-05-03T17:15:00,62,30
http://irail.be/vehicle/IC938,http://irail.be/stations/NMBS/008871514,IC,2016-05-03T17:19:00,2016-05-03T17:19:00,61,61
http://irail.be/vehicle/IC938,http://irail.be/stations/NMBS/008871415,IC,2016-05-03T17:20:00,2016-05-03T17:20:00,62,63
http://irail.be/vehicle/IC938,http://irail.be/stations/NMBS/008882248,IC,2016-05-03T17:22:00,2016-05-03T17:22:00,62,62
http://irail.be/vehicle/IC938,http://irail.be/stations/NMBS/008882230,IC,2016-05-03T17:23:00,2016-05-03T17:23:00,62,62
http://irail.be/vehicle/IC938,http://irail.be/stations/NMBS/008882206,IC,2016-05-03T17:28:00,2016-05-03T17:27:00,78,5
http://irail.be/vehicle/IC938,http://irail.be/stations/NMBS/008881463,IC,2016-05-03T17:32:00,2016-05-03T17:32:00,79,79
http://irail.be/vehicle/IC938,http://irail.be/stations/NMBS/008881455,IC,2016-05-03T17:33:00,2016-05-03T17:33:00,79,79
http://irail.be/vehicle/IC938,http://irail.be/stations/NMBS/008881430,IC,2016-05-03T17:35:00,2016-05-03T17:35:00,79,79
http://irail.be/vehicle/IC938,NO-URI,IC,2016-05-03T17:36:00,2016-05-03T17:36:00,155,153
http://irail.be/vehicle/IC938,http://irail.be/stations/NMBS/008881406,IC,2016-05-03T17:37:00,2016-05-03T17:37:00,95,95
http://irail.be/vehicle/IC938,http://irail.be/stations/NMBS/008881315,IC,2016-05-03T17:39:00,2016-05-03T17:39:00,95,95
http://irail.be/vehicle/IC938,http://irail.be/stations/NMBS/008881000,IC,2016-05-03T17:45:00,2016-05-03T17:42:00,76,134
http://irail.be/vehicle/IC938,http://irail.be/stations/NMBS/008884566,IC,2016-05-03T17:50:00,2016-05-03T17:50:00,4,16
http://irail.be/vehicle/IC938,http://irail.be/stations/NMBS/008884541,IC,2016-05-03T17:51:00,2016-05-03T17:51:00,-9,-9
http://irail.be/vehicle/IC938,http://irail.be/stations/NMBS/008884004,IC,2016-05-03T17:54:00,2016-05-03T17:53:00,80,-9
http://irail.be/vehicle/IC938,http://irail.be/stations/NMBS/008884632,IC,2016-05-03T17:59:00,2016-05-03T17:59:00,80,80
http://irail.be/vehicle/IC938,http://irail.be/stations/NMBS/008884640,IC,2016-05-03T18:00:00,2016-05-03T18:00:00,80,80
http://irail.be/vehicle/IC938,http://irail.be/stations/NMBS/008884715,IC,2016-05-03T18:01:00,2016-05-03T18:01:00,60,56
http://irail.be/vehicle/IC938,http://irail.be/stations/NMBS/008884855,IC,2016-05-03T18:04:00,2016-05-03T18:04:00,60,60
http://irail.be/vehicle/IC938,http://irail.be/stations/NMBS/008884889,IC,2016-05-03T18:06:00,2016-05-03T18:06:00,60,60
http://irail.be/vehicle/IC938,http://irail.be/stations/NMBS/008885530,IC,2016-05-03T18:08:00,2016-05-03T18:08:00,0,0
http://irail.be/vehicle/IC938,http://irail.be/stations/NMBS/008885522,IC,2016-05-03T18:09:00,2016-05-03T18:09:00,50,43
http://irail.be/vehicle/IC938,http://irail.be/stations/NMBS/008885001,IC,2016-05-03T18:19:00,2016-05-03T18:15:00,14,-20
http://irail.be/vehicle/IC938,http://irail.be/stations/NMBS/008885068,IC,2016-05-03T18:23:00,2016-05-03T18:23:00,15,-28
http://irail.be/vehicle/IC938,http://irail.be/stations/NMBS/008885753,IC,2016-05-03T18:33:00,2016-05-03T18:33:00,0,-165
http://irail.be/vehicle/IC938,http://irail.be/stations/NMBS/008885704,IC,2016-05-03T18:37:00,2016-05-03T18:37:00,0,15
http://irail.be/vehicle/IC938,http://irail.be/stations/NMBS/008863008,IC,2016-01-08T16:38:00,2016-01-08T16:38:00,73,0
http://irail.be/vehicle/IC938,http://irail.be/stations/NMBS/008861119,IC,2016-01-08T16:41:00,2016-01-08T16:41:00,108,108
http://irail.be/vehicle/IC938,http://irail.be/stations/NMBS/008861127,IC,2016-01-08T16:43:00,2016-01-08T16:43:00,60,45
http://irail.be/vehicle/IC938,http://irail.be/stations/NMBS/008861135,IC,2016-01-08T16:46:00,2016-01-08T16:46:00,29,60
http://irail.be/vehicle/IC938,http://irail.be/stations/NMBS/008861143,IC,2016-01-08T16:49:00,2016-01-08T16:49:00,-59,-59
http://irail.be/vehicle/IC938,http://irail.be/stations/NMBS/008861150,IC,2016-01-08T16:51:00,2016-01-08T16:51:00,-59,-59
http://irail.be/vehicle/IC938,NO-URI,IC,2016-01-08T16:51:00,2016-01-08T16:51:00,-27,-30
http://irail.be/vehicle/IC938,http://irail.be/stations/NMBS/008861168,IC,2016-01-08T16:52:00,2016-01-08T16:52:00,-27,-27
http://irail.be/vehicle/IC938,http://irail.be/stations/NMBS/008874724,IC,2016-01-08T16:52:00,2016-01-08T16:52:00,-20,-27
http://irail.be/vehicle/IC938,NO-URI,IC,2016-01-08T16:54:00,2016-01-08T16:54:00,-113,-117
http://irail.be/vehicle/IC938,http://irail.be/stations/NMBS/008874716,IC,2016-01-08T16:55:00,2016-01-08T16:55:00,-34,-34
http://irail.be/vehicle/IC938,http://irail.be/stations/NMBS/008874609,IC,2016-01-08T16:58:00,2016-01-08T16:57:00,79,16
http://irail.be/vehicle/IC938,http://irail.be/stations/NMBS/008874583,IC,2016-01-08T17:00:00,2016-01-08T17:00:00,79,79
http://irail.be/vehicle/IC938,http://irail.be/stations/NMBS/008874567,IC,2016-01-08T17:01:00,2016-01-08T17:01:00,79,79
http://irail.be/vehicle/IC938,http://irail.be/stations/NMBS/008874559,IC,2016-01-08T17:02:00,2016-01-08T17:02:00,67,67
http://irail.be/vehicle/IC938,http://irail.be/stations/NMBS/008874005,IC,2016-01-08T17:03:00,2016-01-08T17:03:00,83,75
http://irail.be/vehicle/IC938,http://irail.be/stations/NMBS/008874054,IC,2016-01-08T17:06:00,2016-01-08T17:06:00,41,35
http://irail.be/vehicle/IC938,http://irail.be/stations/NMBS/008872009,IC,2016-01-08T17:11:00,2016-01-08T17:08:00,94,107
http://irail.be/vehicle/IC938,http://irail.be/stations/NMBS/008871100,IC,2016-01-08T17:15:00,2016-01-08T17:15:00,85,51
http://irail.be/vehicle/IC938,http://irail.be/stations/NMBS/008871514,IC,2016-01-08T17:19:00,2016-01-08T17:19:00,82,82
http://irail.be/vehicle/IC938,http://irail.be/stations/NMBS/008871415,IC,2016-01-08T17:20:00,2016-01-08T17:20:00,70,67
http://irail.be/vehicle/IC938,http://irail.be/stations/NMBS/008882248,IC,2016-01-08T17:22:00,2016-01-08T17:22:00,70,70
http://irail.be/vehicle/IC938,http://irail.be/stations/NMBS/008882230,IC,2016-01-08T17:23:00,2016-01-08T17:23:00,70,70
http://irail.be/vehicle/IC938,http://irail.be/stations/NMBS/008882206,IC,2016-01-08T17:28:00,2016-01-08T17:27:00,128,65
http://irail.be/vehicle/IC938,http://irail.be/stations/NMBS/008881463,IC,2016-01-08T17:32:00,2016-01-08T17:32:00,127,127
http://irail.be/vehicle/IC938,http://irail.be/stations/NMBS/008881455,IC,2016-01-08T17:33:00,2016-01-08T17:33:00,127,127
http://irail.be/vehicle/IC938,http://irail.be/stations/NMBS/008881430,IC,2016-01-08T17:35:00,2016-01-08T17:35:00,127,127
http://irail.be/vehicle/IC938,NO-URI,IC,2016-01-08T17:36:00,2016-01-08T17:36:00,123,120
http://irail.be/vehicle/IC938,http://irail.be/stations/NMBS/008881406,IC,2016-01-08T17:37:00,2016-01-08T17:37:00,63,63
http://irail.be/vehicle/IC938,http://irail.be/stations/NMBS/008881315,IC,2016-01-08T17:39:00,2016-01-08T17:39:00,63,63
http://irail.be/vehicle/IC938,http://irail.be/stations/NMBS/008881000,IC,2016-01-08T17:45:00,2016-01-08T17:42:00,158,169
http://irail.be/vehicle/IC938,http://irail.be/stations/NMBS/008884566,IC,2016-01-08T17:50:00,2016-01-08T17:50:00,124,98
http://irail.be/vehicle/IC938,http://irail.be/stations/NMBS/008884541,IC,2016-01-08T17:51:00,2016-01-08T17:51:00,112,112
http://irail.be/vehicle/IC938,http://irail.be/stations/NMBS/008884004,IC,2016-01-08T17:54:00,2016-01-08T17:53:00,121,105
http://irail.be/vehicle/IC938,http://irail.be/stations/NMBS/008884632,IC,2016-01-08T17:59:00,2016-01-08T17:59:00,121,121
http://irail.be/vehicle/IC938,http://irail.be/stations/NMBS/008884640,IC,2016-01-08T18:00:00,2016-01-08T18:00:00,121,121
http://irail.be/vehicle/IC938,http://irail.be/stations/NMBS/008884715,IC,2016-01-08T18:01:00,2016-01-08T18:01:00,88,84
http://irail.be/vehicle/IC938,http://irail.be/stations/NMBS/008884855,IC,2016-01-08T18:04:00,2016-01-08T18:04:00,88,88
http://irail.be/vehicle/IC938,http://irail.be/stations/NMBS/008884889,IC,2016-01-08T18:06:00,2016-01-08T18:06:00,88,88
http://irail.be/vehicle/IC938,http://irail.be/stations/NMBS/008885530,IC,2016-01-08T18:08:00,2016-01-08T18:08:00,28,28
http://irail.be/vehicle/IC938,http://irail.be/stations/NMBS/008885522,IC,2016-01-08T18:09:00,2016-01-08T18:09:00,245,80
http://irail.be/vehicle/IC938,http://irail.be/stations/NMBS/008885001,IC,2016-01-08T18:19:00,2016-01-08T18:15:00,606,217
http://irail.be/vehicle/IC938,http://irail.be/stations/NMBS/008885068,IC,2016-01-08T18:23:00,2016-01-08T18:23:00,725,679
http://irail.be/vehicle/IC938,http://irail.be/stations/NMBS/008885753,IC,2016-01-08T18:33:00,2016-01-08T18:33:00,545,545
http://irail.be/vehicle/IC938,http://irail.be/stations/NMBS/008885704,IC,2016-01-08T18:37:00,2016-01-08T18:37:00,0,727
http://irail.be/vehicle/IC938,http://irail.be/stations/NMBS/008863008,IC,2016-02-15T16:38:00,2016-02-15T16:38:00,22,0
http://irail.be/vehicle/IC938,http://irail.be/stations/NMBS/008861119,IC,2016-02-15T16:41:00,2016-02-15T16:41:00,63,63
http://irail.be/vehicle/IC938,http://irail.be/stations/NMBS/008861127,IC,2016-02-15T16:43:00,2016-02-15T16:43:00,35,14
http://irail.be/vehicle/IC938,http://irail.be/stations/NMBS/008861135,IC,2016-02-15T16:46:00,2016-02-15T16:46:00,19,35
http://irail.be/vehicle/IC938,http://irail.be/stations/NMBS/008861143,IC,2016-02-15T16:49:00,2016-02-15T16:49:00,-64,-64
http://irail.be/vehicle/IC938,http://irail.be/stations/NMBS/008861150,IC,2016-02-15T16:51:00,2016-02-15T16:51:00,-64,-64
http://irail.be/vehicle/IC938,NO-URI,IC,2016-02-15T16:51:00,2016-02-15T16:51:00,-19,-24
http://irail.be/vehicle/IC938,http://irail.be/stations/NMBS/008861168,IC,2016-02-15T16:52:00,2016-02-15T16:52:00,-19,-19
http://irail.be/vehicle/IC938,http://irail.be/stations/NMBS/008874724,IC,2016-02-15T16:52:00,2016-02-15T16:52:00,40,-19
http://irail.be/vehicle/IC938,NO-URI,IC,2016-02-15T16:54:00,2016-02-15T16:54:00,-45,-57
http://irail.be/vehicle/IC938,http://irail.be/stations/NMBS/008874716,IC,2016-02-15T16:55:00,2016-02-15T16:55:00,-22,-22
http://irail.be/vehicle/IC938,http://irail.be/stations/NMBS/008874609,IC,2016-02-15T16:58:00,2016-02-15T16:57:00,98,73
http://irail.be/vehicle/IC938,http://irail.be/stations/NMBS/008874583,IC,2016-02-15T17:00:00,2016-02-15T17:00:00,98,98
http://irail.be/vehicle/IC938,http://irail.be/stations/NMBS/008874567,IC,2016-02-15T17:01:00,2016-02-15T17:01:00,98,98
http://irail.be/vehicle/IC938,http://irail.be/stations/NMBS/008874559,IC,2016-02-15T17:02:00,2016-02-15T17:02:00,86,86
http://irail.be/vehicle/IC938,http://irail.be/stations/NMBS/008874005,IC,2016-02-15T17:03:00,2016-02-15T17:03:00,108,98
http://irail.be/vehicle/IC938,http://irail.be/stations/NMBS/008874054,IC,2016-02-15T17:06:00,2016-02-15T17:06:00,87,74
http://irail.be/vehicle/IC938,http://irail.be/stations/NMBS/008872009,IC,2016-02-15T17:11:00,2016-02-15T17:08:00,44,113
http://irail.be/vehicle/IC938,http://irail.be/stations/NMBS/008871100,IC,2016-02-15T17:15:00,2016-02-15T17:15:00,34,-1
http://irail.be/vehicle/IC938,http://irail.be/stations/NMBS/008871514,IC,2016-02-15T17:19:00,2016-02-15T17:19:00,33,33
http://irail.be/vehicle/IC938,http://irail.be/stations/NMBS/008871415,IC,2016-02-15T17:20:00,2016-02-15T17:20:00,51,51
http://irail.be/vehicle/IC938,http://irail.be/stations/NMBS/008882248,IC,2016-02-15T17:22:00,2016-02-15T17:22:00,51,51
http://irail.be/vehicle/IC938,http://irail.be/stations/NMBS/008882230,IC,2016-02-15T17:23:00,2016-02-15T17:23:00,51,51
http://irail.be/vehicle/IC938,http://irail.be/stations/NMBS/008882206,IC,2016-02-15T17:28:00,2016-02-15T17:27:00,54,20
http://irail.be/vehicle/IC938,http://irail.be/stations/NMBS/008881463,IC,2016-02-15T17:32:00,2016-02-15T17:32:00,54,54
http://irail.be/vehicle/IC938,http://irail.be/stations/NMBS/008881455,IC,2016-02-15T17:33:00,2016-02-15T17:33:00,54,54
http://irail.be/vehicle/IC938,http://irail.be/stations/NMBS/008881430,IC,2016-02-15T17:35:00,2016-02-15T17:35:00,54,54
http://irail.be/vehicle/IC938,NO-URI,IC,2016-02-15T17:36:00,2016-02-15T17:36:00,68,61
http://irail.be/vehicle/IC938,http://irail.be/stations/NMBS/008881406,IC,2016-02-15T17:37:00,2016-02-15T17:37:00,8,8
http://irail.be/vehicle/IC938,http://irail.be/stations/NMBS/008881315,IC,2016-02-15T17:39:00,2016-02-15T17:39:00,8,8
http://irail.be/vehicle/IC938,http://irail.be/stations/NMBS/008881000,IC,2016-02-15T17:45:00,2016-02-15T17:42:00,78,126
http://irail.be/vehicle/IC938,http://irail.be/stations/NMBS/008884566,IC,2016-02-15T17:50:00,2016-02-15T17:50:00,35,18
http://irail.be/vehicle/IC938,http://irail.be/stations/NMBS/008884541,IC,2016-02-15T17:51:00,2016-02-15T17:51:00,24,24
http://irail.be/vehicle/IC938,http://irail.be/stations/NMBS/008884004,IC,2016-02-15T17:54:00,2016-02-15T17:53:00,142,109
http://irail.be/vehicle/IC938,http://irail.be/stations/NMBS/008884632,IC,2016-02-15T17:59:00,2016-02-15T17:59:00,142,142
http://irail.be/vehicle/IC938,http://irail.be/stations/NMBS/008884640,IC,2016-02-15T18:00:00,2016-02-15T18:00:00,142,142
http://irail.be/vehicle/IC938,http://irail.be/stations/NMBS/008884715,IC,2016-02-15T18:01:00,2016-02-15T18:01:00,161,142
http://irail.be/vehicle/IC938,http://irail.be/stations/NMBS/008884855,IC,2016-02-15T18:04:00,2016-02-15T18:04:00,161,161
http://irail.be/vehicle/IC938,http://irail.be/stations/NMBS/008884889,IC,2016-02-15T18:06:00,2016-02-15T18:06:00,161,161
http://irail.be/vehicle/IC938,http://irail.be/stations/NMBS/008885530,IC,2016-02-15T18:08:00,2016-02-15T18:08:00,101,101
http://irail.be/vehicle/IC938,http://irail.be/stations/NMBS/008885522,IC,2016-02-15T18:09:00,2016-02-15T18:09:00,555,205
http://irail.be/vehicle/IC938,http://irail.be/stations/NMBS/008885001,IC,2016-02-15T18:19:00,2016-02-15T18:15:00,1130,667
http://irail.be/vehicle/IC938,http://irail.be/stations/NMBS/008885068,IC,2016-02-15T18:23:00,2016-02-15T18:23:00,1364,1251
http://irail.be/vehicle/IC938,http://irail.be/stations/NMBS/008885753,IC,2016-02-15T18:33:00,2016-02-15T18:33:00,1184,1184
http://irail.be/vehicle/IC938,http://irail.be/stations/NMBS/008885704,IC,2016-02-15T18:37:00,2016-02-15T18:37:00,0,1796
http://irail.be/vehicle/IC938,http://irail.be/stations/NMBS/008863008,IC,2016-11-24T16:38:00,2016-11-24T16:38:00,74,
http://irail.be/vehicle/IC938,http://irail.be/stations/NMBS/008861119,IC,2016-11-24T16:41:00,2016-11-24T16:41:00,106,106
http://irail.be/vehicle/IC938,http://irail.be/stations/NMBS/008861127,IC,2016-11-24T16:43:00,2016-11-24T16:43:00,42,42
http://irail.be/vehicle/IC938,http://irail.be/stations/NMBS/008861135,IC,2016-11-24T16:46:00,2016-11-24T16:46:00,42,42
http://irail.be/vehicle/IC938,http://irail.be/stations/NMBS/008861143,IC,2016-11-24T16:49:00,2016-11-24T16:49:00,-55,-55
http://irail.be/vehicle/IC938,http://irail.be/stations/NMBS/008861150,IC,2016-11-24T16:51:00,2016-11-24T16:51:00,-64,-64
http://irail.be/vehicle/IC938,NO-URI,IC,2016-11-24T16:51:00,2016-11-24T16:51:00,-64,-64
http://irail.be/vehicle/IC938,http://irail.be/stations/NMBS/008861168,IC,2016-11-24T16:52:00,2016-11-24T16:52:00,-65,-65
http://irail.be/vehicle/IC938,http://irail.be/stations/NMBS/008874724,IC,2016-11-24T16:52:00,2016-11-24T16:52:00,-81,-81
http://irail.be/vehicle/IC938,NO-URI,IC,2016-11-24T16:54:00,2016-11-24T16:54:00,-81,-81
http://irail.be/vehicle/IC938,http://irail.be/stations/NMBS/008874716,IC,2016-11-24T16:55:00,2016-11-24T16:55:00,-135,-135
http://irail.be/vehicle/IC938,http://irail.be/stations/NMBS/008874609,IC,2016-11-24T16:58:00,2016-11-24T16:57:00,5,-30
http://irail.be/vehicle/IC938,http://irail.be/stations/NMBS/008874583,IC,2016-11-24T17:00:00,2016-11-24T17:00:00,5,5
http://irail.be/vehicle/IC938,http://irail.be/stations/NMBS/008874567,IC,2016-11-24T17:01:00,2016-11-24T17:01:00,-13,-13
http://irail.be/vehicle/IC938,http://irail.be/stations/NMBS/008874559,IC,2016-11-24T17:02:00,2016-11-24T17:02:00,-13,-13
http://irail.be/vehicle/IC938,NO-URI,IC,2016-11-24T17:03:00,2016-11-24T17:03:00,-25,-25
http://irail.be/vehicle/IC938,http://irail.be/stations/NMBS/008874005,IC,2016-11-24T17:03:00,2016-11-24T17:03:00,-19,-19
http://irail.be/vehicle/IC938,http://irail.be/stations/NMBS/008874054,IC,2016-11-24T17:06:00,2016-11-24T17:06:00,-62,-62
http://irail.be/vehicle/IC938,http://irail.be/stations/NMBS/008872009,IC,2016-11-24T17:11:00,2016-11-24T17:08:00,45,-72
http://irail.be/vehicle/IC938,http://irail.be/stations/NMBS/008871100,IC,2016-11-24T17:15:00,2016-11-24T17:15:00,53,53
http://irail.be/vehicle/IC938,http://irail.be/stations/NMBS/008871514,IC,2016-11-24T17:19:00,2016-11-24T17:19:00,57,57
http://irail.be/vehicle/IC938,http://irail.be/stations/NMBS/008871415,IC,2016-11-24T17:20:00,2016-11-24T17:20:00,57,57
http://irail.be/vehicle/IC938,http://irail.be/stations/NMBS/008882248,IC,2016-11-24T17:22:00,2016-11-24T17:22:00,47,47
http://irail.be/vehicle/IC938,http://irail.be/stations/NMBS/008882230,IC,2016-11-24T17:23:00,2016-11-24T17:23:00,77,77
http://irail.be/vehicle/IC938,http://irail.be/stations/NMBS/008882206,IC,2016-11-24T17:28:00,2016-11-24T17:27:00,37,42
http://irail.be/vehicle/IC938,http://irail.be/stations/NMBS/008881463,IC,2016-11-24T17:32:00,2016-11-24T17:32:00,20,20
http://irail.be/vehicle/IC938,http://irail.be/stations/NMBS/008881455,IC,2016-11-24T17:33:00,2016-11-24T17:33:00,2,2
http://irail.be/vehicle/IC938,http://irail.be/stations/NMBS/008881430,IC,2016-11-24T17:35:00,2016-11-24T17:35:00,2,2
http://irail.be/vehicle/IC938,NO-URI,IC,2016-11-24T17:36:00,2016-11-24T17:36:00,2,2
http://irail.be/vehicle/IC938,http://irail.be/stations/NMBS/008881406,IC,2016-11-24T17:37:00,2016-11-24T17:37:00,-14,-14
http://irail.be/vehicle/IC938,http://irail.be/stations/NMBS/008881315,IC,2016-11-24T17:39:00,2016-11-24T17:39:00,39,39
http://irail.be/vehicle/IC938,http://irail.be/stations/NMBS/008881000,IC,2016-11-24T17:45:00,2016-11-24T17:42:00,111,39
http://irail.be/vehicle/IC938,http://irail.be/stations/NMBS/008884566,IC,2016-11-24T17:50:00,2016-11-24T17:50:00,111,111
http://irail.be/vehicle/IC938,http://irail.be/stations/NMBS/008884541,IC,2016-11-24T17:51:00,2016-11-24T17:51:00,39,39
http://irail.be/vehicle/IC938,http://irail.be/stations/NMBS/008884004,IC,2016-11-24T17:54:00,2016-11-24T17:53:00,-13,32
http://irail.be/vehicle/IC938,http://irail.be/stations/NMBS/008884632,IC,2016-11-24T17:59:00,2016-11-24T17:59:00,-13,-13
http://irail.be/vehicle/IC938,http://irail.be/stations/NMBS/008884640,IC,2016-11-24T18:00:00,2016-11-24T18:00:00,42,42
http://irail.be/vehicle/IC938,http://irail.be/stations/NMBS/008884715,IC,2016-11-24T18:01:00,2016-11-24T18:01:00,42,42
http://irail.be/vehicle/IC938,http://irail.be/stations/NMBS/008884855,IC,2016-11-24T18:04:00,2016-11-24T18:04:00,44,44
http://irail.be/vehicle/IC938,http://irail.be/stations/NMBS/008884889,IC,2016-11-24T18:06:00,2016-11-24T18:06:00,25,25
http://irail.be/vehicle/IC938,http://irail.be/stations/NMBS/008885530,IC,2016-11-24T18:08:00,2016-11-24T18:08:00,25,25
http://irail.be/vehicle/IC938,http://irail.be/stations/NMBS/008885522,IC,2016-11-24T18:09:00,2016-11-24T18:09:00,33,33
http://irail.be/vehicle/IC938,http://irail.be/stations/NMBS/008885001,IC,2016-11-24T18:19:00,2016-11-24T18:15:00,255,187
http://irail.be/vehicle/IC938,http://irail.be/stations/NMBS/008885068,IC,2016-11-24T18:23:00,2016-11-24T18:23:00,530,480
http://irail.be/vehicle/IC938,http://irail.be/stations/NMBS/008885753,IC,2016-11-24T18:33:00,2016-11-24T18:33:00,423,423
http://irail.be/vehicle/IC938,http://irail.be/stations/NMBS/008885704,IC,2016-11-24T18:37:00,2016-11-24T18:37:00,,423
http://irail.be/vehicle/IC938,http://irail.be/stations/NMBS/008863008,IC,2016-07-18T16:38:00,2016-07-18T16:38:00,32,
http://irail.be/vehicle/IC938,http://irail.be/stations/NMBS/008861119,IC,2016-07-18T16:41:00,2016-07-18T16:41:00,82,82
http://irail.be/vehicle/IC938,http://irail.be/stations/NMBS/008861127,IC,2016-07-18T16:43:00,2016-07-18T16:43:00,37,37
http://irail.be/vehicle/IC938,http://irail.be/stations/NMBS/008861135,IC,2016-07-18T16:46:00,2016-07-18T16:46:00,11,11
http://irail.be/vehicle/IC938,http://irail.be/stations/NMBS/008861143,IC,2016-07-18T16:49:00,2016-07-18T16:49:00,-75,-75
http://irail.be/vehicle/IC938,http://irail.be/stations/NMBS/008861150,IC,2016-07-18T16:51:00,2016-07-18T16:51:00,-75,-75
http://irail.be/vehicle/IC938,NO-URI,IC,2016-07-18T16:51:00,2016-07-18T16:51:00,-33,-33
http://irail.be/vehicle/IC938,http://irail.be/stations/NMBS/008861168,IC,2016-07-18T16:52:00,2016-07-18T16:52:00,-33,-33
http://irail.be/vehicle/IC938,http://irail.be/stations/NMBS/008874724,IC,2016-07-18T16:52:00,2016-07-18T16:52:00,-27,-27
http://irail.be/vehicle/IC938,NO-URI,IC,2016-07-18T16:54:00,2016-07-18T16:54:00,-115,-115
http://irail.be/vehicle/IC938,http://irail.be/stations/NMBS/008874716,IC,2016-07-18T16:55:00,2016-07-18T16:55:00,-29,-29
http://irail.be/vehicle/IC938,http://irail.be/stations/NMBS/008874609,IC,2016-07-18T16:58:00,2016-07-18T16:57:00,76,52
http://irail.be/vehicle/IC938,http://irail.be/stations/NMBS/008874583,IC,2016-07-18T17:00:00,2016-07-18T17:00:00,76,76
http://irail.be/vehicle/IC938,http://irail.be/stations/NMBS/008874567,IC,2016-07-18T17:01:00,2016-07-18T17:01:00,76,76
http://irail.be/vehicle/IC938,http://irail.be/stations/NMBS/008874559,IC,2016-07-18T17:02:00,2016-07-18T17:02:00,53,53
http://irail.be/vehicle/IC938,NO-URI,IC,2016-07-18T17:03:00,2016-07-18T17:03:00,53,53
http://irail.be/vehicle/IC938,http://irail.be/stations/NMBS/008874005,IC,2016-07-18T17:03:00,2016-07-18T17:03:00,67,67
http://irail.be/vehicle/IC938,http://irail.be/stations/NMBS/008874054,IC,2016-07-18T17:06:00,2016-07-18T17:06:00,54,54
http://irail.be/vehicle/IC938,http://irail.be/stations/NMBS/008872009,IC,2016-07-18T17:11:00,2016-07-18T17:08:00,22,106
http://irail.be/vehicle/IC938,http://irail.be/stations/NMBS/008871100,IC,2016-07-18T17:15:00,2016-07-18T17:15:00,16,16
http://irail.be/vehicle/IC938,http://irail.be/stations/NMBS/008871514,IC,2016-07-18T17:19:00,2016-07-18T17:19:00,19,19
http://irail.be/vehicle/IC938,http://irail.be/stations/NMBS/008871415,IC,2016-07-18T17:20:00,2016-07-18T17:20:00,12,12
http://irail.be/vehicle/IC938,http://irail.be/stations/NMBS/008882248,IC,2016-07-18T17:22:00,2016-07-18T17:22:00,12,12
http://irail.be/vehicle/IC938,http://irail.be/stations/NMBS/008882230,IC,2016-07-18T17:23:00,2016-07-18T17:23:00,12,12
http://irail.be/vehicle/IC938,http://irail.be/stations/NMBS/008882206,IC,2016-07-18T17:28:00,2016-07-18T17:27:00,-2,-45
http://irail.be/vehicle/IC938,http://irail.be/stations/NMBS/008881463,IC,2016-07-18T17:32:00,2016-07-18T17:32:00,-19,-19
http://irail.be/vehicle/IC938,http://irail.be/stations/NMBS/008881455,IC,2016-07-18T17:33:00,2016-07-18T17:33:00,-19,-19
http://irail.be/vehicle/IC938,http://irail.be/stations/NMBS/008881430,IC,2016-07-18T17:35:00,2016-07-18T17:35:00,-19,-19
http://irail.be/vehicle/IC938,NO-URI,IC,2016-07-18T17:36:00,2016-07-18T17:36:00,-19,-19
http://irail.be/vehicle/IC938,http://irail.be/stations/NMBS/008881406,IC,2016-07-18T17:37:00,2016-07-18T17:37:00,-19,-19
http://irail.be/vehicle/IC938,http://irail.be/stations/NMBS/008881315,IC,2016-07-18T17:39:00,2016-07-18T17:39:00,-19,-19
http://irail.be/vehicle/IC938,http://irail.be/stations/NMBS/008881000,IC,2016-07-18T17:45:00,2016-07-18T17:42:00,29,20
http://irail.be/vehicle/IC938,http://irail.be/stations/NMBS/008884566,IC,2016-07-18T17:50:00,2016-07-18T17:50:00,-41,-41
http://irail.be/vehicle/IC938,http://irail.be/stations/NMBS/008884541,IC,2016-07-18T17:51:00,2016-07-18T17:51:00,-53,-53
http://irail.be/vehicle/IC938,http://irail.be/stations/NMBS/008884004,IC,2016-07-18T17:54:00,2016-07-18T17:53:00,85,-43
http://irail.be/vehicle/IC938,http://irail.be/stations/NMBS/008884632,IC,2016-07-18T17:59:00,2016-07-18T17:59:00,85,85
http://irail.be/vehicle/IC938,http://irail.be/stations/NMBS/008884640,IC,2016-07-18T18:00:00,2016-07-18T18:00:00,85,85
http://irail.be/vehicle/IC938,http://irail.be/stations/NMBS/008884715,IC,2016-07-18T18:01:00,2016-07-18T18:01:00,66,66
http://irail.be/vehicle/IC938,http://irail.be/stations/NMBS/008884855,IC,2016-07-18T18:04:00,2016-07-18T18:04:00,66,66
http://irail.be/vehicle/IC938,http://irail.be/stations/NMBS/008884889,IC,2016-07-18T18:06:00,2016-07-18T18:06:00,66,66
http://irail.be/vehicle/IC938,http://irail.be/stations/NMBS/008885530,IC,2016-07-18T18:08:00,2016-07-18T18:08:00,6,6
http://irail.be/vehicle/IC938,http://irail.be/stations/NMBS/008885522,IC,2016-07-18T18:09:00,2016-07-18T18:09:00,42,42
http://irail.be/vehicle/IC938,http://irail.be/stations/NMBS/008885001,IC,2016-07-18T18:19:00,2016-07-18T18:15:00,52,-17
http://irail.be/vehicle/IC938,http://irail.be/stations/NMBS/008885068,IC,2016-07-18T18:23:00,2016-07-18T18:23:00,46,8
http://irail.be/vehicle/IC938,http://irail.be/stations/NMBS/008885753,IC,2016-07-18T18:33:00,2016-07-18T18:33:00,0,-134
http://irail.be/vehicle/IC938,http://irail.be/stations/NMBS/008885704,IC,2016-07-18T18:37:00,2016-07-18T18:37:00,,-61
http://irail.be/vehicle/IC938,http://irail.be/stations/NMBS/008863008,IC,2016-03-31T16:38:00,2016-03-31T16:38:00,36,0
http://irail.be/vehicle/IC938,http://irail.be/stations/NMBS/008861119,IC,2016-03-31T16:41:00,2016-03-31T16:41:00,52,52
http://irail.be/vehicle/IC938,http://irail.be/stations/NMBS/008861127,IC,2016-03-31T16:43:00,2016-03-31T16:43:00,3,-14
http://irail.be/vehicle/IC938,http://irail.be/stations/NMBS/008861135,IC,2016-03-31T16:46:00,2016-03-31T16:46:00,-32,3
http://irail.be/vehicle/IC938,http://irail.be/stations/NMBS/008861143,IC,2016-03-31T16:49:00,2016-03-31T16:49:00,-118,-118
http://irail.be/vehicle/IC938,http://irail.be/stations/NMBS/008861150,IC,2016-03-31T16:51:00,2016-03-31T16:51:00,-118,-118
http://irail.be/vehicle/IC938,NO-URI,IC,2016-03-31T16:51:00,2016-03-31T16:51:00,-55,-74
http://irail.be/vehicle/IC938,http://irail.be/stations/NMBS/008861168,IC,2016-03-31T16:52:00,2016-03-31T16:52:00,-55,-55
http://irail.be/vehicle/IC938,http://irail.be/stations/NMBS/008874724,IC,2016-03-31T16:52:00,2016-03-31T16:52:00,-25,-55
http://irail.be/vehicle/IC938,NO-URI,IC,2016-03-31T16:54:00,2016-03-31T16:54:00,-105,-122
http://irail.be/vehicle/IC938,http://irail.be/stations/NMBS/008874716,IC,2016-03-31T16:55:00,2016-03-31T16:55:00,-3,-3
http://irail.be/vehicle/IC938,http://irail.be/stations/NMBS/008874609,IC,2016-03-31T16:58:00,2016-03-31T16:57:00,29,20
http://irail.be/vehicle/IC938,http://irail.be/stations/NMBS/008874583,IC,2016-03-31T17:00:00,2016-03-31T17:00:00,29,29
http://irail.be/vehicle/IC938,http://irail.be/stations/NMBS/008874567,IC,2016-03-31T17:01:00,2016-03-31T17:01:00,29,29
http://irail.be/vehicle/IC938,http://irail.be/stations/NMBS/008874559,IC,2016-03-31T17:02:00,2016-03-31T17:02:00,6,6
http://irail.be/vehicle/IC938,http://irail.be/stations/NMBS/008874005,IC,2016-03-31T17:03:00,2016-03-31T17:03:00,18,13
http://irail.be/vehicle/IC938,http://irail.be/stations/NMBS/008874054,IC,2016-03-31T17:06:00,2016-03-31T17:06:00,-25,-33
http://irail.be/vehicle/IC938,http://irail.be/stations/NMBS/008872009,IC,2016-03-31T17:11:00,2016-03-31T17:08:00,15,-6
http://irail.be/vehicle/IC938,http://irail.be/stations/NMBS/008871100,IC,2016-03-31T17:15:00,2016-03-31T17:15:00,21,-35
http://irail.be/vehicle/IC938,http://irail.be/stations/NMBS/008871514,IC,2016-03-31T17:19:00,2016-03-31T17:19:00,53,53
http://irail.be/vehicle/IC938,http://irail.be/stations/NMBS/008871415,IC,2016-03-31T17:20:00,2016-03-31T17:20:00,47,49
http://irail.be/vehicle/IC938,http://irail.be/stations/NMBS/008882248,IC,2016-03-31T17:22:00,2016-03-31T17:22:00,47,47
http://irail.be/vehicle/IC938,http://irail.be/stations/NMBS/008882230,IC,2016-03-31T17:23:00,2016-03-31T17:23:00,47,47
http://irail.be/vehicle/IC938,http://irail.be/stations/NMBS/008882206,IC,2016-03-31T17:28:00,2016-03-31T17:27:00,36,-4
http://irail.be/vehicle/IC938,http://irail.be/stations/NMBS/008881463,IC,2016-03-31T17:32:00,2016-03-31T17:32:00,29,29
http://irail.be/vehicle/IC938,http://irail.be/stations/NMBS/008881455,IC,2016-03-31T17:33:00,2016-03-31T17:33:00,29,29
http://irail.be/vehicle/IC938,http://irail.be/stations/NMBS/008881430,IC,2016-03-31T17:35:00,2016-03-31T17:35:00,29,29
http://irail.be/vehicle/IC938,NO-URI,IC,2016-03-31T17:36:00,2016-03-31T17:36:00,18,15
http://irail.be/vehicle/IC938,http://irail.be/stations/NMBS/008881406,IC,2016-03-31T17:37:00,2016-03-31T17:37:00,-42,-42
http://irail.be/vehicle/IC938,http://irail.be/stations/NMBS/008881315,IC,2016-03-31T17:39:00,2016-03-31T17:39:00,-42,-42
http://irail.be/vehicle/IC938,http://irail.be/stations/NMBS/008881000,IC,2016-03-31T17:45:00,2016-03-31T17:42:00,29,-4
http://irail.be/vehicle/IC938,http://irail.be/stations/NMBS/008884566,IC,2016-03-31T17:50:00,2016-03-31T17:50:00,-36,-31
http://irail.be/vehicle/IC938,http://irail.be/stations/NMBS/008884541,IC,2016-03-31T17:51:00,2016-03-31T17:51:00,-47,-47
http://irail.be/vehicle/IC938,http://irail.be/stations/NMBS/008884004,IC,2016-03-31T17:54:00,2016-03-31T17:53:00,66,-38
http://irail.be/vehicle/IC938,http://irail.be/stations/NMBS/008884632,IC,2016-03-31T17:59:00,2016-03-31T17:59:00,66,66
http://irail.be/vehicle/IC938,http://irail.be/stations/NMBS/008884640,IC,2016-03-31T18:00:00,2016-03-31T18:00:00,66,66
http://irail.be/vehicle/IC938,http://irail.be/stations/NMBS/008884715,IC,2016-03-31T18:01:00,2016-03-31T18:01:00,50,46
http://irail.be/vehicle/IC938,http://irail.be/stations/NMBS/008884855,IC,2016-03-31T18:04:00,2016-03-31T18:04:00,50,50
http://irail.be/vehicle/IC938,http://irail.be/stations/NMBS/008884889,IC,2016-03-31T18:06:00,2016-03-31T18:06:00,50,50
http://irail.be/vehicle/IC938,http://irail.be/stations/NMBS/008885530,IC,2016-03-31T18:08:00,2016-03-31T18:08:00,-10,-10
http://irail.be/vehicle/IC938,http://irail.be/stations/NMBS/008885522,IC,2016-03-31T18:09:00,2016-03-31T18:09:00,37,26
http://irail.be/vehicle/IC938,http://irail.be/stations/NMBS/008885001,IC,2016-03-31T18:19:00,2016-03-31T18:15:00,40,45
http://irail.be/vehicle/IC938,http://irail.be/stations/NMBS/008885068,IC,2016-03-31T18:23:00,2016-03-31T18:23:00,51,4
http://irail.be/vehicle/IC938,http://irail.be/stations/NMBS/008885753,IC,2016-03-31T18:33:00,2016-03-31T18:33:00,0,-129
http://irail.be/vehicle/IC938,http://irail.be/stations/NMBS/008885704,IC,2016-03-31T18:37:00,2016-03-31T18:37:00,0,42
http://irail.be/vehicle/IC938,http://irail.be/stations/NMBS/008863008,IC,2016-05-19T16:38:00,2016-05-19T16:38:00,1492,0
http://irail.be/vehicle/IC938,http://irail.be/stations/NMBS/008861119,IC,2016-05-19T16:41:00,2016-05-19T16:41:00,1546,1546
http://irail.be/vehicle/IC938,http://irail.be/stations/NMBS/008861127,IC,2016-05-19T16:43:00,2016-05-19T16:43:00,1495,1480
http://irail.be/vehicle/IC938,http://irail.be/stations/NMBS/008861135,IC,2016-05-19T16:46:00,2016-05-19T16:46:00,1457,1495
http://irail.be/vehicle/IC938,http://irail.be/stations/NMBS/008861143,IC,2016-05-19T16:49:00,2016-05-19T16:49:00,1370,1370
http://irail.be/vehicle/IC938,http://irail.be/stations/NMBS/008861150,IC,2016-05-19T16:51:00,2016-05-19T16:51:00,1370,1370
http://irail.be/vehicle/IC938,NO-URI,IC,2016-05-19T16:51:00,2016-05-19T16:51:00,1396,1395
http://irail.be/vehicle/IC938,http://irail.be/stations/NMBS/008861168,IC,2016-05-19T16:52:00,2016-05-19T16:52:00,1396,1396
http://irail.be/vehicle/IC938,http://irail.be/stations/NMBS/008874724,IC,2016-05-19T16:52:00,2016-05-19T16:52:00,1406,1396
http://irail.be/vehicle/IC938,NO-URI,IC,2016-05-19T16:54:00,2016-05-19T16:54:00,1315,1309
http://irail.be/vehicle/IC938,http://irail.be/stations/NMBS/008874716,IC,2016-05-19T16:55:00,2016-05-19T16:55:00,1325,1325
http://irail.be/vehicle/IC938,http://irail.be/stations/NMBS/008874609,IC,2016-05-19T16:58:00,2016-05-19T16:57:00,1350,1332
http://irail.be/vehicle/IC938,http://irail.be/stations/NMBS/008874583,IC,2016-05-19T17:00:00,2016-05-19T17:00:00,0,0
http://irail.be/vehicle/IC938,http://irail.be/stations/NMBS/008874567,IC,2016-05-19T17:01:00,2016-05-19T17:01:00,0,0
http://irail.be/vehicle/IC938,http://irail.be/stations/NMBS/008874559,IC,2016-05-19T17:02:00,2016-05-19T17:02:00,1322,1322
http://irail.be/vehicle/IC938,http://irail.be/stations/NMBS/008874005,IC,2016-05-19T17:03:00,2016-05-19T17:03:00,1442,1413
http://irail.be/vehicle/IC938,http://irail.be/stations/NMBS/008874054,IC,2016-05-19T17:06:00,2016-05-19T17:06:00,1430,1392
http://irail.be/vehicle/IC938,http://irail.be/stations/NMBS/008872009,IC,2016-05-19T17:11:00,2016-05-19T17:08:00,1442,1503
http://irail.be/vehicle/IC938,http://irail.be/stations/NMBS/008871100,IC,2016-05-19T17:15:00,2016-05-19T17:15:00,1425,1387
http://irail.be/vehicle/IC938,http://irail.be/stations/NMBS/008871514,IC,2016-05-19T17:19:00,2016-05-19T17:19:00,1421,1421
http://irail.be/vehicle/IC938,http://irail.be/stations/NMBS/008871415,IC,2016-05-19T17:20:00,2016-05-19T17:20:00,1403,1404
http://irail.be/vehicle/IC938,http://irail.be/stations/NMBS/008882248,IC,2016-05-19T17:22:00,2016-05-19T17:22:00,1403,1403
http://irail.be/vehicle/IC938,http://irail.be/stations/NMBS/008882230,IC,2016-05-19T17:23:00,2016-05-19T17:23:00,0,0
http://irail.be/vehicle/IC938,http://irail.be/stations/NMBS/008882206,IC,2016-05-19T17:28:00,2016-05-19T17:27:00,1371,1349
http://irail.be/vehicle/IC938,http://irail.be/stations/NMBS/008881463,IC,2016-05-19T17:32:00,2016-05-19T17:32:00,1349,1349
http://irail.be/vehicle/IC938,http://irail.be/stations/NMBS/008881455,IC,2016-05-19T17:33:00,2016-05-19T17:33:00,1349,1349
http://irail.be/vehicle/IC938,http://irail.be/stations/NMBS/008881430,IC,2016-05-19T17:35:00,2016-05-19T17:35:00,0,0
http://irail.be/vehicle/IC938,NO-URI,IC,2016-05-19T17:36:00,2016-05-19T17:36:00,1392,1360
http://irail.be/vehicle/IC938,http://irail.be/stations/NMBS/008881406,IC,2016-05-19T17:37:00,2016-05-19T17:37:00,1332,1332
http://irail.be/vehicle/IC938,http://irail.be/stations/NMBS/008881315,IC,2016-05-19T17:39:00,2016-05-19T17:39:00,0,0
http://irail.be/vehicle/IC938,http://irail.be/stations/NMBS/008881000,IC,2016-05-19T17:45:00,2016-05-19T17:42:00,1359,1448
http://irail.be/vehicle/IC938,http://irail.be/stations/NMBS/008884566,IC,2016-05-19T17:50:00,2016-05-19T17:50:00,1283,1299
http://irail.be/vehicle/IC938,http://irail.be/stations/NMBS/008884541,IC,2016-05-19T17:51:00,2016-05-19T17:51:00,1270,1270
http://irail.be/vehicle/IC938,http://irail.be/stations/NMBS/008884004,IC,2016-05-19T17:54:00,2016-05-19T17:53:00,1271,1263
http://irail.be/vehicle/IC938,http://irail.be/stations/NMBS/008884632,IC,2016-05-19T17:59:00,2016-05-19T17:59:00,0,0
http://irail.be/vehicle/IC938,http://irail.be/stations/NMBS/008884640,IC,2016-05-19T18:00:00,2016-05-19T18:00:00,0,0
http://irail.be/vehicle/IC938,http://irail.be/stations/NMBS/008884715,IC,2016-05-19T18:01:00,2016-05-19T18:01:00,1232,1228
http://irail.be/vehicle/IC938,http://irail.be/stations/NMBS/008884855,IC,2016-05-19T18:04:00,2016-05-19T18:04:00,1232,1232
http://irail.be/vehicle/IC938,http://irail.be/stations/NMBS/008884889,IC,2016-05-19T18:06:00,2016-05-19T18:06:00,0,0
http://irail.be/vehicle/IC938,http://irail.be/stations/NMBS/008885530,IC,2016-05-19T18:08:00,2016-05-19T18:08:00,0,0
http://irail.be/vehicle/IC938,http://irail.be/stations/NMBS/008885522,IC,2016-05-19T18:09:00,2016-05-19T18:09:00,1340,1202
http://irail.be/vehicle/IC938,http://irail.be/stations/NMBS/008885001,IC,2016-05-19T18:19:00,2016-05-19T18:15:00,1311,1336
http://irail.be/vehicle/IC938,http://irail.be/stations/NMBS/008885068,IC,2016-05-19T18:23:00,2016-05-19T18:23:00,1328,1295
http://irail.be/vehicle/IC938,http://irail.be/stations/NMBS/008885753,IC,2016-05-19T18:33:00,2016-05-19T18:33:00,0,0
http://irail.be/vehicle/IC938,http://irail.be/stations/NMBS/008885704,IC,2016-05-19T18:37:00,2016-05-19T18:37:00,0,1399
http://irail.be/vehicle/IC938,http://irail.be/stations/NMBS/008863008,IC,2016-06-20T16:38:00,2016-06-20T16:38:00,18,
http://irail.be/vehicle/IC938,http://irail.be/stations/NMBS/008861119,IC,2016-06-20T16:41:00,2016-06-20T16:41:00,42,42
http://irail.be/vehicle/IC938,http://irail.be/stations/NMBS/008861127,IC,2016-06-20T16:43:00,2016-06-20T16:43:00,-5,-5
http://irail.be/vehicle/IC938,http://irail.be/stations/NMBS/008861135,IC,2016-06-20T16:46:00,2016-06-20T16:46:00,-43,-43
http://irail.be/vehicle/IC938,http://irail.be/stations/NMBS/008861143,IC,2016-06-20T16:49:00,2016-06-20T16:49:00,-128,-128
http://irail.be/vehicle/IC938,http://irail.be/stations/NMBS/008861150,IC,2016-06-20T16:51:00,2016-06-20T16:51:00,-128,-128
http://irail.be/vehicle/IC938,NO-URI,IC,2016-06-20T16:51:00,2016-06-20T16:51:00,-99,-99
http://irail.be/vehicle/IC938,http://irail.be/stations/NMBS/008861168,IC,2016-06-20T16:52:00,2016-06-20T16:52:00,-99,-99
http://irail.be/vehicle/IC938,http://irail.be/stations/NMBS/008874724,IC,2016-06-20T16:52:00,2016-06-20T16:52:00,-91,-91
http://irail.be/vehicle/IC938,NO-URI,IC,2016-06-20T16:54:00,2016-06-20T16:54:00,-183,-183
http://irail.be/vehicle/IC938,http://irail.be/stations/NMBS/008874716,IC,2016-06-20T16:55:00,2016-06-20T16:55:00,-105,-105
http://irail.be/vehicle/IC938,http://irail.be/stations/NMBS/008874609,IC,2016-06-20T16:58:00,2016-06-20T16:57:00,47,55
http://irail.be/vehicle/IC938,http://irail.be/stations/NMBS/008874583,IC,2016-06-20T17:00:00,2016-06-20T17:00:00,47,47
http://irail.be/vehicle/IC938,http://irail.be/stations/NMBS/008874567,IC,2016-06-20T17:01:00,2016-06-20T17:01:00,47,47
http://irail.be/vehicle/IC938,http://irail.be/stations/NMBS/008874559,IC,2016-06-20T17:02:00,2016-06-20T17:02:00,18,18
http://irail.be/vehicle/IC938,NO-URI,IC,2016-06-20T17:03:00,2016-06-20T17:03:00,18,18
http://irail.be/vehicle/IC938,http://irail.be/stations/NMBS/008874005,IC,2016-06-20T17:03:00,2016-06-20T17:03:00,27,27
http://irail.be/vehicle/IC938,http://irail.be/stations/NMBS/008874054,IC,2016-06-20T17:06:00,2016-06-20T17:06:00,3,3
http://irail.be/vehicle/IC938,http://irail.be/stations/NMBS/008872009,IC,2016-06-20T17:11:00,2016-06-20T17:08:00,43,59
http://irail.be/vehicle/IC938,http://irail.be/stations/NMBS/008871100,IC,2016-06-20T17:15:00,2016-06-20T17:15:00,15,15
http://irail.be/vehicle/IC938,http://irail.be/stations/NMBS/008871514,IC,2016-06-20T17:19:00,2016-06-20T17:19:00,12,12
http://irail.be/vehicle/IC938,http://irail.be/stations/NMBS/008871415,IC,2016-06-20T17:20:00,2016-06-20T17:20:00,-13,-13
http://irail.be/vehicle/IC938,http://irail.be/stations/NMBS/008882248,IC,2016-06-20T17:22:00,2016-06-20T17:22:00,-13,-13
http://irail.be/vehicle/IC938,http://irail.be/stations/NMBS/008882230,IC,2016-06-20T17:23:00,2016-06-20T17:23:00,-13,-13
http://irail.be/vehicle/IC938,http://irail.be/stations/NMBS/008882206,IC,2016-06-20T17:28:00,2016-06-20T17:27:00,1,-42
http://irail.be/vehicle/IC938,http://irail.be/stations/NMBS/008881463,IC,2016-06-20T17:32:00,2016-06-20T17:32:00,-13,-13
http://irail.be/vehicle/IC938,http://irail.be/stations/NMBS/008881455,IC,2016-06-20T17:33:00,2016-06-20T17:33:00,-13,-13
http://irail.be/vehicle/IC938,http://irail.be/stations/NMBS/008881430,IC,2016-06-20T17:35:00,2016-06-20T17:35:00,-13,-13
http://irail.be/vehicle/IC938,NO-URI,IC,2016-06-20T17:36:00,2016-06-20T17:36:00,-25,-25
http://irail.be/vehicle/IC938,http://irail.be/stations/NMBS/008881406,IC,2016-06-20T17:37:00,2016-06-20T17:37:00,-25,-25
http://irail.be/vehicle/IC938,http://irail.be/stations/NMBS/008881315,IC,2016-06-20T17:39:00,2016-06-20T17:39:00,-25,-25
http://irail.be/vehicle/IC938,http://irail.be/stations/NMBS/008881000,IC,2016-06-20T17:45:00,2016-06-20T17:42:00,105,15
http://irail.be/vehicle/IC938,http://irail.be/stations/NMBS/008884566,IC,2016-06-20T17:50:00,2016-06-20T17:50:00,53,53
http://irail.be/vehicle/IC938,http://irail.be/stations/NMBS/008884541,IC,2016-06-20T17:51:00,2016-06-20T17:51:00,46,46
http://irail.be/vehicle/IC938,http://irail.be/stations/NMBS/008884004,IC,2016-06-20T17:54:00,2016-06-20T17:53:00,62,64
http://irail.be/vehicle/IC938,http://irail.be/stations/NMBS/008884632,IC,2016-06-20T17:59:00,2016-06-20T17:59:00,62,62
http://irail.be/vehicle/IC938,http://irail.be/stations/NMBS/008884640,IC,2016-06-20T18:00:00,2016-06-20T18:00:00,62,62
http://irail.be/vehicle/IC938,http://irail.be/stations/NMBS/008884715,IC,2016-06-20T18:01:00,2016-06-20T18:01:00,48,48
http://irail.be/vehicle/IC938,http://irail.be/stations/NMBS/008884855,IC,2016-06-20T18:04:00,2016-06-20T18:04:00,48,48
http://irail.be/vehicle/IC938,http://irail.be/stations/NMBS/008884889,IC,2016-06-20T18:06:00,2016-06-20T18:06:00,48,48
http://irail.be/vehicle/IC938,http://irail.be/stations/NMBS/008885530,IC,2016-06-20T18:08:00,2016-06-20T18:08:00,-12,-12
http://irail.be/vehicle/IC938,http://irail.be/stations/NMBS/008885522,IC,2016-06-20T18:09:00,2016-06-20T18:09:00,419,419
http://irail.be/vehicle/IC938,http://irail.be/stations/NMBS/008885001,IC,2016-06-20T18:19:00,2016-06-20T18:15:00,507,407
http://irail.be/vehicle/IC938,http://irail.be/stations/NMBS/008885068,IC,2016-06-20T18:23:00,2016-06-20T18:23:00,705,595
http://irail.be/vehicle/IC938,http://irail.be/stations/NMBS/008885753,IC,2016-06-20T18:33:00,2016-06-20T18:33:00,525,525
http://irail.be/vehicle/IC938,http://irail.be/stations/NMBS/008885704,IC,2016-06-20T18:37:00,2016-06-20T18:37:00,,775
http://irail.be/vehicle/IC938,http://irail.be/stations/NMBS/008863008,IC,2016-05-04T16:38:00,2016-05-04T16:38:00,16,0
http://irail.be/vehicle/IC938,http://irail.be/stations/NMBS/008861119,IC,2016-05-04T16:41:00,2016-05-04T16:41:00,64,64
http://irail.be/vehicle/IC938,http://irail.be/stations/NMBS/008861127,IC,2016-05-04T16:43:00,2016-05-04T16:43:00,14,-2
http://irail.be/vehicle/IC938,http://irail.be/stations/NMBS/008861135,IC,2016-05-04T16:46:00,2016-05-04T16:46:00,52,14
http://irail.be/vehicle/IC938,http://irail.be/stations/NMBS/008861143,IC,2016-05-04T16:49:00,2016-05-04T16:49:00,-34,-34
http://irail.be/vehicle/IC938,http://irail.be/stations/NMBS/008861150,IC,2016-05-04T16:51:00,2016-05-04T16:51:00,-34,-34
http://irail.be/vehicle/IC938,NO-URI,IC,2016-05-04T16:51:00,2016-05-04T16:51:00,-6,-7
http://irail.be/vehicle/IC938,http://irail.be/stations/NMBS/008861168,IC,2016-05-04T16:52:00,2016-05-04T16:52:00,-6,-6
http://irail.be/vehicle/IC938,http://irail.be/stations/NMBS/008874724,IC,2016-05-04T16:52:00,2016-05-04T16:52:00,8,-6
http://irail.be/vehicle/IC938,NO-URI,IC,2016-05-04T16:54:00,2016-05-04T16:54:00,-84,-89
http://irail.be/vehicle/IC938,http://irail.be/stations/NMBS/008874716,IC,2016-05-04T16:55:00,2016-05-04T16:55:00,-70,-70
http://irail.be/vehicle/IC938,http://irail.be/stations/NMBS/008874609,IC,2016-05-04T16:58:00,2016-05-04T16:57:00,27,-40
http://irail.be/vehicle/IC938,http://irail.be/stations/NMBS/008874583,IC,2016-05-04T17:00:00,2016-05-04T17:00:00,27,27
http://irail.be/vehicle/IC938,http://irail.be/stations/NMBS/008874567,IC,2016-05-04T17:01:00,2016-05-04T17:01:00,27,27
http://irail.be/vehicle/IC938,http://irail.be/stations/NMBS/008874559,IC,2016-05-04T17:02:00,2016-05-04T17:02:00,16,16
http://irail.be/vehicle/IC938,http://irail.be/stations/NMBS/008874005,IC,2016-05-04T17:03:00,2016-05-04T17:03:00,29,23
http://irail.be/vehicle/IC938,http://irail.be/stations/NMBS/008874054,IC,2016-05-04T17:06:00,2016-05-04T17:06:00,-16,-22
http://irail.be/vehicle/IC938,http://irail.be/stations/NMBS/008872009,IC,2016-05-04T17:11:00,2016-05-04T17:08:00,33,20
http://irail.be/vehicle/IC938,http://irail.be/stations/NMBS/008871100,IC,2016-05-04T17:15:00,2016-05-04T17:15:00,27,-11
http://irail.be/vehicle/IC938,http://irail.be/stations/NMBS/008871514,IC,2016-05-04T17:19:00,2016-05-04T17:19:00,26,26
http://irail.be/vehicle/IC938,http://irail.be/stations/NMBS/008871415,IC,2016-05-04T17:20:00,2016-05-04T17:20:00,2,3
http://irail.be/vehicle/IC938,http://irail.be/stations/NMBS/008882248,IC,2016-05-04T17:22:00,2016-05-04T17:22:00,2,2
http://irail.be/vehicle/IC938,http://irail.be/stations/NMBS/008882230,IC,2016-05-04T17:23:00,2016-05-04T17:23:00,2,2
http://irail.be/vehicle/IC938,http://irail.be/stations/NMBS/008882206,IC,2016-05-04T17:28:00,2016-05-04T17:27:00,18,-35
http://irail.be/vehicle/IC938,http://irail.be/stations/NMBS/008881463,IC,2016-05-04T17:32:00,2016-05-04T17:32:00,25,25
http://irail.be/vehicle/IC938,http://irail.be/stations/NMBS/008881455,IC,2016-05-04T17:33:00,2016-05-04T17:33:00,25,25
http://irail.be/vehicle/IC938,http://irail.be/stations/NMBS/008881430,IC,2016-05-04T17:35:00,2016-05-04T17:35:00,25,25
http://irail.be/vehicle/IC938,NO-URI,IC,2016-05-04T17:36:00,2016-05-04T17:36:00,21,18
http://irail.be/vehicle/IC938,http://irail.be/stations/NMBS/008881406,IC,2016-05-04T17:37:00,2016-05-04T17:37:00,-39,-39
http://irail.be/vehicle/IC938,http://irail.be/stations/NMBS/008881315,IC,2016-05-04T17:39:00,2016-05-04T17:39:00,-39,-39
http://irail.be/vehicle/IC938,http://irail.be/stations/NMBS/008881000,IC,2016-05-04T17:45:00,2016-05-04T17:42:00,216,290
http://irail.be/vehicle/IC938,http://irail.be/stations/NMBS/008884566,IC,2016-05-04T17:50:00,2016-05-04T17:50:00,148,156
http://irail.be/vehicle/IC938,http://irail.be/stations/NMBS/008884541,IC,2016-05-04T17:51:00,2016-05-04T17:51:00,136,136
http://irail.be/vehicle/IC938,http://irail.be/stations/NMBS/008884004,IC,2016-05-04T17:54:00,2016-05-04T17:53:00,122,137
http://irail.be/vehicle/IC938,http://irail.be/stations/NMBS/008884632,IC,2016-05-04T17:59:00,2016-05-04T17:59:00,122,122
http://irail.be/vehicle/IC938,http://irail.be/stations/NMBS/008884640,IC,2016-05-04T18:00:00,2016-05-04T18:00:00,122,122
http://irail.be/vehicle/IC938,http://irail.be/stations/NMBS/008884715,IC,2016-05-04T18:01:00,2016-05-04T18:01:00,146,134
http://irail.be/vehicle/IC938,http://irail.be/stations/NMBS/008884855,IC,2016-05-04T18:04:00,2016-05-04T18:04:00,146,146
http://irail.be/vehicle/IC938,http://irail.be/stations/NMBS/008884889,IC,2016-05-04T18:06:00,2016-05-04T18:06:00,146,146
http://irail.be/vehicle/IC938,http://irail.be/stations/NMBS/008885530,IC,2016-05-04T18:08:00,2016-05-04T18:08:00,86,86
http://irail.be/vehicle/IC938,http://irail.be/stations/NMBS/008885522,IC,2016-05-04T18:09:00,2016-05-04T18:09:00,148,141
http://irail.be/vehicle/IC938,http://irail.be/stations/NMBS/008885001,IC,2016-05-04T18:19:00,2016-05-04T18:15:00,157,142
http://irail.be/vehicle/IC938,http://irail.be/stations/NMBS/008885068,IC,2016-05-04T18:23:00,2016-05-04T18:23:00,157,123
http://irail.be/vehicle/IC938,http://irail.be/stations/NMBS/008885753,IC,2016-05-04T18:33:00,2016-05-04T18:33:00,0,-23
http://irail.be/vehicle/IC938,http://irail.be/stations/NMBS/008885704,IC,2016-05-04T18:37:00,2016-05-04T18:37:00,0,72
http://irail.be/vehicle/IC938,http://irail.be/stations/NMBS/008863008,IC,2016-02-16T16:38:00,2016-02-16T16:38:00,53,0
http://irail.be/vehicle/IC938,http://irail.be/stations/NMBS/008861119,IC,2016-02-16T16:41:00,2016-02-16T16:41:00,83,83
http://irail.be/vehicle/IC938,http://irail.be/stations/NMBS/008861127,IC,2016-02-16T16:43:00,2016-02-16T16:43:00,31,16
http://irail.be/vehicle/IC938,http://irail.be/stations/NMBS/008861135,IC,2016-02-16T16:46:00,2016-02-16T16:46:00,-8,31
http://irail.be/vehicle/IC938,http://irail.be/stations/NMBS/008861143,IC,2016-02-16T16:49:00,2016-02-16T16:49:00,-96,-96
http://irail.be/vehicle/IC938,http://irail.be/stations/NMBS/008861150,IC,2016-02-16T16:51:00,2016-02-16T16:51:00,-96,-96
http://irail.be/vehicle/IC938,NO-URI,IC,2016-02-16T16:51:00,2016-02-16T16:51:00,-66,-69
http://irail.be/vehicle/IC938,http://irail.be/stations/NMBS/008861168,IC,2016-02-16T16:52:00,2016-02-16T16:52:00,-66,-66
http://irail.be/vehicle/IC938,http://irail.be/stations/NMBS/008874724,IC,2016-02-16T16:52:00,2016-02-16T16:52:00,-62,-66
http://irail.be/vehicle/IC938,NO-URI,IC,2016-02-16T16:54:00,2016-02-16T16:54:00,-157,-159
http://irail.be/vehicle/IC938,http://irail.be/stations/NMBS/008874716,IC,2016-02-16T16:55:00,2016-02-16T16:55:00,-95,-95
http://irail.be/vehicle/IC938,http://irail.be/stations/NMBS/008874609,IC,2016-02-16T16:58:00,2016-02-16T16:57:00,139,114
http://irail.be/vehicle/IC938,http://irail.be/stations/NMBS/008874583,IC,2016-02-16T17:00:00,2016-02-16T17:00:00,139,139
http://irail.be/vehicle/IC938,http://irail.be/stations/NMBS/008874567,IC,2016-02-16T17:01:00,2016-02-16T17:01:00,139,139
http://irail.be/vehicle/IC938,http://irail.be/stations/NMBS/008874559,IC,2016-02-16T17:02:00,2016-02-16T17:02:00,117,117
http://irail.be/vehicle/IC938,http://irail.be/stations/NMBS/008874005,IC,2016-02-16T17:03:00,2016-02-16T17:03:00,132,125
http://irail.be/vehicle/IC938,http://irail.be/stations/NMBS/008874054,IC,2016-02-16T17:06:00,2016-02-16T17:06:00,94,88
http://irail.be/vehicle/IC938,http://irail.be/stations/NMBS/008872009,IC,2016-02-16T17:11:00,2016-02-16T17:08:00,88,132
http://irail.be/vehicle/IC938,http://irail.be/stations/NMBS/008871100,IC,2016-02-16T17:15:00,2016-02-16T17:15:00,84,53
http://irail.be/vehicle/IC938,http://irail.be/stations/NMBS/008871514,IC,2016-02-16T17:19:00,2016-02-16T17:19:00,80,80
http://irail.be/vehicle/IC938,http://irail.be/stations/NMBS/008871415,IC,2016-02-16T17:20:00,2016-02-16T17:20:00,74,65
http://irail.be/vehicle/IC938,http://irail.be/stations/NMBS/008882248,IC,2016-02-16T17:22:00,2016-02-16T17:22:00,74,74
http://irail.be/vehicle/IC938,http://irail.be/stations/NMBS/008882230,IC,2016-02-16T17:23:00,2016-02-16T17:23:00,74,74
http://irail.be/vehicle/IC938,http://irail.be/stations/NMBS/008882206,IC,2016-02-16T17:28:00,2016-02-16T17:27:00,94,58
http://irail.be/vehicle/IC938,http://irail.be/stations/NMBS/008881463,IC,2016-02-16T17:32:00,2016-02-16T17:32:00,94,94
http://irail.be/vehicle/IC938,http://irail.be/stations/NMBS/008881455,IC,2016-02-16T17:33:00,2016-02-16T17:33:00,94,94
http://irail.be/vehicle/IC938,http://irail.be/stations/NMBS/008881430,IC,2016-02-16T17:35:00,2016-02-16T17:35:00,94,94
http://irail.be/vehicle/IC938,NO-URI,IC,2016-02-16T17:36:00,2016-02-16T17:36:00,82,82
http://irail.be/vehicle/IC938,http://irail.be/stations/NMBS/008881406,IC,2016-02-16T17:37:00,2016-02-16T17:37:00,22,22
http://irail.be/vehicle/IC938,http://irail.be/stations/NMBS/008881315,IC,2016-02-16T17:39:00,2016-02-16T17:39:00,22,22
http://irail.be/vehicle/IC938,http://irail.be/stations/NMBS/008881000,IC,2016-02-16T17:45:00,2016-02-16T17:42:00,42,129
http://irail.be/vehicle/IC938,http://irail.be/stations/NMBS/008884566,IC,2016-02-16T17:50:00,2016-02-16T17:50:00,-11,-18
http://irail.be/vehicle/IC938,http://irail.be/stations/NMBS/008884541,IC,2016-02-16T17:51:00,2016-02-16T17:51:00,-22,-22
http://irail.be/vehicle/IC938,http://irail.be/stations/NMBS/008884004,IC,2016-02-16T17:54:00,2016-02-16T17:53:00,183,94
http://irail.be/vehicle/IC938,http://irail.be/stations/NMBS/008884632,IC,2016-02-16T17:59:00,2016-02-16T17:59:00,183,183
http://irail.be/vehicle/IC938,http://irail.be/stations/NMBS/008884640,IC,2016-02-16T18:00:00,2016-02-16T18:00:00,183,183
http://irail.be/vehicle/IC938,http://irail.be/stations/NMBS/008884715,IC,2016-02-16T18:01:00,2016-02-16T18:01:00,172,162
http://irail.be/vehicle/IC938,http://irail.be/stations/NMBS/008884855,IC,2016-02-16T18:04:00,2016-02-16T18:04:00,172,172
http://irail.be/vehicle/IC938,http://irail.be/stations/NMBS/008884889,IC,2016-02-16T18:06:00,2016-02-16T18:06:00,172,172
http://irail.be/vehicle/IC938,http://irail.be/stations/NMBS/008885530,IC,2016-02-16T18:08:00,2016-02-16T18:08:00,112,112
http://irail.be/vehicle/IC938,http://irail.be/stations/NMBS/008885522,IC,2016-02-16T18:09:00,2016-02-16T18:09:00,242,155
http://irail.be/vehicle/IC938,http://irail.be/stations/NMBS/008885001,IC,2016-02-16T18:19:00,2016-02-16T18:15:00,385,290
http://irail.be/vehicle/IC938,http://irail.be/stations/NMBS/008885068,IC,2016-02-16T18:23:00,2016-02-16T18:23:00,467,449
http://irail.be/vehicle/IC938,http://irail.be/stations/NMBS/008885753,IC,2016-02-16T18:33:00,2016-02-16T18:33:00,287,287
http://irail.be/vehicle/IC938,http://irail.be/stations/NMBS/008885704,IC,2016-02-16T18:37:00,2016-02-16T18:37:00,0,606
http://irail.be/vehicle/IC938,http://irail.be/stations/NMBS/008863008,IC,2016-02-24T16:38:00,2016-02-24T16:38:00,27,0
http://irail.be/vehicle/IC938,http://irail.be/stations/NMBS/008861119,IC,2016-02-24T16:41:00,2016-02-24T16:41:00,71,71
http://irail.be/vehicle/IC938,http://irail.be/stations/NMBS/008861127,IC,2016-02-24T16:43:00,2016-02-24T16:43:00,21,6
http://irail.be/vehicle/IC938,http://irail.be/stations/NMBS/008861135,IC,2016-02-24T16:46:00,2016-02-24T16:46:00,-17,21
http://irail.be/vehicle/IC938,http://irail.be/stations/NMBS/008861143,IC,2016-02-24T16:49:00,2016-02-24T16:49:00,-105,-105
http://irail.be/vehicle/IC938,http://irail.be/stations/NMBS/008861150,IC,2016-02-24T16:51:00,2016-02-24T16:51:00,-105,-105
http://irail.be/vehicle/IC938,NO-URI,IC,2016-02-24T16:51:00,2016-02-24T16:51:00,-78,-79
http://irail.be/vehicle/IC938,http://irail.be/stations/NMBS/008861168,IC,2016-02-24T16:52:00,2016-02-24T16:52:00,-78,-78
http://irail.be/vehicle/IC938,http://irail.be/stations/NMBS/008874724,IC,2016-02-24T16:52:00,2016-02-24T16:52:00,-68,-78
http://irail.be/vehicle/IC938,NO-URI,IC,2016-02-24T16:54:00,2016-02-24T16:54:00,-159,-165
http://irail.be/vehicle/IC938,http://irail.be/stations/NMBS/008874716,IC,2016-02-24T16:55:00,2016-02-24T16:55:00,-90,-90
http://irail.be/vehicle/IC938,http://irail.be/stations/NMBS/008874609,IC,2016-02-24T16:58:00,2016-02-24T16:57:00,85,64
http://irail.be/vehicle/IC938,http://irail.be/stations/NMBS/008874583,IC,2016-02-24T17:00:00,2016-02-24T17:00:00,85,85
http://irail.be/vehicle/IC938,http://irail.be/stations/NMBS/008874567,IC,2016-02-24T17:01:00,2016-02-24T17:01:00,85,85
http://irail.be/vehicle/IC938,http://irail.be/stations/NMBS/008874559,IC,2016-02-24T17:02:00,2016-02-24T17:02:00,65,65
http://irail.be/vehicle/IC938,http://irail.be/stations/NMBS/008874005,IC,2016-02-24T17:03:00,2016-02-24T17:03:00,78,73
http://irail.be/vehicle/IC938,http://irail.be/stations/NMBS/008874054,IC,2016-02-24T17:06:00,2016-02-24T17:06:00,33,26
http://irail.be/vehicle/IC938,http://irail.be/stations/NMBS/008872009,IC,2016-02-24T17:11:00,2016-02-24T17:08:00,36,93
http://irail.be/vehicle/IC938,http://irail.be/stations/NMBS/008871100,IC,2016-02-24T17:15:00,2016-02-24T17:15:00,24,-11
http://irail.be/vehicle/IC938,http://irail.be/stations/NMBS/008871514,IC,2016-02-24T17:19:00,2016-02-24T17:19:00,21,21
http://irail.be/vehicle/IC938,http://irail.be/stations/NMBS/008871415,IC,2016-02-24T17:20:00,2016-02-24T17:20:00,-3,-2
http://irail.be/vehicle/IC938,http://irail.be/stations/NMBS/008882248,IC,2016-02-24T17:22:00,2016-02-24T17:22:00,-3,-3
http://irail.be/vehicle/IC938,http://irail.be/stations/NMBS/008882230,IC,2016-02-24T17:23:00,2016-02-24T17:23:00,-3,-3
http://irail.be/vehicle/IC938,http://irail.be/stations/NMBS/008882206,IC,2016-02-24T17:28:00,2016-02-24T17:27:00,5,-80
http://irail.be/vehicle/IC938,http://irail.be/stations/NMBS/008881463,IC,2016-02-24T17:32:00,2016-02-24T17:32:00,22,22
http://irail.be/vehicle/IC938,http://irail.be/stations/NMBS/008881455,IC,2016-02-24T17:33:00,2016-02-24T17:33:00,22,22
http://irail.be/vehicle/IC938,http://irail.be/stations/NMBS/008881430,IC,2016-02-24T17:35:00,2016-02-24T17:35:00,22,22
http://irail.be/vehicle/IC938,NO-URI,IC,2016-02-24T17:36:00,2016-02-24T17:36:00,6,5
http://irail.be/vehicle/IC938,http://irail.be/stations/NMBS/008881406,IC,2016-02-24T17:37:00,2016-02-24T17:37:00,-54,-54
http://irail.be/vehicle/IC938,http://irail.be/stations/NMBS/008881315,IC,2016-02-24T17:39:00,2016-02-24T17:39:00,-54,-54
http://irail.be/vehicle/IC938,http://irail.be/stations/NMBS/008881000,IC,2016-02-24T17:45:00,2016-02-24T17:42:00,42,-1
http://irail.be/vehicle/IC938,http://irail.be/stations/NMBS/008884566,IC,2016-02-24T17:50:00,2016-02-24T17:50:00,-9,-18
http://irail.be/vehicle/IC938,http://irail.be/stations/NMBS/008884541,IC,2016-02-24T17:51:00,2016-02-24T17:51:00,-17,-17
http://irail.be/vehicle/IC938,http://irail.be/stations/NMBS/008884004,IC,2016-02-24T17:54:00,2016-02-24T17:53:00,19,5
http://irail.be/vehicle/IC938,http://irail.be/stations/NMBS/008884632,IC,2016-02-24T17:59:00,2016-02-24T17:59:00,19,19
http://irail.be/vehicle/IC938,http://irail.be/stations/NMBS/008884640,IC,2016-02-24T18:00:00,2016-02-24T18:00:00,19,19
http://irail.be/vehicle/IC938,http://irail.be/stations/NMBS/008884715,IC,2016-02-24T18:01:00,2016-02-24T18:01:00,-22,-26
http://irail.be/vehicle/IC938,http://irail.be/stations/NMBS/008884855,IC,2016-02-24T18:04:00,2016-02-24T18:04:00,-22,-22
http://irail.be/vehicle/IC938,http://irail.be/stations/NMBS/008884889,IC,2016-02-24T18:06:00,2016-02-24T18:06:00,-22,-22
http://irail.be/vehicle/IC938,http://irail.be/stations/NMBS/008885530,IC,2016-02-24T18:08:00,2016-02-24T18:08:00,-22,-22
http://irail.be/vehicle/IC938,http://irail.be/stations/NMBS/008885522,IC,2016-02-24T18:09:00,2016-02-24T18:09:00,582,379
http://irail.be/vehicle/IC938,http://irail.be/stations/NMBS/008885001,IC,2016-02-24T18:19:00,2016-02-24T18:15:00,602,560
http://irail.be/vehicle/IC938,http://irail.be/stations/NMBS/008885068,IC,2016-02-24T18:23:00,2016-02-24T18:23:00,734,695
http://irail.be/vehicle/IC938,http://irail.be/stations/NMBS/008885753,IC,2016-02-24T18:33:00,2016-02-24T18:33:00,554,554
http://irail.be/vehicle/IC938,http://irail.be/stations/NMBS/008885704,IC,2016-02-24T18:37:00,2016-02-24T18:37:00,0,807
http://irail.be/vehicle/IC938,http://irail.be/stations/NMBS/008863008,IC,2016-04-25T16:38:00,2016-04-25T16:38:00,39,0
http://irail.be/vehicle/IC938,http://irail.be/stations/NMBS/008861119,IC,2016-04-25T16:41:00,2016-04-25T16:41:00,88,88
http://irail.be/vehicle/IC938,http://irail.be/stations/NMBS/008861127,IC,2016-04-25T16:43:00,2016-04-25T16:43:00,42,25
http://irail.be/vehicle/IC938,http://irail.be/stations/NMBS/008861135,IC,2016-04-25T16:46:00,2016-04-25T16:46:00,8,42
http://irail.be/vehicle/IC938,http://irail.be/stations/NMBS/008861143,IC,2016-04-25T16:49:00,2016-04-25T16:49:00,-79,-79
http://irail.be/vehicle/IC938,http://irail.be/stations/NMBS/008861150,IC,2016-04-25T16:51:00,2016-04-25T16:51:00,-79,-79
http://irail.be/vehicle/IC938,NO-URI,IC,2016-04-25T16:51:00,2016-04-25T16:51:00,-50,-53
http://irail.be/vehicle/IC938,http://irail.be/stations/NMBS/008861168,IC,2016-04-25T16:52:00,2016-04-25T16:52:00,-50,-50
http://irail.be/vehicle/IC938,http://irail.be/stations/NMBS/008874724,IC,2016-04-25T16:52:00,2016-04-25T16:52:00,-45,-50
http://irail.be/vehicle/IC938,NO-URI,IC,2016-04-25T16:54:00,2016-04-25T16:54:00,-141,-142
http://irail.be/vehicle/IC938,http://irail.be/stations/NMBS/008874716,IC,2016-04-25T16:55:00,2016-04-25T16:55:00,-67,-67
http://irail.be/vehicle/IC938,http://irail.be/stations/NMBS/008874609,IC,2016-04-25T16:58:00,2016-04-25T16:57:00,86,-37
http://irail.be/vehicle/IC938,http://irail.be/stations/NMBS/008874583,IC,2016-04-25T17:00:00,2016-04-25T17:00:00,0,0
http://irail.be/vehicle/IC938,http://irail.be/stations/NMBS/008874567,IC,2016-04-25T17:01:00,2016-04-25T17:01:00,0,0
http://irail.be/vehicle/IC938,http://irail.be/stations/NMBS/008874559,IC,2016-04-25T17:02:00,2016-04-25T17:02:00,97,97
http://irail.be/vehicle/IC938,http://irail.be/stations/NMBS/008874005,IC,2016-04-25T17:03:00,2016-04-25T17:03:00,114,107
http://irail.be/vehicle/IC938,http://irail.be/stations/NMBS/008874054,IC,2016-04-25T17:06:00,2016-04-25T17:06:00,103,73
http://irail.be/vehicle/IC938,http://irail.be/stations/NMBS/008872009,IC,2016-04-25T17:11:00,2016-04-25T17:08:00,171,192
http://irail.be/vehicle/IC938,http://irail.be/stations/NMBS/008871100,IC,2016-04-25T17:15:00,2016-04-25T17:15:00,180,145
http://irail.be/vehicle/IC938,http://irail.be/stations/NMBS/008871514,IC,2016-04-25T17:19:00,2016-04-25T17:19:00,178,178
http://irail.be/vehicle/IC938,http://irail.be/stations/NMBS/008871415,IC,2016-04-25T17:20:00,2016-04-25T17:20:00,171,174
http://irail.be/vehicle/IC938,http://irail.be/stations/NMBS/008882248,IC,2016-04-25T17:22:00,2016-04-25T17:22:00,171,171
http://irail.be/vehicle/IC938,http://irail.be/stations/NMBS/008882230,IC,2016-04-25T17:23:00,2016-04-25T17:23:00,0,0
http://irail.be/vehicle/IC938,http://irail.be/stations/NMBS/008882206,IC,2016-04-25T17:28:00,2016-04-25T17:27:00,132,114
http://irail.be/vehicle/IC938,http://irail.be/stations/NMBS/008881463,IC,2016-04-25T17:32:00,2016-04-25T17:32:00,127,127
http://irail.be/vehicle/IC938,http://irail.be/stations/NMBS/008881455,IC,2016-04-25T17:33:00,2016-04-25T17:33:00,127,127
http://irail.be/vehicle/IC938,http://irail.be/stations/NMBS/008881430,IC,2016-04-25T17:35:00,2016-04-25T17:35:00,0,0
http://irail.be/vehicle/IC938,NO-URI,IC,2016-04-25T17:36:00,2016-04-25T17:36:00,192,191
http://irail.be/vehicle/IC938,http://irail.be/stations/NMBS/008881406,IC,2016-04-25T17:37:00,2016-04-25T17:37:00,132,132
http://irail.be/vehicle/IC938,http://irail.be/stations/NMBS/008881315,IC,2016-04-25T17:39:00,2016-04-25T17:39:00,0,0
http://irail.be/vehicle/IC938,http://irail.be/stations/NMBS/008881000,IC,2016-04-25T17:45:00,2016-04-25T17:42:00,111,198
http://irail.be/vehicle/IC938,http://irail.be/stations/NMBS/008884566,IC,2016-04-25T17:50:00,2016-04-25T17:50:00,54,51
http://irail.be/vehicle/IC938,http://irail.be/stations/NMBS/008884541,IC,2016-04-25T17:51:00,2016-04-25T17:51:00,45,45
http://irail.be/vehicle/IC938,http://irail.be/stations/NMBS/008884004,IC,2016-04-25T17:54:00,2016-04-25T17:53:00,126,57
http://irail.be/vehicle/IC938,http://irail.be/stations/NMBS/008884632,IC,2016-04-25T17:59:00,2016-04-25T17:59:00,0,0
http://irail.be/vehicle/IC938,http://irail.be/stations/NMBS/008884640,IC,2016-04-25T18:00:00,2016-04-25T18:00:00,0,0
http://irail.be/vehicle/IC938,http://irail.be/stations/NMBS/008884715,IC,2016-04-25T18:01:00,2016-04-25T18:01:00,136,129
http://irail.be/vehicle/IC938,http://irail.be/stations/NMBS/008884855,IC,2016-04-25T18:04:00,2016-04-25T18:04:00,136,136
http://irail.be/vehicle/IC938,http://irail.be/stations/NMBS/008884889,IC,2016-04-25T18:06:00,2016-04-25T18:06:00,0,0
http://irail.be/vehicle/IC938,http://irail.be/stations/NMBS/008885530,IC,2016-04-25T18:08:00,2016-04-25T18:08:00,0,0
http://irail.be/vehicle/IC938,http://irail.be/stations/NMBS/008885522,IC,2016-04-25T18:09:00,2016-04-25T18:09:00,161,139
http://irail.be/vehicle/IC938,http://irail.be/stations/NMBS/008885001,IC,2016-04-25T18:19:00,2016-04-25T18:15:00,352,167
http://irail.be/vehicle/IC938,http://irail.be/stations/NMBS/008885068,IC,2016-04-25T18:23:00,2016-04-25T18:23:00,491,460
http://irail.be/vehicle/IC938,http://irail.be/stations/NMBS/008885753,IC,2016-04-25T18:33:00,2016-04-25T18:33:00,0,0
http://irail.be/vehicle/IC938,http://irail.be/stations/NMBS/008885704,IC,2016-04-25T18:37:00,2016-04-25T18:37:00,0,504
http://irail.be/vehicle/IC938,http://irail.be/stations/NMBS/008863008,IC,2016-04-19T16:38:00,2016-04-19T16:38:00,12,0
http://irail.be/vehicle/IC938,http://irail.be/stations/NMBS/008861119,IC,2016-04-19T16:41:00,2016-04-19T16:41:00,36,36
http://irail.be/vehicle/IC938,http://irail.be/stations/NMBS/008861127,IC,2016-04-19T16:43:00,2016-04-19T16:43:00,-3,-25
http://irail.be/vehicle/IC938,http://irail.be/stations/NMBS/008861135,IC,2016-04-19T16:46:00,2016-04-19T16:46:00,-19,-3
http://irail.be/vehicle/IC938,http://irail.be/stations/NMBS/008861143,IC,2016-04-19T16:49:00,2016-04-19T16:49:00,-93,-93
http://irail.be/vehicle/IC938,http://irail.be/stations/NMBS/008861150,IC,2016-04-19T16:51:00,2016-04-19T16:51:00,-93,-93
http://irail.be/vehicle/IC938,NO-URI,IC,2016-04-19T16:51:00,2016-04-19T16:51:00,121,107
http://irail.be/vehicle/IC938,http://irail.be/stations/NMBS/008861168,IC,2016-04-19T16:52:00,2016-04-19T16:52:00,121,121
http://irail.be/vehicle/IC938,http://irail.be/stations/NMBS/008874724,IC,2016-04-19T16:52:00,2016-04-19T16:52:00,125,121
http://irail.be/vehicle/IC938,NO-URI,IC,2016-04-19T16:54:00,2016-04-19T16:54:00,29,28
http://irail.be/vehicle/IC938,http://irail.be/stations/NMBS/008874716,IC,2016-04-19T16:55:00,2016-04-19T16:55:00,41,41
http://irail.be/vehicle/IC938,http://irail.be/stations/NMBS/008874609,IC,2016-04-19T16:58:00,2016-04-19T16:57:00,70,45
http://irail.be/vehicle/IC938,http://irail.be/stations/NMBS/008874583,IC,2016-04-19T17:00:00,2016-04-19T17:00:00,70,70
http://irail.be/vehicle/IC938,http://irail.be/stations/NMBS/008874567,IC,2016-04-19T17:01:00,2016-04-19T17:01:00,70,70
http://irail.be/vehicle/IC938,http://irail.be/stations/NMBS/008874559,IC,2016-04-19T17:02:00,2016-04-19T17:02:00,45,45
http://irail.be/vehicle/IC938,http://irail.be/stations/NMBS/008874005,IC,2016-04-19T17:03:00,2016-04-19T17:03:00,60,53
http://irail.be/vehicle/IC938,http://irail.be/stations/NMBS/008874054,IC,2016-04-19T17:06:00,2016-04-19T17:06:00,30,23
http://irail.be/vehicle/IC938,http://irail.be/stations/NMBS/008872009,IC,2016-04-19T17:11:00,2016-04-19T17:08:00,41,85
http://irail.be/vehicle/IC938,http://irail.be/stations/NMBS/008871100,IC,2016-04-19T17:15:00,2016-04-19T17:15:00,40,3
http://irail.be/vehicle/IC938,http://irail.be/stations/NMBS/008871514,IC,2016-04-19T17:19:00,2016-04-19T17:19:00,38,38
http://irail.be/vehicle/IC938,http://irail.be/stations/NMBS/008871415,IC,2016-04-19T17:20:00,2016-04-19T17:20:00,12,13
http://irail.be/vehicle/IC938,http://irail.be/stations/NMBS/008882248,IC,2016-04-19T17:22:00,2016-04-19T17:22:00,12,12
http://irail.be/vehicle/IC938,http://irail.be/stations/NMBS/008882230,IC,2016-04-19T17:23:00,2016-04-19T17:23:00,12,12
http://irail.be/vehicle/IC938,http://irail.be/stations/NMBS/008882206,IC,2016-04-19T17:28:00,2016-04-19T17:27:00,140,66
http://irail.be/vehicle/IC938,http://irail.be/stations/NMBS/008881463,IC,2016-04-19T17:32:00,2016-04-19T17:32:00,146,146
http://irail.be/vehicle/IC938,http://irail.be/stations/NMBS/008881455,IC,2016-04-19T17:33:00,2016-04-19T17:33:00,146,146
http://irail.be/vehicle/IC938,http://irail.be/stations/NMBS/008881430,IC,2016-04-19T17:35:00,2016-04-19T17:35:00,146,146
http://irail.be/vehicle/IC938,NO-URI,IC,2016-04-19T17:36:00,2016-04-19T17:36:00,207,205
http://irail.be/vehicle/IC938,http://irail.be/stations/NMBS/008881406,IC,2016-04-19T17:37:00,2016-04-19T17:37:00,147,147
http://irail.be/vehicle/IC938,http://irail.be/stations/NMBS/008881315,IC,2016-04-19T17:39:00,2016-04-19T17:39:00,147,147
http://irail.be/vehicle/IC938,http://irail.be/stations/NMBS/008881000,IC,2016-04-19T17:45:00,2016-04-19T17:42:00,132,201
http://irail.be/vehicle/IC938,http://irail.be/stations/NMBS/008884566,IC,2016-04-19T17:50:00,2016-04-19T17:50:00,88,72
http://irail.be/vehicle/IC938,http://irail.be/stations/NMBS/008884541,IC,2016-04-19T17:51:00,2016-04-19T17:51:00,81,81
http://irail.be/vehicle/IC938,http://irail.be/stations/NMBS/008884004,IC,2016-04-19T17:54:00,2016-04-19T17:53:00,94,81
http://irail.be/vehicle/IC938,http://irail.be/stations/NMBS/008884632,IC,2016-04-19T17:59:00,2016-04-19T17:59:00,94,94
http://irail.be/vehicle/IC938,http://irail.be/stations/NMBS/008884640,IC,2016-04-19T18:00:00,2016-04-19T18:00:00,94,94
http://irail.be/vehicle/IC938,http://irail.be/stations/NMBS/008884715,IC,2016-04-19T18:01:00,2016-04-19T18:01:00,65,62
http://irail.be/vehicle/IC938,http://irail.be/stations/NMBS/008884855,IC,2016-04-19T18:04:00,2016-04-19T18:04:00,65,65
http://irail.be/vehicle/IC938,http://irail.be/stations/NMBS/008884889,IC,2016-04-19T18:06:00,2016-04-19T18:06:00,65,65
http://irail.be/vehicle/IC938,http://irail.be/stations/NMBS/008885530,IC,2016-04-19T18:08:00,2016-04-19T18:08:00,5,5
http://irail.be/vehicle/IC938,http://irail.be/stations/NMBS/008885522,IC,2016-04-19T18:09:00,2016-04-19T18:09:00,49,38
http://irail.be/vehicle/IC938,http://irail.be/stations/NMBS/008885001,IC,2016-04-19T18:19:00,2016-04-19T18:15:00,328,154
http://irail.be/vehicle/IC938,http://irail.be/stations/NMBS/008885068,IC,2016-04-19T18:23:00,2016-04-19T18:23:00,351,312
http://irail.be/vehicle/IC938,http://irail.be/stations/NMBS/008885753,IC,2016-04-19T18:33:00,2016-04-19T18:33:00,171,171
http://irail.be/vehicle/IC938,http://irail.be/stations/NMBS/008885704,IC,2016-04-19T18:37:00,2016-04-19T18:37:00,0,377
http://irail.be/vehicle/IC938,http://irail.be/stations/NMBS/008863008,IC,2016-02-02T16:38:00,2016-02-02T16:38:00,48,0
http://irail.be/vehicle/IC938,http://irail.be/stations/NMBS/008861119,IC,2016-02-02T16:41:00,2016-02-02T16:41:00,94,94
http://irail.be/vehicle/IC938,http://irail.be/stations/NMBS/008861127,IC,2016-02-02T16:43:00,2016-02-02T16:43:00,44,29
http://irail.be/vehicle/IC938,http://irail.be/stations/NMBS/008861135,IC,2016-02-02T16:46:00,2016-02-02T16:46:00,5,44
http://irail.be/vehicle/IC938,http://irail.be/stations/NMBS/008861143,IC,2016-02-02T16:49:00,2016-02-02T16:49:00,-83,-83
http://irail.be/vehicle/IC938,http://irail.be/stations/NMBS/008861150,IC,2016-02-02T16:51:00,2016-02-02T16:51:00,-83,-83
http://irail.be/vehicle/IC938,NO-URI,IC,2016-02-02T16:51:00,2016-02-02T16:51:00,-55,-56
http://irail.be/vehicle/IC938,http://irail.be/stations/NMBS/008861168,IC,2016-02-02T16:52:00,2016-02-02T16:52:00,-55,-55
http://irail.be/vehicle/IC938,http://irail.be/stations/NMBS/008874724,IC,2016-02-02T16:52:00,2016-02-02T16:52:00,-45,-55
http://irail.be/vehicle/IC938,NO-URI,IC,2016-02-02T16:54:00,2016-02-02T16:54:00,-138,-142
http://irail.be/vehicle/IC938,http://irail.be/stations/NMBS/008874716,IC,2016-02-02T16:55:00,2016-02-02T16:55:00,-76,-76
http://irail.be/vehicle/IC938,http://irail.be/stations/NMBS/008874609,IC,2016-02-02T16:58:00,2016-02-02T16:57:00,29,-16
http://irail.be/vehicle/IC938,http://irail.be/stations/NMBS/008874583,IC,2016-02-02T17:00:00,2016-02-02T17:00:00,29,29
http://irail.be/vehicle/IC938,http://irail.be/stations/NMBS/008874567,IC,2016-02-02T17:01:00,2016-02-02T17:01:00,29,29
http://irail.be/vehicle/IC938,http://irail.be/stations/NMBS/008874559,IC,2016-02-02T17:02:00,2016-02-02T17:02:00,30,30
http://irail.be/vehicle/IC938,http://irail.be/stations/NMBS/008874005,IC,2016-02-02T17:03:00,2016-02-02T17:03:00,49,40
http://irail.be/vehicle/IC938,http://irail.be/stations/NMBS/008874054,IC,2016-02-02T17:06:00,2016-02-02T17:06:00,10,2
http://irail.be/vehicle/IC938,http://irail.be/stations/NMBS/008872009,IC,2016-02-02T17:11:00,2016-02-02T17:08:00,40,68
http://irail.be/vehicle/IC938,http://irail.be/stations/NMBS/008871100,IC,2016-02-02T17:15:00,2016-02-02T17:15:00,38,3
http://irail.be/vehicle/IC938,http://irail.be/stations/NMBS/008871514,IC,2016-02-02T17:19:00,2016-02-02T17:19:00,37,37
http://irail.be/vehicle/IC938,http://irail.be/stations/NMBS/008871415,IC,2016-02-02T17:20:00,2016-02-02T17:20:00,23,21
http://irail.be/vehicle/IC938,http://irail.be/stations/NMBS/008882248,IC,2016-02-02T17:22:00,2016-02-02T17:22:00,23,23
http://irail.be/vehicle/IC938,http://irail.be/stations/NMBS/008882230,IC,2016-02-02T17:23:00,2016-02-02T17:23:00,23,23
http://irail.be/vehicle/IC938,http://irail.be/stations/NMBS/008882206,IC,2016-02-02T17:28:00,2016-02-02T17:27:00,24,-32
http://irail.be/vehicle/IC938,http://irail.be/stations/NMBS/008881463,IC,2016-02-02T17:32:00,2016-02-02T17:32:00,17,17
http://irail.be/vehicle/IC938,http://irail.be/stations/NMBS/008881455,IC,2016-02-02T17:33:00,2016-02-02T17:33:00,17,17
http://irail.be/vehicle/IC938,http://irail.be/stations/NMBS/008881430,IC,2016-02-02T17:35:00,2016-02-02T17:35:00,17,17
http://irail.be/vehicle/IC938,NO-URI,IC,2016-02-02T17:36:00,2016-02-02T17:36:00,3,1
http://irail.be/vehicle/IC938,http://irail.be/stations/NMBS/008881406,IC,2016-02-02T17:37:00,2016-02-02T17:37:00,-57,-57
http://irail.be/vehicle/IC938,http://irail.be/stations/NMBS/008881315,IC,2016-02-02T17:39:00,2016-02-02T17:39:00,-57,-57
http://irail.be/vehicle/IC938,http://irail.be/stations/NMBS/008881000,IC,2016-02-02T17:45:00,2016-02-02T17:42:00,37,16
http://irail.be/vehicle/IC938,http://irail.be/stations/NMBS/008884566,IC,2016-02-02T17:50:00,2016-02-02T17:50:00,-8,-23
http://irail.be/vehicle/IC938,http://irail.be/stations/NMBS/008884541,IC,2016-02-02T17:51:00,2016-02-02T17:51:00,-18,-18
http://irail.be/vehicle/IC938,http://irail.be/stations/NMBS/008884004,IC,2016-02-02T17:54:00,2016-02-02T17:53:00,25,-13
http://irail.be/vehicle/IC938,http://irail.be/stations/NMBS/008884632,IC,2016-02-02T17:59:00,2016-02-02T17:59:00,25,25
http://irail.be/vehicle/IC938,http://irail.be/stations/NMBS/008884640,IC,2016-02-02T18:00:00,2016-02-02T18:00:00,25,25
http://irail.be/vehicle/IC938,http://irail.be/stations/NMBS/008884715,IC,2016-02-02T18:01:00,2016-02-02T18:01:00,9,1
http://irail.be/vehicle/IC938,http://irail.be/stations/NMBS/008884855,IC,2016-02-02T18:04:00,2016-02-02T18:04:00,9,9
http://irail.be/vehicle/IC938,http://irail.be/stations/NMBS/008884889,IC,2016-02-02T18:06:00,2016-02-02T18:06:00,9,9
http://irail.be/vehicle/IC938,http://irail.be/stations/NMBS/008885530,IC,2016-02-02T18:08:00,2016-02-02T18:08:00,-51,-51
http://irail.be/vehicle/IC938,http://irail.be/stations/NMBS/008885522,IC,2016-02-02T18:09:00,2016-02-02T18:09:00,14,-4
http://irail.be/vehicle/IC938,http://irail.be/stations/NMBS/008885001,IC,2016-02-02T18:19:00,2016-02-02T18:15:00,19,-49
http://irail.be/vehicle/IC938,http://irail.be/stations/NMBS/008885068,IC,2016-02-02T18:23:00,2016-02-02T18:23:00,50,-10
http://irail.be/vehicle/IC938,http://irail.be/stations/NMBS/008885753,IC,2016-02-02T18:33:00,2016-02-02T18:33:00,0,-130
http://irail.be/vehicle/IC938,http://irail.be/stations/NMBS/008885704,IC,2016-02-02T18:37:00,2016-02-02T18:37:00,0,26
http://irail.be/vehicle/IC938,http://irail.be/stations/NMBS/008863008,IC,2016-02-03T16:38:00,2016-02-03T16:38:00,24,0
http://irail.be/vehicle/IC938,http://irail.be/stations/NMBS/008861119,IC,2016-02-03T16:41:00,2016-02-03T16:41:00,65,65
http://irail.be/vehicle/IC938,http://irail.be/stations/NMBS/008861127,IC,2016-02-03T16:43:00,2016-02-03T16:43:00,16,-1
http://irail.be/vehicle/IC938,http://irail.be/stations/NMBS/008861135,IC,2016-02-03T16:46:00,2016-02-03T16:46:00,-18,16
http://irail.be/vehicle/IC938,http://irail.be/stations/NMBS/008861143,IC,2016-02-03T16:49:00,2016-02-03T16:49:00,-106,-106
http://irail.be/vehicle/IC938,http://irail.be/stations/NMBS/008861150,IC,2016-02-03T16:51:00,2016-02-03T16:51:00,-106,-106
http://irail.be/vehicle/IC938,NO-URI,IC,2016-02-03T16:51:00,2016-02-03T16:51:00,-79,-81
http://irail.be/vehicle/IC938,http://irail.be/stations/NMBS/008861168,IC,2016-02-03T16:52:00,2016-02-03T16:52:00,-79,-79
http://irail.be/vehicle/IC938,http://irail.be/stations/NMBS/008874724,IC,2016-02-03T16:52:00,2016-02-03T16:52:00,-73,-79
http://irail.be/vehicle/IC938,NO-URI,IC,2016-02-03T16:54:00,2016-02-03T16:54:00,-168,-170
http://irail.be/vehicle/IC938,http://irail.be/stations/NMBS/008874716,IC,2016-02-03T16:55:00,2016-02-03T16:55:00,-90,-90
http://irail.be/vehicle/IC938,http://irail.be/stations/NMBS/008874609,IC,2016-02-03T16:58:00,2016-02-03T16:57:00,73,55
http://irail.be/vehicle/IC938,http://irail.be/stations/NMBS/008874583,IC,2016-02-03T17:00:00,2016-02-03T17:00:00,73,73
http://irail.be/vehicle/IC938,http://irail.be/stations/NMBS/008874567,IC,2016-02-03T17:01:00,2016-02-03T17:01:00,73,73
http://irail.be/vehicle/IC938,http://irail.be/stations/NMBS/008874559,IC,2016-02-03T17:02:00,2016-02-03T17:02:00,50,50
http://irail.be/vehicle/IC938,http://irail.be/stations/NMBS/008874005,IC,2016-02-03T17:03:00,2016-02-03T17:03:00,61,58
http://irail.be/vehicle/IC938,http://irail.be/stations/NMBS/008874054,IC,2016-02-03T17:06:00,2016-02-03T17:06:00,17,10
http://irail.be/vehicle/IC938,http://irail.be/stations/NMBS/008872009,IC,2016-02-03T17:11:00,2016-02-03T17:08:00,20,69
http://irail.be/vehicle/IC938,http://irail.be/stations/NMBS/008871100,IC,2016-02-03T17:15:00,2016-02-03T17:15:00,3,-32
http://irail.be/vehicle/IC938,http://irail.be/stations/NMBS/008871514,IC,2016-02-03T17:19:00,2016-02-03T17:19:00,0,0
http://irail.be/vehicle/IC938,http://irail.be/stations/NMBS/008871415,IC,2016-02-03T17:20:00,2016-02-03T17:20:00,-16,-17
http://irail.be/vehicle/IC938,http://irail.be/stations/NMBS/008882248,IC,2016-02-03T17:22:00,2016-02-03T17:22:00,-16,-16
http://irail.be/vehicle/IC938,http://irail.be/stations/NMBS/008882230,IC,2016-02-03T17:23:00,2016-02-03T17:23:00,-16,-16
http://irail.be/vehicle/IC938,http://irail.be/stations/NMBS/008882206,IC,2016-02-03T17:28:00,2016-02-03T17:27:00,48,-59
http://irail.be/vehicle/IC938,http://irail.be/stations/NMBS/008881463,IC,2016-02-03T17:32:00,2016-02-03T17:32:00,43,43
http://irail.be/vehicle/IC938,http://irail.be/stations/NMBS/008881455,IC,2016-02-03T17:33:00,2016-02-03T17:33:00,43,43
http://irail.be/vehicle/IC938,http://irail.be/stations/NMBS/008881430,IC,2016-02-03T17:35:00,2016-02-03T17:35:00,43,43
http://irail.be/vehicle/IC938,NO-URI,IC,2016-02-03T17:36:00,2016-02-03T17:36:00,34,33
http://irail.be/vehicle/IC938,http://irail.be/stations/NMBS/008881406,IC,2016-02-03T17:37:00,2016-02-03T17:37:00,-26,-26
http://irail.be/vehicle/IC938,http://irail.be/stations/NMBS/008881315,IC,2016-02-03T17:39:00,2016-02-03T17:39:00,-26,-26
http://irail.be/vehicle/IC938,http://irail.be/stations/NMBS/008881000,IC,2016-02-03T17:45:00,2016-02-03T17:42:00,69,26
http://irail.be/vehicle/IC938,http://irail.be/stations/NMBS/008884566,IC,2016-02-03T17:50:00,2016-02-03T17:50:00,27,9
http://irail.be/vehicle/IC938,http://irail.be/stations/NMBS/008884541,IC,2016-02-03T17:51:00,2016-02-03T17:51:00,15,15
http://irail.be/vehicle/IC938,http://irail.be/stations/NMBS/008884004,IC,2016-02-03T17:54:00,2016-02-03T17:53:00,94,4
http://irail.be/vehicle/IC938,http://irail.be/stations/NMBS/008884632,IC,2016-02-03T17:59:00,2016-02-03T17:59:00,94,94
http://irail.be/vehicle/IC938,http://irail.be/stations/NMBS/008884640,IC,2016-02-03T18:00:00,2016-02-03T18:00:00,94,94
http://irail.be/vehicle/IC938,http://irail.be/stations/NMBS/008884715,IC,2016-02-03T18:01:00,2016-02-03T18:01:00,104,93
http://irail.be/vehicle/IC938,http://irail.be/stations/NMBS/008884855,IC,2016-02-03T18:04:00,2016-02-03T18:04:00,104,104
http://irail.be/vehicle/IC938,http://irail.be/stations/NMBS/008884889,IC,2016-02-03T18:06:00,2016-02-03T18:06:00,104,104
http://irail.be/vehicle/IC938,http://irail.be/stations/NMBS/008885530,IC,2016-02-03T18:08:00,2016-02-03T18:08:00,44,44
http://irail.be/vehicle/IC938,http://irail.be/stations/NMBS/008885522,IC,2016-02-03T18:09:00,2016-02-03T18:09:00,114,103
http://irail.be/vehicle/IC938,http://irail.be/stations/NMBS/008885001,IC,2016-02-03T18:19:00,2016-02-03T18:15:00,264,234
http://irail.be/vehicle/IC938,http://irail.be/stations/NMBS/008885068,IC,2016-02-03T18:23:00,2016-02-03T18:23:00,358,306
http://irail.be/vehicle/IC938,http://irail.be/stations/NMBS/008885753,IC,2016-02-03T18:33:00,2016-02-03T18:33:00,178,178
http://irail.be/vehicle/IC938,http://irail.be/stations/NMBS/008885704,IC,2016-02-03T18:37:00,2016-02-03T18:37:00,0,332
http://irail.be/vehicle/IC938,http://irail.be/stations/NMBS/008863008,IC,2016-07-19T16:38:00,2016-07-19T16:38:00,31,
http://irail.be/vehicle/IC938,http://irail.be/stations/NMBS/008861119,IC,2016-07-19T16:41:00,2016-07-19T16:41:00,60,60
http://irail.be/vehicle/IC938,http://irail.be/stations/NMBS/008861127,IC,2016-07-19T16:43:00,2016-07-19T16:43:00,11,11
http://irail.be/vehicle/IC938,http://irail.be/stations/NMBS/008861135,IC,2016-07-19T16:46:00,2016-07-19T16:46:00,-24,-24
http://irail.be/vehicle/IC938,http://irail.be/stations/NMBS/008861143,IC,2016-07-19T16:49:00,2016-07-19T16:49:00,-112,-112
http://irail.be/vehicle/IC938,http://irail.be/stations/NMBS/008861150,IC,2016-07-19T16:51:00,2016-07-19T16:51:00,-112,-112
http://irail.be/vehicle/IC938,NO-URI,IC,2016-07-19T16:51:00,2016-07-19T16:51:00,-76,-76
http://irail.be/vehicle/IC938,http://irail.be/stations/NMBS/008861168,IC,2016-07-19T16:52:00,2016-07-19T16:52:00,-76,-76
http://irail.be/vehicle/IC938,http://irail.be/stations/NMBS/008874724,IC,2016-07-19T16:52:00,2016-07-19T16:52:00,-68,-68
http://irail.be/vehicle/IC938,NO-URI,IC,2016-07-19T16:54:00,2016-07-19T16:54:00,-161,-161
http://irail.be/vehicle/IC938,http://irail.be/stations/NMBS/008874716,IC,2016-07-19T16:55:00,2016-07-19T16:55:00,-147,-147
http://irail.be/vehicle/IC938,http://irail.be/stations/NMBS/008874609,IC,2016-07-19T16:58:00,2016-07-19T16:57:00,13,-113
http://irail.be/vehicle/IC938,http://irail.be/stations/NMBS/008874583,IC,2016-07-19T17:00:00,2016-07-19T17:00:00,13,13
http://irail.be/vehicle/IC938,http://irail.be/stations/NMBS/008874567,IC,2016-07-19T17:01:00,2016-07-19T17:01:00,13,13
http://irail.be/vehicle/IC938,http://irail.be/stations/NMBS/008874559,IC,2016-07-19T17:02:00,2016-07-19T17:02:00,5,5
http://irail.be/vehicle/IC938,NO-URI,IC,2016-07-19T17:03:00,2016-07-19T17:03:00,5,5
http://irail.be/vehicle/IC938,http://irail.be/stations/NMBS/008874005,IC,2016-07-19T17:03:00,2016-07-19T17:03:00,31,31
http://irail.be/vehicle/IC938,http://irail.be/stations/NMBS/008874054,IC,2016-07-19T17:06:00,2016-07-19T17:06:00,-5,-5
http://irail.be/vehicle/IC938,http://irail.be/stations/NMBS/008872009,IC,2016-07-19T17:11:00,2016-07-19T17:08:00,20,44
http://irail.be/vehicle/IC938,http://irail.be/stations/NMBS/008871100,IC,2016-07-19T17:15:00,2016-07-19T17:15:00,12,12
http://irail.be/vehicle/IC938,http://irail.be/stations/NMBS/008871514,IC,2016-07-19T17:19:00,2016-07-19T17:19:00,10,10
http://irail.be/vehicle/IC938,http://irail.be/stations/NMBS/008871415,IC,2016-07-19T17:20:00,2016-07-19T17:20:00,-14,-14
http://irail.be/vehicle/IC938,http://irail.be/stations/NMBS/008882248,IC,2016-07-19T17:22:00,2016-07-19T17:22:00,-14,-14
http://irail.be/vehicle/IC938,http://irail.be/stations/NMBS/008882230,IC,2016-07-19T17:23:00,2016-07-19T17:23:00,-14,-14
http://irail.be/vehicle/IC938,http://irail.be/stations/NMBS/008882206,IC,2016-07-19T17:28:00,2016-07-19T17:27:00,151,104
http://irail.be/vehicle/IC938,http://irail.be/stations/NMBS/008881463,IC,2016-07-19T17:32:00,2016-07-19T17:32:00,153,153
http://irail.be/vehicle/IC938,http://irail.be/stations/NMBS/008881455,IC,2016-07-19T17:33:00,2016-07-19T17:33:00,153,153
http://irail.be/vehicle/IC938,http://irail.be/stations/NMBS/008881430,IC,2016-07-19T17:35:00,2016-07-19T17:35:00,153,153
http://irail.be/vehicle/IC938,NO-URI,IC,2016-07-19T17:36:00,2016-07-19T17:36:00,140,140
http://irail.be/vehicle/IC938,http://irail.be/stations/NMBS/008881406,IC,2016-07-19T17:37:00,2016-07-19T17:37:00,80,80
http://irail.be/vehicle/IC938,http://irail.be/stations/NMBS/008881315,IC,2016-07-19T17:39:00,2016-07-19T17:39:00,80,80
http://irail.be/vehicle/IC938,http://irail.be/stations/NMBS/008881000,IC,2016-07-19T17:45:00,2016-07-19T17:42:00,85,153
http://irail.be/vehicle/IC938,http://irail.be/stations/NMBS/008884566,IC,2016-07-19T17:50:00,2016-07-19T17:50:00,63,63
http://irail.be/vehicle/IC938,http://irail.be/stations/NMBS/008884541,IC,2016-07-19T17:51:00,2016-07-19T17:51:00,63,63
http://irail.be/vehicle/IC938,http://irail.be/stations/NMBS/008884004,IC,2016-07-19T17:54:00,2016-07-19T17:53:00,100,86
http://irail.be/vehicle/IC938,http://irail.be/stations/NMBS/008884632,IC,2016-07-19T17:59:00,2016-07-19T17:59:00,100,100
http://irail.be/vehicle/IC938,http://irail.be/stations/NMBS/008884640,IC,2016-07-19T18:00:00,2016-07-19T18:00:00,100,100
http://irail.be/vehicle/IC938,http://irail.be/stations/NMBS/008884715,IC,2016-07-19T18:01:00,2016-07-19T18:01:00,75,75
http://irail.be/vehicle/IC938,http://irail.be/stations/NMBS/008884855,IC,2016-07-19T18:04:00,2016-07-19T18:04:00,75,75
http://irail.be/vehicle/IC938,http://irail.be/stations/NMBS/008884889,IC,2016-07-19T18:06:00,2016-07-19T18:06:00,75,75
http://irail.be/vehicle/IC938,http://irail.be/stations/NMBS/008885530,IC,2016-07-19T18:08:00,2016-07-19T18:08:00,15,15
http://irail.be/vehicle/IC938,http://irail.be/stations/NMBS/008885522,IC,2016-07-19T18:09:00,2016-07-19T18:09:00,75,75
http://irail.be/vehicle/IC938,http://irail.be/stations/NMBS/008885001,IC,2016-07-19T18:19:00,2016-07-19T18:15:00,386,65
http://irail.be/vehicle/IC938,http://irail.be/stations/NMBS/008885068,IC,2016-07-19T18:23:00,2016-07-19T18:23:00,396,333
http://irail.be/vehicle/IC938,http://irail.be/stations/NMBS/008885753,IC,2016-07-19T18:33:00,2016-07-19T18:33:00,216,216
http://irail.be/vehicle/IC938,http://irail.be/stations/NMBS/008885704,IC,2016-07-19T18:37:00,2016-07-19T18:37:00,,289
http://irail.be/vehicle/IC938,http://irail.be/stations/NMBS/008863008,IC,2016-11-04T16:38:00,2016-11-04T16:38:00,19,
http://irail.be/vehicle/IC938,http://irail.be/stations/NMBS/008861119,IC,2016-11-04T16:41:00,2016-11-04T16:41:00,55,55
http://irail.be/vehicle/IC938,http://irail.be/stations/NMBS/008861127,IC,2016-11-04T16:43:00,2016-11-04T16:43:00,2,2
http://irail.be/vehicle/IC938,http://irail.be/stations/NMBS/008861135,IC,2016-11-04T16:46:00,2016-11-04T16:46:00,-36,-36
http://irail.be/vehicle/IC938,http://irail.be/stations/NMBS/008861143,IC,2016-11-04T16:49:00,2016-11-04T16:49:00,-125,-125
http://irail.be/vehicle/IC938,http://irail.be/stations/NMBS/008861150,IC,2016-11-04T16:51:00,2016-11-04T16:51:00,-125,-125
http://irail.be/vehicle/IC938,NO-URI,IC,2016-11-04T16:51:00,2016-11-04T16:51:00,-93,-93
http://irail.be/vehicle/IC938,http://irail.be/stations/NMBS/008861168,IC,2016-11-04T16:52:00,2016-11-04T16:52:00,-93,-93
http://irail.be/vehicle/IC938,http://irail.be/stations/NMBS/008874724,IC,2016-11-04T16:52:00,2016-11-04T16:52:00,-83,-83
http://irail.be/vehicle/IC938,NO-URI,IC,2016-11-04T16:54:00,2016-11-04T16:54:00,-173,-173
http://irail.be/vehicle/IC938,http://irail.be/stations/NMBS/008874716,IC,2016-11-04T16:55:00,2016-11-04T16:55:00,-85,-85
http://irail.be/vehicle/IC938,http://irail.be/stations/NMBS/008874609,IC,2016-11-04T16:58:00,2016-11-04T16:57:00,29,-29
http://irail.be/vehicle/IC938,http://irail.be/stations/NMBS/008874583,IC,2016-11-04T17:00:00,2016-11-04T17:00:00,29,29
http://irail.be/vehicle/IC938,http://irail.be/stations/NMBS/008874567,IC,2016-11-04T17:01:00,2016-11-04T17:01:00,29,29
http://irail.be/vehicle/IC938,http://irail.be/stations/NMBS/008874559,IC,2016-11-04T17:02:00,2016-11-04T17:02:00,9,9
http://irail.be/vehicle/IC938,NO-URI,IC,2016-11-04T17:03:00,2016-11-04T17:03:00,9,9
http://irail.be/vehicle/IC938,http://irail.be/stations/NMBS/008874005,IC,2016-11-04T17:03:00,2016-11-04T17:03:00,25,25
http://irail.be/vehicle/IC938,http://irail.be/stations/NMBS/008874054,IC,2016-11-04T17:06:00,2016-11-04T17:06:00,-17,-17
http://irail.be/vehicle/IC938,http://irail.be/stations/NMBS/008872009,IC,2016-11-04T17:11:00,2016-11-04T17:08:00,16,53
http://irail.be/vehicle/IC938,http://irail.be/stations/NMBS/008871100,IC,2016-11-04T17:15:00,2016-11-04T17:15:00,79,79
http://irail.be/vehicle/IC938,http://irail.be/stations/NMBS/008871514,IC,2016-11-04T17:19:00,2016-11-04T17:19:00,81,81
http://irail.be/vehicle/IC938,http://irail.be/stations/NMBS/008871415,IC,2016-11-04T17:20:00,2016-11-04T17:20:00,72,72
http://irail.be/vehicle/IC938,http://irail.be/stations/NMBS/008882248,IC,2016-11-04T17:22:00,2016-11-04T17:22:00,72,72
http://irail.be/vehicle/IC938,http://irail.be/stations/NMBS/008882230,IC,2016-11-04T17:23:00,2016-11-04T17:23:00,72,72
http://irail.be/vehicle/IC938,http://irail.be/stations/NMBS/008882206,IC,2016-11-04T17:28:00,2016-11-04T17:27:00,114,52
http://irail.be/vehicle/IC938,http://irail.be/stations/NMBS/008881463,IC,2016-11-04T17:32:00,2016-11-04T17:32:00,126,126
http://irail.be/vehicle/IC938,http://irail.be/stations/NMBS/008881455,IC,2016-11-04T17:33:00,2016-11-04T17:33:00,126,126
http://irail.be/vehicle/IC938,http://irail.be/stations/NMBS/008881430,IC,2016-11-04T17:35:00,2016-11-04T17:35:00,126,126
http://irail.be/vehicle/IC938,NO-URI,IC,2016-11-04T17:36:00,2016-11-04T17:36:00,114,114
http://irail.be/vehicle/IC938,http://irail.be/stations/NMBS/008881406,IC,2016-11-04T17:37:00,2016-11-04T17:37:00,54,54
http://irail.be/vehicle/IC938,http://irail.be/stations/NMBS/008881315,IC,2016-11-04T17:39:00,2016-11-04T17:39:00,54,54
http://irail.be/vehicle/IC938,http://irail.be/stations/NMBS/008881000,IC,2016-11-04T17:45:00,2016-11-04T17:42:00,140,216
http://irail.be/vehicle/IC938,http://irail.be/stations/NMBS/008884566,IC,2016-11-04T17:50:00,2016-11-04T17:50:00,114,114
http://irail.be/vehicle/IC938,http://irail.be/stations/NMBS/008884541,IC,2016-11-04T17:51:00,2016-11-04T17:51:00,107,107
http://irail.be/vehicle/IC938,http://irail.be/stations/NMBS/008884004,IC,2016-11-04T17:54:00,2016-11-04T17:53:00,177,124
http://irail.be/vehicle/IC938,http://irail.be/stations/NMBS/008884632,IC,2016-11-04T17:59:00,2016-11-04T17:59:00,177,177
http://irail.be/vehicle/IC938,http://irail.be/stations/NMBS/008884640,IC,2016-11-04T18:00:00,2016-11-04T18:00:00,177,177
http://irail.be/vehicle/IC938,http://irail.be/stations/NMBS/008884715,IC,2016-11-04T18:01:00,2016-11-04T18:01:00,216,216
http://irail.be/vehicle/IC938,http://irail.be/stations/NMBS/008884855,IC,2016-11-04T18:04:00,2016-11-04T18:04:00,216,216
http://irail.be/vehicle/IC938,http://irail.be/stations/NMBS/008884889,IC,2016-11-04T18:06:00,2016-11-04T18:06:00,216,216
http://irail.be/vehicle/IC938,http://irail.be/stations/NMBS/008885530,IC,2016-11-04T18:08:00,2016-11-04T18:08:00,156,156
http://irail.be/vehicle/IC938,http://irail.be/stations/NMBS/008885522,IC,2016-11-04T18:09:00,2016-11-04T18:09:00,494,494
http://irail.be/vehicle/IC938,http://irail.be/stations/NMBS/008885001,IC,2016-11-04T18:19:00,2016-11-04T18:15:00,471,561
http://irail.be/vehicle/IC938,http://irail.be/stations/NMBS/008885068,IC,2016-11-04T18:23:00,2016-11-04T18:23:00,509,465
http://irail.be/vehicle/IC938,http://irail.be/stations/NMBS/008885753,IC,2016-11-04T18:33:00,2016-11-04T18:33:00,329,329
http://irail.be/vehicle/IC938,http://irail.be/stations/NMBS/008885704,IC,2016-11-04T18:37:00,2016-11-04T18:37:00,,514
http://irail.be/vehicle/IC938,http://irail.be/stations/NMBS/008863008,IC,2016-10-11T16:38:00,2016-10-11T16:38:00,20,
http://irail.be/vehicle/IC938,http://irail.be/stations/NMBS/008861119,IC,2016-10-11T16:41:00,2016-10-11T16:41:00,66,66
http://irail.be/vehicle/IC938,http://irail.be/stations/NMBS/008861127,IC,2016-10-11T16:43:00,2016-10-11T16:43:00,28,28
http://irail.be/vehicle/IC938,http://irail.be/stations/NMBS/008861135,IC,2016-10-11T16:46:00,2016-10-11T16:46:00,21,21
http://irail.be/vehicle/IC938,http://irail.be/stations/NMBS/008861143,IC,2016-10-11T16:49:00,2016-10-11T16:49:00,-63,-63
http://irail.be/vehicle/IC938,http://irail.be/stations/NMBS/008861150,IC,2016-10-11T16:51:00,2016-10-11T16:51:00,-63,-63
http://irail.be/vehicle/IC938,NO-URI,IC,2016-10-11T16:51:00,2016-10-11T16:51:00,-5,-5
http://irail.be/vehicle/IC938,http://irail.be/stations/NMBS/008861168,IC,2016-10-11T16:52:00,2016-10-11T16:52:00,-5,-5
http://irail.be/vehicle/IC938,http://irail.be/stations/NMBS/008874724,IC,2016-10-11T16:52:00,2016-10-11T16:52:00,9,9
http://irail.be/vehicle/IC938,NO-URI,IC,2016-10-11T16:54:00,2016-10-11T16:54:00,-81,-81
http://irail.be/vehicle/IC938,http://irail.be/stations/NMBS/008874716,IC,2016-10-11T16:55:00,2016-10-11T16:55:00,-57,-57
http://irail.be/vehicle/IC938,http://irail.be/stations/NMBS/008874609,IC,2016-10-11T16:58:00,2016-10-11T16:57:00,4,-38
http://irail.be/vehicle/IC938,http://irail.be/stations/NMBS/008874583,IC,2016-10-11T17:00:00,2016-10-11T17:00:00,4,4
http://irail.be/vehicle/IC938,http://irail.be/stations/NMBS/008874567,IC,2016-10-11T17:01:00,2016-10-11T17:01:00,4,4
http://irail.be/vehicle/IC938,http://irail.be/stations/NMBS/008874559,IC,2016-10-11T17:02:00,2016-10-11T17:02:00,-27,-27
http://irail.be/vehicle/IC938,NO-URI,IC,2016-10-11T17:03:00,2016-10-11T17:03:00,-27,-27
http://irail.be/vehicle/IC938,http://irail.be/stations/NMBS/008874005,IC,2016-10-11T17:03:00,2016-10-11T17:03:00,-17,-17
http://irail.be/vehicle/IC938,http://irail.be/stations/NMBS/008874054,IC,2016-10-11T17:06:00,2016-10-11T17:06:00,-64,-64
http://irail.be/vehicle/IC938,http://irail.be/stations/NMBS/008872009,IC,2016-10-11T17:11:00,2016-10-11T17:08:00,920,-23
http://irail.be/vehicle/IC938,http://irail.be/stations/NMBS/008871100,IC,2016-10-11T17:15:00,2016-10-11T17:15:00,941,941
http://irail.be/vehicle/IC938,http://irail.be/stations/NMBS/008871514,IC,2016-10-11T17:19:00,2016-10-11T17:19:00,1005,1005
http://irail.be/vehicle/IC938,http://irail.be/stations/NMBS/008871415,IC,2016-10-11T17:20:00,2016-10-11T17:20:00,1006,1006
http://irail.be/vehicle/IC938,http://irail.be/stations/NMBS/008882248,IC,2016-10-11T17:22:00,2016-10-11T17:22:00,1006,1006
http://irail.be/vehicle/IC938,http://irail.be/stations/NMBS/008882230,IC,2016-10-11T17:23:00,2016-10-11T17:23:00,1006,1006
http://irail.be/vehicle/IC938,http://irail.be/stations/NMBS/008882206,IC,2016-10-11T17:28:00,2016-10-11T17:27:00,967,963
http://irail.be/vehicle/IC938,http://irail.be/stations/NMBS/008881463,IC,2016-10-11T17:32:00,2016-10-11T17:32:00,948,948
http://irail.be/vehicle/IC938,http://irail.be/stations/NMBS/008881455,IC,2016-10-11T17:33:00,2016-10-11T17:33:00,948,948
http://irail.be/vehicle/IC938,http://irail.be/stations/NMBS/008881430,IC,2016-10-11T17:35:00,2016-10-11T17:35:00,948,948
http://irail.be/vehicle/IC938,NO-URI,IC,2016-10-11T17:36:00,2016-10-11T17:36:00,930,930
http://irail.be/vehicle/IC938,http://irail.be/stations/NMBS/008881406,IC,2016-10-11T17:37:00,2016-10-11T17:37:00,870,870
http://irail.be/vehicle/IC938,http://irail.be/stations/NMBS/008881315,IC,2016-10-11T17:39:00,2016-10-11T17:39:00,870,870
http://irail.be/vehicle/IC938,http://irail.be/stations/NMBS/008881000,IC,2016-10-11T17:45:00,2016-10-11T17:42:00,883,986
http://irail.be/vehicle/IC938,http://irail.be/stations/NMBS/008884566,IC,2016-10-11T17:50:00,2016-10-11T17:50:00,856,856
http://irail.be/vehicle/IC938,http://irail.be/stations/NMBS/008884541,IC,2016-10-11T17:51:00,2016-10-11T17:51:00,928,928
http://irail.be/vehicle/IC938,http://irail.be/stations/NMBS/008884004,IC,2016-10-11T17:54:00,2016-10-11T17:53:00,1135,1123
http://irail.be/vehicle/IC938,http://irail.be/stations/NMBS/008884632,IC,2016-10-11T17:59:00,2016-10-11T17:59:00,1135,1135
http://irail.be/vehicle/IC938,http://irail.be/stations/NMBS/008884640,IC,2016-10-11T18:00:00,2016-10-11T18:00:00,1135,1135
http://irail.be/vehicle/IC938,http://irail.be/stations/NMBS/008884715,IC,2016-10-11T18:01:00,2016-10-11T18:01:00,1114,1114
http://irail.be/vehicle/IC938,http://irail.be/stations/NMBS/008884855,IC,2016-10-11T18:04:00,2016-10-11T18:04:00,1114,1114
http://irail.be/vehicle/IC938,http://irail.be/stations/NMBS/008884889,IC,2016-10-11T18:06:00,2016-10-11T18:06:00,1114,1114
http://irail.be/vehicle/IC938,http://irail.be/stations/NMBS/008885530,IC,2016-10-11T18:08:00,2016-10-11T18:08:00,1054,1054
http://irail.be/vehicle/IC938,http://irail.be/stations/NMBS/008885522,IC,2016-10-11T18:09:00,2016-10-11T18:09:00,1101,1101
http://irail.be/vehicle/IC938,http://irail.be/stations/NMBS/008885001,IC,2016-10-11T18:19:00,2016-10-11T18:15:00,999,1091
http://irail.be/vehicle/IC938,http://irail.be/stations/NMBS/008885068,IC,2016-10-11T18:23:00,2016-10-11T18:23:00,988,948
http://irail.be/vehicle/IC938,http://irail.be/stations/NMBS/008885753,IC,2016-10-11T18:33:00,2016-10-11T18:33:00,808,808
http://irail.be/vehicle/IC938,http://irail.be/stations/NMBS/008885704,IC,2016-10-11T18:37:00,2016-10-11T18:37:00,,1065
http://irail.be/vehicle/IC938,http://irail.be/stations/NMBS/008863008,IC,2016-09-27T16:38:00,2016-09-27T16:38:00,147,
http://irail.be/vehicle/IC938,http://irail.be/stations/NMBS/008861119,IC,2016-09-27T16:41:00,2016-09-27T16:41:00,171,171
http://irail.be/vehicle/IC938,NO-URI,IC,2016-09-27T16:41:00,2016-09-27T16:41:00,171,171
http://irail.be/vehicle/IC938,http://irail.be/stations/NMBS/008861127,IC,2016-09-27T16:43:00,2016-09-27T16:43:00,191,191
http://irail.be/vehicle/IC938,http://irail.be/stations/NMBS/008861135,IC,2016-09-27T16:46:00,2016-09-27T16:46:00,178,178
http://irail.be/vehicle/IC938,http://irail.be/stations/NMBS/008861143,IC,2016-09-27T16:49:00,2016-09-27T16:49:00,88,88
http://irail.be/vehicle/IC938,http://irail.be/stations/NMBS/008861150,IC,2016-09-27T16:51:00,2016-09-27T16:51:00,88,88
http://irail.be/vehicle/IC938,NO-URI,IC,2016-09-27T16:51:00,2016-09-27T16:51:00,121,121
http://irail.be/vehicle/IC938,http://irail.be/stations/NMBS/008861168,IC,2016-09-27T16:52:00,2016-09-27T16:52:00,121,121
http://irail.be/vehicle/IC938,http://irail.be/stations/NMBS/008874724,IC,2016-09-27T16:52:00,2016-09-27T16:52:00,128,128
http://irail.be/vehicle/IC938,NO-URI,IC,2016-09-27T16:54:00,2016-09-27T16:54:00,33,33
http://irail.be/vehicle/IC938,http://irail.be/stations/NMBS/008874716,IC,2016-09-27T16:55:00,2016-09-27T16:55:00,43,43
http://irail.be/vehicle/IC938,http://irail.be/stations/NMBS/008874609,IC,2016-09-27T16:58:00,2016-09-27T16:57:00,50,49
http://irail.be/vehicle/IC938,http://irail.be/stations/NMBS/008874583,IC,2016-09-27T16:59:00,2016-09-27T16:59:00,-10,-10
http://irail.be/vehicle/IC938,http://irail.be/stations/NMBS/008874567,IC,2016-09-27T17:01:00,2016-09-27T17:01:00,50,50
http://irail.be/vehicle/IC938,http://irail.be/stations/NMBS/008874559,IC,2016-09-27T17:02:00,2016-09-27T17:02:00,17,17
http://irail.be/vehicle/IC938,NO-URI,IC,2016-09-27T17:03:00,2016-09-27T17:03:00,17,17
http://irail.be/vehicle/IC938,http://irail.be/stations/NMBS/008874005,IC,2016-09-27T17:03:00,2016-09-27T17:03:00,27,27
http://irail.be/vehicle/IC938,http://irail.be/stations/NMBS/008874054,IC,2016-09-27T17:06:00,2016-09-27T17:06:00,-21,-21
http://irail.be/vehicle/IC938,http://irail.be/stations/NMBS/008872009,IC,2016-09-27T17:11:00,2016-09-27T17:08:00,15,49
http://irail.be/vehicle/IC938,http://irail.be/stations/NMBS/008871100,IC,2016-09-27T17:15:00,2016-09-27T17:15:00,223,223
http://irail.be/vehicle/IC938,http://irail.be/stations/NMBS/008871514,IC,2016-09-27T17:18:00,2016-09-27T17:18:00,180,180
http://irail.be/vehicle/IC938,http://irail.be/stations/NMBS/008871415,IC,2016-09-27T17:20:00,2016-09-27T17:20:00,236,236
http://irail.be/vehicle/IC938,http://irail.be/stations/NMBS/008882248,IC,2016-09-27T17:21:00,2016-09-27T17:21:00,176,176
http://irail.be/vehicle/IC938,http://irail.be/stations/NMBS/008882230,IC,2016-09-27T17:22:00,2016-09-27T17:22:00,176,176
http://irail.be/vehicle/IC938,http://irail.be/stations/NMBS/008882206,IC,2016-09-27T17:28:00,2016-09-27T17:27:00,193,167
http://irail.be/vehicle/IC938,http://irail.be/stations/NMBS/008881463,IC,2016-09-27T17:32:00,2016-09-27T17:32:00,172,172
http://irail.be/vehicle/IC938,http://irail.be/stations/NMBS/008881455,IC,2016-09-27T17:33:00,2016-09-27T17:33:00,172,172
http://irail.be/vehicle/IC938,http://irail.be/stations/NMBS/008881430,IC,2016-09-27T17:34:00,2016-09-27T17:34:00,112,112
http://irail.be/vehicle/IC938,NO-URI,IC,2016-09-27T17:36:00,2016-09-27T17:36:00,158,158
http://irail.be/vehicle/IC938,http://irail.be/stations/NMBS/008881406,IC,2016-09-27T17:37:00,2016-09-27T17:37:00,98,98
http://irail.be/vehicle/IC938,http://irail.be/stations/NMBS/008881315,IC,2016-09-27T17:40:00,2016-09-27T17:40:00,158,158
http://irail.be/vehicle/IC938,http://irail.be/stations/NMBS/008881000,IC,2016-09-27T17:45:00,2016-09-27T17:42:00,72,138
http://irail.be/vehicle/IC938,http://irail.be/stations/NMBS/008884566,IC,2016-09-27T17:50:00,2016-09-27T17:50:00,63,63
http://irail.be/vehicle/IC938,http://irail.be/stations/NMBS/008884541,IC,2016-09-27T17:51:00,2016-09-27T17:51:00,80,80
http://irail.be/vehicle/IC938,http://irail.be/stations/NMBS/008884004,IC,2016-09-27T17:54:00,2016-09-27T17:53:00,127,92
http://irail.be/vehicle/IC938,http://irail.be/stations/NMBS/008884632,IC,2016-09-27T17:58:00,2016-09-27T17:58:00,67,67
http://irail.be/vehicle/IC938,http://irail.be/stations/NMBS/008884640,IC,2016-09-27T17:59:00,2016-09-27T17:59:00,67,67
http://irail.be/vehicle/IC938,http://irail.be/stations/NMBS/008884715,IC,2016-09-27T18:01:00,2016-09-27T18:01:00,109,109
http://irail.be/vehicle/IC938,http://irail.be/stations/NMBS/008884855,IC,2016-09-27T18:03:00,2016-09-27T18:03:00,49,49
http://irail.be/vehicle/IC938,http://irail.be/stations/NMBS/008884889,IC,2016-09-27T18:06:00,2016-09-27T18:06:00,109,109
http://irail.be/vehicle/IC938,http://irail.be/stations/NMBS/008885530,IC,2016-09-27T18:08:00,2016-09-27T18:08:00,49,49
http://irail.be/vehicle/IC938,http://irail.be/stations/NMBS/008885522,IC,2016-09-27T18:09:00,2016-09-27T18:09:00,90,90
http://irail.be/vehicle/IC938,http://irail.be/stations/NMBS/008885001,IC,2016-09-27T18:19:00,2016-09-27T18:15:00,43,66
http://irail.be/vehicle/IC938,http://irail.be/stations/NMBS/008885068,IC,2016-09-27T18:23:00,2016-09-27T18:23:00,85,43
http://irail.be/vehicle/IC938,http://irail.be/stations/NMBS/008885753,IC,2016-09-27T18:33:00,2016-09-27T18:33:00,0,-95
http://irail.be/vehicle/IC938,http://irail.be/stations/NMBS/008885704,IC,2016-09-27T18:37:00,2016-09-27T18:37:00,,206
http://irail.be/vehicle/IC938,http://irail.be/stations/NMBS/008863008,IC,2016-01-05T16:38:00,2016-01-05T16:38:00,100,0
http://irail.be/vehicle/IC938,http://irail.be/stations/NMBS/008861119,IC,2016-01-05T16:41:00,2016-01-05T16:41:00,133,133
http://irail.be/vehicle/IC938,http://irail.be/stations/NMBS/008861127,IC,2016-01-05T16:43:00,2016-01-05T16:43:00,82,67
http://irail.be/vehicle/IC938,http://irail.be/stations/NMBS/008861135,IC,2016-01-05T16:46:00,2016-01-05T16:46:00,49,82
http://irail.be/vehicle/IC938,http://irail.be/stations/NMBS/008861143,IC,2016-01-05T16:49:00,2016-01-05T16:49:00,-41,-41
http://irail.be/vehicle/IC938,http://irail.be/stations/NMBS/008861150,IC,2016-01-05T16:51:00,2016-01-05T16:51:00,-41,-41
http://irail.be/vehicle/IC938,NO-URI,IC,2016-01-05T16:51:00,2016-01-05T16:51:00,-14,-17
http://irail.be/vehicle/IC938,http://irail.be/stations/NMBS/008861168,IC,2016-01-05T16:52:00,2016-01-05T16:52:00,-14,-14
http://irail.be/vehicle/IC938,http://irail.be/stations/NMBS/008874724,IC,2016-01-05T16:52:00,2016-01-05T16:52:00,-9,-14
http://irail.be/vehicle/IC938,NO-URI,IC,2016-01-05T16:54:00,2016-01-05T16:54:00,-104,-106
http://irail.be/vehicle/IC938,http://irail.be/stations/NMBS/008874716,IC,2016-01-05T16:55:00,2016-01-05T16:55:00,-92,-92
http://irail.be/vehicle/IC938,http://irail.be/stations/NMBS/008874609,IC,2016-01-05T16:58:00,2016-01-05T16:57:00,34,19
http://irail.be/vehicle/IC938,http://irail.be/stations/NMBS/008874583,IC,2016-01-05T17:00:00,2016-01-05T17:00:00,34,34
http://irail.be/vehicle/IC938,http://irail.be/stations/NMBS/008874567,IC,2016-01-05T17:01:00,2016-01-05T17:01:00,34,34
http://irail.be/vehicle/IC938,http://irail.be/stations/NMBS/008874559,IC,2016-01-05T17:02:00,2016-01-05T17:02:00,31,31
http://irail.be/vehicle/IC938,http://irail.be/stations/NMBS/008874005,IC,2016-01-05T17:03:00,2016-01-05T17:03:00,58,44
http://irail.be/vehicle/IC938,http://irail.be/stations/NMBS/008874054,IC,2016-01-05T17:06:00,2016-01-05T17:06:00,39,26
http://irail.be/vehicle/IC938,http://irail.be/stations/NMBS/008872009,IC,2016-01-05T17:11:00,2016-01-05T17:08:00,40,99
http://irail.be/vehicle/IC938,http://irail.be/stations/NMBS/008871100,IC,2016-01-05T17:15:00,2016-01-05T17:15:00,25,-9
http://irail.be/vehicle/IC938,http://irail.be/stations/NMBS/008871514,IC,2016-01-05T17:19:00,2016-01-05T17:19:00,20,20
http://irail.be/vehicle/IC938,http://irail.be/stations/NMBS/008871415,IC,2016-01-05T17:20:00,2016-01-05T17:20:00,14,17
http://irail.be/vehicle/IC938,http://irail.be/stations/NMBS/008882248,IC,2016-01-05T17:22:00,2016-01-05T17:22:00,14,14
http://irail.be/vehicle/IC938,http://irail.be/stations/NMBS/008882230,IC,2016-01-05T17:23:00,2016-01-05T17:23:00,14,14
http://irail.be/vehicle/IC938,http://irail.be/stations/NMBS/008882206,IC,2016-01-05T17:28:00,2016-01-05T17:27:00,11,-27
http://irail.be/vehicle/IC938,http://irail.be/stations/NMBS/008881463,IC,2016-01-05T17:32:00,2016-01-05T17:32:00,13,13
http://irail.be/vehicle/IC938,http://irail.be/stations/NMBS/008881455,IC,2016-01-05T17:33:00,2016-01-05T17:33:00,13,13
http://irail.be/vehicle/IC938,http://irail.be/stations/NMBS/008881430,IC,2016-01-05T17:35:00,2016-01-05T17:35:00,13,13
http://irail.be/vehicle/IC938,NO-URI,IC,2016-01-05T17:36:00,2016-01-05T17:36:00,-1,-3
http://irail.be/vehicle/IC938,http://irail.be/stations/NMBS/008881406,IC,2016-01-05T17:37:00,2016-01-05T17:37:00,-1,-1
http://irail.be/vehicle/IC938,http://irail.be/stations/NMBS/008881315,IC,2016-01-05T17:39:00,2016-01-05T17:39:00,-1,-1
http://irail.be/vehicle/IC938,http://irail.be/stations/NMBS/008881000,IC,2016-01-05T17:45:00,2016-01-05T17:42:00,42,49
http://irail.be/vehicle/IC938,http://irail.be/stations/NMBS/008884566,IC,2016-01-05T17:50:00,2016-01-05T17:50:00,-20,-18
http://irail.be/vehicle/IC938,http://irail.be/stations/NMBS/008884541,IC,2016-01-05T17:51:00,2016-01-05T17:51:00,-29,-29
http://irail.be/vehicle/IC938,http://irail.be/stations/NMBS/008884004,IC,2016-01-05T17:54:00,2016-01-05T17:53:00,22,-20
http://irail.be/vehicle/IC938,http://irail.be/stations/NMBS/008884632,IC,2016-01-05T17:59:00,2016-01-05T17:59:00,22,22
http://irail.be/vehicle/IC938,http://irail.be/stations/NMBS/008884640,IC,2016-01-05T18:00:00,2016-01-05T18:00:00,22,22
http://irail.be/vehicle/IC938,http://irail.be/stations/NMBS/008884715,IC,2016-01-05T18:01:00,2016-01-05T18:01:00,-16,-22
http://irail.be/vehicle/IC938,http://irail.be/stations/NMBS/008884855,IC,2016-01-05T18:04:00,2016-01-05T18:04:00,-16,-16
http://irail.be/vehicle/IC938,http://irail.be/stations/NMBS/008884889,IC,2016-01-05T18:06:00,2016-01-05T18:06:00,-16,-16
http://irail.be/vehicle/IC938,http://irail.be/stations/NMBS/008885530,IC,2016-01-05T18:08:00,2016-01-05T18:08:00,-16,-16
http://irail.be/vehicle/IC938,http://irail.be/stations/NMBS/008885522,IC,2016-01-05T18:09:00,2016-01-05T18:09:00,-11,-22
http://irail.be/vehicle/IC938,http://irail.be/stations/NMBS/008885001,IC,2016-01-05T18:19:00,2016-01-05T18:15:00,103,-41
http://irail.be/vehicle/IC938,http://irail.be/stations/NMBS/008885068,IC,2016-01-05T18:23:00,2016-01-05T18:23:00,102,76
http://irail.be/vehicle/IC938,http://irail.be/stations/NMBS/008885753,IC,2016-01-05T18:33:00,2016-01-05T18:33:00,0,-78
http://irail.be/vehicle/IC938,http://irail.be/stations/NMBS/008885704,IC,2016-01-05T18:37:00,2016-01-05T18:37:00,0,41
http://irail.be/vehicle/IC938,http://irail.be/stations/NMBS/008863008,IC,2016-02-05T16:38:00,2016-02-05T16:38:00,54,0
http://irail.be/vehicle/IC938,http://irail.be/stations/NMBS/008861119,IC,2016-02-05T16:41:00,2016-02-05T16:41:00,81,81
http://irail.be/vehicle/IC938,http://irail.be/stations/NMBS/008861127,IC,2016-02-05T16:43:00,2016-02-05T16:43:00,32,16
http://irail.be/vehicle/IC938,http://irail.be/stations/NMBS/008861135,IC,2016-02-05T16:46:00,2016-02-05T16:46:00,-7,32
http://irail.be/vehicle/IC938,http://irail.be/stations/NMBS/008861143,IC,2016-02-05T16:49:00,2016-02-05T16:49:00,-95,-95
http://irail.be/vehicle/IC938,http://irail.be/stations/NMBS/008861150,IC,2016-02-05T16:51:00,2016-02-05T16:51:00,-95,-95
http://irail.be/vehicle/IC938,NO-URI,IC,2016-02-05T16:51:00,2016-02-05T16:51:00,-65,-68
http://irail.be/vehicle/IC938,http://irail.be/stations/NMBS/008861168,IC,2016-02-05T16:52:00,2016-02-05T16:52:00,-65,-65
http://irail.be/vehicle/IC938,http://irail.be/stations/NMBS/008874724,IC,2016-02-05T16:52:00,2016-02-05T16:52:00,-59,-65
http://irail.be/vehicle/IC938,NO-URI,IC,2016-02-05T16:54:00,2016-02-05T16:54:00,-154,-156
http://irail.be/vehicle/IC938,http://irail.be/stations/NMBS/008874716,IC,2016-02-05T16:55:00,2016-02-05T16:55:00,-72,-72
http://irail.be/vehicle/IC938,http://irail.be/stations/NMBS/008874609,IC,2016-02-05T16:58:00,2016-02-05T16:57:00,105,93
http://irail.be/vehicle/IC938,http://irail.be/stations/NMBS/008874583,IC,2016-02-05T17:00:00,2016-02-05T17:00:00,105,105
http://irail.be/vehicle/IC938,http://irail.be/stations/NMBS/008874567,IC,2016-02-05T17:01:00,2016-02-05T17:01:00,105,105
http://irail.be/vehicle/IC938,http://irail.be/stations/NMBS/008874559,IC,2016-02-05T17:02:00,2016-02-05T17:02:00,86,86
http://irail.be/vehicle/IC938,http://irail.be/stations/NMBS/008874005,IC,2016-02-05T17:03:00,2016-02-05T17:03:00,98,94
http://irail.be/vehicle/IC938,http://irail.be/stations/NMBS/008874054,IC,2016-02-05T17:06:00,2016-02-05T17:06:00,53,47
http://irail.be/vehicle/IC938,http://irail.be/stations/NMBS/008872009,IC,2016-02-05T17:11:00,2016-02-05T17:08:00,82,74
http://irail.be/vehicle/IC938,http://irail.be/stations/NMBS/008871100,IC,2016-02-05T17:15:00,2016-02-05T17:15:00,62,30
http://irail.be/vehicle/IC938,http://irail.be/stations/NMBS/008871514,IC,2016-02-05T17:19:00,2016-02-05T17:19:00,62,62
http://irail.be/vehicle/IC938,http://irail.be/stations/NMBS/008871415,IC,2016-02-05T17:20:00,2016-02-05T17:20:00,44,46
http://irail.be/vehicle/IC938,http://irail.be/stations/NMBS/008882248,IC,2016-02-05T17:22:00,2016-02-05T17:22:00,44,44
http://irail.be/vehicle/IC938,http://irail.be/stations/NMBS/008882230,IC,2016-02-05T17:23:00,2016-02-05T17:23:00,44,44
http://irail.be/vehicle/IC938,http://irail.be/stations/NMBS/008882206,IC,2016-02-05T17:28:00,2016-02-05T17:27:00,13,-23
http://irail.be/vehicle/IC938,http://irail.be/stations/NMBS/008881463,IC,2016-02-05T17:32:00,2016-02-05T17:32:00,12,12
http://irail.be/vehicle/IC938,http://irail.be/stations/NMBS/008881455,IC,2016-02-05T17:33:00,2016-02-05T17:33:00,12,12
http://irail.be/vehicle/IC938,http://irail.be/stations/NMBS/008881430,IC,2016-02-05T17:35:00,2016-02-05T17:35:00,12,12
http://irail.be/vehicle/IC938,NO-URI,IC,2016-02-05T17:36:00,2016-02-05T17:36:00,1,-1
http://irail.be/vehicle/IC938,http://irail.be/stations/NMBS/008881406,IC,2016-02-05T17:37:00,2016-02-05T17:37:00,-59,-59
http://irail.be/vehicle/IC938,http://irail.be/stations/NMBS/008881315,IC,2016-02-05T17:39:00,2016-02-05T17:39:00,-59,-59
http://irail.be/vehicle/IC938,http://irail.be/stations/NMBS/008881000,IC,2016-02-05T17:45:00,2016-02-05T17:42:00,49,43
http://irail.be/vehicle/IC938,http://irail.be/stations/NMBS/008884566,IC,2016-02-05T17:50:00,2016-02-05T17:50:00,-20,-11
http://irail.be/vehicle/IC938,http://irail.be/stations/NMBS/008884541,IC,2016-02-05T17:51:00,2016-02-05T17:51:00,-33,-33
http://irail.be/vehicle/IC938,http://irail.be/stations/NMBS/008884004,IC,2016-02-05T17:54:00,2016-02-05T17:53:00,14,-31
http://irail.be/vehicle/IC938,http://irail.be/stations/NMBS/008884632,IC,2016-02-05T17:59:00,2016-02-05T17:59:00,14,14
http://irail.be/vehicle/IC938,http://irail.be/stations/NMBS/008884640,IC,2016-02-05T18:00:00,2016-02-05T18:00:00,14,14
http://irail.be/vehicle/IC938,http://irail.be/stations/NMBS/008884715,IC,2016-02-05T18:01:00,2016-02-05T18:01:00,-6,-13
http://irail.be/vehicle/IC938,http://irail.be/stations/NMBS/008884855,IC,2016-02-05T18:04:00,2016-02-05T18:04:00,-6,-6
http://irail.be/vehicle/IC938,http://irail.be/stations/NMBS/008884889,IC,2016-02-05T18:06:00,2016-02-05T18:06:00,-6,-6
http://irail.be/vehicle/IC938,http://irail.be/stations/NMBS/008885530,IC,2016-02-05T18:08:00,2016-02-05T18:08:00,-6,-6
http://irail.be/vehicle/IC938,http://irail.be/stations/NMBS/008885522,IC,2016-02-05T18:09:00,2016-02-05T18:09:00,466,249
http://irail.be/vehicle/IC938,http://irail.be/stations/NMBS/008885001,IC,2016-02-05T18:19:00,2016-02-05T18:15:00,566,496
http://irail.be/vehicle/IC938,http://irail.be/stations/NMBS/008885068,IC,2016-02-05T18:23:00,2016-02-05T18:23:00,591,553
http://irail.be/vehicle/IC938,http://irail.be/stations/NMBS/008885753,IC,2016-02-05T18:33:00,2016-02-05T18:33:00,411,411
http://irail.be/vehicle/IC938,http://irail.be/stations/NMBS/008885704,IC,2016-02-05T18:37:00,2016-02-05T18:37:00,0,522
http://irail.be/vehicle/IC938,http://irail.be/stations/NMBS/008863008,IC,2016-03-15T16:38:00,2016-03-15T16:38:00,39,0
http://irail.be/vehicle/IC938,http://irail.be/stations/NMBS/008861119,IC,2016-03-15T16:41:00,2016-03-15T16:41:00,95,95
http://irail.be/vehicle/IC938,http://irail.be/stations/NMBS/008861127,IC,2016-03-15T16:43:00,2016-03-15T16:43:00,47,32
http://irail.be/vehicle/IC938,http://irail.be/stations/NMBS/008861135,IC,2016-03-15T16:46:00,2016-03-15T16:46:00,15,47
http://irail.be/vehicle/IC938,http://irail.be/stations/NMBS/008861143,IC,2016-03-15T16:49:00,2016-03-15T16:49:00,-72,-72
http://irail.be/vehicle/IC938,http://irail.be/stations/NMBS/008861150,IC,2016-03-15T16:51:00,2016-03-15T16:51:00,-72,-72
http://irail.be/vehicle/IC938,NO-URI,IC,2016-03-15T16:51:00,2016-03-15T16:51:00,-40,-42
http://irail.be/vehicle/IC938,http://irail.be/stations/NMBS/008861168,IC,2016-03-15T16:52:00,2016-03-15T16:52:00,-40,-40
http://irail.be/vehicle/IC938,http://irail.be/stations/NMBS/008874724,IC,2016-03-15T16:52:00,2016-03-15T16:52:00,-31,-40
http://irail.be/vehicle/IC938,NO-URI,IC,2016-03-15T16:54:00,2016-03-15T16:54:00,-125,-128
http://irail.be/vehicle/IC938,http://irail.be/stations/NMBS/008874716,IC,2016-03-15T16:55:00,2016-03-15T16:55:00,-55,-55
http://irail.be/vehicle/IC938,http://irail.be/stations/NMBS/008874609,IC,2016-03-15T16:58:00,2016-03-15T16:57:00,125,99
http://irail.be/vehicle/IC938,http://irail.be/stations/NMBS/008874583,IC,2016-03-15T17:00:00,2016-03-15T17:00:00,125,125
http://irail.be/vehicle/IC938,http://irail.be/stations/NMBS/008874567,IC,2016-03-15T17:01:00,2016-03-15T17:01:00,125,125
http://irail.be/vehicle/IC938,http://irail.be/stations/NMBS/008874559,IC,2016-03-15T17:02:00,2016-03-15T17:02:00,117,117
http://irail.be/vehicle/IC938,http://irail.be/stations/NMBS/008874005,IC,2016-03-15T17:03:00,2016-03-15T17:03:00,134,127
http://irail.be/vehicle/IC938,http://irail.be/stations/NMBS/008874054,IC,2016-03-15T17:06:00,2016-03-15T17:06:00,91,84
http://irail.be/vehicle/IC938,http://irail.be/stations/NMBS/008872009,IC,2016-03-15T17:11:00,2016-03-15T17:08:00,90,153
http://irail.be/vehicle/IC938,http://irail.be/stations/NMBS/008871100,IC,2016-03-15T17:15:00,2016-03-15T17:15:00,182,132
http://irail.be/vehicle/IC938,http://irail.be/stations/NMBS/008871514,IC,2016-03-15T17:19:00,2016-03-15T17:19:00,178,178
http://irail.be/vehicle/IC938,http://irail.be/stations/NMBS/008871415,IC,2016-03-15T17:20:00,2016-03-15T17:20:00,178,164
http://irail.be/vehicle/IC938,http://irail.be/stations/NMBS/008882248,IC,2016-03-15T17:22:00,2016-03-15T17:22:00,178,178
http://irail.be/vehicle/IC938,http://irail.be/stations/NMBS/008882230,IC,2016-03-15T17:23:00,2016-03-15T17:23:00,178,178
http://irail.be/vehicle/IC938,http://irail.be/stations/NMBS/008882206,IC,2016-03-15T17:28:00,2016-03-15T17:27:00,147,131
http://irail.be/vehicle/IC938,http://irail.be/stations/NMBS/008881463,IC,2016-03-15T17:32:00,2016-03-15T17:32:00,133,133
http://irail.be/vehicle/IC938,http://irail.be/stations/NMBS/008881455,IC,2016-03-15T17:33:00,2016-03-15T17:33:00,133,133
http://irail.be/vehicle/IC938,http://irail.be/stations/NMBS/008881430,IC,2016-03-15T17:35:00,2016-03-15T17:35:00,133,133
http://irail.be/vehicle/IC938,NO-URI,IC,2016-03-15T17:36:00,2016-03-15T17:36:00,124,122
http://irail.be/vehicle/IC938,http://irail.be/stations/NMBS/008881406,IC,2016-03-15T17:37:00,2016-03-15T17:37:00,64,64
http://irail.be/vehicle/IC938,http://irail.be/stations/NMBS/008881315,IC,2016-03-15T17:39:00,2016-03-15T17:39:00,64,64
http://irail.be/vehicle/IC938,http://irail.be/stations/NMBS/008881000,IC,2016-03-15T17:45:00,2016-03-15T17:42:00,48,140
http://irail.be/vehicle/IC938,http://irail.be/stations/NMBS/008884566,IC,2016-03-15T17:50:00,2016-03-15T17:50:00,3,-12
http://irail.be/vehicle/IC938,http://irail.be/stations/NMBS/008884541,IC,2016-03-15T17:51:00,2016-03-15T17:51:00,-8,-8
http://irail.be/vehicle/IC938,http://irail.be/stations/NMBS/008884004,IC,2016-03-15T17:54:00,2016-03-15T17:53:00,47,34
http://irail.be/vehicle/IC938,http://irail.be/stations/NMBS/008884632,IC,2016-03-15T17:59:00,2016-03-15T17:59:00,47,47
http://irail.be/vehicle/IC938,http://irail.be/stations/NMBS/008884640,IC,2016-03-15T18:00:00,2016-03-15T18:00:00,47,47
http://irail.be/vehicle/IC938,http://irail.be/stations/NMBS/008884715,IC,2016-03-15T18:01:00,2016-03-15T18:01:00,32,23
http://irail.be/vehicle/IC938,http://irail.be/stations/NMBS/008884855,IC,2016-03-15T18:04:00,2016-03-15T18:04:00,32,32
http://irail.be/vehicle/IC938,http://irail.be/stations/NMBS/008884889,IC,2016-03-15T18:06:00,2016-03-15T18:06:00,32,32
http://irail.be/vehicle/IC938,http://irail.be/stations/NMBS/008885530,IC,2016-03-15T18:08:00,2016-03-15T18:08:00,-28,-28
http://irail.be/vehicle/IC938,http://irail.be/stations/NMBS/008885522,IC,2016-03-15T18:09:00,2016-03-15T18:09:00,103,29
http://irail.be/vehicle/IC938,http://irail.be/stations/NMBS/008885001,IC,2016-03-15T18:19:00,2016-03-15T18:15:00,223,158
http://irail.be/vehicle/IC938,http://irail.be/stations/NMBS/008885068,IC,2016-03-15T18:23:00,2016-03-15T18:23:00,220,179
http://irail.be/vehicle/IC938,http://irail.be/stations/NMBS/008885753,IC,2016-03-15T18:33:00,2016-03-15T18:33:00,40,40
http://irail.be/vehicle/IC938,http://irail.be/stations/NMBS/008885704,IC,2016-03-15T18:37:00,2016-03-15T18:37:00,0,146
http://irail.be/vehicle/IC938,http://irail.be/stations/NMBS/008863008,IC,2016-06-21T16:38:00,2016-06-21T16:38:00,17,
http://irail.be/vehicle/IC938,http://irail.be/stations/NMBS/008861119,IC,2016-06-21T16:41:00,2016-06-21T16:41:00,86,86
http://irail.be/vehicle/IC938,http://irail.be/stations/NMBS/008861127,IC,2016-06-21T16:43:00,2016-06-21T16:43:00,39,39
http://irail.be/vehicle/IC938,http://irail.be/stations/NMBS/008861135,IC,2016-06-21T16:46:00,2016-06-21T16:46:00,5,5
http://irail.be/vehicle/IC938,http://irail.be/stations/NMBS/008861143,IC,2016-06-21T16:49:00,2016-06-21T16:49:00,-82,-82
http://irail.be/vehicle/IC938,http://irail.be/stations/NMBS/008861150,IC,2016-06-21T16:51:00,2016-06-21T16:51:00,-82,-82
http://irail.be/vehicle/IC938,NO-URI,IC,2016-06-21T16:51:00,2016-06-21T16:51:00,-30,-30
http://irail.be/vehicle/IC938,http://irail.be/stations/NMBS/008861168,IC,2016-06-21T16:52:00,2016-06-21T16:52:00,-30,-30
http://irail.be/vehicle/IC938,http://irail.be/stations/NMBS/008874724,IC,2016-06-21T16:52:00,2016-06-21T16:52:00,-20,-20
http://irail.be/vehicle/IC938,NO-URI,IC,2016-06-21T16:54:00,2016-06-21T16:54:00,-111,-111
http://irail.be/vehicle/IC938,http://irail.be/stations/NMBS/008874716,IC,2016-06-21T16:55:00,2016-06-21T16:55:00,-96,-96
http://irail.be/vehicle/IC938,http://irail.be/stations/NMBS/008874609,IC,2016-06-21T16:58:00,2016-06-21T16:57:00,68,58
http://irail.be/vehicle/IC938,http://irail.be/stations/NMBS/008874583,IC,2016-06-21T17:00:00,2016-06-21T17:00:00,68,68
http://irail.be/vehicle/IC938,http://irail.be/stations/NMBS/008874567,IC,2016-06-21T17:01:00,2016-06-21T17:01:00,68,68
http://irail.be/vehicle/IC938,http://irail.be/stations/NMBS/008874559,IC,2016-06-21T17:02:00,2016-06-21T17:02:00,39,39
http://irail.be/vehicle/IC938,NO-URI,IC,2016-06-21T17:03:00,2016-06-21T17:03:00,39,39
http://irail.be/vehicle/IC938,http://irail.be/stations/NMBS/008874005,IC,2016-06-21T17:03:00,2016-06-21T17:03:00,55,55
http://irail.be/vehicle/IC938,http://irail.be/stations/NMBS/008874054,IC,2016-06-21T17:06:00,2016-06-21T17:06:00,53,53
http://irail.be/vehicle/IC938,http://irail.be/stations/NMBS/008872009,IC,2016-06-21T17:11:00,2016-06-21T17:08:00,68,147
http://irail.be/vehicle/IC938,http://irail.be/stations/NMBS/008871100,IC,2016-06-21T17:15:00,2016-06-21T17:15:00,65,65
http://irail.be/vehicle/IC938,http://irail.be/stations/NMBS/008871514,IC,2016-06-21T17:19:00,2016-06-21T17:19:00,64,64
http://irail.be/vehicle/IC938,http://irail.be/stations/NMBS/008871415,IC,2016-06-21T17:20:00,2016-06-21T17:20:00,53,53
http://irail.be/vehicle/IC938,http://irail.be/stations/NMBS/008882248,IC,2016-06-21T17:22:00,2016-06-21T17:22:00,53,53
http://irail.be/vehicle/IC938,http://irail.be/stations/NMBS/008882230,IC,2016-06-21T17:23:00,2016-06-21T17:23:00,53,53
http://irail.be/vehicle/IC938,http://irail.be/stations/NMBS/008882206,IC,2016-06-21T17:28:00,2016-06-21T17:27:00,29,21
http://irail.be/vehicle/IC938,http://irail.be/stations/NMBS/008881463,IC,2016-06-21T17:32:00,2016-06-21T17:32:00,21,21
http://irail.be/vehicle/IC938,http://irail.be/stations/NMBS/008881455,IC,2016-06-21T17:33:00,2016-06-21T17:33:00,21,21
http://irail.be/vehicle/IC938,http://irail.be/stations/NMBS/008881430,IC,2016-06-21T17:35:00,2016-06-21T17:35:00,21,21
http://irail.be/vehicle/IC938,NO-URI,IC,2016-06-21T17:36:00,2016-06-21T17:36:00,19,19
http://irail.be/vehicle/IC938,http://irail.be/stations/NMBS/008881406,IC,2016-06-21T17:37:00,2016-06-21T17:37:00,-41,-41
http://irail.be/vehicle/IC938,http://irail.be/stations/NMBS/008881315,IC,2016-06-21T17:39:00,2016-06-21T17:39:00,-41,-41
http://irail.be/vehicle/IC938,http://irail.be/stations/NMBS/008881000,IC,2016-06-21T17:45:00,2016-06-21T17:42:00,63,154
http://irail.be/vehicle/IC938,http://irail.be/stations/NMBS/008884566,IC,2016-06-21T17:50:00,2016-06-21T17:50:00,12,12
http://irail.be/vehicle/IC938,http://irail.be/stations/NMBS/008884541,IC,2016-06-21T17:51:00,2016-06-21T17:51:00,9,9
http://irail.be/vehicle/IC938,http://irail.be/stations/NMBS/008884004,IC,2016-06-21T17:54:00,2016-06-21T17:53:00,84,24
http://irail.be/vehicle/IC938,http://irail.be/stations/NMBS/008884632,IC,2016-06-21T17:59:00,2016-06-21T17:59:00,84,84
http://irail.be/vehicle/IC938,http://irail.be/stations/NMBS/008884640,IC,2016-06-21T18:00:00,2016-06-21T18:00:00,84,84
http://irail.be/vehicle/IC938,http://irail.be/stations/NMBS/008884715,IC,2016-06-21T18:01:00,2016-06-21T18:01:00,240,240
http://irail.be/vehicle/IC938,http://irail.be/stations/NMBS/008884855,IC,2016-06-21T18:04:00,2016-06-21T18:04:00,240,240
http://irail.be/vehicle/IC938,http://irail.be/stations/NMBS/008884889,IC,2016-06-21T18:06:00,2016-06-21T18:06:00,240,240
http://irail.be/vehicle/IC938,http://irail.be/stations/NMBS/008885530,IC,2016-06-21T18:08:00,2016-06-21T18:08:00,180,180
http://irail.be/vehicle/IC938,http://irail.be/stations/NMBS/008885522,IC,2016-06-21T18:09:00,2016-06-21T18:09:00,419,419
http://irail.be/vehicle/IC938,http://irail.be/stations/NMBS/008885001,IC,2016-06-21T18:15:00,2016-06-21T18:15:00,,494
http://irail.be/vehicle/IC938,http://irail.be/stations/NMBS/008863008,IC,2016-06-15T16:38:00,2016-06-15T16:38:00,61,0
http://irail.be/vehicle/IC938,http://irail.be/stations/NMBS/008861119,IC,2016-06-15T16:41:00,2016-06-15T16:41:00,161,161
http://irail.be/vehicle/IC938,NO-URI,IC,2016-06-15T16:41:00,2016-06-15T16:41:00,161,161
http://irail.be/vehicle/IC938,http://irail.be/stations/NMBS/008861127,IC,2016-06-15T16:43:00,2016-06-15T16:43:00,173,145
http://irail.be/vehicle/IC938,http://irail.be/stations/NMBS/008861135,IC,2016-06-15T16:46:00,2016-06-15T16:46:00,164,173
http://irail.be/vehicle/IC938,http://irail.be/stations/NMBS/008861143,IC,2016-06-15T16:49:00,2016-06-15T16:49:00,75,75
http://irail.be/vehicle/IC938,http://irail.be/stations/NMBS/008861150,IC,2016-06-15T16:51:00,2016-06-15T16:51:00,75,75
http://irail.be/vehicle/IC938,NO-URI,IC,2016-06-15T16:51:00,2016-06-15T16:51:00,107,103
http://irail.be/vehicle/IC938,http://irail.be/stations/NMBS/008861168,IC,2016-06-15T16:52:00,2016-06-15T16:52:00,107,107
http://irail.be/vehicle/IC938,http://irail.be/stations/NMBS/008874724,IC,2016-06-15T16:52:00,2016-06-15T16:52:00,111,107
http://irail.be/vehicle/IC938,NO-URI,IC,2016-06-15T16:54:00,2016-06-15T16:54:00,16,14
http://irail.be/vehicle/IC938,http://irail.be/stations/NMBS/008874716,IC,2016-06-15T16:55:00,2016-06-15T16:55:00,26,26
http://irail.be/vehicle/IC938,http://irail.be/stations/NMBS/008874609,IC,2016-06-15T16:58:00,2016-06-15T16:57:00,51,30
http://irail.be/vehicle/IC938,http://irail.be/stations/NMBS/008874583,IC,2016-06-15T16:59:00,2016-06-15T16:59:00,-9,-9
http://irail.be/vehicle/IC938,http://irail.be/stations/NMBS/008874567,IC,2016-06-15T17:01:00,2016-06-15T17:01:00,51,51
http://irail.be/vehicle/IC938,http://irail.be/stations/NMBS/008874559,IC,2016-06-15T17:02:00,2016-06-15T17:02:00,19,19
http://irail.be/vehicle/IC938,NO-URI,IC,2016-06-15T17:03:00,2016-06-15T17:03:00,19,19
http://irail.be/vehicle/IC938,http://irail.be/stations/NMBS/008874005,IC,2016-06-15T17:03:00,2016-06-15T17:03:00,31,27
http://irail.be/vehicle/IC938,http://irail.be/stations/NMBS/008874054,IC,2016-06-15T17:06:00,2016-06-15T17:06:00,27,-11
http://irail.be/vehicle/IC938,http://irail.be/stations/NMBS/008872009,IC,2016-06-15T17:11:00,2016-06-15T17:08:00,137,196
http://irail.be/vehicle/IC938,http://irail.be/stations/NMBS/008871100,IC,2016-06-15T17:15:00,2016-06-15T17:15:00,128,95
http://irail.be/vehicle/IC938,http://irail.be/stations/NMBS/008871514,IC,2016-06-15T17:18:00,2016-06-15T17:18:00,66,66
http://irail.be/vehicle/IC938,http://irail.be/stations/NMBS/008871415,IC,2016-06-15T17:20:00,2016-06-15T17:20:00,105,108
http://irail.be/vehicle/IC938,http://irail.be/stations/NMBS/008882248,IC,2016-06-15T17:21:00,2016-06-15T17:21:00,45,45
http://irail.be/vehicle/IC938,http://irail.be/stations/NMBS/008882230,IC,2016-06-15T17:22:00,2016-06-15T17:22:00,45,45
http://irail.be/vehicle/IC938,http://irail.be/stations/NMBS/008882206,IC,2016-06-15T17:28:00,2016-06-15T17:27:00,158,117
http://irail.be/vehicle/IC938,http://irail.be/stations/NMBS/008881463,IC,2016-06-15T17:32:00,2016-06-15T17:32:00,152,152
http://irail.be/vehicle/IC938,http://irail.be/stations/NMBS/008881455,IC,2016-06-15T17:33:00,2016-06-15T17:33:00,152,152
http://irail.be/vehicle/IC938,http://irail.be/stations/NMBS/008881430,IC,2016-06-15T17:34:00,2016-06-15T17:34:00,92,92
http://irail.be/vehicle/IC938,NO-URI,IC,2016-06-15T17:36:00,2016-06-15T17:36:00,151,149
http://irail.be/vehicle/IC938,http://irail.be/stations/NMBS/008881406,IC,2016-06-15T17:37:00,2016-06-15T17:37:00,91,91
http://irail.be/vehicle/IC938,http://irail.be/stations/NMBS/008881315,IC,2016-06-15T17:40:00,2016-06-15T17:40:00,151,151
http://irail.be/vehicle/IC938,http://irail.be/stations/NMBS/008881000,IC,2016-06-15T17:45:00,2016-06-15T17:42:00,86,156
http://irail.be/vehicle/IC938,http://irail.be/stations/NMBS/008884566,IC,2016-06-15T17:50:00,2016-06-15T17:50:00,15,26
http://irail.be/vehicle/IC938,http://irail.be/stations/NMBS/008884541,IC,2016-06-15T17:51:00,2016-06-15T17:51:00,3,3
http://irail.be/vehicle/IC938,http://irail.be/stations/NMBS/008884004,IC,2016-06-15T17:54:00,2016-06-15T17:53:00,18,-8
http://irail.be/vehicle/IC938,http://irail.be/stations/NMBS/008884632,IC,2016-06-15T17:58:00,2016-06-15T17:58:00,-42,-42
http://irail.be/vehicle/IC938,http://irail.be/stations/NMBS/008884640,IC,2016-06-15T17:59:00,2016-06-15T17:59:00,-42,-42
http://irail.be/vehicle/IC938,http://irail.be/stations/NMBS/008884715,IC,2016-06-15T18:01:00,2016-06-15T18:01:00,-4,-14
http://irail.be/vehicle/IC938,http://irail.be/stations/NMBS/008884855,IC,2016-06-15T18:03:00,2016-06-15T18:03:00,-64,-64
http://irail.be/vehicle/IC938,http://irail.be/stations/NMBS/008884889,IC,2016-06-15T18:06:00,2016-06-15T18:06:00,-4,-4
http://irail.be/vehicle/IC938,http://irail.be/stations/NMBS/008885530,IC,2016-06-15T18:08:00,2016-06-15T18:08:00,-4,-4
http://irail.be/vehicle/IC938,http://irail.be/stations/NMBS/008885522,IC,2016-06-15T18:09:00,2016-06-15T18:09:00,71,56
http://irail.be/vehicle/IC938,http://irail.be/stations/NMBS/008885001,IC,2016-06-15T18:19:00,2016-06-15T18:15:00,373,34
http://irail.be/vehicle/IC938,http://irail.be/stations/NMBS/008885068,IC,2016-06-15T18:23:00,2016-06-15T18:23:00,339,307
http://irail.be/vehicle/IC938,http://irail.be/stations/NMBS/008885753,IC,2016-06-15T18:33:00,2016-06-15T18:33:00,159,159
http://irail.be/vehicle/IC938,http://irail.be/stations/NMBS/008885704,IC,2016-06-15T18:37:00,2016-06-15T18:37:00,0,452
http://irail.be/vehicle/IC938,http://irail.be/stations/NMBS/008863008,IC,2016-03-29T16:38:00,2016-03-29T16:38:00,53,0
http://irail.be/vehicle/IC938,http://irail.be/stations/NMBS/008861119,IC,2016-03-29T16:41:00,2016-03-29T16:41:00,75,75
http://irail.be/vehicle/IC938,http://irail.be/stations/NMBS/008861127,IC,2016-03-29T16:43:00,2016-03-29T16:43:00,35,12
http://irail.be/vehicle/IC938,http://irail.be/stations/NMBS/008861135,IC,2016-03-29T16:46:00,2016-03-29T16:46:00,8,35
http://irail.be/vehicle/IC938,http://irail.be/stations/NMBS/008861143,IC,2016-03-29T16:49:00,2016-03-29T16:49:00,-77,-77
http://irail.be/vehicle/IC938,http://irail.be/stations/NMBS/008861150,IC,2016-03-29T16:51:00,2016-03-29T16:51:00,-77,-77
http://irail.be/vehicle/IC938,NO-URI,IC,2016-03-29T16:51:00,2016-03-29T16:51:00,-46,-48
http://irail.be/vehicle/IC938,http://irail.be/stations/NMBS/008861168,IC,2016-03-29T16:52:00,2016-03-29T16:52:00,-46,-46
http://irail.be/vehicle/IC938,http://irail.be/stations/NMBS/008874724,IC,2016-03-29T16:52:00,2016-03-29T16:52:00,-35,-46
http://irail.be/vehicle/IC938,NO-URI,IC,2016-03-29T16:54:00,2016-03-29T16:54:00,-126,-132
http://irail.be/vehicle/IC938,http://irail.be/stations/NMBS/008874716,IC,2016-03-29T16:55:00,2016-03-29T16:55:00,-100,-100
http://irail.be/vehicle/IC938,http://irail.be/stations/NMBS/008874609,IC,2016-03-29T16:58:00,2016-03-29T16:57:00,62,37
http://irail.be/vehicle/IC938,http://irail.be/stations/NMBS/008874583,IC,2016-03-29T17:00:00,2016-03-29T17:00:00,62,62
http://irail.be/vehicle/IC938,http://irail.be/stations/NMBS/008874567,IC,2016-03-29T17:01:00,2016-03-29T17:01:00,62,62
http://irail.be/vehicle/IC938,http://irail.be/stations/NMBS/008874559,IC,2016-03-29T17:02:00,2016-03-29T17:02:00,44,44
http://irail.be/vehicle/IC938,http://irail.be/stations/NMBS/008874005,IC,2016-03-29T17:03:00,2016-03-29T17:03:00,61,55
http://irail.be/vehicle/IC938,http://irail.be/stations/NMBS/008874054,IC,2016-03-29T17:06:00,2016-03-29T17:06:00,22,13
http://irail.be/vehicle/IC938,http://irail.be/stations/NMBS/008872009,IC,2016-03-29T17:11:00,2016-03-29T17:08:00,8,53
http://irail.be/vehicle/IC938,http://irail.be/stations/NMBS/008871100,IC,2016-03-29T17:15:00,2016-03-29T17:15:00,68,-42
http://irail.be/vehicle/IC938,http://irail.be/stations/NMBS/008871514,IC,2016-03-29T17:19:00,2016-03-29T17:19:00,95,95
http://irail.be/vehicle/IC938,http://irail.be/stations/NMBS/008871415,IC,2016-03-29T17:20:00,2016-03-29T17:20:00,82,82
http://irail.be/vehicle/IC938,http://irail.be/stations/NMBS/008882248,IC,2016-03-29T17:22:00,2016-03-29T17:22:00,82,82
http://irail.be/vehicle/IC938,http://irail.be/stations/NMBS/008882230,IC,2016-03-29T17:23:00,2016-03-29T17:23:00,82,82
http://irail.be/vehicle/IC938,http://irail.be/stations/NMBS/008882206,IC,2016-03-29T17:28:00,2016-03-29T17:27:00,75,57
http://irail.be/vehicle/IC938,http://irail.be/stations/NMBS/008881463,IC,2016-03-29T17:32:00,2016-03-29T17:32:00,62,62
http://irail.be/vehicle/IC938,http://irail.be/stations/NMBS/008881455,IC,2016-03-29T17:33:00,2016-03-29T17:33:00,62,62
http://irail.be/vehicle/IC938,http://irail.be/stations/NMBS/008881430,IC,2016-03-29T17:35:00,2016-03-29T17:35:00,62,62
http://irail.be/vehicle/IC938,NO-URI,IC,2016-03-29T17:36:00,2016-03-29T17:36:00,73,65
http://irail.be/vehicle/IC938,http://irail.be/stations/NMBS/008881406,IC,2016-03-29T17:37:00,2016-03-29T17:37:00,13,13
http://irail.be/vehicle/IC938,http://irail.be/stations/NMBS/008881315,IC,2016-03-29T17:39:00,2016-03-29T17:39:00,13,13
http://irail.be/vehicle/IC938,http://irail.be/stations/NMBS/008881000,IC,2016-03-29T17:45:00,2016-03-29T17:42:00,63,99
http://irail.be/vehicle/IC938,http://irail.be/stations/NMBS/008884566,IC,2016-03-29T17:50:00,2016-03-29T17:50:00,13,3
http://irail.be/vehicle/IC938,http://irail.be/stations/NMBS/008884541,IC,2016-03-29T17:51:00,2016-03-29T17:51:00,12,12
http://irail.be/vehicle/IC938,http://irail.be/stations/NMBS/008884004,IC,2016-03-29T17:54:00,2016-03-29T17:53:00,79,14
http://irail.be/vehicle/IC938,http://irail.be/stations/NMBS/008884632,IC,2016-03-29T17:59:00,2016-03-29T17:59:00,79,79
http://irail.be/vehicle/IC938,http://irail.be/stations/NMBS/008884640,IC,2016-03-29T18:00:00,2016-03-29T18:00:00,79,79
http://irail.be/vehicle/IC938,http://irail.be/stations/NMBS/008884715,IC,2016-03-29T18:01:00,2016-03-29T18:01:00,89,81
http://irail.be/vehicle/IC938,http://irail.be/stations/NMBS/008884855,IC,2016-03-29T18:04:00,2016-03-29T18:04:00,89,89
http://irail.be/vehicle/IC938,http://irail.be/stations/NMBS/008884889,IC,2016-03-29T18:06:00,2016-03-29T18:06:00,89,89
http://irail.be/vehicle/IC938,http://irail.be/stations/NMBS/008885530,IC,2016-03-29T18:08:00,2016-03-29T18:08:00,29,29
http://irail.be/vehicle/IC938,http://irail.be/stations/NMBS/008885522,IC,2016-03-29T18:09:00,2016-03-29T18:09:00,164,87
http://irail.be/vehicle/IC938,http://irail.be/stations/NMBS/008885001,IC,2016-03-29T18:19:00,2016-03-29T18:15:00,124,265
http://irail.be/vehicle/IC938,http://irail.be/stations/NMBS/008885068,IC,2016-03-29T18:23:00,2016-03-29T18:23:00,141,113
http://irail.be/vehicle/IC938,http://irail.be/stations/NMBS/008885753,IC,2016-03-29T18:33:00,2016-03-29T18:33:00,0,-39
http://irail.be/vehicle/IC938,http://irail.be/stations/NMBS/008885704,IC,2016-03-29T18:37:00,2016-03-29T18:37:00,0,118
http://irail.be/vehicle/IC938,http://irail.be/stations/NMBS/008863008,IC,2016-11-21T16:38:00,2016-11-21T16:38:00,75,
http://irail.be/vehicle/IC938,http://irail.be/stations/NMBS/008861119,IC,2016-11-21T16:41:00,2016-11-21T16:41:00,71,71
http://irail.be/vehicle/IC938,http://irail.be/stations/NMBS/008861127,IC,2016-11-21T16:43:08,2016-11-21T16:43:08,4,4
http://irail.be/vehicle/IC938,http://irail.be/stations/NMBS/008861135,IC,2016-11-21T16:46:00,2016-11-21T16:46:00,4,4
http://irail.be/vehicle/IC938,http://irail.be/stations/NMBS/008861143,IC,2016-11-21T16:49:00,2016-11-21T16:49:00,-88,-88
http://irail.be/vehicle/IC938,http://irail.be/stations/NMBS/008861150,IC,2016-11-21T16:51:00,2016-11-21T16:51:00,-63,-63
http://irail.be/vehicle/IC938,NO-URI,IC,2016-11-21T16:51:23,2016-11-21T16:51:23,-63,-63
http://irail.be/vehicle/IC938,http://irail.be/stations/NMBS/008861168,IC,2016-11-21T16:52:09,2016-11-21T16:52:09,-49,-49
http://irail.be/vehicle/IC938,http://irail.be/stations/NMBS/008874724,IC,2016-11-21T16:52:26,2016-11-21T16:52:26,-32,-32
http://irail.be/vehicle/IC938,NO-URI,IC,2016-11-21T16:54:00,2016-11-21T16:54:00,-32,-32
http://irail.be/vehicle/IC938,http://irail.be/stations/NMBS/008874716,IC,2016-11-21T16:55:12,2016-11-21T16:55:12,-7,-7
http://irail.be/vehicle/IC938,http://irail.be/stations/NMBS/008874609,IC,2016-11-21T16:58:08,2016-11-21T16:57:08,67,27
http://irail.be/vehicle/IC938,http://irail.be/stations/NMBS/008874583,IC,2016-11-21T17:00:00,2016-11-21T17:00:00,67,67
http://irail.be/vehicle/IC938,http://irail.be/stations/NMBS/008874567,IC,2016-11-21T17:01:23,2016-11-21T17:01:23,71,71
http://irail.be/vehicle/IC938,http://irail.be/stations/NMBS/008874559,IC,2016-11-21T17:02:00,2016-11-21T17:02:00,71,71
http://irail.be/vehicle/IC938,NO-URI,IC,2016-11-21T17:03:00,2016-11-21T17:03:00,57,57
http://irail.be/vehicle/IC938,http://irail.be/stations/NMBS/008874005,IC,2016-11-21T17:03:06,2016-11-21T17:03:06,62,62
http://irail.be/vehicle/IC938,http://irail.be/stations/NMBS/008874054,IC,2016-11-21T17:06:00,2016-11-21T17:06:00,8,8
http://irail.be/vehicle/IC938,http://irail.be/stations/NMBS/008872009,IC,2016-11-21T17:11:00,2016-11-21T17:08:02,22,-8
http://irail.be/vehicle/IC938,http://irail.be/stations/NMBS/008871100,IC,2016-11-21T17:15:00,2016-11-21T17:15:00,30,30
http://irail.be/vehicle/IC938,http://irail.be/stations/NMBS/008871514,IC,2016-11-21T17:19:00,2016-11-21T17:19:00,62,62
http://irail.be/vehicle/IC938,http://irail.be/stations/NMBS/008871415,IC,2016-11-21T17:20:16,2016-11-21T17:20:16,62,62
http://irail.be/vehicle/IC938,http://irail.be/stations/NMBS/008882248,IC,2016-11-21T17:22:05,2016-11-21T17:22:05,51,51
http://irail.be/vehicle/IC938,http://irail.be/stations/NMBS/008882230,IC,2016-11-21T17:23:11,2016-11-21T17:23:11,115,115
http://irail.be/vehicle/IC938,http://irail.be/stations/NMBS/008882206,IC,2016-11-21T17:28:00,2016-11-21T17:27:00,202,181
http://irail.be/vehicle/IC938,http://irail.be/stations/NMBS/008881463,IC,2016-11-21T17:32:20,2016-11-21T17:32:20,194,194
http://irail.be/vehicle/IC938,http://irail.be/stations/NMBS/008881455,IC,2016-11-21T17:33:13,2016-11-21T17:33:13,165,165
http://irail.be/vehicle/IC938,http://irail.be/stations/NMBS/008881430,IC,2016-11-21T17:35:00,2016-11-21T17:35:00,165,165
http://irail.be/vehicle/IC938,NO-URI,IC,2016-11-21T17:36:26,2016-11-21T17:36:26,165,165
http://irail.be/vehicle/IC938,http://irail.be/stations/NMBS/008881406,IC,2016-11-21T17:37:00,2016-11-21T17:37:00,147,147
http://irail.be/vehicle/IC938,http://irail.be/stations/NMBS/008881315,IC,2016-11-21T17:39:00,2016-11-21T17:39:00,126,126
http://irail.be/vehicle/IC938,http://irail.be/stations/NMBS/008881000,IC,2016-11-21T17:45:00,2016-11-21T17:42:00,85,126
http://irail.be/vehicle/IC938,http://irail.be/stations/NMBS/008884566,IC,2016-11-21T17:50:00,2016-11-21T17:50:00,85,85
http://irail.be/vehicle/IC938,http://irail.be/stations/NMBS/008884541,IC,2016-11-21T17:51:03,2016-11-21T17:51:03,15,15
http://irail.be/vehicle/IC938,http://irail.be/stations/NMBS/008884004,IC,2016-11-21T17:54:58,2016-11-21T17:53:58,358,306
http://irail.be/vehicle/IC938,http://irail.be/stations/NMBS/008884632,IC,2016-11-21T17:59:00,2016-11-21T17:59:00,324,324
http://irail.be/vehicle/IC938,http://irail.be/stations/NMBS/008884640,IC,2016-11-21T18:02:05,2016-11-21T18:02:05,408,408
http://irail.be/vehicle/IC938,http://irail.be/stations/NMBS/008884715,IC,2016-11-21T18:03:19,2016-11-21T18:03:19,408,408
http://irail.be/vehicle/IC938,http://irail.be/stations/NMBS/008884855,IC,2016-11-21T18:05:33,2016-11-21T18:05:33,408,408
http://irail.be/vehicle/IC938,http://irail.be/stations/NMBS/008884889,IC,2016-11-21T18:07:39,2016-11-21T18:07:39,473,473
http://irail.be/vehicle/IC938,http://irail.be/stations/NMBS/008885530,IC,2016-11-21T18:08:41,2016-11-21T18:08:41,473,473
http://irail.be/vehicle/IC938,http://irail.be/stations/NMBS/008885522,IC,2016-11-21T18:10:11,2016-11-21T18:10:11,651,651
http://irail.be/vehicle/IC938,http://irail.be/stations/NMBS/008885001,IC,2016-11-21T18:19:00,2016-11-21T18:15:00,741,741
http://irail.be/vehicle/IC938,http://irail.be/stations/NMBS/008885068,IC,2016-11-21T18:23:00,2016-11-21T18:23:00,1099,1040
http://irail.be/vehicle/IC938,http://irail.be/stations/NMBS/008885753,IC,2016-11-21T18:33:00,2016-11-21T18:33:00,1182,1099
http://irail.be/vehicle/IC938,http://irail.be/stations/NMBS/008885704,IC,2016-11-21T18:37:00,2016-11-21T18:37:00,,1182
http://irail.be/vehicle/IC938,http://irail.be/stations/NMBS/008863008,IC,2016-01-28T16:38:00,2016-01-28T16:38:00,17,0
http://irail.be/vehicle/IC938,http://irail.be/stations/NMBS/008861119,IC,2016-01-28T16:41:00,2016-01-28T16:41:00,38,38
http://irail.be/vehicle/IC938,http://irail.be/stations/NMBS/008861127,IC,2016-01-28T16:43:00,2016-01-28T16:43:00,-11,-11
http://irail.be/vehicle/IC938,http://irail.be/stations/NMBS/008861135,IC,2016-01-28T16:46:00,2016-01-28T16:46:00,-47,-47
http://irail.be/vehicle/IC938,http://irail.be/stations/NMBS/008861143,IC,2016-01-28T16:49:00,2016-01-28T16:49:00,-137,-137
http://irail.be/vehicle/IC938,http://irail.be/stations/NMBS/008861150,IC,2016-01-28T16:51:00,2016-01-28T16:51:00,-137,-137
http://irail.be/vehicle/IC938,NO-URI,IC,2016-01-28T16:51:00,2016-01-28T16:51:00,-107,-107
http://irail.be/vehicle/IC938,http://irail.be/stations/NMBS/008861168,IC,2016-01-28T16:52:00,2016-01-28T16:52:00,-107,-107
http://irail.be/vehicle/IC938,http://irail.be/stations/NMBS/008874724,IC,2016-01-28T16:52:00,2016-01-28T16:52:00,-103,-103
http://irail.be/vehicle/IC938,NO-URI,IC,2016-01-28T16:54:00,2016-01-28T16:54:00,-198,-198
http://irail.be/vehicle/IC938,http://irail.be/stations/NMBS/008874716,IC,2016-01-28T16:55:00,2016-01-28T16:55:00,-94,-94
http://irail.be/vehicle/IC938,http://irail.be/stations/NMBS/008874609,IC,2016-01-28T16:58:00,2016-01-28T16:57:00,76,44
http://irail.be/vehicle/IC938,http://irail.be/stations/NMBS/008874583,IC,2016-01-28T17:00:00,2016-01-28T17:00:00,76,76
http://irail.be/vehicle/IC938,http://irail.be/stations/NMBS/008874567,IC,2016-01-28T17:01:00,2016-01-28T17:01:00,76,76
http://irail.be/vehicle/IC938,http://irail.be/stations/NMBS/008874559,IC,2016-01-28T17:02:00,2016-01-28T17:02:00,48,48
http://irail.be/vehicle/IC938,http://irail.be/stations/NMBS/008874005,IC,2016-01-28T17:03:00,2016-01-28T17:03:00,61,61
http://irail.be/vehicle/IC938,http://irail.be/stations/NMBS/008874054,IC,2016-01-28T17:06:00,2016-01-28T17:06:00,17,17
http://irail.be/vehicle/IC938,http://irail.be/stations/NMBS/008872009,IC,2016-01-28T17:11:00,2016-01-28T17:08:00,39,73
http://irail.be/vehicle/IC938,http://irail.be/stations/NMBS/008871100,IC,2016-01-28T17:15:00,2016-01-28T17:15:00,120,120
http://irail.be/vehicle/IC938,http://irail.be/stations/NMBS/008871514,IC,2016-01-28T17:19:00,2016-01-28T17:19:00,115,115
http://irail.be/vehicle/IC938,http://irail.be/stations/NMBS/008871415,IC,2016-01-28T17:20:00,2016-01-28T17:20:00,96,96
http://irail.be/vehicle/IC938,http://irail.be/stations/NMBS/008882248,IC,2016-01-28T17:22:00,2016-01-28T17:22:00,96,96
http://irail.be/vehicle/IC938,http://irail.be/stations/NMBS/008882230,IC,2016-01-28T17:23:00,2016-01-28T17:23:00,96,96
http://irail.be/vehicle/IC938,http://irail.be/stations/NMBS/008882206,IC,2016-01-28T17:28:00,2016-01-28T17:27:00,40,31
http://irail.be/vehicle/IC938,http://irail.be/stations/NMBS/008881463,IC,2016-01-28T17:32:00,2016-01-28T17:32:00,41,41
http://irail.be/vehicle/IC938,http://irail.be/stations/NMBS/008881455,IC,2016-01-28T17:33:00,2016-01-28T17:33:00,41,41
http://irail.be/vehicle/IC938,http://irail.be/stations/NMBS/008881430,IC,2016-01-28T17:35:00,2016-01-28T17:35:00,41,41
http://irail.be/vehicle/IC938,NO-URI,IC,2016-01-28T17:36:00,2016-01-28T17:36:00,31,31
http://irail.be/vehicle/IC938,http://irail.be/stations/NMBS/008881406,IC,2016-01-28T17:37:00,2016-01-28T17:37:00,-29,-29
http://irail.be/vehicle/IC938,http://irail.be/stations/NMBS/008881315,IC,2016-01-28T17:39:00,2016-01-28T17:39:00,-29,-29
http://irail.be/vehicle/IC938,http://irail.be/stations/NMBS/008881000,IC,2016-01-28T17:45:00,2016-01-28T17:42:00,15,106
http://irail.be/vehicle/IC938,http://irail.be/stations/NMBS/008884566,IC,2016-01-28T17:50:00,2016-01-28T17:50:00,-58,-58
http://irail.be/vehicle/IC938,http://irail.be/stations/NMBS/008884541,IC,2016-01-28T17:51:00,2016-01-28T17:51:00,-69,-69
http://irail.be/vehicle/IC938,http://irail.be/stations/NMBS/008884004,IC,2016-01-28T17:54:00,2016-01-28T17:53:00,50,-62
http://irail.be/vehicle/IC938,http://irail.be/stations/NMBS/008884632,IC,2016-01-28T17:59:00,2016-01-28T17:59:00,50,50
http://irail.be/vehicle/IC938,http://irail.be/stations/NMBS/008884640,IC,2016-01-28T18:00:00,2016-01-28T18:00:00,50,50
http://irail.be/vehicle/IC938,http://irail.be/stations/NMBS/008884715,IC,2016-01-28T18:01:00,2016-01-28T18:01:00,1328,125
http://irail.be/vehicle/IC938,http://irail.be/stations/NMBS/008884855,IC,2016-01-28T18:04:00,2016-01-28T18:04:00,1328,1328
http://irail.be/vehicle/IC938,http://irail.be/stations/NMBS/008884889,IC,2016-01-28T18:06:00,2016-01-28T18:06:00,1328,1328
http://irail.be/vehicle/IC938,http://irail.be/stations/NMBS/008885530,IC,2016-01-28T18:08:00,2016-01-28T18:08:00,1268,1268
http://irail.be/vehicle/IC938,http://irail.be/stations/NMBS/008885522,IC,2016-01-28T18:09:00,2016-01-28T18:09:00,1376,1361
http://irail.be/vehicle/IC938,http://irail.be/stations/NMBS/008885001,IC,2016-01-28T18:19:00,2016-01-28T18:15:00,1469,1363
http://irail.be/vehicle/IC938,http://irail.be/stations/NMBS/008885068,IC,2016-01-28T18:23:00,2016-01-28T18:23:00,1501,1460
http://irail.be/vehicle/IC938,http://irail.be/stations/NMBS/008885753,IC,2016-01-28T18:33:00,2016-01-28T18:33:00,1321,1321
http://irail.be/vehicle/IC938,http://irail.be/stations/NMBS/008885704,IC,2016-01-28T18:37:00,2016-01-28T18:37:00,0,1556
http://irail.be/vehicle/IC938,http://irail.be/stations/NMBS/008863008,IC,2016-03-07T16:38:00,2016-03-07T16:38:00,65,0
http://irail.be/vehicle/IC938,http://irail.be/stations/NMBS/008861119,IC,2016-03-07T16:41:00,2016-03-07T16:41:00,119,119
http://irail.be/vehicle/IC938,http://irail.be/stations/NMBS/008861127,IC,2016-03-07T16:43:00,2016-03-07T16:43:00,84,65
http://irail.be/vehicle/IC938,http://irail.be/stations/NMBS/008861135,IC,2016-03-07T16:46:00,2016-03-07T16:46:00,48,84
http://irail.be/vehicle/IC938,http://irail.be/stations/NMBS/008861143,IC,2016-03-07T16:49:00,2016-03-07T16:49:00,-40,-40
http://irail.be/vehicle/IC938,http://irail.be/stations/NMBS/008861150,IC,2016-03-07T16:51:00,2016-03-07T16:51:00,-40,-40
http://irail.be/vehicle/IC938,NO-URI,IC,2016-03-07T16:51:00,2016-03-07T16:51:00,-3,-6
http://irail.be/vehicle/IC938,http://irail.be/stations/NMBS/008861168,IC,2016-03-07T16:52:00,2016-03-07T16:52:00,-3,-3
http://irail.be/vehicle/IC938,http://irail.be/stations/NMBS/008874724,IC,2016-03-07T16:52:00,2016-03-07T16:52:00,5,-3
http://irail.be/vehicle/IC938,NO-URI,IC,2016-03-07T16:54:00,2016-03-07T16:54:00,-83,-92
http://irail.be/vehicle/IC938,http://irail.be/stations/NMBS/008874716,IC,2016-03-07T16:55:00,2016-03-07T16:55:00,-63,-63
http://irail.be/vehicle/IC938,http://irail.be/stations/NMBS/008874609,IC,2016-03-07T16:58:00,2016-03-07T16:57:00,145,125
http://irail.be/vehicle/IC938,http://irail.be/stations/NMBS/008874583,IC,2016-03-07T17:00:00,2016-03-07T17:00:00,0,0
http://irail.be/vehicle/IC938,http://irail.be/stations/NMBS/008874567,IC,2016-03-07T17:01:00,2016-03-07T17:01:00,0,0
http://irail.be/vehicle/IC938,http://irail.be/stations/NMBS/008874559,IC,2016-03-07T17:02:00,2016-03-07T17:02:00,126,126
http://irail.be/vehicle/IC938,http://irail.be/stations/NMBS/008874005,IC,2016-03-07T17:03:00,2016-03-07T17:03:00,147,138
http://irail.be/vehicle/IC938,http://irail.be/stations/NMBS/008874054,IC,2016-03-07T17:06:00,2016-03-07T17:06:00,101,96
http://irail.be/vehicle/IC938,http://irail.be/stations/NMBS/008872009,IC,2016-03-07T17:11:00,2016-03-07T17:08:00,166,191
http://irail.be/vehicle/IC938,http://irail.be/stations/NMBS/008871100,IC,2016-03-07T17:15:00,2016-03-07T17:15:00,197,155
http://irail.be/vehicle/IC938,http://irail.be/stations/NMBS/008871514,IC,2016-03-07T17:19:00,2016-03-07T17:19:00,197,197
http://irail.be/vehicle/IC938,http://irail.be/stations/NMBS/008871415,IC,2016-03-07T17:20:00,2016-03-07T17:20:00,193,187
http://irail.be/vehicle/IC938,http://irail.be/stations/NMBS/008882248,IC,2016-03-07T17:22:00,2016-03-07T17:22:00,193,193
http://irail.be/vehicle/IC938,http://irail.be/stations/NMBS/008882230,IC,2016-03-07T17:23:00,2016-03-07T17:23:00,0,0
http://irail.be/vehicle/IC938,http://irail.be/stations/NMBS/008882206,IC,2016-03-07T17:28:00,2016-03-07T17:27:00,270,184
http://irail.be/vehicle/IC938,http://irail.be/stations/NMBS/008881463,IC,2016-03-07T17:32:00,2016-03-07T17:32:00,298,298
http://irail.be/vehicle/IC938,http://irail.be/stations/NMBS/008881455,IC,2016-03-07T17:33:00,2016-03-07T17:33:00,298,298
http://irail.be/vehicle/IC938,http://irail.be/stations/NMBS/008881430,IC,2016-03-07T17:35:00,2016-03-07T17:35:00,0,0
http://irail.be/vehicle/IC938,NO-URI,IC,2016-03-07T17:36:00,2016-03-07T17:36:00,284,282
http://irail.be/vehicle/IC938,http://irail.be/stations/NMBS/008881406,IC,2016-03-07T17:37:00,2016-03-07T17:37:00,224,224
http://irail.be/vehicle/IC938,http://irail.be/stations/NMBS/008881315,IC,2016-03-07T17:39:00,2016-03-07T17:39:00,0,0
http://irail.be/vehicle/IC938,http://irail.be/stations/NMBS/008881000,IC,2016-03-07T17:45:00,2016-03-07T17:42:00,498,305
http://irail.be/vehicle/IC938,http://irail.be/stations/NMBS/008884566,IC,2016-03-07T17:50:00,2016-03-07T17:50:00,440,438
http://irail.be/vehicle/IC938,http://irail.be/stations/NMBS/008884541,IC,2016-03-07T17:51:00,2016-03-07T17:51:00,440,440
http://irail.be/vehicle/IC938,http://irail.be/stations/NMBS/008884004,IC,2016-03-07T17:54:00,2016-03-07T17:53:00,480,420
http://irail.be/vehicle/IC938,http://irail.be/stations/NMBS/008884632,IC,2016-03-07T17:59:00,2016-03-07T17:59:00,0,0
http://irail.be/vehicle/IC938,http://irail.be/stations/NMBS/008884640,IC,2016-03-07T18:00:00,2016-03-07T18:00:00,0,0
http://irail.be/vehicle/IC938,http://irail.be/stations/NMBS/008884715,IC,2016-03-07T18:01:00,2016-03-07T18:01:00,402,398
http://irail.be/vehicle/IC938,http://irail.be/stations/NMBS/008884855,IC,2016-03-07T18:04:00,2016-03-07T18:04:00,402,402
http://irail.be/vehicle/IC938,http://irail.be/stations/NMBS/008884889,IC,2016-03-07T18:06:00,2016-03-07T18:06:00,0,0
http://irail.be/vehicle/IC938,http://irail.be/stations/NMBS/008885530,IC,2016-03-07T18:08:00,2016-03-07T18:08:00,0,0
http://irail.be/vehicle/IC938,http://irail.be/stations/NMBS/008885522,IC,2016-03-07T18:09:00,2016-03-07T18:09:00,482,387
http://irail.be/vehicle/IC938,http://irail.be/stations/NMBS/008885001,IC,2016-03-07T18:19:00,2016-03-07T18:15:00,630,491
http://irail.be/vehicle/IC938,http://irail.be/stations/NMBS/008885068,IC,2016-03-07T18:23:00,2016-03-07T18:23:00,735,685
http://irail.be/vehicle/IC938,http://irail.be/stations/NMBS/008885753,IC,2016-03-07T18:33:00,2016-03-07T18:33:00,0,0
http://irail.be/vehicle/IC938,http://irail.be/stations/NMBS/008885704,IC,2016-03-07T18:37:00,2016-03-07T18:37:00,0,712
http://irail.be/vehicle/IC938,http://irail.be/stations/NMBS/008874609,IC,2016-09-12T16:58:00,2016-09-12T16:58:00,320,
http://irail.be/vehicle/IC938,http://irail.be/stations/NMBS/008874583,IC,2016-09-12T17:00:00,2016-09-12T17:00:00,320,320
http://irail.be/vehicle/IC938,http://irail.be/stations/NMBS/008874567,IC,2016-09-12T17:01:00,2016-09-12T17:01:00,320,320
http://irail.be/vehicle/IC938,http://irail.be/stations/NMBS/008874559,IC,2016-09-12T17:02:00,2016-09-12T17:02:00,364,364
http://irail.be/vehicle/IC938,NO-URI,IC,2016-09-12T17:03:00,2016-09-12T17:03:00,364,364
http://irail.be/vehicle/IC938,http://irail.be/stations/NMBS/008874005,IC,2016-09-12T17:03:00,2016-09-12T17:03:00,380,380
http://irail.be/vehicle/IC938,http://irail.be/stations/NMBS/008874054,IC,2016-09-12T17:06:00,2016-09-12T17:06:00,371,371
http://irail.be/vehicle/IC938,http://irail.be/stations/NMBS/008872009,IC,2016-09-12T17:11:00,2016-09-12T17:08:00,541,646
http://irail.be/vehicle/IC938,http://irail.be/stations/NMBS/008871100,IC,2016-09-12T17:15:00,2016-09-12T17:15:00,603,603
http://irail.be/vehicle/IC938,http://irail.be/stations/NMBS/008871514,IC,2016-09-12T17:19:00,2016-09-12T17:19:00,608,608
http://irail.be/vehicle/IC938,http://irail.be/stations/NMBS/008871415,IC,2016-09-12T17:20:00,2016-09-12T17:20:00,583,583
http://irail.be/vehicle/IC938,http://irail.be/stations/NMBS/008882248,IC,2016-09-12T17:22:00,2016-09-12T17:22:00,583,583
http://irail.be/vehicle/IC938,http://irail.be/stations/NMBS/008882230,IC,2016-09-12T17:23:00,2016-09-12T17:23:00,583,583
http://irail.be/vehicle/IC938,http://irail.be/stations/NMBS/008882206,IC,2016-09-12T17:28:00,2016-09-12T17:27:00,630,602
http://irail.be/vehicle/IC938,http://irail.be/stations/NMBS/008881463,IC,2016-09-12T17:32:00,2016-09-12T17:32:00,636,636
http://irail.be/vehicle/IC938,http://irail.be/stations/NMBS/008881455,IC,2016-09-12T17:33:00,2016-09-12T17:33:00,636,636
http://irail.be/vehicle/IC938,http://irail.be/stations/NMBS/008881430,IC,2016-09-12T17:35:00,2016-09-12T17:35:00,636,636
http://irail.be/vehicle/IC938,NO-URI,IC,2016-09-12T17:36:00,2016-09-12T17:36:00,627,627
http://irail.be/vehicle/IC938,http://irail.be/stations/NMBS/008881406,IC,2016-09-12T17:37:00,2016-09-12T17:37:00,567,567
http://irail.be/vehicle/IC938,http://irail.be/stations/NMBS/008881315,IC,2016-09-12T17:39:00,2016-09-12T17:39:00,567,567
http://irail.be/vehicle/IC938,http://irail.be/stations/NMBS/008881000,IC,2016-09-12T17:45:00,2016-09-12T17:42:00,601,674
http://irail.be/vehicle/IC938,http://irail.be/stations/NMBS/008884566,IC,2016-09-12T17:50:00,2016-09-12T17:50:00,553,553
http://irail.be/vehicle/IC938,http://irail.be/stations/NMBS/008884541,IC,2016-09-12T17:51:00,2016-09-12T17:51:00,543,543
http://irail.be/vehicle/IC938,http://irail.be/stations/NMBS/008884004,IC,2016-09-12T17:54:00,2016-09-12T17:53:00,570,553
http://irail.be/vehicle/IC938,http://irail.be/stations/NMBS/008884632,IC,2016-09-12T17:59:00,2016-09-12T17:59:00,570,570
http://irail.be/vehicle/IC938,http://irail.be/stations/NMBS/008884640,IC,2016-09-12T18:00:00,2016-09-12T18:00:00,570,570
http://irail.be/vehicle/IC938,http://irail.be/stations/NMBS/008884715,IC,2016-09-12T18:01:00,2016-09-12T18:01:00,556,556
http://irail.be/vehicle/IC938,http://irail.be/stations/NMBS/008884855,IC,2016-09-12T18:04:00,2016-09-12T18:04:00,556,556
http://irail.be/vehicle/IC938,http://irail.be/stations/NMBS/008884889,IC,2016-09-12T18:06:00,2016-09-12T18:06:00,556,556
http://irail.be/vehicle/IC938,http://irail.be/stations/NMBS/008885530,IC,2016-09-12T18:08:00,2016-09-12T18:08:00,496,496
http://irail.be/vehicle/IC938,http://irail.be/stations/NMBS/008885522,IC,2016-09-12T18:09:00,2016-09-12T18:09:00,552,552
http://irail.be/vehicle/IC938,http://irail.be/stations/NMBS/008885001,IC,2016-09-12T18:19:00,2016-09-12T18:15:00,421,524
http://irail.be/vehicle/IC938,http://irail.be/stations/NMBS/008885068,IC,2016-09-12T18:23:00,2016-09-12T18:23:00,468,443
http://irail.be/vehicle/IC938,http://irail.be/stations/NMBS/008885753,IC,2016-09-12T18:33:00,2016-09-12T18:33:00,288,288
http://irail.be/vehicle/IC938,http://irail.be/stations/NMBS/008885704,IC,2016-09-12T18:37:00,2016-09-12T18:37:00,,477
http://irail.be/vehicle/IC938,http://irail.be/stations/NMBS/008863008,IC,2016-06-29T16:38:00,2016-06-29T16:38:00,9,
http://irail.be/vehicle/IC938,http://irail.be/stations/NMBS/008861119,IC,2016-06-29T16:41:00,2016-06-29T16:41:00,42,42
http://irail.be/vehicle/IC938,http://irail.be/stations/NMBS/008861127,IC,2016-06-29T16:43:00,2016-06-29T16:43:00,3,3
http://irail.be/vehicle/IC938,http://irail.be/stations/NMBS/008861135,IC,2016-06-29T16:46:00,2016-06-29T16:46:00,-2,-2
http://irail.be/vehicle/IC938,http://irail.be/stations/NMBS/008861143,IC,2016-06-29T16:49:00,2016-06-29T16:49:00,-79,-79
http://irail.be/vehicle/IC938,http://irail.be/stations/NMBS/008861150,IC,2016-06-29T16:51:00,2016-06-29T16:51:00,-79,-79
http://irail.be/vehicle/IC938,NO-URI,IC,2016-06-29T16:51:00,2016-06-29T16:51:00,-12,-12
http://irail.be/vehicle/IC938,http://irail.be/stations/NMBS/008861168,IC,2016-06-29T16:52:00,2016-06-29T16:52:00,-12,-12
http://irail.be/vehicle/IC938,http://irail.be/stations/NMBS/008874724,IC,2016-06-29T16:52:00,2016-06-29T16:52:00,5,5
http://irail.be/vehicle/IC938,NO-URI,IC,2016-06-29T16:54:00,2016-06-29T16:54:00,-82,-82
http://irail.be/vehicle/IC938,http://irail.be/stations/NMBS/008874716,IC,2016-06-29T16:55:00,2016-06-29T16:55:00,-55,-55
http://irail.be/vehicle/IC938,http://irail.be/stations/NMBS/008874609,IC,2016-06-29T16:58:00,2016-06-29T16:57:00,89,84
http://irail.be/vehicle/IC938,http://irail.be/stations/NMBS/008874583,IC,2016-06-29T17:00:00,2016-06-29T17:00:00,89,89
http://irail.be/vehicle/IC938,http://irail.be/stations/NMBS/008874567,IC,2016-06-29T17:01:00,2016-06-29T17:01:00,89,89
http://irail.be/vehicle/IC938,http://irail.be/stations/NMBS/008874559,IC,2016-06-29T17:02:00,2016-06-29T17:02:00,66,66
http://irail.be/vehicle/IC938,NO-URI,IC,2016-06-29T17:03:00,2016-06-29T17:03:00,66,66
http://irail.be/vehicle/IC938,http://irail.be/stations/NMBS/008874005,IC,2016-06-29T17:03:00,2016-06-29T17:03:00,78,78
http://irail.be/vehicle/IC938,http://irail.be/stations/NMBS/008874054,IC,2016-06-29T17:06:00,2016-06-29T17:06:00,76,76
http://irail.be/vehicle/IC938,http://irail.be/stations/NMBS/008872009,IC,2016-06-29T17:11:00,2016-06-29T17:08:00,98,198
http://irail.be/vehicle/IC938,http://irail.be/stations/NMBS/008871100,IC,2016-06-29T17:15:00,2016-06-29T17:15:00,133,133
http://irail.be/vehicle/IC938,http://irail.be/stations/NMBS/008871514,IC,2016-06-29T17:19:00,2016-06-29T17:19:00,131,131
http://irail.be/vehicle/IC938,http://irail.be/stations/NMBS/008871415,IC,2016-06-29T17:20:00,2016-06-29T17:20:00,116,116
http://irail.be/vehicle/IC938,http://irail.be/stations/NMBS/008882248,IC,2016-06-29T17:22:00,2016-06-29T17:22:00,116,116
http://irail.be/vehicle/IC938,http://irail.be/stations/NMBS/008882230,IC,2016-06-29T17:23:00,2016-06-29T17:23:00,116,116
http://irail.be/vehicle/IC938,http://irail.be/stations/NMBS/008882206,IC,2016-06-29T17:28:00,2016-06-29T17:27:00,129,126
http://irail.be/vehicle/IC938,http://irail.be/stations/NMBS/008881463,IC,2016-06-29T17:32:00,2016-06-29T17:32:00,124,124
http://irail.be/vehicle/IC938,http://irail.be/stations/NMBS/008881455,IC,2016-06-29T17:33:00,2016-06-29T17:33:00,124,124
http://irail.be/vehicle/IC938,http://irail.be/stations/NMBS/008881430,IC,2016-06-29T17:35:00,2016-06-29T17:35:00,124,124
http://irail.be/vehicle/IC938,NO-URI,IC,2016-06-29T17:36:00,2016-06-29T17:36:00,115,115
http://irail.be/vehicle/IC938,http://irail.be/stations/NMBS/008881406,IC,2016-06-29T17:37:00,2016-06-29T17:37:00,55,55
http://irail.be/vehicle/IC938,http://irail.be/stations/NMBS/008881315,IC,2016-06-29T17:39:00,2016-06-29T17:39:00,55,55
http://irail.be/vehicle/IC938,http://irail.be/stations/NMBS/008881000,IC,2016-06-29T17:45:00,2016-06-29T17:42:00,27,101
http://irail.be/vehicle/IC938,http://irail.be/stations/NMBS/008884566,IC,2016-06-29T17:50:00,2016-06-29T17:50:00,-7,-7
http://irail.be/vehicle/IC938,http://irail.be/stations/NMBS/008884541,IC,2016-06-29T17:51:00,2016-06-29T17:51:00,-6,-6
http://irail.be/vehicle/IC938,http://irail.be/stations/NMBS/008884004,IC,2016-06-29T17:54:00,2016-06-29T17:53:00,32,29
http://irail.be/vehicle/IC938,http://irail.be/stations/NMBS/008884632,IC,2016-06-29T17:59:00,2016-06-29T17:59:00,32,32
http://irail.be/vehicle/IC938,http://irail.be/stations/NMBS/008884640,IC,2016-06-29T18:00:00,2016-06-29T18:00:00,32,32
http://irail.be/vehicle/IC938,http://irail.be/stations/NMBS/008884715,IC,2016-06-29T18:01:00,2016-06-29T18:01:00,0,0
http://irail.be/vehicle/IC938,http://irail.be/stations/NMBS/008884855,IC,2016-06-29T18:04:00,2016-06-29T18:04:00,0,0
http://irail.be/vehicle/IC938,http://irail.be/stations/NMBS/008884889,IC,2016-06-29T18:06:00,2016-06-29T18:06:00,0,0
http://irail.be/vehicle/IC938,http://irail.be/stations/NMBS/008885530,IC,2016-06-29T18:08:00,2016-06-29T18:08:00,0,0
http://irail.be/vehicle/IC938,http://irail.be/stations/NMBS/008885522,IC,2016-06-29T18:09:00,2016-06-29T18:09:00,41,41
http://irail.be/vehicle/IC938,http://irail.be/stations/NMBS/008885001,IC,2016-06-29T18:19:00,2016-06-29T18:15:00,39,30
http://irail.be/vehicle/IC938,http://irail.be/stations/NMBS/008885068,IC,2016-06-29T18:23:00,2016-06-29T18:23:00,52,11
http://irail.be/vehicle/IC938,http://irail.be/stations/NMBS/008885753,IC,2016-06-29T18:33:00,2016-06-29T18:33:00,0,-128
http://irail.be/vehicle/IC938,http://irail.be/stations/NMBS/008885704,IC,2016-06-29T18:37:00,2016-06-29T18:37:00,,44
http://irail.be/vehicle/IC938,http://irail.be/stations/NMBS/008863008,IC,2016-01-21T16:38:00,2016-01-21T16:38:00,401,0
http://irail.be/vehicle/IC938,http://irail.be/stations/NMBS/008861119,IC,2016-01-21T16:41:00,2016-01-21T16:41:00,445,445
http://irail.be/vehicle/IC938,http://irail.be/stations/NMBS/008861127,IC,2016-01-21T16:43:00,2016-01-21T16:43:00,396,379
http://irail.be/vehicle/IC938,http://irail.be/stations/NMBS/008861135,IC,2016-01-21T16:46:00,2016-01-21T16:46:00,359,396
http://irail.be/vehicle/IC938,http://irail.be/stations/NMBS/008861143,IC,2016-01-21T16:49:00,2016-01-21T16:49:00,271,271
http://irail.be/vehicle/IC938,http://irail.be/stations/NMBS/008861150,IC,2016-01-21T16:51:00,2016-01-21T16:51:00,271,271
http://irail.be/vehicle/IC938,NO-URI,IC,2016-01-21T16:51:00,2016-01-21T16:51:00,303,299
http://irail.be/vehicle/IC938,http://irail.be/stations/NMBS/008861168,IC,2016-01-21T16:52:00,2016-01-21T16:52:00,303,303
http://irail.be/vehicle/IC938,http://irail.be/stations/NMBS/008874724,IC,2016-01-21T16:52:00,2016-01-21T16:52:00,310,303
http://irail.be/vehicle/IC938,NO-URI,IC,2016-01-21T16:54:00,2016-01-21T16:54:00,216,213
http://irail.be/vehicle/IC938,http://irail.be/stations/NMBS/008874716,IC,2016-01-21T16:55:00,2016-01-21T16:55:00,227,227
http://irail.be/vehicle/IC938,http://irail.be/stations/NMBS/008874609,IC,2016-01-21T16:58:00,2016-01-21T16:57:00,261,241
http://irail.be/vehicle/IC938,http://irail.be/stations/NMBS/008874583,IC,2016-01-21T17:00:00,2016-01-21T17:00:00,261,261
http://irail.be/vehicle/IC938,http://irail.be/stations/NMBS/008874567,IC,2016-01-21T17:01:00,2016-01-21T17:01:00,261,261
http://irail.be/vehicle/IC938,http://irail.be/stations/NMBS/008874559,IC,2016-01-21T17:02:00,2016-01-21T17:02:00,240,240
http://irail.be/vehicle/IC938,http://irail.be/stations/NMBS/008874005,IC,2016-01-21T17:03:00,2016-01-21T17:03:00,255,250
http://irail.be/vehicle/IC938,http://irail.be/stations/NMBS/008874054,IC,2016-01-21T17:06:00,2016-01-21T17:06:00,209,204
http://irail.be/vehicle/IC938,http://irail.be/stations/NMBS/008872009,IC,2016-01-21T17:11:00,2016-01-21T17:08:00,197,247
http://irail.be/vehicle/IC938,http://irail.be/stations/NMBS/008871100,IC,2016-01-21T17:15:00,2016-01-21T17:15:00,181,146
http://irail.be/vehicle/IC938,http://irail.be/stations/NMBS/008871514,IC,2016-01-21T17:19:00,2016-01-21T17:19:00,181,181
http://irail.be/vehicle/IC938,http://irail.be/stations/NMBS/008871415,IC,2016-01-21T17:20:00,2016-01-21T17:20:00,180,177
http://irail.be/vehicle/IC938,http://irail.be/stations/NMBS/008882248,IC,2016-01-21T17:22:00,2016-01-21T17:22:00,180,180
http://irail.be/vehicle/IC938,http://irail.be/stations/NMBS/008882230,IC,2016-01-21T17:23:00,2016-01-21T17:23:00,180,180
http://irail.be/vehicle/IC938,http://irail.be/stations/NMBS/008882206,IC,2016-01-21T17:28:00,2016-01-21T17:27:00,206,189
http://irail.be/vehicle/IC938,http://irail.be/stations/NMBS/008881463,IC,2016-01-21T17:32:00,2016-01-21T17:32:00,220,220
http://irail.be/vehicle/IC938,http://irail.be/stations/NMBS/008881455,IC,2016-01-21T17:33:00,2016-01-21T17:33:00,220,220
http://irail.be/vehicle/IC938,http://irail.be/stations/NMBS/008881430,IC,2016-01-21T17:35:00,2016-01-21T17:35:00,220,220
http://irail.be/vehicle/IC938,NO-URI,IC,2016-01-21T17:36:00,2016-01-21T17:36:00,213,211
http://irail.be/vehicle/IC938,http://irail.be/stations/NMBS/008881406,IC,2016-01-21T17:37:00,2016-01-21T17:37:00,153,153
http://irail.be/vehicle/IC938,http://irail.be/stations/NMBS/008881315,IC,2016-01-21T17:39:00,2016-01-21T17:39:00,153,153
http://irail.be/vehicle/IC938,http://irail.be/stations/NMBS/008881000,IC,2016-01-21T17:45:00,2016-01-21T17:42:00,147,235
http://irail.be/vehicle/IC938,http://irail.be/stations/NMBS/008884566,IC,2016-01-21T17:50:00,2016-01-21T17:50:00,90,87
http://irail.be/vehicle/IC938,http://irail.be/stations/NMBS/008884541,IC,2016-01-21T17:51:00,2016-01-21T17:51:00,86,86
http://irail.be/vehicle/IC938,http://irail.be/stations/NMBS/008884004,IC,2016-01-21T17:54:00,2016-01-21T17:53:00,1548,115
http://irail.be/vehicle/IC938,http://irail.be/stations/NMBS/008884632,IC,2016-01-21T17:59:00,2016-01-21T17:59:00,1548,1548
http://irail.be/vehicle/IC938,http://irail.be/stations/NMBS/008884640,IC,2016-01-21T18:00:00,2016-01-21T18:00:00,1548,1548
http://irail.be/vehicle/IC938,http://irail.be/stations/NMBS/008884715,IC,2016-01-21T18:01:00,2016-01-21T18:01:00,1549,1540
http://irail.be/vehicle/IC938,http://irail.be/stations/NMBS/008884855,IC,2016-01-21T18:04:00,2016-01-21T18:04:00,1549,1549
http://irail.be/vehicle/IC938,http://irail.be/stations/NMBS/008884889,IC,2016-01-21T18:06:00,2016-01-21T18:06:00,1549,1549
http://irail.be/vehicle/IC938,http://irail.be/stations/NMBS/008885530,IC,2016-01-21T18:08:00,2016-01-21T18:08:00,1489,1489
http://irail.be/vehicle/IC938,http://irail.be/stations/NMBS/008885522,IC,2016-01-21T18:09:00,2016-01-21T18:09:00,1553,1543
http://irail.be/vehicle/IC938,http://irail.be/stations/NMBS/008885001,IC,2016-01-21T18:19:00,2016-01-21T18:15:00,1612,1536
http://irail.be/vehicle/IC938,http://irail.be/stations/NMBS/008885068,IC,2016-01-21T18:23:00,2016-01-21T18:23:00,1648,1594
http://irail.be/vehicle/IC938,http://irail.be/stations/NMBS/008885753,IC,2016-01-21T18:33:00,2016-01-21T18:33:00,1468,1468
http://irail.be/vehicle/IC938,http://irail.be/stations/NMBS/008885704,IC,2016-01-21T18:37:00,2016-01-21T18:37:00,0,1633
http://irail.be/vehicle/IC938,http://irail.be/stations/NMBS/008863008,IC,2016-12-21T16:38:00,2016-12-21T16:38:00,53,
http://irail.be/vehicle/IC938,http://irail.be/stations/NMBS/008861119,IC,2016-12-21T16:41:00,2016-12-21T16:41:00,62,62
http://irail.be/vehicle/IC938,http://irail.be/stations/NMBS/008861127,IC,2016-12-21T16:43:00,2016-12-21T16:43:00,19,19
http://irail.be/vehicle/IC938,http://irail.be/stations/NMBS/008861135,IC,2016-12-21T16:46:00,2016-12-21T16:46:00,19,19
http://irail.be/vehicle/IC938,http://irail.be/stations/NMBS/008861143,IC,2016-12-21T16:49:00,2016-12-21T16:49:00,-38,-38
http://irail.be/vehicle/IC938,http://irail.be/stations/NMBS/008861150,IC,2016-12-21T16:51:00,2016-12-21T16:51:00,-12,-12
http://irail.be/vehicle/IC938,NO-URI,IC,2016-12-21T16:51:00,2016-12-21T16:51:00,-12,-12
http://irail.be/vehicle/IC938,http://irail.be/stations/NMBS/008861168,IC,2016-12-21T16:52:00,2016-12-21T16:52:00,-4,-4
http://irail.be/vehicle/IC938,http://irail.be/stations/NMBS/008874724,IC,2016-12-21T16:52:00,2016-12-21T16:52:00,1,1
http://irail.be/vehicle/IC938,NO-URI,IC,2016-12-21T16:54:00,2016-12-21T16:54:00,1,1
http://irail.be/vehicle/IC938,http://irail.be/stations/NMBS/008874716,IC,2016-12-21T16:55:00,2016-12-21T16:55:00,-42,-42
http://irail.be/vehicle/IC938,http://irail.be/stations/NMBS/008874609,IC,2016-12-21T16:58:00,2016-12-21T16:57:00,-4,-22
http://irail.be/vehicle/IC938,http://irail.be/stations/NMBS/008874583,IC,2016-12-21T17:00:00,2016-12-21T17:00:00,-4,-4
http://irail.be/vehicle/IC938,http://irail.be/stations/NMBS/008874567,IC,2016-12-21T17:01:00,2016-12-21T17:01:00,-13,-13
http://irail.be/vehicle/IC938,http://irail.be/stations/NMBS/008874559,IC,2016-12-21T17:02:00,2016-12-21T17:02:00,-13,-13
http://irail.be/vehicle/IC938,http://irail.be/stations/NMBS/008874005,IC,2016-12-21T17:03:00,2016-12-21T17:03:00,-16,-16
http://irail.be/vehicle/IC938,http://irail.be/stations/NMBS/008874054,IC,2016-12-21T17:06:00,2016-12-21T17:06:00,-62,-62
http://irail.be/vehicle/IC938,http://irail.be/stations/NMBS/008872009,IC,2016-12-21T17:11:00,2016-12-21T17:08:00,53,-77
http://irail.be/vehicle/IC938,http://irail.be/stations/NMBS/008871100,IC,2016-12-21T17:15:00,2016-12-21T17:15:00,26,26
http://irail.be/vehicle/IC938,http://irail.be/stations/NMBS/008871514,IC,2016-12-21T17:19:00,2016-12-21T17:19:00,-9,-9
http://irail.be/vehicle/IC938,http://irail.be/stations/NMBS/008871415,IC,2016-12-21T17:20:00,2016-12-21T17:20:00,13,13
http://irail.be/vehicle/IC938,http://irail.be/stations/NMBS/008882248,IC,2016-12-21T17:22:00,2016-12-21T17:22:00,5,5
http://irail.be/vehicle/IC938,http://irail.be/stations/NMBS/008882230,IC,2016-12-21T17:23:00,2016-12-21T17:23:00,52,52
http://irail.be/vehicle/IC938,http://irail.be/stations/NMBS/008882206,IC,2016-12-21T17:28:00,2016-12-21T17:27:00,3,18
http://irail.be/vehicle/IC938,http://irail.be/stations/NMBS/008881463,IC,2016-12-21T17:32:00,2016-12-21T17:32:00,-5,-5
http://irail.be/vehicle/IC938,http://irail.be/stations/NMBS/008881455,IC,2016-12-21T17:33:00,2016-12-21T17:33:00,-23,-23
http://irail.be/vehicle/IC938,http://irail.be/stations/NMBS/008881430,IC,2016-12-21T17:35:00,2016-12-21T17:35:00,-23,-23
http://irail.be/vehicle/IC938,NO-URI,IC,2016-12-21T17:36:00,2016-12-21T17:36:00,-23,-23
http://irail.be/vehicle/IC938,http://irail.be/stations/NMBS/008881406,IC,2016-12-21T17:37:00,2016-12-21T17:37:00,-40,-40
http://irail.be/vehicle/IC938,http://irail.be/stations/NMBS/008881315,IC,2016-12-21T17:39:00,2016-12-21T17:39:00,-12,-12
http://irail.be/vehicle/IC938,http://irail.be/stations/NMBS/008881000,IC,2016-12-21T17:45:00,2016-12-21T17:42:00,31,-12
http://irail.be/vehicle/IC938,http://irail.be/stations/NMBS/008884566,IC,2016-12-21T17:50:00,2016-12-21T17:50:00,31,31
http://irail.be/vehicle/IC938,http://irail.be/stations/NMBS/008884541,IC,2016-12-21T17:51:00,2016-12-21T17:51:00,6,6
http://irail.be/vehicle/IC938,http://irail.be/stations/NMBS/008884004,IC,2016-12-21T17:54:00,2016-12-21T17:53:00,-22,16
http://irail.be/vehicle/IC938,http://irail.be/stations/NMBS/008884632,IC,2016-12-21T17:59:00,2016-12-21T17:59:00,-22,-22
http://irail.be/vehicle/IC938,http://irail.be/stations/NMBS/008884640,IC,2016-12-21T18:00:00,2016-12-21T18:00:00,25,25
http://irail.be/vehicle/IC938,http://irail.be/stations/NMBS/008884715,IC,2016-12-21T18:01:00,2016-12-21T18:01:00,25,25
http://irail.be/vehicle/IC938,http://irail.be/stations/NMBS/008884855,IC,2016-12-21T18:04:00,2016-12-21T18:04:00,27,27
http://irail.be/vehicle/IC938,http://irail.be/stations/NMBS/008884889,IC,2016-12-21T18:06:00,2016-12-21T18:06:00,-25,-25
http://irail.be/vehicle/IC938,http://irail.be/stations/NMBS/008885530,IC,2016-12-21T18:08:00,2016-12-21T18:08:00,-25,-25
http://irail.be/vehicle/IC938,http://irail.be/stations/NMBS/008885522,IC,2016-12-21T18:09:00,2016-12-21T18:09:00,4,4
http://irail.be/vehicle/IC938,http://irail.be/stations/NMBS/008885001,IC,2016-12-21T18:19:00,2016-12-21T18:15:00,21,-11
http://irail.be/vehicle/IC938,http://irail.be/stations/NMBS/008885068,IC,2016-12-21T18:23:00,2016-12-21T18:23:00,27,2
http://irail.be/vehicle/IC938,http://irail.be/stations/NMBS/008885753,IC,2016-12-21T18:33:00,2016-12-21T18:33:00,352,27
http://irail.be/vehicle/IC938,http://irail.be/stations/NMBS/008885704,IC,2016-12-21T18:37:00,2016-12-21T18:37:00,,352
http://irail.be/vehicle/IC938,http://irail.be/stations/NMBS/008863008,IC,2016-01-22T16:38:00,2016-01-22T16:38:00,20,0
http://irail.be/vehicle/IC938,http://irail.be/stations/NMBS/008861119,IC,2016-01-22T16:41:00,2016-01-22T16:41:00,48,48
http://irail.be/vehicle/IC938,http://irail.be/stations/NMBS/008861127,IC,2016-01-22T16:43:00,2016-01-22T16:43:00,-4,-19
http://irail.be/vehicle/IC938,http://irail.be/stations/NMBS/008861135,IC,2016-01-22T16:46:00,2016-01-22T16:46:00,-43,-4
http://irail.be/vehicle/IC938,http://irail.be/stations/NMBS/008861143,IC,2016-01-22T16:49:00,2016-01-22T16:49:00,-132,-132
http://irail.be/vehicle/IC938,http://irail.be/stations/NMBS/008861150,IC,2016-01-22T16:51:00,2016-01-22T16:51:00,-132,-132
http://irail.be/vehicle/IC938,NO-URI,IC,2016-01-22T16:51:00,2016-01-22T16:51:00,-107,-109
http://irail.be/vehicle/IC938,http://irail.be/stations/NMBS/008861168,IC,2016-01-22T16:52:00,2016-01-22T16:52:00,-107,-107
http://irail.be/vehicle/IC938,http://irail.be/stations/NMBS/008874724,IC,2016-01-22T16:52:00,2016-01-22T16:52:00,-103,-107
http://irail.be/vehicle/IC938,NO-URI,IC,2016-01-22T16:54:00,2016-01-22T16:54:00,-197,-200
http://irail.be/vehicle/IC938,http://irail.be/stations/NMBS/008874716,IC,2016-01-22T16:55:00,2016-01-22T16:55:00,-39,-39
http://irail.be/vehicle/IC938,http://irail.be/stations/NMBS/008874609,IC,2016-01-22T16:58:00,2016-01-22T16:57:00,17,2
http://irail.be/vehicle/IC938,http://irail.be/stations/NMBS/008874583,IC,2016-01-22T17:00:00,2016-01-22T17:00:00,17,17
http://irail.be/vehicle/IC938,http://irail.be/stations/NMBS/008874567,IC,2016-01-22T17:01:00,2016-01-22T17:01:00,17,17
http://irail.be/vehicle/IC938,http://irail.be/stations/NMBS/008874559,IC,2016-01-22T17:02:00,2016-01-22T17:02:00,-8,-8
http://irail.be/vehicle/IC938,http://irail.be/stations/NMBS/008874005,IC,2016-01-22T17:03:00,2016-01-22T17:03:00,5,0
http://irail.be/vehicle/IC938,http://irail.be/stations/NMBS/008874054,IC,2016-01-22T17:06:00,2016-01-22T17:06:00,-43,-50
http://irail.be/vehicle/IC938,http://irail.be/stations/NMBS/008872009,IC,2016-01-22T17:11:00,2016-01-22T17:08:00,17,8
http://irail.be/vehicle/IC938,http://irail.be/stations/NMBS/008871100,IC,2016-01-22T17:15:00,2016-01-22T17:15:00,8,-23
http://irail.be/vehicle/IC938,http://irail.be/stations/NMBS/008871514,IC,2016-01-22T17:19:00,2016-01-22T17:19:00,4,4
http://irail.be/vehicle/IC938,http://irail.be/stations/NMBS/008871415,IC,2016-01-22T17:20:00,2016-01-22T17:20:00,-20,-17
http://irail.be/vehicle/IC938,http://irail.be/stations/NMBS/008882248,IC,2016-01-22T17:22:00,2016-01-22T17:22:00,-20,-20
http://irail.be/vehicle/IC938,http://irail.be/stations/NMBS/008882230,IC,2016-01-22T17:23:00,2016-01-22T17:23:00,-20,-20
http://irail.be/vehicle/IC938,http://irail.be/stations/NMBS/008882206,IC,2016-01-22T17:28:00,2016-01-22T17:27:00,-1,-60
http://irail.be/vehicle/IC938,http://irail.be/stations/NMBS/008881463,IC,2016-01-22T17:32:00,2016-01-22T17:32:00,-4,-4
http://irail.be/vehicle/IC938,http://irail.be/stations/NMBS/008881455,IC,2016-01-22T17:33:00,2016-01-22T17:33:00,-4,-4
http://irail.be/vehicle/IC938,http://irail.be/stations/NMBS/008881430,IC,2016-01-22T17:35:00,2016-01-22T17:35:00,-4,-4
http://irail.be/vehicle/IC938,NO-URI,IC,2016-01-22T17:36:00,2016-01-22T17:36:00,-12,-13
http://irail.be/vehicle/IC938,http://irail.be/stations/NMBS/008881406,IC,2016-01-22T17:37:00,2016-01-22T17:37:00,-12,-12
http://irail.be/vehicle/IC938,http://irail.be/stations/NMBS/008881315,IC,2016-01-22T17:39:00,2016-01-22T17:39:00,-12,-12
http://irail.be/vehicle/IC938,http://irail.be/stations/NMBS/008881000,IC,2016-01-22T17:45:00,2016-01-22T17:42:00,23,-19
http://irail.be/vehicle/IC938,http://irail.be/stations/NMBS/008884566,IC,2016-01-22T17:50:00,2016-01-22T17:50:00,-18,-37
http://irail.be/vehicle/IC938,http://irail.be/stations/NMBS/008884541,IC,2016-01-22T17:51:00,2016-01-22T17:51:00,-27,-27
http://irail.be/vehicle/IC938,http://irail.be/stations/NMBS/008884004,IC,2016-01-22T17:54:00,2016-01-22T17:53:00,53,14
http://irail.be/vehicle/IC938,http://irail.be/stations/NMBS/008884632,IC,2016-01-22T17:59:00,2016-01-22T17:59:00,53,53
http://irail.be/vehicle/IC938,http://irail.be/stations/NMBS/008884640,IC,2016-01-22T18:00:00,2016-01-22T18:00:00,53,53
http://irail.be/vehicle/IC938,http://irail.be/stations/NMBS/008884715,IC,2016-01-22T18:01:00,2016-01-22T18:01:00,55,47
http://irail.be/vehicle/IC938,http://irail.be/stations/NMBS/008884855,IC,2016-01-22T18:04:00,2016-01-22T18:04:00,55,55
http://irail.be/vehicle/IC938,http://irail.be/stations/NMBS/008884889,IC,2016-01-22T18:06:00,2016-01-22T18:06:00,55,55
http://irail.be/vehicle/IC938,http://irail.be/stations/NMBS/008885530,IC,2016-01-22T18:08:00,2016-01-22T18:08:00,-5,-5
http://irail.be/vehicle/IC938,http://irail.be/stations/NMBS/008885522,IC,2016-01-22T18:09:00,2016-01-22T18:09:00,66,51
http://irail.be/vehicle/IC938,http://irail.be/stations/NMBS/008885001,IC,2016-01-22T18:19:00,2016-01-22T18:15:00,91,87
http://irail.be/vehicle/IC938,http://irail.be/stations/NMBS/008885068,IC,2016-01-22T18:23:00,2016-01-22T18:23:00,138,98
http://irail.be/vehicle/IC938,http://irail.be/stations/NMBS/008885753,IC,2016-01-22T18:33:00,2016-01-22T18:33:00,0,-42
http://irail.be/vehicle/IC938,http://irail.be/stations/NMBS/008885704,IC,2016-01-22T18:37:00,2016-01-22T18:37:00,0,106
http://irail.be/vehicle/IC938,http://irail.be/stations/NMBS/008863008,IC,2016-12-13T16:38:00,2016-12-13T16:38:00,93,
http://irail.be/vehicle/IC938,http://irail.be/stations/NMBS/008861119,IC,2016-12-13T16:41:00,2016-12-13T16:41:00,77,77
http://irail.be/vehicle/IC938,http://irail.be/stations/NMBS/008861127,IC,2016-12-13T16:43:00,2016-12-13T16:43:00,13,13
http://irail.be/vehicle/IC938,http://irail.be/stations/NMBS/008861135,IC,2016-12-13T16:46:00,2016-12-13T16:46:00,13,13
http://irail.be/vehicle/IC938,http://irail.be/stations/NMBS/008861143,IC,2016-12-13T16:49:00,2016-12-13T16:49:00,-86,-86
http://irail.be/vehicle/IC938,http://irail.be/stations/NMBS/008861150,IC,2016-12-13T16:51:00,2016-12-13T16:51:00,-78,-78
http://irail.be/vehicle/IC938,NO-URI,IC,2016-12-13T16:51:00,2016-12-13T16:51:00,-78,-78
http://irail.be/vehicle/IC938,http://irail.be/stations/NMBS/008861168,IC,2016-12-13T16:52:00,2016-12-13T16:52:00,-75,-75
http://irail.be/vehicle/IC938,http://irail.be/stations/NMBS/008874724,IC,2016-12-13T16:52:00,2016-12-13T16:52:00,-80,-80
http://irail.be/vehicle/IC938,NO-URI,IC,2016-12-13T16:54:00,2016-12-13T16:54:00,-80,-80
http://irail.be/vehicle/IC938,http://irail.be/stations/NMBS/008874716,IC,2016-12-13T16:55:00,2016-12-13T16:55:00,-60,-60
http://irail.be/vehicle/IC938,http://irail.be/stations/NMBS/008874609,IC,2016-12-13T16:58:00,2016-12-13T16:57:00,6,-26
http://irail.be/vehicle/IC938,http://irail.be/stations/NMBS/008874583,IC,2016-12-13T17:00:00,2016-12-13T17:00:00,6,6
http://irail.be/vehicle/IC938,http://irail.be/stations/NMBS/008874567,IC,2016-12-13T17:01:00,2016-12-13T17:01:00,-2,-2
http://irail.be/vehicle/IC938,http://irail.be/stations/NMBS/008874559,IC,2016-12-13T17:02:00,2016-12-13T17:02:00,-2,-2
http://irail.be/vehicle/IC938,http://irail.be/stations/NMBS/008874005,IC,2016-12-13T17:03:00,2016-12-13T17:03:00,-7,-7
http://irail.be/vehicle/IC938,http://irail.be/stations/NMBS/008874054,IC,2016-12-13T17:06:00,2016-12-13T17:06:00,-54,-54
http://irail.be/vehicle/IC938,http://irail.be/stations/NMBS/008872009,IC,2016-12-13T17:11:00,2016-12-13T17:08:00,-17,-71
http://irail.be/vehicle/IC938,http://irail.be/stations/NMBS/008871100,IC,2016-12-13T17:15:00,2016-12-13T17:15:00,-56,-56
http://irail.be/vehicle/IC938,http://irail.be/stations/NMBS/008871514,IC,2016-12-13T17:19:00,2016-12-13T17:19:00,116,116
http://irail.be/vehicle/IC938,http://irail.be/stations/NMBS/008871415,IC,2016-12-13T17:20:00,2016-12-13T17:20:00,198,198
http://irail.be/vehicle/IC938,http://irail.be/stations/NMBS/008882248,IC,2016-12-13T17:22:00,2016-12-13T17:22:00,245,245
http://irail.be/vehicle/IC938,http://irail.be/stations/NMBS/008882230,IC,2016-12-13T17:23:00,2016-12-13T17:23:00,611,611
http://irail.be/vehicle/IC938,http://irail.be/stations/NMBS/008882206,IC,2016-12-13T17:28:00,2016-12-13T17:27:00,700,665
http://irail.be/vehicle/IC938,http://irail.be/stations/NMBS/008881463,IC,2016-12-13T17:32:00,2016-12-13T17:32:00,700,700
http://irail.be/vehicle/IC938,http://irail.be/stations/NMBS/008881455,IC,2016-12-13T17:33:00,2016-12-13T17:33:00,682,682
http://irail.be/vehicle/IC938,http://irail.be/stations/NMBS/008881430,IC,2016-12-13T17:35:00,2016-12-13T17:35:00,682,682
http://irail.be/vehicle/IC938,NO-URI,IC,2016-12-13T17:36:00,2016-12-13T17:36:00,682,682
http://irail.be/vehicle/IC938,http://irail.be/stations/NMBS/008881406,IC,2016-12-13T17:37:00,2016-12-13T17:37:00,664,664
http://irail.be/vehicle/IC938,http://irail.be/stations/NMBS/008881315,IC,2016-12-13T17:39:00,2016-12-13T17:39:00,645,645
http://irail.be/vehicle/IC938,http://irail.be/stations/NMBS/008881000,IC,2016-12-13T17:45:00,2016-12-13T17:42:00,608,645
http://irail.be/vehicle/IC938,http://irail.be/stations/NMBS/008884566,IC,2016-12-13T17:50:00,2016-12-13T17:50:00,608,608
http://irail.be/vehicle/IC938,http://irail.be/stations/NMBS/008884541,IC,2016-12-13T17:51:00,2016-12-13T17:51:00,562,562
http://irail.be/vehicle/IC938,http://irail.be/stations/NMBS/008884004,IC,2016-12-13T17:54:00,2016-12-13T17:53:00,524,563
http://irail.be/vehicle/IC938,http://irail.be/stations/NMBS/008884632,IC,2016-12-13T17:59:00,2016-12-13T17:59:00,524,524
http://irail.be/vehicle/IC938,http://irail.be/stations/NMBS/008884640,IC,2016-12-13T18:00:00,2016-12-13T18:00:00,575,575
http://irail.be/vehicle/IC938,http://irail.be/stations/NMBS/008884715,IC,2016-12-13T18:01:00,2016-12-13T18:01:00,575,575
http://irail.be/vehicle/IC938,http://irail.be/stations/NMBS/008884855,IC,2016-12-13T18:04:00,2016-12-13T18:04:00,582,582
http://irail.be/vehicle/IC938,http://irail.be/stations/NMBS/008884889,IC,2016-12-13T18:06:00,2016-12-13T18:06:00,566,566
http://irail.be/vehicle/IC938,http://irail.be/stations/NMBS/008885530,IC,2016-12-13T18:08:00,2016-12-13T18:08:00,566,566
http://irail.be/vehicle/IC938,http://irail.be/stations/NMBS/008885522,IC,2016-12-13T18:09:00,2016-12-13T18:09:00,571,571
http://irail.be/vehicle/IC938,http://irail.be/stations/NMBS/008885001,IC,2016-12-13T18:19:00,2016-12-13T18:15:00,438,581
http://irail.be/vehicle/IC938,http://irail.be/stations/NMBS/008885068,IC,2016-12-13T18:23:00,2016-12-13T18:23:00,478,415
http://irail.be/vehicle/IC938,http://irail.be/stations/NMBS/008885753,IC,2016-12-13T18:33:00,2016-12-13T18:33:00,397,397
http://irail.be/vehicle/IC938,http://irail.be/stations/NMBS/008885704,IC,2016-12-13T18:37:00,2016-12-13T18:37:00,,397
http://irail.be/vehicle/IC938,http://irail.be/stations/NMBS/008863008,IC,2016-02-22T16:38:00,2016-02-22T16:38:00,33,0
http://irail.be/vehicle/IC938,http://irail.be/stations/NMBS/008861119,IC,2016-02-22T16:41:00,2016-02-22T16:41:00,65,65
http://irail.be/vehicle/IC938,http://irail.be/stations/NMBS/008861127,IC,2016-02-22T16:43:00,2016-02-22T16:43:00,11,-4
http://irail.be/vehicle/IC938,http://irail.be/stations/NMBS/008861135,IC,2016-02-22T16:46:00,2016-02-22T16:46:00,-28,11
http://irail.be/vehicle/IC938,http://irail.be/stations/NMBS/008861143,IC,2016-02-22T16:49:00,2016-02-22T16:49:00,-118,-118
http://irail.be/vehicle/IC938,http://irail.be/stations/NMBS/008861150,IC,2016-02-22T16:51:00,2016-02-22T16:51:00,-118,-118
http://irail.be/vehicle/IC938,NO-URI,IC,2016-02-22T16:51:00,2016-02-22T16:51:00,-94,-94
http://irail.be/vehicle/IC938,http://irail.be/stations/NMBS/008861168,IC,2016-02-22T16:52:00,2016-02-22T16:52:00,-94,-94
http://irail.be/vehicle/IC938,http://irail.be/stations/NMBS/008874724,IC,2016-02-22T16:52:00,2016-02-22T16:52:00,-87,-94
http://irail.be/vehicle/IC938,NO-URI,IC,2016-02-22T16:54:00,2016-02-22T16:54:00,-181,-184
http://irail.be/vehicle/IC938,http://irail.be/stations/NMBS/008874716,IC,2016-02-22T16:55:00,2016-02-22T16:55:00,-94,-94
http://irail.be/vehicle/IC938,http://irail.be/stations/NMBS/008874609,IC,2016-02-22T16:58:00,2016-02-22T16:57:00,95,61
http://irail.be/vehicle/IC938,http://irail.be/stations/NMBS/008874583,IC,2016-02-22T17:00:00,2016-02-22T17:00:00,0,0
http://irail.be/vehicle/IC938,http://irail.be/stations/NMBS/008874567,IC,2016-02-22T17:01:00,2016-02-22T17:01:00,0,0
http://irail.be/vehicle/IC938,http://irail.be/stations/NMBS/008874559,IC,2016-02-22T17:02:00,2016-02-22T17:02:00,66,66
http://irail.be/vehicle/IC938,http://irail.be/stations/NMBS/008874005,IC,2016-02-22T17:03:00,2016-02-22T17:03:00,77,73
http://irail.be/vehicle/IC938,http://irail.be/stations/NMBS/008874054,IC,2016-02-22T17:06:00,2016-02-22T17:06:00,27,23
http://irail.be/vehicle/IC938,http://irail.be/stations/NMBS/008872009,IC,2016-02-22T17:11:00,2016-02-22T17:08:00,51,66
http://irail.be/vehicle/IC938,http://irail.be/stations/NMBS/008871100,IC,2016-02-22T17:15:00,2016-02-22T17:15:00,29,-3
http://irail.be/vehicle/IC938,http://irail.be/stations/NMBS/008871514,IC,2016-02-22T17:19:00,2016-02-22T17:19:00,26,26
http://irail.be/vehicle/IC938,http://irail.be/stations/NMBS/008871415,IC,2016-02-22T17:20:00,2016-02-22T17:20:00,11,8
http://irail.be/vehicle/IC938,http://irail.be/stations/NMBS/008882248,IC,2016-02-22T17:22:00,2016-02-22T17:22:00,11,11
http://irail.be/vehicle/IC938,http://irail.be/stations/NMBS/008882230,IC,2016-02-22T17:23:00,2016-02-22T17:23:00,0,0
http://irail.be/vehicle/IC938,http://irail.be/stations/NMBS/008882206,IC,2016-02-22T17:28:00,2016-02-22T17:27:00,39,-28
http://irail.be/vehicle/IC938,http://irail.be/stations/NMBS/008881463,IC,2016-02-22T17:32:00,2016-02-22T17:32:00,30,30
http://irail.be/vehicle/IC938,http://irail.be/stations/NMBS/008881455,IC,2016-02-22T17:33:00,2016-02-22T17:33:00,30,30
http://irail.be/vehicle/IC938,http://irail.be/stations/NMBS/008881430,IC,2016-02-22T17:35:00,2016-02-22T17:35:00,0,0
http://irail.be/vehicle/IC938,NO-URI,IC,2016-02-22T17:36:00,2016-02-22T17:36:00,18,17
http://irail.be/vehicle/IC938,http://irail.be/stations/NMBS/008881406,IC,2016-02-22T17:37:00,2016-02-22T17:37:00,-42,-42
http://irail.be/vehicle/IC938,http://irail.be/stations/NMBS/008881315,IC,2016-02-22T17:39:00,2016-02-22T17:39:00,0,0
http://irail.be/vehicle/IC938,http://irail.be/stations/NMBS/008881000,IC,2016-02-22T17:45:00,2016-02-22T17:42:00,35,57
http://irail.be/vehicle/IC938,http://irail.be/stations/NMBS/008884566,IC,2016-02-22T17:50:00,2016-02-22T17:50:00,-17,-25
http://irail.be/vehicle/IC938,http://irail.be/stations/NMBS/008884541,IC,2016-02-22T17:51:00,2016-02-22T17:51:00,-22,-22
http://irail.be/vehicle/IC938,http://irail.be/stations/NMBS/008884004,IC,2016-02-22T17:54:00,2016-02-22T17:53:00,188,93
http://irail.be/vehicle/IC938,http://irail.be/stations/NMBS/008884632,IC,2016-02-22T17:59:00,2016-02-22T17:59:00,0,0
http://irail.be/vehicle/IC938,http://irail.be/stations/NMBS/008884640,IC,2016-02-22T18:00:00,2016-02-22T18:00:00,0,0
http://irail.be/vehicle/IC938,http://irail.be/stations/NMBS/008884715,IC,2016-02-22T18:01:00,2016-02-22T18:01:00,187,181
http://irail.be/vehicle/IC938,http://irail.be/stations/NMBS/008884855,IC,2016-02-22T18:04:00,2016-02-22T18:04:00,187,187
http://irail.be/vehicle/IC938,http://irail.be/stations/NMBS/008884889,IC,2016-02-22T18:06:00,2016-02-22T18:06:00,0,0
http://irail.be/vehicle/IC938,http://irail.be/stations/NMBS/008885530,IC,2016-02-22T18:08:00,2016-02-22T18:08:00,0,0
http://irail.be/vehicle/IC938,http://irail.be/stations/NMBS/008885522,IC,2016-02-22T18:09:00,2016-02-22T18:09:00,281,172
http://irail.be/vehicle/IC938,http://irail.be/stations/NMBS/008885001,IC,2016-02-22T18:19:00,2016-02-22T18:15:00,148,277
http://irail.be/vehicle/IC938,http://irail.be/stations/NMBS/008885068,IC,2016-02-22T18:23:00,2016-02-22T18:23:00,173,124
http://irail.be/vehicle/IC938,http://irail.be/stations/NMBS/008885753,IC,2016-02-22T18:33:00,2016-02-22T18:33:00,0,0
http://irail.be/vehicle/IC938,http://irail.be/stations/NMBS/008885704,IC,2016-02-22T18:37:00,2016-02-22T18:37:00,0,96
http://irail.be/vehicle/IC938,http://irail.be/stations/NMBS/008863008,IC,2016-09-13T16:38:00,2016-09-13T16:38:00,22,
http://irail.be/vehicle/IC938,http://irail.be/stations/NMBS/008861119,IC,2016-09-13T16:41:00,2016-09-13T16:41:00,66,66
http://irail.be/vehicle/IC938,http://irail.be/stations/NMBS/008861127,IC,2016-09-13T16:43:00,2016-09-13T16:43:00,18,18
http://irail.be/vehicle/IC938,http://irail.be/stations/NMBS/008861135,IC,2016-09-13T16:46:00,2016-09-13T16:46:00,-13,-13
http://irail.be/vehicle/IC938,http://irail.be/stations/NMBS/008861143,IC,2016-09-13T16:49:00,2016-09-13T16:49:00,-95,-95
http://irail.be/vehicle/IC938,http://irail.be/stations/NMBS/008861150,IC,2016-09-13T16:51:00,2016-09-13T16:51:00,-95,-95
http://irail.be/vehicle/IC938,NO-URI,IC,2016-09-13T16:51:00,2016-09-13T16:51:00,-39,-39
http://irail.be/vehicle/IC938,http://irail.be/stations/NMBS/008861168,IC,2016-09-13T16:52:00,2016-09-13T16:52:00,-39,-39
http://irail.be/vehicle/IC938,http://irail.be/stations/NMBS/008874724,IC,2016-09-13T16:52:00,2016-09-13T16:52:00,-19,-19
http://irail.be/vehicle/IC938,NO-URI,IC,2016-09-13T16:54:00,2016-09-13T16:54:00,-104,-104
http://irail.be/vehicle/IC938,http://irail.be/stations/NMBS/008874716,IC,2016-09-13T16:55:00,2016-09-13T16:55:00,-17,-17
http://irail.be/vehicle/IC938,http://irail.be/stations/NMBS/008874609,IC,2016-09-13T16:58:00,2016-09-13T16:57:00,87,49
http://irail.be/vehicle/IC938,http://irail.be/stations/NMBS/008874583,IC,2016-09-13T17:00:00,2016-09-13T17:00:00,87,87
http://irail.be/vehicle/IC938,http://irail.be/stations/NMBS/008874567,IC,2016-09-13T17:01:00,2016-09-13T17:01:00,87,87
http://irail.be/vehicle/IC938,http://irail.be/stations/NMBS/008874559,IC,2016-09-13T17:02:00,2016-09-13T17:02:00,54,54
http://irail.be/vehicle/IC938,NO-URI,IC,2016-09-13T17:03:00,2016-09-13T17:03:00,54,54
http://irail.be/vehicle/IC938,http://irail.be/stations/NMBS/008874005,IC,2016-09-13T17:03:00,2016-09-13T17:03:00,64,64
http://irail.be/vehicle/IC938,http://irail.be/stations/NMBS/008874054,IC,2016-09-13T17:06:00,2016-09-13T17:06:00,38,38
http://irail.be/vehicle/IC938,http://irail.be/stations/NMBS/008872009,IC,2016-09-13T17:11:00,2016-09-13T17:08:00,118,183
http://irail.be/vehicle/IC938,http://irail.be/stations/NMBS/008871100,IC,2016-09-13T17:15:00,2016-09-13T17:15:00,211,211
http://irail.be/vehicle/IC938,http://irail.be/stations/NMBS/008871514,IC,2016-09-13T17:19:00,2016-09-13T17:19:00,230,230
http://irail.be/vehicle/IC938,http://irail.be/stations/NMBS/008871415,IC,2016-09-13T17:20:00,2016-09-13T17:20:00,225,225
http://irail.be/vehicle/IC938,http://irail.be/stations/NMBS/008882248,IC,2016-09-13T17:22:00,2016-09-13T17:22:00,225,225
http://irail.be/vehicle/IC938,http://irail.be/stations/NMBS/008882230,IC,2016-09-13T17:23:00,2016-09-13T17:23:00,225,225
http://irail.be/vehicle/IC938,http://irail.be/stations/NMBS/008882206,IC,2016-09-13T17:28:00,2016-09-13T17:27:00,201,172
http://irail.be/vehicle/IC938,http://irail.be/stations/NMBS/008881463,IC,2016-09-13T17:32:00,2016-09-13T17:32:00,184,184
http://irail.be/vehicle/IC938,http://irail.be/stations/NMBS/008881455,IC,2016-09-13T17:33:00,2016-09-13T17:33:00,184,184
http://irail.be/vehicle/IC938,http://irail.be/stations/NMBS/008881430,IC,2016-09-13T17:35:00,2016-09-13T17:35:00,184,184
http://irail.be/vehicle/IC938,NO-URI,IC,2016-09-13T17:36:00,2016-09-13T17:36:00,174,174
http://irail.be/vehicle/IC938,http://irail.be/stations/NMBS/008881406,IC,2016-09-13T17:37:00,2016-09-13T17:37:00,114,114
http://irail.be/vehicle/IC938,http://irail.be/stations/NMBS/008881315,IC,2016-09-13T17:39:00,2016-09-13T17:39:00,114,114
http://irail.be/vehicle/IC938,http://irail.be/stations/NMBS/008881000,IC,2016-09-13T17:45:00,2016-09-13T17:42:00,540,207
http://irail.be/vehicle/IC938,http://irail.be/stations/NMBS/008881125,IC,2016-09-13T17:51:00,2016-09-13T17:51:00,505,505
http://irail.be/vehicle/IC938,http://irail.be/stations/NMBS/008881158,IC,2016-09-13T17:55:00,2016-09-13T17:55:00,505,505
http://irail.be/vehicle/IC938,http://irail.be/stations/NMBS/008881166,IC,2016-09-13T17:59:00,2016-09-13T17:59:00,317,317
http://irail.be/vehicle/IC938,http://irail.be/stations/NMBS/008881190,IC,2016-09-13T18:04:00,2016-09-13T18:04:00,316,316
http://irail.be/vehicle/IC938,http://irail.be/stations/NMBS/008886074,IC,2016-09-13T18:08:00,2016-09-13T18:08:00,316,316
http://irail.be/vehicle/IC938,http://irail.be/stations/NMBS/008886066,IC,2016-09-13T18:11:00,2016-09-13T18:11:00,-21,-21
http://irail.be/vehicle/IC938,http://irail.be/stations/NMBS/008886058,IC,2016-09-13T18:14:00,2016-09-13T18:14:00,-21,-21
http://irail.be/vehicle/IC938,http://irail.be/stations/NMBS/008886041,IC,2016-09-13T18:17:00,2016-09-13T18:17:00,-21,-21
http://irail.be/vehicle/IC938,http://irail.be/stations/NMBS/008886009,IC,2016-09-13T18:22:00,2016-09-13T18:22:00,-296,-296
http://irail.be/vehicle/IC938,http://irail.be/stations/NMBS/008886348,IC,2016-09-13T18:32:00,2016-09-13T18:32:00,-23,-23
http://irail.be/vehicle/IC938,NO-URI,IC,2016-09-13T18:41:00,2016-09-13T18:41:00,-241,-241
http://irail.be/vehicle/IC938,http://irail.be/stations/NMBS/008885001,IC,2016-09-13T18:47:00,2016-09-13T18:47:00,,1675
http://irail.be/vehicle/IC938,http://irail.be/stations/NMBS/008863008,IC,2016-12-26T16:38:00,2016-12-26T16:38:00,118,
http://irail.be/vehicle/IC938,http://irail.be/stations/NMBS/008861119,IC,2016-12-26T16:41:00,2016-12-26T16:41:00,109,109
http://irail.be/vehicle/IC938,http://irail.be/stations/NMBS/008861127,IC,2016-12-26T16:43:00,2016-12-26T16:43:00,48,48
http://irail.be/vehicle/IC938,http://irail.be/stations/NMBS/008861135,IC,2016-12-26T16:46:00,2016-12-26T16:46:00,48,48
http://irail.be/vehicle/IC938,http://irail.be/stations/NMBS/008861143,IC,2016-12-26T16:49:00,2016-12-26T16:49:00,-45,-45
http://irail.be/vehicle/IC938,http://irail.be/stations/NMBS/008861150,IC,2016-12-26T16:51:00,2016-12-26T16:51:00,-48,-48
http://irail.be/vehicle/IC938,NO-URI,IC,2016-12-26T16:51:00,2016-12-26T16:51:00,-48,-48
http://irail.be/vehicle/IC938,http://irail.be/stations/NMBS/008861168,IC,2016-12-26T16:52:00,2016-12-26T16:52:00,-49,-49
http://irail.be/vehicle/IC938,http://irail.be/stations/NMBS/008874724,IC,2016-12-26T16:52:00,2016-12-26T16:52:00,-63,-63
http://irail.be/vehicle/IC938,NO-URI,IC,2016-12-26T16:54:00,2016-12-26T16:54:00,-63,-63
http://irail.be/vehicle/IC938,http://irail.be/stations/NMBS/008874716,IC,2016-12-26T16:55:00,2016-12-26T16:55:00,-35,-35
http://irail.be/vehicle/IC938,http://irail.be/stations/NMBS/008874609,IC,2016-12-26T16:58:00,2016-12-26T16:57:00,40,-19
http://irail.be/vehicle/IC938,http://irail.be/stations/NMBS/008874583,IC,2016-12-26T17:00:00,2016-12-26T17:00:00,40,40
http://irail.be/vehicle/IC938,http://irail.be/stations/NMBS/008874567,IC,2016-12-26T17:01:00,2016-12-26T17:01:00,35,35
http://irail.be/vehicle/IC938,http://irail.be/stations/NMBS/008874559,IC,2016-12-26T17:02:00,2016-12-26T17:02:00,35,35
http://irail.be/vehicle/IC938,http://irail.be/stations/NMBS/008874005,IC,2016-12-26T17:03:00,2016-12-26T17:03:00,30,30
http://irail.be/vehicle/IC938,http://irail.be/stations/NMBS/008874054,IC,2016-12-26T17:06:00,2016-12-26T17:06:00,-14,-14
http://irail.be/vehicle/IC938,http://irail.be/stations/NMBS/008872009,IC,2016-12-26T17:11:00,2016-12-26T17:08:00,26,-27
http://irail.be/vehicle/IC938,http://irail.be/stations/NMBS/008871100,IC,2016-12-26T17:15:00,2016-12-26T17:15:00,11,11
http://irail.be/vehicle/IC938,http://irail.be/stations/NMBS/008871514,IC,2016-12-26T17:19:00,2016-12-26T17:19:00,-4,-4
http://irail.be/vehicle/IC938,http://irail.be/stations/NMBS/008871415,IC,2016-12-26T17:20:00,2016-12-26T17:20:00,-4,-4
http://irail.be/vehicle/IC938,http://irail.be/stations/NMBS/008882248,IC,2016-12-26T17:22:00,2016-12-26T17:22:00,-11,-11
http://irail.be/vehicle/IC938,http://irail.be/stations/NMBS/008882230,IC,2016-12-26T17:23:00,2016-12-26T17:23:00,55,55
http://irail.be/vehicle/IC938,http://irail.be/stations/NMBS/008882206,IC,2016-12-26T17:28:00,2016-12-26T17:27:00,39,37
http://irail.be/vehicle/IC938,http://irail.be/stations/NMBS/008881463,IC,2016-12-26T17:32:00,2016-12-26T17:32:00,25,25
http://irail.be/vehicle/IC938,http://irail.be/stations/NMBS/008881455,IC,2016-12-26T17:33:00,2016-12-26T17:33:00,9,9
http://irail.be/vehicle/IC938,http://irail.be/stations/NMBS/008881430,IC,2016-12-26T17:35:00,2016-12-26T17:35:00,9,9
http://irail.be/vehicle/IC938,NO-URI,IC,2016-12-26T17:36:00,2016-12-26T17:36:00,9,9
http://irail.be/vehicle/IC938,http://irail.be/stations/NMBS/008881406,IC,2016-12-26T17:37:00,2016-12-26T17:37:00,-7,-7
http://irail.be/vehicle/IC938,http://irail.be/stations/NMBS/008881315,IC,2016-12-26T17:39:00,2016-12-26T17:39:00,133,133
http://irail.be/vehicle/IC938,http://irail.be/stations/NMBS/008881000,IC,2016-12-26T17:45:00,2016-12-26T17:42:00,74,133
http://irail.be/vehicle/IC938,http://irail.be/stations/NMBS/008884566,IC,2016-12-26T17:50:00,2016-12-26T17:50:00,74,74
http://irail.be/vehicle/IC938,http://irail.be/stations/NMBS/008884541,IC,2016-12-26T17:51:00,2016-12-26T17:51:00,8,8
http://irail.be/vehicle/IC938,http://irail.be/stations/NMBS/008884004,IC,2016-12-26T17:54:00,2016-12-26T17:53:00,-10,2
http://irail.be/vehicle/IC938,http://irail.be/stations/NMBS/008884632,IC,2016-12-26T17:59:00,2016-12-26T17:59:00,-10,-10
http://irail.be/vehicle/IC938,http://irail.be/stations/NMBS/008884640,IC,2016-12-26T18:00:00,2016-12-26T18:00:00,43,43
http://irail.be/vehicle/IC938,http://irail.be/stations/NMBS/008884715,IC,2016-12-26T18:01:00,2016-12-26T18:01:00,43,43
http://irail.be/vehicle/IC938,http://irail.be/stations/NMBS/008884855,IC,2016-12-26T18:04:00,2016-12-26T18:04:00,44,44
http://irail.be/vehicle/IC938,http://irail.be/stations/NMBS/008884889,IC,2016-12-26T18:06:00,2016-12-26T18:06:00,-2,-2
http://irail.be/vehicle/IC938,http://irail.be/stations/NMBS/008885530,IC,2016-12-26T18:08:00,2016-12-26T18:08:00,-2,-2
http://irail.be/vehicle/IC938,http://irail.be/stations/NMBS/008885522,IC,2016-12-26T18:09:00,2016-12-26T18:09:00,30,30
http://irail.be/vehicle/IC938,http://irail.be/stations/NMBS/008885001,IC,2016-12-26T18:19:00,2016-12-26T18:15:00,49,46
http://irail.be/vehicle/IC938,http://irail.be/stations/NMBS/008885068,IC,2016-12-26T18:23:00,2016-12-26T18:23:00,82,44
http://irail.be/vehicle/IC938,http://irail.be/stations/NMBS/008885753,IC,2016-12-26T18:33:00,2016-12-26T18:33:00,54,54
http://irail.be/vehicle/IC938,http://irail.be/stations/NMBS/008885704,IC,2016-12-26T18:37:00,2016-12-26T18:37:00,,54
http://irail.be/vehicle/IC938,http://irail.be/stations/NMBS/008863008,IC,2016-01-18T16:38:00,2016-01-18T16:38:00,41,0
http://irail.be/vehicle/IC938,http://irail.be/stations/NMBS/008861119,IC,2016-01-18T16:41:00,2016-01-18T16:41:00,56,56
http://irail.be/vehicle/IC938,http://irail.be/stations/NMBS/008861127,IC,2016-01-18T16:43:00,2016-01-18T16:43:00,4,-11
http://irail.be/vehicle/IC938,http://irail.be/stations/NMBS/008861135,IC,2016-01-18T16:46:00,2016-01-18T16:46:00,-35,4
http://irail.be/vehicle/IC938,http://irail.be/stations/NMBS/008861143,IC,2016-01-18T16:49:00,2016-01-18T16:49:00,-125,-125
http://irail.be/vehicle/IC938,http://irail.be/stations/NMBS/008861150,IC,2016-01-18T16:51:00,2016-01-18T16:51:00,-125,-125
http://irail.be/vehicle/IC938,NO-URI,IC,2016-01-18T16:51:00,2016-01-18T16:51:00,-102,-103
http://irail.be/vehicle/IC938,http://irail.be/stations/NMBS/008861168,IC,2016-01-18T16:52:00,2016-01-18T16:52:00,-102,-102
http://irail.be/vehicle/IC938,http://irail.be/stations/NMBS/008874724,IC,2016-01-18T16:52:00,2016-01-18T16:52:00,-98,-102
http://irail.be/vehicle/IC938,NO-URI,IC,2016-01-18T16:54:00,2016-01-18T16:54:00,-193,-195
http://irail.be/vehicle/IC938,http://irail.be/stations/NMBS/008874716,IC,2016-01-18T16:55:00,2016-01-18T16:55:00,-125,-125
http://irail.be/vehicle/IC938,http://irail.be/stations/NMBS/008874609,IC,2016-01-18T16:58:00,2016-01-18T16:57:00,109,54
http://irail.be/vehicle/IC938,http://irail.be/stations/NMBS/008874583,IC,2016-01-18T17:00:00,2016-01-18T17:00:00,109,109
http://irail.be/vehicle/IC938,http://irail.be/stations/NMBS/008874567,IC,2016-01-18T17:01:00,2016-01-18T17:01:00,109,109
http://irail.be/vehicle/IC938,http://irail.be/stations/NMBS/008874559,IC,2016-01-18T17:02:00,2016-01-18T17:02:00,79,79
http://irail.be/vehicle/IC938,http://irail.be/stations/NMBS/008874005,IC,2016-01-18T17:03:00,2016-01-18T17:03:00,90,86
http://irail.be/vehicle/IC938,http://irail.be/stations/NMBS/008874054,IC,2016-01-18T17:06:00,2016-01-18T17:06:00,39,36
http://irail.be/vehicle/IC938,http://irail.be/stations/NMBS/008872009,IC,2016-01-18T17:11:00,2016-01-18T17:08:00,51,58
http://irail.be/vehicle/IC938,http://irail.be/stations/NMBS/008871100,IC,2016-01-18T17:15:00,2016-01-18T17:15:00,29,-1
http://irail.be/vehicle/IC938,http://irail.be/stations/NMBS/008871514,IC,2016-01-18T17:19:00,2016-01-18T17:19:00,24,24
http://irail.be/vehicle/IC938,http://irail.be/stations/NMBS/008871415,IC,2016-01-18T17:20:00,2016-01-18T17:20:00,4,3
http://irail.be/vehicle/IC938,http://irail.be/stations/NMBS/008882248,IC,2016-01-18T17:22:00,2016-01-18T17:22:00,4,4
http://irail.be/vehicle/IC938,http://irail.be/stations/NMBS/008882230,IC,2016-01-18T17:23:00,2016-01-18T17:23:00,4,4
http://irail.be/vehicle/IC938,http://irail.be/stations/NMBS/008882206,IC,2016-01-18T17:28:00,2016-01-18T17:27:00,253,215
http://irail.be/vehicle/IC938,http://irail.be/stations/NMBS/008881463,IC,2016-01-18T17:32:00,2016-01-18T17:32:00,246,246
http://irail.be/vehicle/IC938,http://irail.be/stations/NMBS/008881455,IC,2016-01-18T17:33:00,2016-01-18T17:33:00,246,246
http://irail.be/vehicle/IC938,http://irail.be/stations/NMBS/008881430,IC,2016-01-18T17:35:00,2016-01-18T17:35:00,246,246
http://irail.be/vehicle/IC938,NO-URI,IC,2016-01-18T17:36:00,2016-01-18T17:36:00,232,231
http://irail.be/vehicle/IC938,http://irail.be/stations/NMBS/008881406,IC,2016-01-18T17:37:00,2016-01-18T17:37:00,172,172
http://irail.be/vehicle/IC938,http://irail.be/stations/NMBS/008881315,IC,2016-01-18T17:39:00,2016-01-18T17:39:00,172,172
http://irail.be/vehicle/IC938,http://irail.be/stations/NMBS/008881000,IC,2016-01-18T17:45:00,2016-01-18T17:42:00,479,292
http://irail.be/vehicle/IC938,http://irail.be/stations/NMBS/008884566,IC,2016-01-18T17:50:00,2016-01-18T17:50:00,428,419
http://irail.be/vehicle/IC938,http://irail.be/stations/NMBS/008884541,IC,2016-01-18T17:51:00,2016-01-18T17:51:00,416,416
http://irail.be/vehicle/IC938,http://irail.be/stations/NMBS/008884004,IC,2016-01-18T17:54:00,2016-01-18T17:53:00,447,428
http://irail.be/vehicle/IC938,http://irail.be/stations/NMBS/008884632,IC,2016-01-18T17:59:00,2016-01-18T17:59:00,447,447
http://irail.be/vehicle/IC938,http://irail.be/stations/NMBS/008884640,IC,2016-01-18T18:00:00,2016-01-18T18:00:00,447,447
http://irail.be/vehicle/IC938,http://irail.be/stations/NMBS/008884715,IC,2016-01-18T18:01:00,2016-01-18T18:01:00,435,429
http://irail.be/vehicle/IC938,http://irail.be/stations/NMBS/008884855,IC,2016-01-18T18:04:00,2016-01-18T18:04:00,435,435
http://irail.be/vehicle/IC938,http://irail.be/stations/NMBS/008884889,IC,2016-01-18T18:06:00,2016-01-18T18:06:00,435,435
http://irail.be/vehicle/IC938,http://irail.be/stations/NMBS/008885530,IC,2016-01-18T18:08:00,2016-01-18T18:08:00,375,375
http://irail.be/vehicle/IC938,http://irail.be/stations/NMBS/008885522,IC,2016-01-18T18:09:00,2016-01-18T18:09:00,434,424
http://irail.be/vehicle/IC938,http://irail.be/stations/NMBS/008885001,IC,2016-01-18T18:19:00,2016-01-18T18:15:00,678,491
http://irail.be/vehicle/IC938,http://irail.be/stations/NMBS/008885068,IC,2016-01-18T18:23:00,2016-01-18T18:23:00,742,681
http://irail.be/vehicle/IC938,http://irail.be/stations/NMBS/008885753,IC,2016-01-18T18:33:00,2016-01-18T18:33:00,562,562
http://irail.be/vehicle/IC938,http://irail.be/stations/NMBS/008885704,IC,2016-01-18T18:37:00,2016-01-18T18:37:00,0,829
http://irail.be/vehicle/IC938,http://irail.be/stations/NMBS/008863008,IC,2016-02-17T16:38:00,2016-02-17T16:38:00,11,0
http://irail.be/vehicle/IC938,http://irail.be/stations/NMBS/008861119,IC,2016-02-17T16:41:00,2016-02-17T16:41:00,23,23
http://irail.be/vehicle/IC938,http://irail.be/stations/NMBS/008861127,IC,2016-02-17T16:43:00,2016-02-17T16:43:00,-28,-42
http://irail.be/vehicle/IC938,http://irail.be/stations/NMBS/008861135,IC,2016-02-17T16:46:00,2016-02-17T16:46:00,-65,-28
http://irail.be/vehicle/IC938,http://irail.be/stations/NMBS/008861143,IC,2016-02-17T16:49:00,2016-02-17T16:49:00,-155,-155
http://irail.be/vehicle/IC938,http://irail.be/stations/NMBS/008861150,IC,2016-02-17T16:51:00,2016-02-17T16:51:00,-155,-155
http://irail.be/vehicle/IC938,NO-URI,IC,2016-02-17T16:51:00,2016-02-17T16:51:00,-92,-108
http://irail.be/vehicle/IC938,http://irail.be/stations/NMBS/008861168,IC,2016-02-17T16:52:00,2016-02-17T16:52:00,-92,-92
http://irail.be/vehicle/IC938,http://irail.be/stations/NMBS/008874724,IC,2016-02-17T16:52:00,2016-02-17T16:52:00,-84,-92
http://irail.be/vehicle/IC938,NO-URI,IC,2016-02-17T16:54:00,2016-02-17T16:54:00,-177,-181
http://irail.be/vehicle/IC938,http://irail.be/stations/NMBS/008874716,IC,2016-02-17T16:55:00,2016-02-17T16:55:00,-108,-108
http://irail.be/vehicle/IC938,http://irail.be/stations/NMBS/008874609,IC,2016-02-17T16:58:00,2016-02-17T16:57:00,73,49
http://irail.be/vehicle/IC938,http://irail.be/stations/NMBS/008874583,IC,2016-02-17T17:00:00,2016-02-17T17:00:00,73,73
http://irail.be/vehicle/IC938,http://irail.be/stations/NMBS/008874567,IC,2016-02-17T17:01:00,2016-02-17T17:01:00,73,73
http://irail.be/vehicle/IC938,http://irail.be/stations/NMBS/008874559,IC,2016-02-17T17:02:00,2016-02-17T17:02:00,45,45
http://irail.be/vehicle/IC938,http://irail.be/stations/NMBS/008874005,IC,2016-02-17T17:03:00,2016-02-17T17:03:00,60,54
http://irail.be/vehicle/IC938,http://irail.be/stations/NMBS/008874054,IC,2016-02-17T17:06:00,2016-02-17T17:06:00,13,9
http://irail.be/vehicle/IC938,http://irail.be/stations/NMBS/008872009,IC,2016-02-17T17:11:00,2016-02-17T17:08:00,9,52
http://irail.be/vehicle/IC938,http://irail.be/stations/NMBS/008871100,IC,2016-02-17T17:15:00,2016-02-17T17:15:00,-10,-42
http://irail.be/vehicle/IC938,http://irail.be/stations/NMBS/008871514,IC,2016-02-17T17:19:00,2016-02-17T17:19:00,-15,-15
http://irail.be/vehicle/IC938,http://irail.be/stations/NMBS/008871415,IC,2016-02-17T17:20:00,2016-02-17T17:20:00,-37,-33
http://irail.be/vehicle/IC938,http://irail.be/stations/NMBS/008882248,IC,2016-02-17T17:22:00,2016-02-17T17:22:00,-37,-37
http://irail.be/vehicle/IC938,http://irail.be/stations/NMBS/008882230,IC,2016-02-17T17:23:00,2016-02-17T17:23:00,0,0
http://irail.be/vehicle/IC938,http://irail.be/stations/NMBS/008882206,IC,2016-02-17T17:28:00,2016-02-17T17:27:00,13,-96
http://irail.be/vehicle/IC938,http://irail.be/stations/NMBS/008881463,IC,2016-02-17T17:32:00,2016-02-17T17:32:00,-4,-4
http://irail.be/vehicle/IC938,http://irail.be/stations/NMBS/008881455,IC,2016-02-17T17:33:00,2016-02-17T17:33:00,-4,-4
http://irail.be/vehicle/IC938,http://irail.be/stations/NMBS/008881430,IC,2016-02-17T17:35:00,2016-02-17T17:35:00,0,0
http://irail.be/vehicle/IC938,NO-URI,IC,2016-02-17T17:36:00,2016-02-17T17:36:00,-22,-23
http://irail.be/vehicle/IC938,http://irail.be/stations/NMBS/008881406,IC,2016-02-17T17:37:00,2016-02-17T17:37:00,-22,-22
http://irail.be/vehicle/IC938,http://irail.be/stations/NMBS/008881315,IC,2016-02-17T17:39:00,2016-02-17T17:39:00,0,0
http://irail.be/vehicle/IC938,http://irail.be/stations/NMBS/008881000,IC,2016-02-17T17:45:00,2016-02-17T17:42:00,41,1
http://irail.be/vehicle/IC938,http://irail.be/stations/NMBS/008884566,IC,2016-02-17T17:50:00,2016-02-17T17:50:00,-1,-19
http://irail.be/vehicle/IC938,http://irail.be/stations/NMBS/008884541,IC,2016-02-17T17:51:00,2016-02-17T17:51:00,-9,-9
http://irail.be/vehicle/IC938,http://irail.be/stations/NMBS/008884004,IC,2016-02-17T17:54:00,2016-02-17T17:53:00,36,-4
http://irail.be/vehicle/IC938,http://irail.be/stations/NMBS/008884632,IC,2016-02-17T17:59:00,2016-02-17T17:59:00,0,0
http://irail.be/vehicle/IC938,http://irail.be/stations/NMBS/008884640,IC,2016-02-17T18:00:00,2016-02-17T18:00:00,0,0
http://irail.be/vehicle/IC938,http://irail.be/stations/NMBS/008884715,IC,2016-02-17T18:01:00,2016-02-17T18:01:00,9,3
http://irail.be/vehicle/IC938,http://irail.be/stations/NMBS/008884855,IC,2016-02-17T18:04:00,2016-02-17T18:04:00,9,9
http://irail.be/vehicle/IC938,http://irail.be/stations/NMBS/008884889,IC,2016-02-17T18:06:00,2016-02-17T18:06:00,0,0
http://irail.be/vehicle/IC938,http://irail.be/stations/NMBS/008885530,IC,2016-02-17T18:08:00,2016-02-17T18:08:00,0,0
http://irail.be/vehicle/IC938,http://irail.be/stations/NMBS/008885522,IC,2016-02-17T18:09:00,2016-02-17T18:09:00,77,-7
http://irail.be/vehicle/IC938,http://irail.be/stations/NMBS/008885001,IC,2016-02-17T18:19:00,2016-02-17T18:15:00,261,91
http://irail.be/vehicle/IC938,http://irail.be/stations/NMBS/008885068,IC,2016-02-17T18:23:00,2016-02-17T18:23:00,252,220
http://irail.be/vehicle/IC938,http://irail.be/stations/NMBS/008885753,IC,2016-02-17T18:33:00,2016-02-17T18:33:00,0,0
http://irail.be/vehicle/IC938,http://irail.be/stations/NMBS/008885704,IC,2016-02-17T18:37:00,2016-02-17T18:37:00,0,264
http://irail.be/vehicle/IC938,http://irail.be/stations/NMBS/008863008,IC,2016-06-28T16:38:00,2016-06-28T16:38:00,28,
http://irail.be/vehicle/IC938,http://irail.be/stations/NMBS/008861119,IC,2016-06-28T16:41:00,2016-06-28T16:41:00,78,78
http://irail.be/vehicle/IC938,http://irail.be/stations/NMBS/008861127,IC,2016-06-28T16:43:00,2016-06-28T16:43:00,28,28
http://irail.be/vehicle/IC938,http://irail.be/stations/NMBS/008861135,IC,2016-06-28T16:46:00,2016-06-28T16:46:00,-5,-5
http://irail.be/vehicle/IC938,http://irail.be/stations/NMBS/008861143,IC,2016-06-28T16:49:00,2016-06-28T16:49:00,-94,-94
http://irail.be/vehicle/IC938,http://irail.be/stations/NMBS/008861150,IC,2016-06-28T16:51:00,2016-06-28T16:51:00,-94,-94
http://irail.be/vehicle/IC938,NO-URI,IC,2016-06-28T16:51:00,2016-06-28T16:51:00,-56,-56
http://irail.be/vehicle/IC938,http://irail.be/stations/NMBS/008861168,IC,2016-06-28T16:52:00,2016-06-28T16:52:00,-56,-56
http://irail.be/vehicle/IC938,http://irail.be/stations/NMBS/008874724,IC,2016-06-28T16:52:00,2016-06-28T16:52:00,-46,-46
http://irail.be/vehicle/IC938,NO-URI,IC,2016-06-28T16:54:00,2016-06-28T16:54:00,-134,-134
http://irail.be/vehicle/IC938,http://irail.be/stations/NMBS/008874716,IC,2016-06-28T16:55:00,2016-06-28T16:55:00,-48,-48
http://irail.be/vehicle/IC938,http://irail.be/stations/NMBS/008874609,IC,2016-06-28T16:58:00,2016-06-28T16:57:00,11,-11
http://irail.be/vehicle/IC938,http://irail.be/stations/NMBS/008874583,IC,2016-06-28T17:00:00,2016-06-28T17:00:00,11,11
http://irail.be/vehicle/IC938,http://irail.be/stations/NMBS/008874567,IC,2016-06-28T17:01:00,2016-06-28T17:01:00,11,11
http://irail.be/vehicle/IC938,http://irail.be/stations/NMBS/008874559,IC,2016-06-28T17:02:00,2016-06-28T17:02:00,-8,-8
http://irail.be/vehicle/IC938,NO-URI,IC,2016-06-28T17:03:00,2016-06-28T17:03:00,-8,-8
http://irail.be/vehicle/IC938,http://irail.be/stations/NMBS/008874005,IC,2016-06-28T17:03:00,2016-06-28T17:03:00,260,260
http://irail.be/vehicle/IC938,http://irail.be/stations/NMBS/008874054,IC,2016-06-28T17:06:00,2016-06-28T17:06:00,261,261
http://irail.be/vehicle/IC938,http://irail.be/stations/NMBS/008872009,IC,2016-06-28T17:11:00,2016-06-28T17:08:00,238,304
http://irail.be/vehicle/IC938,http://irail.be/stations/NMBS/008871100,IC,2016-06-28T17:15:00,2016-06-28T17:15:00,224,224
http://irail.be/vehicle/IC938,http://irail.be/stations/NMBS/008871514,IC,2016-06-28T17:19:00,2016-06-28T17:19:00,227,227
http://irail.be/vehicle/IC938,http://irail.be/stations/NMBS/008871415,IC,2016-06-28T17:20:00,2016-06-28T17:20:00,210,210
http://irail.be/vehicle/IC938,http://irail.be/stations/NMBS/008882248,IC,2016-06-28T17:22:00,2016-06-28T17:22:00,210,210
http://irail.be/vehicle/IC938,http://irail.be/stations/NMBS/008882230,IC,2016-06-28T17:23:00,2016-06-28T17:23:00,210,210
http://irail.be/vehicle/IC938,http://irail.be/stations/NMBS/008882206,IC,2016-06-28T17:28:00,2016-06-28T17:27:00,208,169
http://irail.be/vehicle/IC938,http://irail.be/stations/NMBS/008881463,IC,2016-06-28T17:32:00,2016-06-28T17:32:00,205,205
http://irail.be/vehicle/IC938,http://irail.be/stations/NMBS/008881455,IC,2016-06-28T17:33:00,2016-06-28T17:33:00,205,205
http://irail.be/vehicle/IC938,http://irail.be/stations/NMBS/008881430,IC,2016-06-28T17:35:00,2016-06-28T17:35:00,205,205
http://irail.be/vehicle/IC938,NO-URI,IC,2016-06-28T17:36:00,2016-06-28T17:36:00,197,197
http://irail.be/vehicle/IC938,http://irail.be/stations/NMBS/008881406,IC,2016-06-28T17:37:00,2016-06-28T17:37:00,137,137
http://irail.be/vehicle/IC938,http://irail.be/stations/NMBS/008881315,IC,2016-06-28T17:39:00,2016-06-28T17:39:00,137,137
http://irail.be/vehicle/IC938,http://irail.be/stations/NMBS/008881000,IC,2016-06-28T17:45:00,2016-06-28T17:42:00,120,192
http://irail.be/vehicle/IC938,http://irail.be/stations/NMBS/008884566,IC,2016-06-28T17:50:00,2016-06-28T17:50:00,70,70
http://irail.be/vehicle/IC938,http://irail.be/stations/NMBS/008884541,IC,2016-06-28T17:51:00,2016-06-28T17:51:00,66,66
http://irail.be/vehicle/IC938,http://irail.be/stations/NMBS/008884004,IC,2016-06-28T17:54:00,2016-06-28T17:53:00,117,86
http://irail.be/vehicle/IC938,http://irail.be/stations/NMBS/008884632,IC,2016-06-28T17:59:00,2016-06-28T17:59:00,117,117
http://irail.be/vehicle/IC938,http://irail.be/stations/NMBS/008884640,IC,2016-06-28T18:00:00,2016-06-28T18:00:00,117,117
http://irail.be/vehicle/IC938,http://irail.be/stations/NMBS/008884715,IC,2016-06-28T18:01:00,2016-06-28T18:01:00,85,85
http://irail.be/vehicle/IC938,http://irail.be/stations/NMBS/008884855,IC,2016-06-28T18:04:00,2016-06-28T18:04:00,85,85
http://irail.be/vehicle/IC938,http://irail.be/stations/NMBS/008884889,IC,2016-06-28T18:06:00,2016-06-28T18:06:00,85,85
http://irail.be/vehicle/IC938,http://irail.be/stations/NMBS/008885530,IC,2016-06-28T18:08:00,2016-06-28T18:08:00,25,25
http://irail.be/vehicle/IC938,http://irail.be/stations/NMBS/008885522,IC,2016-06-28T18:09:00,2016-06-28T18:09:00,72,72
http://irail.be/vehicle/IC938,http://irail.be/stations/NMBS/008885001,IC,2016-06-28T18:19:00,2016-06-28T18:15:00,68,37
http://irail.be/vehicle/IC938,http://irail.be/stations/NMBS/008885068,IC,2016-06-28T18:23:00,2016-06-28T18:23:00,105,52
http://irail.be/vehicle/IC938,http://irail.be/stations/NMBS/008885753,IC,2016-06-28T18:33:00,2016-06-28T18:33:00,0,-75
http://irail.be/vehicle/IC938,http://irail.be/stations/NMBS/008885704,IC,2016-06-28T18:37:00,2016-06-28T18:37:00,,50
http://irail.be/vehicle/IC938,http://irail.be/stations/NMBS/008863008,IC,2016-07-14T16:38:00,2016-07-14T16:38:00,6,
http://irail.be/vehicle/IC938,http://irail.be/stations/NMBS/008861119,IC,2016-07-14T16:41:00,2016-07-14T16:41:00,35,35
http://irail.be/vehicle/IC938,http://irail.be/stations/NMBS/008861127,IC,2016-07-14T16:43:00,2016-07-14T16:43:00,-12,-12
http://irail.be/vehicle/IC938,http://irail.be/stations/NMBS/008861135,IC,2016-07-14T16:46:00,2016-07-14T16:46:00,-46,-46
http://irail.be/vehicle/IC938,http://irail.be/stations/NMBS/008861143,IC,2016-07-14T16:49:00,2016-07-14T16:49:00,-135,-135
http://irail.be/vehicle/IC938,http://irail.be/stations/NMBS/008861150,IC,2016-07-14T16:51:00,2016-07-14T16:51:00,-135,-135
http://irail.be/vehicle/IC938,NO-URI,IC,2016-07-14T16:51:00,2016-07-14T16:51:00,-103,-103
http://irail.be/vehicle/IC938,http://irail.be/stations/NMBS/008861168,IC,2016-07-14T16:52:00,2016-07-14T16:52:00,-103,-103
http://irail.be/vehicle/IC938,http://irail.be/stations/NMBS/008874724,IC,2016-07-14T16:52:00,2016-07-14T16:52:00,-94,-94
http://irail.be/vehicle/IC938,NO-URI,IC,2016-07-14T16:54:00,2016-07-14T16:54:00,-184,-184
http://irail.be/vehicle/IC938,http://irail.be/stations/NMBS/008874716,IC,2016-07-14T16:55:00,2016-07-14T16:55:00,-106,-106
http://irail.be/vehicle/IC938,http://irail.be/stations/NMBS/008874609,IC,2016-07-14T16:58:00,2016-07-14T16:57:00,63,54
http://irail.be/vehicle/IC938,http://irail.be/stations/NMBS/008874583,IC,2016-07-14T17:00:00,2016-07-14T17:00:00,63,63
http://irail.be/vehicle/IC938,http://irail.be/stations/NMBS/008874567,IC,2016-07-14T17:01:00,2016-07-14T17:01:00,63,63
http://irail.be/vehicle/IC938,http://irail.be/stations/NMBS/008874559,IC,2016-07-14T17:02:00,2016-07-14T17:02:00,40,40
http://irail.be/vehicle/IC938,NO-URI,IC,2016-07-14T17:03:00,2016-07-14T17:03:00,40,40
http://irail.be/vehicle/IC938,http://irail.be/stations/NMBS/008874005,IC,2016-07-14T17:03:00,2016-07-14T17:03:00,59,59
http://irail.be/vehicle/IC938,http://irail.be/stations/NMBS/008874054,IC,2016-07-14T17:06:00,2016-07-14T17:06:00,27,27
http://irail.be/vehicle/IC938,http://irail.be/stations/NMBS/008872009,IC,2016-07-14T17:11:00,2016-07-14T17:08:00,12,57
http://irail.be/vehicle/IC938,http://irail.be/stations/NMBS/008871100,IC,2016-07-14T17:15:00,2016-07-14T17:15:00,-8,-8
http://irail.be/vehicle/IC938,http://irail.be/stations/NMBS/008871514,IC,2016-07-14T17:19:00,2016-07-14T17:19:00,-10,-10
http://irail.be/vehicle/IC938,http://irail.be/stations/NMBS/008871415,IC,2016-07-14T17:20:00,2016-07-14T17:20:00,-20,-20
http://irail.be/vehicle/IC938,http://irail.be/stations/NMBS/008882248,IC,2016-07-14T17:22:00,2016-07-14T17:22:00,-20,-20
http://irail.be/vehicle/IC938,http://irail.be/stations/NMBS/008882230,IC,2016-07-14T17:23:00,2016-07-14T17:23:00,-20,-20
http://irail.be/vehicle/IC938,http://irail.be/stations/NMBS/008882206,IC,2016-07-14T17:28:00,2016-07-14T17:27:00,24,-57
http://irail.be/vehicle/IC938,http://irail.be/stations/NMBS/008881463,IC,2016-07-14T17:32:00,2016-07-14T17:32:00,22,22
http://irail.be/vehicle/IC938,http://irail.be/stations/NMBS/008881455,IC,2016-07-14T17:33:00,2016-07-14T17:33:00,22,22
http://irail.be/vehicle/IC938,http://irail.be/stations/NMBS/008881430,IC,2016-07-14T17:35:00,2016-07-14T17:35:00,22,22
http://irail.be/vehicle/IC938,NO-URI,IC,2016-07-14T17:36:00,2016-07-14T17:36:00,17,17
http://irail.be/vehicle/IC938,http://irail.be/stations/NMBS/008881406,IC,2016-07-14T17:37:00,2016-07-14T17:37:00,-43,-43
http://irail.be/vehicle/IC938,http://irail.be/stations/NMBS/008881315,IC,2016-07-14T17:39:00,2016-07-14T17:39:00,-43,-43
http://irail.be/vehicle/IC938,http://irail.be/stations/NMBS/008881000,IC,2016-07-14T17:45:00,2016-07-14T17:42:00,18,93
http://irail.be/vehicle/IC938,http://irail.be/stations/NMBS/008884566,IC,2016-07-14T17:50:00,2016-07-14T17:50:00,-55,-55
http://irail.be/vehicle/IC938,http://irail.be/stations/NMBS/008884541,IC,2016-07-14T17:51:00,2016-07-14T17:51:00,-68,-68
http://irail.be/vehicle/IC938,http://irail.be/stations/NMBS/008884004,IC,2016-07-14T17:54:00,2016-07-14T17:53:00,80,-20
http://irail.be/vehicle/IC938,http://irail.be/stations/NMBS/008884632,IC,2016-07-14T17:59:00,2016-07-14T17:59:00,80,80
http://irail.be/vehicle/IC938,http://irail.be/stations/NMBS/008884640,IC,2016-07-14T18:00:00,2016-07-14T18:00:00,80,80
http://irail.be/vehicle/IC938,http://irail.be/stations/NMBS/008884715,IC,2016-07-14T18:01:00,2016-07-14T18:01:00,69,69
http://irail.be/vehicle/IC938,http://irail.be/stations/NMBS/008884855,IC,2016-07-14T18:04:00,2016-07-14T18:04:00,69,69
http://irail.be/vehicle/IC938,http://irail.be/stations/NMBS/008884889,IC,2016-07-14T18:06:00,2016-07-14T18:06:00,69,69
http://irail.be/vehicle/IC938,http://irail.be/stations/NMBS/008885530,IC,2016-07-14T18:08:00,2016-07-14T18:08:00,9,9
http://irail.be/vehicle/IC938,http://irail.be/stations/NMBS/008885522,IC,2016-07-14T18:09:00,2016-07-14T18:09:00,62,62
http://irail.be/vehicle/IC938,http://irail.be/stations/NMBS/008885001,IC,2016-07-14T18:19:00,2016-07-14T18:15:00,122,19
http://irail.be/vehicle/IC938,http://irail.be/stations/NMBS/008885068,IC,2016-07-14T18:23:00,2016-07-14T18:23:00,99,76
http://irail.be/vehicle/IC938,http://irail.be/stations/NMBS/008885753,IC,2016-07-14T18:33:00,2016-07-14T18:33:00,0,-81
http://irail.be/vehicle/IC938,http://irail.be/stations/NMBS/008885704,IC,2016-07-14T18:37:00,2016-07-14T18:37:00,,12
http://irail.be/vehicle/IC938,http://irail.be/stations/NMBS/008863008,IC,2016-07-25T16:38:00,2016-07-25T16:38:00,25,
http://irail.be/vehicle/IC938,http://irail.be/stations/NMBS/008861119,IC,2016-07-25T16:41:00,2016-07-25T16:41:00,55,55
http://irail.be/vehicle/IC938,http://irail.be/stations/NMBS/008861127,IC,2016-07-25T16:43:00,2016-07-25T16:43:00,2,2
http://irail.be/vehicle/IC938,http://irail.be/stations/NMBS/008861135,IC,2016-07-25T16:46:00,2016-07-25T16:46:00,-37,-37
http://irail.be/vehicle/IC938,http://irail.be/stations/NMBS/008861143,IC,2016-07-25T16:49:00,2016-07-25T16:49:00,-50,-50
http://irail.be/vehicle/IC938,http://irail.be/stations/NMBS/008861150,IC,2016-07-25T16:51:00,2016-07-25T16:51:00,-50,-50
http://irail.be/vehicle/IC938,NO-URI,IC,2016-07-25T16:51:00,2016-07-25T16:51:00,22,22
http://irail.be/vehicle/IC938,http://irail.be/stations/NMBS/008861168,IC,2016-07-25T16:52:00,2016-07-25T16:52:00,22,22
http://irail.be/vehicle/IC938,http://irail.be/stations/NMBS/008874724,IC,2016-07-25T16:52:00,2016-07-25T16:52:00,27,27
http://irail.be/vehicle/IC938,NO-URI,IC,2016-07-25T16:54:00,2016-07-25T16:54:00,-61,-61
http://irail.be/vehicle/IC938,http://irail.be/stations/NMBS/008874716,IC,2016-07-25T16:55:00,2016-07-25T16:55:00,-35,-35
http://irail.be/vehicle/IC938,http://irail.be/stations/NMBS/008874609,IC,2016-07-25T16:58:00,2016-07-25T16:57:00,59,58
http://irail.be/vehicle/IC938,http://irail.be/stations/NMBS/008874583,IC,2016-07-25T17:00:00,2016-07-25T17:00:00,59,59
http://irail.be/vehicle/IC938,http://irail.be/stations/NMBS/008874567,IC,2016-07-25T17:01:00,2016-07-25T17:01:00,59,59
http://irail.be/vehicle/IC938,http://irail.be/stations/NMBS/008874559,IC,2016-07-25T17:02:00,2016-07-25T17:02:00,28,28
http://irail.be/vehicle/IC938,NO-URI,IC,2016-07-25T17:03:00,2016-07-25T17:03:00,28,28
http://irail.be/vehicle/IC938,http://irail.be/stations/NMBS/008874005,IC,2016-07-25T17:03:00,2016-07-25T17:03:00,37,37
http://irail.be/vehicle/IC938,http://irail.be/stations/NMBS/008874054,IC,2016-07-25T17:06:00,2016-07-25T17:06:00,-15,-15
http://irail.be/vehicle/IC938,http://irail.be/stations/NMBS/008872009,IC,2016-07-25T17:11:00,2016-07-25T17:08:00,16,27
http://irail.be/vehicle/IC938,http://irail.be/stations/NMBS/008871100,IC,2016-07-25T17:15:00,2016-07-25T17:15:00,-8,-8
http://irail.be/vehicle/IC938,http://irail.be/stations/NMBS/008871514,IC,2016-07-25T17:19:00,2016-07-25T17:19:00,-12,-12
http://irail.be/vehicle/IC938,http://irail.be/stations/NMBS/008871415,IC,2016-07-25T17:20:00,2016-07-25T17:20:00,-30,-30
http://irail.be/vehicle/IC938,http://irail.be/stations/NMBS/008882248,IC,2016-07-25T17:22:00,2016-07-25T17:22:00,-30,-30
http://irail.be/vehicle/IC938,http://irail.be/stations/NMBS/008882230,IC,2016-07-25T17:23:00,2016-07-25T17:23:00,-30,-30
http://irail.be/vehicle/IC938,http://irail.be/stations/NMBS/008882206,IC,2016-07-25T17:28:00,2016-07-25T17:27:00,7,-76
http://irail.be/vehicle/IC938,http://irail.be/stations/NMBS/008881463,IC,2016-07-25T17:32:00,2016-07-25T17:32:00,-2,-2
http://irail.be/vehicle/IC938,http://irail.be/stations/NMBS/008881455,IC,2016-07-25T17:33:00,2016-07-25T17:33:00,-2,-2
http://irail.be/vehicle/IC938,http://irail.be/stations/NMBS/008881430,IC,2016-07-25T17:35:00,2016-07-25T17:35:00,-2,-2
http://irail.be/vehicle/IC938,NO-URI,IC,2016-07-25T17:36:00,2016-07-25T17:36:00,-13,-13
http://irail.be/vehicle/IC938,http://irail.be/stations/NMBS/008881406,IC,2016-07-25T17:37:00,2016-07-25T17:37:00,-13,-13
http://irail.be/vehicle/IC938,http://irail.be/stations/NMBS/008881315,IC,2016-07-25T17:39:00,2016-07-25T17:39:00,-13,-13
http://irail.be/vehicle/IC938,http://irail.be/stations/NMBS/008881000,IC,2016-07-25T17:45:00,2016-07-25T17:42:00,33,-5
http://irail.be/vehicle/IC938,http://irail.be/stations/NMBS/008884566,IC,2016-07-25T17:50:00,2016-07-25T17:50:00,-35,-35
http://irail.be/vehicle/IC938,http://irail.be/stations/NMBS/008884541,IC,2016-07-25T17:51:00,2016-07-25T17:51:00,-42,-42
http://irail.be/vehicle/IC938,http://irail.be/stations/NMBS/008884004,IC,2016-07-25T17:54:00,2016-07-25T17:53:00,80,-28
http://irail.be/vehicle/IC938,http://irail.be/stations/NMBS/008884632,IC,2016-07-25T17:59:00,2016-07-25T17:59:00,80,80
http://irail.be/vehicle/IC938,http://irail.be/stations/NMBS/008884640,IC,2016-07-25T18:00:00,2016-07-25T18:00:00,80,80
http://irail.be/vehicle/IC938,http://irail.be/stations/NMBS/008884715,IC,2016-07-25T18:01:00,2016-07-25T18:01:00,83,83
http://irail.be/vehicle/IC938,http://irail.be/stations/NMBS/008884855,IC,2016-07-25T18:04:00,2016-07-25T18:04:00,83,83
http://irail.be/vehicle/IC938,http://irail.be/stations/NMBS/008884889,IC,2016-07-25T18:06:00,2016-07-25T18:06:00,83,83
http://irail.be/vehicle/IC938,http://irail.be/stations/NMBS/008885530,IC,2016-07-25T18:08:00,2016-07-25T18:08:00,23,23
http://irail.be/vehicle/IC938,http://irail.be/stations/NMBS/008885522,IC,2016-07-25T18:09:00,2016-07-25T18:09:00,82,82
http://irail.be/vehicle/IC938,http://irail.be/stations/NMBS/008885001,IC,2016-07-25T18:19:00,2016-07-25T18:15:00,493,194
http://irail.be/vehicle/IC938,http://irail.be/stations/NMBS/008885068,IC,2016-07-25T18:23:00,2016-07-25T18:23:00,586,555
http://irail.be/vehicle/IC938,http://irail.be/stations/NMBS/008885753,IC,2016-07-25T18:33:00,2016-07-25T18:33:00,406,406
http://irail.be/vehicle/IC938,http://irail.be/stations/NMBS/008885704,IC,2016-07-25T18:37:00,2016-07-25T18:37:00,,591
http://irail.be/vehicle/IC938,http://irail.be/stations/NMBS/008863008,IC,2016-04-28T16:38:00,2016-04-28T16:38:00,22,0
http://irail.be/vehicle/IC938,http://irail.be/stations/NMBS/008861119,IC,2016-04-28T16:41:00,2016-04-28T16:41:00,60,60
http://irail.be/vehicle/IC938,http://irail.be/stations/NMBS/008861127,IC,2016-04-28T16:43:00,2016-04-28T16:43:00,9,-4
http://irail.be/vehicle/IC938,http://irail.be/stations/NMBS/008861135,IC,2016-04-28T16:46:00,2016-04-28T16:46:00,-23,9
http://irail.be/vehicle/IC938,http://irail.be/stations/NMBS/008861143,IC,2016-04-28T16:49:00,2016-04-28T16:49:00,-111,-111
http://irail.be/vehicle/IC938,http://irail.be/stations/NMBS/008861150,IC,2016-04-28T16:51:00,2016-04-28T16:51:00,-111,-111
http://irail.be/vehicle/IC938,NO-URI,IC,2016-04-28T16:51:00,2016-04-28T16:51:00,-85,-88
http://irail.be/vehicle/IC938,http://irail.be/stations/NMBS/008861168,IC,2016-04-28T16:52:00,2016-04-28T16:52:00,-85,-85
http://irail.be/vehicle/IC938,http://irail.be/stations/NMBS/008874724,IC,2016-04-28T16:52:00,2016-04-28T16:52:00,-77,-85
http://irail.be/vehicle/IC938,NO-URI,IC,2016-04-28T16:54:00,2016-04-28T16:54:00,-168,-174
http://irail.be/vehicle/IC938,http://irail.be/stations/NMBS/008874716,IC,2016-04-28T16:55:00,2016-04-28T16:55:00,-84,-84
http://irail.be/vehicle/IC938,http://irail.be/stations/NMBS/008874609,IC,2016-04-28T16:58:00,2016-04-28T16:57:00,131,102
http://irail.be/vehicle/IC938,http://irail.be/stations/NMBS/008874583,IC,2016-04-28T17:00:00,2016-04-28T17:00:00,0,0
http://irail.be/vehicle/IC938,http://irail.be/stations/NMBS/008874567,IC,2016-04-28T17:01:00,2016-04-28T17:01:00,0,0
http://irail.be/vehicle/IC938,http://irail.be/stations/NMBS/008874559,IC,2016-04-28T17:02:00,2016-04-28T17:02:00,105,105
http://irail.be/vehicle/IC938,http://irail.be/stations/NMBS/008874005,IC,2016-04-28T17:03:00,2016-04-28T17:03:00,121,116
http://irail.be/vehicle/IC938,http://irail.be/stations/NMBS/008874054,IC,2016-04-28T17:06:00,2016-04-28T17:06:00,81,71
http://irail.be/vehicle/IC938,http://irail.be/stations/NMBS/008872009,IC,2016-04-28T17:11:00,2016-04-28T17:08:00,87,144
http://irail.be/vehicle/IC938,http://irail.be/stations/NMBS/008871100,IC,2016-04-28T17:15:00,2016-04-28T17:15:00,77,42
http://irail.be/vehicle/IC938,http://irail.be/stations/NMBS/008871514,IC,2016-04-28T17:19:00,2016-04-28T17:19:00,75,75
http://irail.be/vehicle/IC938,http://irail.be/stations/NMBS/008871415,IC,2016-04-28T17:20:00,2016-04-28T17:20:00,52,51
http://irail.be/vehicle/IC938,http://irail.be/stations/NMBS/008882248,IC,2016-04-28T17:22:00,2016-04-28T17:22:00,52,52
http://irail.be/vehicle/IC938,http://irail.be/stations/NMBS/008882230,IC,2016-04-28T17:23:00,2016-04-28T17:23:00,0,0
http://irail.be/vehicle/IC938,http://irail.be/stations/NMBS/008882206,IC,2016-04-28T17:28:00,2016-04-28T17:27:00,42,8
http://irail.be/vehicle/IC938,http://irail.be/stations/NMBS/008881463,IC,2016-04-28T17:32:00,2016-04-28T17:32:00,69,69
http://irail.be/vehicle/IC938,http://irail.be/stations/NMBS/008881455,IC,2016-04-28T17:33:00,2016-04-28T17:33:00,69,69
http://irail.be/vehicle/IC938,http://irail.be/stations/NMBS/008881430,IC,2016-04-28T17:35:00,2016-04-28T17:35:00,0,0
http://irail.be/vehicle/IC938,NO-URI,IC,2016-04-28T17:36:00,2016-04-28T17:36:00,174,173
http://irail.be/vehicle/IC938,http://irail.be/stations/NMBS/008881406,IC,2016-04-28T17:37:00,2016-04-28T17:37:00,114,114
http://irail.be/vehicle/IC938,http://irail.be/stations/NMBS/008881315,IC,2016-04-28T17:39:00,2016-04-28T17:39:00,0,0
http://irail.be/vehicle/IC938,http://irail.be/stations/NMBS/008881000,IC,2016-04-28T17:45:00,2016-04-28T17:42:00,127,192
http://irail.be/vehicle/IC938,http://irail.be/stations/NMBS/008884566,IC,2016-04-28T17:50:00,2016-04-28T17:50:00,63,67
http://irail.be/vehicle/IC938,http://irail.be/stations/NMBS/008884541,IC,2016-04-28T17:51:00,2016-04-28T17:51:00,50,50
http://irail.be/vehicle/IC938,http://irail.be/stations/NMBS/008884004,IC,2016-04-28T17:54:00,2016-04-28T17:53:00,96,52
http://irail.be/vehicle/IC938,http://irail.be/stations/NMBS/008884632,IC,2016-04-28T17:59:00,2016-04-28T17:59:00,0,0
http://irail.be/vehicle/IC938,http://irail.be/stations/NMBS/008884640,IC,2016-04-28T18:00:00,2016-04-28T18:00:00,0,0
http://irail.be/vehicle/IC938,http://irail.be/stations/NMBS/008884715,IC,2016-04-28T18:01:00,2016-04-28T18:01:00,71,66
http://irail.be/vehicle/IC938,http://irail.be/stations/NMBS/008884855,IC,2016-04-28T18:04:00,2016-04-28T18:04:00,71,71
http://irail.be/vehicle/IC938,http://irail.be/stations/NMBS/008884889,IC,2016-04-28T18:06:00,2016-04-28T18:06:00,0,0
http://irail.be/vehicle/IC938,http://irail.be/stations/NMBS/008885530,IC,2016-04-28T18:08:00,2016-04-28T18:08:00,0,0
http://irail.be/vehicle/IC938,http://irail.be/stations/NMBS/008885522,IC,2016-04-28T18:09:00,2016-04-28T18:09:00,340,148
http://irail.be/vehicle/IC938,http://irail.be/stations/NMBS/008885001,IC,2016-04-28T18:19:00,2016-04-28T18:15:00,507,450
http://irail.be/vehicle/IC938,http://irail.be/stations/NMBS/008885068,IC,2016-04-28T18:23:00,2016-04-28T18:23:00,586,548
http://irail.be/vehicle/IC938,http://irail.be/stations/NMBS/008885753,IC,2016-04-28T18:33:00,2016-04-28T18:33:00,0,0
http://irail.be/vehicle/IC938,http://irail.be/stations/NMBS/008885704,IC,2016-04-28T18:37:00,2016-04-28T18:37:00,0,595
http://irail.be/vehicle/IC938,http://irail.be/stations/NMBS/008863008,IC,2016-09-30T16:38:00,2016-09-30T16:38:00,53,
http://irail.be/vehicle/IC938,http://irail.be/stations/NMBS/008861119,IC,2016-09-30T16:41:00,2016-09-30T16:41:00,83,83
http://irail.be/vehicle/IC938,NO-URI,IC,2016-09-30T16:41:00,2016-09-30T16:41:00,83,83
http://irail.be/vehicle/IC938,http://irail.be/stations/NMBS/008861127,IC,2016-09-30T16:43:00,2016-09-30T16:43:00,41,41
http://irail.be/vehicle/IC938,http://irail.be/stations/NMBS/008861135,IC,2016-09-30T16:46:00,2016-09-30T16:46:00,12,12
http://irail.be/vehicle/IC938,http://irail.be/stations/NMBS/008861143,IC,2016-09-30T16:49:00,2016-09-30T16:49:00,-68,-68
http://irail.be/vehicle/IC938,http://irail.be/stations/NMBS/008861150,IC,2016-09-30T16:51:00,2016-09-30T16:51:00,-68,-68
http://irail.be/vehicle/IC938,NO-URI,IC,2016-09-30T16:51:00,2016-09-30T16:51:00,-5,-5
http://irail.be/vehicle/IC938,http://irail.be/stations/NMBS/008861168,IC,2016-09-30T16:52:00,2016-09-30T16:52:00,-5,-5
http://irail.be/vehicle/IC938,http://irail.be/stations/NMBS/008874724,IC,2016-09-30T16:52:00,2016-09-30T16:52:00,24,24
http://irail.be/vehicle/IC938,NO-URI,IC,2016-09-30T16:54:00,2016-09-30T16:54:00,-46,-46
http://irail.be/vehicle/IC938,http://irail.be/stations/NMBS/008874716,IC,2016-09-30T16:55:00,2016-09-30T16:55:00,32,32
http://irail.be/vehicle/IC938,http://irail.be/stations/NMBS/008874609,IC,2016-09-30T16:58:00,2016-09-30T16:57:00,143,77
http://irail.be/vehicle/IC938,http://irail.be/stations/NMBS/008874583,IC,2016-09-30T16:59:00,2016-09-30T16:59:00,83,83
http://irail.be/vehicle/IC938,http://irail.be/stations/NMBS/008874567,IC,2016-09-30T17:01:00,2016-09-30T17:01:00,143,143
http://irail.be/vehicle/IC938,http://irail.be/stations/NMBS/008874559,IC,2016-09-30T17:02:00,2016-09-30T17:02:00,148,148
http://irail.be/vehicle/IC938,NO-URI,IC,2016-09-30T17:03:00,2016-09-30T17:03:00,148,148
http://irail.be/vehicle/IC938,http://irail.be/stations/NMBS/008874005,IC,2016-09-30T17:03:00,2016-09-30T17:03:00,179,179
http://irail.be/vehicle/IC938,http://irail.be/stations/NMBS/008874054,IC,2016-09-30T17:06:00,2016-09-30T17:06:00,149,149
http://irail.be/vehicle/IC938,http://irail.be/stations/NMBS/008872009,IC,2016-09-30T17:11:00,2016-09-30T17:08:00,387,270
http://irail.be/vehicle/IC938,http://irail.be/stations/NMBS/008871100,IC,2016-09-30T17:15:00,2016-09-30T17:15:00,480,480
http://irail.be/vehicle/IC938,http://irail.be/stations/NMBS/008871514,IC,2016-09-30T17:18:00,2016-09-30T17:18:00,500,500
http://irail.be/vehicle/IC938,http://irail.be/stations/NMBS/008871415,IC,2016-09-30T17:20:00,2016-09-30T17:20:00,575,575
http://irail.be/vehicle/IC938,http://irail.be/stations/NMBS/008882248,IC,2016-09-30T17:21:00,2016-09-30T17:21:00,515,515
http://irail.be/vehicle/IC938,http://irail.be/stations/NMBS/008882230,IC,2016-09-30T17:22:00,2016-09-30T17:22:00,515,515
http://irail.be/vehicle/IC938,http://irail.be/stations/NMBS/008882206,IC,2016-09-30T17:28:00,2016-09-30T17:27:00,759,695
http://irail.be/vehicle/IC938,http://irail.be/stations/NMBS/008881463,IC,2016-09-30T17:32:00,2016-09-30T17:32:00,798,798
http://irail.be/vehicle/IC938,http://irail.be/stations/NMBS/008881455,IC,2016-09-30T17:33:00,2016-09-30T17:33:00,798,798
http://irail.be/vehicle/IC938,http://irail.be/stations/NMBS/008881430,IC,2016-09-30T17:34:00,2016-09-30T17:34:00,738,738
http://irail.be/vehicle/IC938,NO-URI,IC,2016-09-30T17:36:00,2016-09-30T17:36:00,808,808
http://irail.be/vehicle/IC938,http://irail.be/stations/NMBS/008881406,IC,2016-09-30T17:37:00,2016-09-30T17:37:00,748,748
http://irail.be/vehicle/IC938,http://irail.be/stations/NMBS/008881315,IC,2016-09-30T17:40:00,2016-09-30T17:40:00,808,808
http://irail.be/vehicle/IC938,http://irail.be/stations/NMBS/008881000,IC,2016-09-30T17:45:00,2016-09-30T17:42:00,955,964
http://irail.be/vehicle/IC938,http://irail.be/stations/NMBS/008884566,IC,2016-09-30T17:50:00,2016-09-30T17:50:00,876,876
http://irail.be/vehicle/IC938,http://irail.be/stations/NMBS/008884541,IC,2016-09-30T17:51:00,2016-09-30T17:51:00,865,865
http://irail.be/vehicle/IC938,http://irail.be/stations/NMBS/008884004,IC,2016-09-30T17:54:00,2016-09-30T17:53:00,908,867
http://irail.be/vehicle/IC938,http://irail.be/stations/NMBS/008884632,IC,2016-09-30T17:58:00,2016-09-30T17:58:00,848,848
http://irail.be/vehicle/IC938,http://irail.be/stations/NMBS/008884640,IC,2016-09-30T17:59:00,2016-09-30T17:59:00,848,848
http://irail.be/vehicle/IC938,http://irail.be/stations/NMBS/008884715,IC,2016-09-30T18:01:00,2016-09-30T18:01:00,885,885
http://irail.be/vehicle/IC938,http://irail.be/stations/NMBS/008884855,IC,2016-09-30T18:03:00,2016-09-30T18:03:00,825,825
http://irail.be/vehicle/IC938,http://irail.be/stations/NMBS/008884889,IC,2016-09-30T18:06:00,2016-09-30T18:06:00,885,885
http://irail.be/vehicle/IC938,http://irail.be/stations/NMBS/008885530,IC,2016-09-30T18:08:00,2016-09-30T18:08:00,825,825
http://irail.be/vehicle/IC938,http://irail.be/stations/NMBS/008885522,IC,2016-09-30T18:09:00,2016-09-30T18:09:00,878,878
http://irail.be/vehicle/IC938,http://irail.be/stations/NMBS/008885001,IC,2016-09-30T18:19:00,2016-09-30T18:15:00,1030,908
http://irail.be/vehicle/IC938,http://irail.be/stations/NMBS/008885068,IC,2016-09-30T18:23:00,2016-09-30T18:23:00,1034,1006
http://irail.be/vehicle/IC938,http://irail.be/stations/NMBS/008885753,IC,2016-09-30T18:33:00,2016-09-30T18:33:00,854,854
http://irail.be/vehicle/IC938,http://irail.be/stations/NMBS/008885704,IC,2016-09-30T18:37:00,2016-09-30T18:37:00,,1077
http://irail.be/vehicle/IC938,http://irail.be/stations/NMBS/008863008,IC,2016-06-17T16:38:00,2016-06-17T16:38:00,16,
http://irail.be/vehicle/IC938,http://irail.be/stations/NMBS/008861119,IC,2016-06-17T16:41:00,2016-06-17T16:41:00,35,35
http://irail.be/vehicle/IC938,NO-URI,IC,2016-06-17T16:41:00,2016-06-17T16:41:00,35,35
http://irail.be/vehicle/IC938,http://irail.be/stations/NMBS/008861127,IC,2016-06-17T16:43:00,2016-06-17T16:43:00,99,99
http://irail.be/vehicle/IC938,http://irail.be/stations/NMBS/008861135,IC,2016-06-17T16:46:00,2016-06-17T16:46:00,73,73
http://irail.be/vehicle/IC938,http://irail.be/stations/NMBS/008861143,IC,2016-06-17T16:49:00,2016-06-17T16:49:00,-16,-16
http://irail.be/vehicle/IC938,http://irail.be/stations/NMBS/008861150,IC,2016-06-17T16:51:00,2016-06-17T16:51:00,-16,-16
http://irail.be/vehicle/IC938,NO-URI,IC,2016-06-17T16:51:00,2016-06-17T16:51:00,215,215
http://irail.be/vehicle/IC938,http://irail.be/stations/NMBS/008861168,IC,2016-06-17T16:52:00,2016-06-17T16:52:00,215,215
http://irail.be/vehicle/IC938,http://irail.be/stations/NMBS/008874724,IC,2016-06-17T16:52:00,2016-06-17T16:52:00,325,325
http://irail.be/vehicle/IC938,NO-URI,IC,2016-06-17T16:54:00,2016-06-17T16:54:00,246,246
http://irail.be/vehicle/IC938,http://irail.be/stations/NMBS/008874716,IC,2016-06-17T16:55:00,2016-06-17T16:55:00,263,263
http://irail.be/vehicle/IC938,http://irail.be/stations/NMBS/008874609,IC,2016-06-17T16:58:00,2016-06-17T16:57:00,292,285
http://irail.be/vehicle/IC938,http://irail.be/stations/NMBS/008874583,IC,2016-06-17T16:59:00,2016-06-17T16:59:00,232,232
http://irail.be/vehicle/IC938,http://irail.be/stations/NMBS/008874567,IC,2016-06-17T17:01:00,2016-06-17T17:01:00,292,292
http://irail.be/vehicle/IC938,http://irail.be/stations/NMBS/008874559,IC,2016-06-17T17:02:00,2016-06-17T17:02:00,295,295
http://irail.be/vehicle/IC938,NO-URI,IC,2016-06-17T17:03:00,2016-06-17T17:03:00,295,295
http://irail.be/vehicle/IC938,http://irail.be/stations/NMBS/008874005,IC,2016-06-17T17:03:00,2016-06-17T17:03:00,316,316
http://irail.be/vehicle/IC938,http://irail.be/stations/NMBS/008874054,IC,2016-06-17T17:06:00,2016-06-17T17:06:00,317,317
http://irail.be/vehicle/IC938,http://irail.be/stations/NMBS/008872009,IC,2016-06-17T17:11:00,2016-06-17T17:08:00,271,365
http://irail.be/vehicle/IC938,http://irail.be/stations/NMBS/008871100,IC,2016-06-17T17:15:00,2016-06-17T17:15:00,255,255
http://irail.be/vehicle/IC938,http://irail.be/stations/NMBS/008871514,IC,2016-06-17T17:18:00,2016-06-17T17:18:00,190,190
http://irail.be/vehicle/IC938,http://irail.be/stations/NMBS/008871415,IC,2016-06-17T17:20:00,2016-06-17T17:20:00,233,233
http://irail.be/vehicle/IC938,http://irail.be/stations/NMBS/008882248,IC,2016-06-17T17:21:00,2016-06-17T17:21:00,173,173
http://irail.be/vehicle/IC938,http://irail.be/stations/NMBS/008882230,IC,2016-06-17T17:22:00,2016-06-17T17:22:00,173,173
http://irail.be/vehicle/IC938,http://irail.be/stations/NMBS/008882206,IC,2016-06-17T17:28:00,2016-06-17T17:27:00,178,180
http://irail.be/vehicle/IC938,http://irail.be/stations/NMBS/008881463,IC,2016-06-17T17:32:00,2016-06-17T17:32:00,166,166
http://irail.be/vehicle/IC938,http://irail.be/stations/NMBS/008881455,IC,2016-06-17T17:33:00,2016-06-17T17:33:00,166,166
http://irail.be/vehicle/IC938,http://irail.be/stations/NMBS/008881430,IC,2016-06-17T17:34:00,2016-06-17T17:34:00,106,106
http://irail.be/vehicle/IC938,NO-URI,IC,2016-06-17T17:36:00,2016-06-17T17:36:00,169,169
http://irail.be/vehicle/IC938,http://irail.be/stations/NMBS/008881406,IC,2016-06-17T17:37:00,2016-06-17T17:37:00,109,109
http://irail.be/vehicle/IC938,http://irail.be/stations/NMBS/008881315,IC,2016-06-17T17:40:00,2016-06-17T17:40:00,169,169
http://irail.be/vehicle/IC938,http://irail.be/stations/NMBS/008881000,IC,2016-06-17T17:45:00,2016-06-17T17:42:00,110,220
http://irail.be/vehicle/IC938,http://irail.be/stations/NMBS/008884566,IC,2016-06-17T17:50:00,2016-06-17T17:50:00,60,60
http://irail.be/vehicle/IC938,http://irail.be/stations/NMBS/008884541,IC,2016-06-17T17:51:00,2016-06-17T17:51:00,49,49
http://irail.be/vehicle/IC938,http://irail.be/stations/NMBS/008884004,IC,2016-06-17T17:54:00,2016-06-17T17:53:00,64,50
http://irail.be/vehicle/IC938,http://irail.be/stations/NMBS/008884632,IC,2016-06-17T17:58:00,2016-06-17T17:58:00,4,4
http://irail.be/vehicle/IC938,http://irail.be/stations/NMBS/008884640,IC,2016-06-17T17:59:00,2016-06-17T17:59:00,4,4
http://irail.be/vehicle/IC938,http://irail.be/stations/NMBS/008884715,IC,2016-06-17T18:01:00,2016-06-17T18:01:00,33,33
http://irail.be/vehicle/IC938,http://irail.be/stations/NMBS/008884855,IC,2016-06-17T18:03:00,2016-06-17T18:03:00,-27,-27
http://irail.be/vehicle/IC938,http://irail.be/stations/NMBS/008884889,IC,2016-06-17T18:06:00,2016-06-17T18:06:00,33,33
http://irail.be/vehicle/IC938,http://irail.be/stations/NMBS/008885530,IC,2016-06-17T18:08:00,2016-06-17T18:08:00,-27,-27
http://irail.be/vehicle/IC938,http://irail.be/stations/NMBS/008885522,IC,2016-06-17T18:09:00,2016-06-17T18:09:00,114,114
http://irail.be/vehicle/IC938,http://irail.be/stations/NMBS/008885001,IC,2016-06-17T18:19:00,2016-06-17T18:15:00,120,72
http://irail.be/vehicle/IC938,http://irail.be/stations/NMBS/008885068,IC,2016-06-17T18:23:00,2016-06-17T18:23:00,228,140
http://irail.be/vehicle/IC938,http://irail.be/stations/NMBS/008885753,IC,2016-06-17T18:33:00,2016-06-17T18:33:00,48,48
http://irail.be/vehicle/IC938,http://irail.be/stations/NMBS/008885704,IC,2016-06-17T18:37:00,2016-06-17T18:37:00,,151
http://irail.be/vehicle/IC938,http://irail.be/stations/NMBS/008863008,IC,2016-08-12T16:38:00,2016-08-12T16:38:00,14,
http://irail.be/vehicle/IC938,http://irail.be/stations/NMBS/008861119,IC,2016-08-12T16:41:00,2016-08-12T16:41:00,44,44
http://irail.be/vehicle/IC938,http://irail.be/stations/NMBS/008861127,IC,2016-08-12T16:43:00,2016-08-12T16:43:00,1,1
http://irail.be/vehicle/IC938,http://irail.be/stations/NMBS/008861135,IC,2016-08-12T16:46:00,2016-08-12T16:46:00,-35,-35
http://irail.be/vehicle/IC938,http://irail.be/stations/NMBS/008861143,IC,2016-08-12T16:49:00,2016-08-12T16:49:00,-116,-116
http://irail.be/vehicle/IC938,http://irail.be/stations/NMBS/008861150,IC,2016-08-12T16:51:00,2016-08-12T16:51:00,-116,-116
http://irail.be/vehicle/IC938,NO-URI,IC,2016-08-12T16:51:00,2016-08-12T16:51:00,-7,-7
http://irail.be/vehicle/IC938,http://irail.be/stations/NMBS/008861168,IC,2016-08-12T16:52:00,2016-08-12T16:52:00,-7,-7
http://irail.be/vehicle/IC938,http://irail.be/stations/NMBS/008874724,IC,2016-08-12T16:52:00,2016-08-12T16:52:00,153,153
http://irail.be/vehicle/IC938,NO-URI,IC,2016-08-12T16:54:00,2016-08-12T16:54:00,76,76
http://irail.be/vehicle/IC938,http://irail.be/stations/NMBS/008874716,IC,2016-08-12T16:55:00,2016-08-12T16:55:00,87,87
http://irail.be/vehicle/IC938,http://irail.be/stations/NMBS/008874609,IC,2016-08-12T16:58:00,2016-08-12T16:57:00,130,110
http://irail.be/vehicle/IC938,http://irail.be/stations/NMBS/008874583,IC,2016-08-12T17:00:00,2016-08-12T17:00:00,130,130
http://irail.be/vehicle/IC938,http://irail.be/stations/NMBS/008874567,IC,2016-08-12T17:01:00,2016-08-12T17:01:00,130,130
http://irail.be/vehicle/IC938,http://irail.be/stations/NMBS/008874559,IC,2016-08-12T17:02:00,2016-08-12T17:02:00,99,99
http://irail.be/vehicle/IC938,NO-URI,IC,2016-08-12T17:03:00,2016-08-12T17:03:00,99,99
http://irail.be/vehicle/IC938,http://irail.be/stations/NMBS/008874005,IC,2016-08-12T17:03:00,2016-08-12T17:03:00,111,111
http://irail.be/vehicle/IC938,http://irail.be/stations/NMBS/008874054,IC,2016-08-12T17:06:00,2016-08-12T17:06:00,62,62
http://irail.be/vehicle/IC938,http://irail.be/stations/NMBS/008872009,IC,2016-08-12T17:11:00,2016-08-12T17:08:00,94,131
http://irail.be/vehicle/IC938,http://irail.be/stations/NMBS/008871100,IC,2016-08-12T17:15:00,2016-08-12T17:15:00,79,79
http://irail.be/vehicle/IC938,http://irail.be/stations/NMBS/008871514,IC,2016-08-12T17:19:00,2016-08-12T17:19:00,75,75
http://irail.be/vehicle/IC938,http://irail.be/stations/NMBS/008871415,IC,2016-08-12T17:20:00,2016-08-12T17:20:00,60,60
http://irail.be/vehicle/IC938,http://irail.be/stations/NMBS/008882248,IC,2016-08-12T17:22:00,2016-08-12T17:22:00,60,60
http://irail.be/vehicle/IC938,http://irail.be/stations/NMBS/008882230,IC,2016-08-12T17:23:00,2016-08-12T17:23:00,60,60
http://irail.be/vehicle/IC938,http://irail.be/stations/NMBS/008882206,IC,2016-08-12T17:28:00,2016-08-12T17:27:00,49,34
http://irail.be/vehicle/IC938,http://irail.be/stations/NMBS/008881463,IC,2016-08-12T17:32:00,2016-08-12T17:32:00,35,35
http://irail.be/vehicle/IC938,http://irail.be/stations/NMBS/008881455,IC,2016-08-12T17:33:00,2016-08-12T17:33:00,35,35
http://irail.be/vehicle/IC938,http://irail.be/stations/NMBS/008881430,IC,2016-08-12T17:35:00,2016-08-12T17:35:00,35,35
http://irail.be/vehicle/IC938,NO-URI,IC,2016-08-12T17:36:00,2016-08-12T17:36:00,22,22
http://irail.be/vehicle/IC938,http://irail.be/stations/NMBS/008881406,IC,2016-08-12T17:37:00,2016-08-12T17:37:00,-38,-38
http://irail.be/vehicle/IC938,http://irail.be/stations/NMBS/008881315,IC,2016-08-12T17:39:00,2016-08-12T17:39:00,-38,-38
http://irail.be/vehicle/IC938,http://irail.be/stations/NMBS/008881000,IC,2016-08-12T17:45:00,2016-08-12T17:42:00,24,84
http://irail.be/vehicle/IC938,http://irail.be/stations/NMBS/008884566,IC,2016-08-12T17:50:00,2016-08-12T17:50:00,-18,-18
http://irail.be/vehicle/IC938,http://irail.be/stations/NMBS/008884541,IC,2016-08-12T17:51:00,2016-08-12T17:51:00,-26,-26
http://irail.be/vehicle/IC938,http://irail.be/stations/NMBS/008884004,IC,2016-08-12T17:54:00,2016-08-12T17:53:00,58,-10
http://irail.be/vehicle/IC938,http://irail.be/stations/NMBS/008884632,IC,2016-08-12T17:59:00,2016-08-12T17:59:00,58,58
http://irail.be/vehicle/IC938,http://irail.be/stations/NMBS/008884640,IC,2016-08-12T18:00:00,2016-08-12T18:00:00,58,58
http://irail.be/vehicle/IC938,http://irail.be/stations/NMBS/008884715,IC,2016-08-12T18:01:00,2016-08-12T18:01:00,28,28
http://irail.be/vehicle/IC938,http://irail.be/stations/NMBS/008884855,IC,2016-08-12T18:04:00,2016-08-12T18:04:00,28,28
http://irail.be/vehicle/IC938,http://irail.be/stations/NMBS/008884889,IC,2016-08-12T18:06:00,2016-08-12T18:06:00,28,28
http://irail.be/vehicle/IC938,http://irail.be/stations/NMBS/008885530,IC,2016-08-12T18:08:00,2016-08-12T18:08:00,-32,-32
http://irail.be/vehicle/IC938,http://irail.be/stations/NMBS/008885522,IC,2016-08-12T18:09:00,2016-08-12T18:09:00,191,191
http://irail.be/vehicle/IC938,http://irail.be/stations/NMBS/008885001,IC,2016-08-12T18:19:00,2016-08-12T18:15:00,199,168
http://irail.be/vehicle/IC938,http://irail.be/stations/NMBS/008885068,IC,2016-08-12T18:23:00,2016-08-12T18:23:00,272,237
http://irail.be/vehicle/IC938,http://irail.be/stations/NMBS/008885753,IC,2016-08-12T18:33:00,2016-08-12T18:33:00,92,92
http://irail.be/vehicle/IC938,http://irail.be/stations/NMBS/008885704,IC,2016-08-12T18:37:00,2016-08-12T18:37:00,,174
http://irail.be/vehicle/IC938,http://irail.be/stations/NMBS/008874609,IC,2016-04-07T16:58:00,2016-04-07T16:58:00,30,0
http://irail.be/vehicle/IC938,http://irail.be/stations/NMBS/008874583,IC,2016-04-07T17:00:00,2016-04-07T17:00:00,30,30
http://irail.be/vehicle/IC938,http://irail.be/stations/NMBS/008874567,IC,2016-04-07T17:01:00,2016-04-07T17:01:00,30,30
http://irail.be/vehicle/IC938,http://irail.be/stations/NMBS/008874559,IC,2016-04-07T17:02:00,2016-04-07T17:02:00,96,96
http://irail.be/vehicle/IC938,http://irail.be/stations/NMBS/008874005,IC,2016-04-07T17:03:00,2016-04-07T17:03:00,113,105
http://irail.be/vehicle/IC938,http://irail.be/stations/NMBS/008874054,IC,2016-04-07T17:06:00,2016-04-07T17:06:00,78,69
http://irail.be/vehicle/IC938,http://irail.be/stations/NMBS/008872009,IC,2016-04-07T17:11:00,2016-04-07T17:08:00,36,130
http://irail.be/vehicle/IC938,http://irail.be/stations/NMBS/008871100,IC,2016-04-07T17:15:00,2016-04-07T17:15:00,24,-13
http://irail.be/vehicle/IC938,http://irail.be/stations/NMBS/008871514,IC,2016-04-07T17:19:00,2016-04-07T17:19:00,23,23
http://irail.be/vehicle/IC938,http://irail.be/stations/NMBS/008871415,IC,2016-04-07T17:20:00,2016-04-07T17:20:00,23,21
http://irail.be/vehicle/IC938,http://irail.be/stations/NMBS/008882248,IC,2016-04-07T17:22:00,2016-04-07T17:22:00,23,23
http://irail.be/vehicle/IC938,http://irail.be/stations/NMBS/008882230,IC,2016-04-07T17:23:00,2016-04-07T17:23:00,23,23
http://irail.be/vehicle/IC938,http://irail.be/stations/NMBS/008882206,IC,2016-04-07T17:28:00,2016-04-07T17:27:00,24,-16
http://irail.be/vehicle/IC938,http://irail.be/stations/NMBS/008881463,IC,2016-04-07T17:32:00,2016-04-07T17:32:00,30,30
http://irail.be/vehicle/IC938,http://irail.be/stations/NMBS/008881455,IC,2016-04-07T17:33:00,2016-04-07T17:33:00,30,30
http://irail.be/vehicle/IC938,http://irail.be/stations/NMBS/008881430,IC,2016-04-07T17:35:00,2016-04-07T17:35:00,30,30
http://irail.be/vehicle/IC938,NO-URI,IC,2016-04-07T17:36:00,2016-04-07T17:36:00,26,23
http://irail.be/vehicle/IC938,http://irail.be/stations/NMBS/008881406,IC,2016-04-07T17:37:00,2016-04-07T17:37:00,-34,-34
http://irail.be/vehicle/IC938,http://irail.be/stations/NMBS/008881315,IC,2016-04-07T17:39:00,2016-04-07T17:39:00,-34,-34
http://irail.be/vehicle/IC938,http://irail.be/stations/NMBS/008881000,IC,2016-04-07T17:45:00,2016-04-07T17:42:00,54,97
http://irail.be/vehicle/IC938,http://irail.be/stations/NMBS/008884566,IC,2016-04-07T17:50:00,2016-04-07T17:50:00,8,-6
http://irail.be/vehicle/IC938,http://irail.be/stations/NMBS/008884541,IC,2016-04-07T17:51:00,2016-04-07T17:51:00,4,4
http://irail.be/vehicle/IC938,http://irail.be/stations/NMBS/008884004,IC,2016-04-07T17:54:00,2016-04-07T17:53:00,90,30
http://irail.be/vehicle/IC938,http://irail.be/stations/NMBS/008884632,IC,2016-04-07T17:59:00,2016-04-07T17:59:00,90,90
http://irail.be/vehicle/IC938,http://irail.be/stations/NMBS/008884640,IC,2016-04-07T18:00:00,2016-04-07T18:00:00,90,90
http://irail.be/vehicle/IC938,http://irail.be/stations/NMBS/008884715,IC,2016-04-07T18:01:00,2016-04-07T18:01:00,105,100
http://irail.be/vehicle/IC938,http://irail.be/stations/NMBS/008884855,IC,2016-04-07T18:04:00,2016-04-07T18:04:00,105,105
http://irail.be/vehicle/IC938,http://irail.be/stations/NMBS/008884889,IC,2016-04-07T18:06:00,2016-04-07T18:06:00,105,105
http://irail.be/vehicle/IC938,http://irail.be/stations/NMBS/008885530,IC,2016-04-07T18:08:00,2016-04-07T18:08:00,45,45
http://irail.be/vehicle/IC938,http://irail.be/stations/NMBS/008885522,IC,2016-04-07T18:09:00,2016-04-07T18:09:00,112,97
http://irail.be/vehicle/IC938,http://irail.be/stations/NMBS/008885001,IC,2016-04-07T18:19:00,2016-04-07T18:15:00,277,166
http://irail.be/vehicle/IC938,http://irail.be/stations/NMBS/008885068,IC,2016-04-07T18:23:00,2016-04-07T18:23:00,294,245
http://irail.be/vehicle/IC938,http://irail.be/stations/NMBS/008885753,IC,2016-04-07T18:33:00,2016-04-07T18:33:00,114,114
http://irail.be/vehicle/IC938,http://irail.be/stations/NMBS/008885704,IC,2016-04-07T18:37:00,2016-04-07T18:37:00,0,216
http://irail.be/vehicle/IC938,http://irail.be/stations/NMBS/008863008,IC,2016-06-27T16:38:00,2016-06-27T16:38:00,18,
http://irail.be/vehicle/IC938,http://irail.be/stations/NMBS/008861119,IC,2016-06-27T16:41:00,2016-06-27T16:41:00,67,67
http://irail.be/vehicle/IC938,http://irail.be/stations/NMBS/008861127,IC,2016-06-27T16:43:00,2016-06-27T16:43:00,14,14
http://irail.be/vehicle/IC938,http://irail.be/stations/NMBS/008861135,IC,2016-06-27T16:46:00,2016-06-27T16:46:00,74,74
http://irail.be/vehicle/IC938,http://irail.be/stations/NMBS/008861143,IC,2016-06-27T16:49:00,2016-06-27T16:49:00,11,11
http://irail.be/vehicle/IC938,http://irail.be/stations/NMBS/008861150,IC,2016-06-27T16:51:00,2016-06-27T16:51:00,11,11
http://irail.be/vehicle/IC938,NO-URI,IC,2016-06-27T16:51:00,2016-06-27T16:51:00,303,303
http://irail.be/vehicle/IC938,http://irail.be/stations/NMBS/008861168,IC,2016-06-27T16:52:00,2016-06-27T16:52:00,303,303
http://irail.be/vehicle/IC938,http://irail.be/stations/NMBS/008874724,IC,2016-06-27T16:52:00,2016-06-27T16:52:00,312,312
http://irail.be/vehicle/IC938,NO-URI,IC,2016-06-27T16:54:00,2016-06-27T16:54:00,219,219
http://irail.be/vehicle/IC938,http://irail.be/stations/NMBS/008874716,IC,2016-06-27T16:55:00,2016-06-27T16:55:00,237,237
http://irail.be/vehicle/IC938,http://irail.be/stations/NMBS/008874609,IC,2016-06-27T16:58:00,2016-06-27T16:57:00,247,251
http://irail.be/vehicle/IC938,http://irail.be/stations/NMBS/008874583,IC,2016-06-27T17:00:00,2016-06-27T17:00:00,247,247
http://irail.be/vehicle/IC938,http://irail.be/stations/NMBS/008874567,IC,2016-06-27T17:01:00,2016-06-27T17:01:00,247,247
http://irail.be/vehicle/IC938,http://irail.be/stations/NMBS/008874559,IC,2016-06-27T17:02:00,2016-06-27T17:02:00,220,220
http://irail.be/vehicle/IC938,NO-URI,IC,2016-06-27T17:03:00,2016-06-27T17:03:00,220,220
http://irail.be/vehicle/IC938,http://irail.be/stations/NMBS/008874005,IC,2016-06-27T17:03:00,2016-06-27T17:03:00,232,232
http://irail.be/vehicle/IC938,http://irail.be/stations/NMBS/008874054,IC,2016-06-27T17:06:00,2016-06-27T17:06:00,237,237
http://irail.be/vehicle/IC938,http://irail.be/stations/NMBS/008872009,IC,2016-06-27T17:11:00,2016-06-27T17:08:00,208,293
http://irail.be/vehicle/IC938,http://irail.be/stations/NMBS/008871100,IC,2016-06-27T17:15:00,2016-06-27T17:15:00,189,189
http://irail.be/vehicle/IC938,http://irail.be/stations/NMBS/008871514,IC,2016-06-27T17:19:00,2016-06-27T17:19:00,188,188
http://irail.be/vehicle/IC938,http://irail.be/stations/NMBS/008871415,IC,2016-06-27T17:20:00,2016-06-27T17:20:00,164,164
http://irail.be/vehicle/IC938,http://irail.be/stations/NMBS/008882248,IC,2016-06-27T17:22:00,2016-06-27T17:22:00,164,164
http://irail.be/vehicle/IC938,http://irail.be/stations/NMBS/008882230,IC,2016-06-27T17:23:00,2016-06-27T17:23:00,164,164
http://irail.be/vehicle/IC938,http://irail.be/stations/NMBS/008882206,IC,2016-06-27T17:28:00,2016-06-27T17:27:00,148,101
http://irail.be/vehicle/IC938,http://irail.be/stations/NMBS/008881463,IC,2016-06-27T17:32:00,2016-06-27T17:32:00,138,138
http://irail.be/vehicle/IC938,http://irail.be/stations/NMBS/008881455,IC,2016-06-27T17:33:00,2016-06-27T17:33:00,138,138
http://irail.be/vehicle/IC938,http://irail.be/stations/NMBS/008881430,IC,2016-06-27T17:35:00,2016-06-27T17:35:00,138,138
http://irail.be/vehicle/IC938,NO-URI,IC,2016-06-27T17:36:00,2016-06-27T17:36:00,120,120
http://irail.be/vehicle/IC938,http://irail.be/stations/NMBS/008881406,IC,2016-06-27T17:37:00,2016-06-27T17:37:00,60,60
http://irail.be/vehicle/IC938,http://irail.be/stations/NMBS/008881315,IC,2016-06-27T17:39:00,2016-06-27T17:39:00,60,60
http://irail.be/vehicle/IC938,http://irail.be/stations/NMBS/008881000,IC,2016-06-27T17:45:00,2016-06-27T17:42:00,699,177
http://irail.be/vehicle/IC938,http://irail.be/stations/NMBS/008881125,IC,2016-06-27T17:51:00,2016-06-27T17:51:00,635,635
http://irail.be/vehicle/IC938,http://irail.be/stations/NMBS/008881158,IC,2016-06-27T17:55:00,2016-06-27T17:55:00,635,635
http://irail.be/vehicle/IC938,http://irail.be/stations/NMBS/008881166,IC,2016-06-27T17:59:00,2016-06-27T17:59:00,439,439
http://irail.be/vehicle/IC938,http://irail.be/stations/NMBS/008881190,IC,2016-06-27T18:04:00,2016-06-27T18:04:00,421,421
http://irail.be/vehicle/IC938,http://irail.be/stations/NMBS/008886074,IC,2016-06-27T18:08:00,2016-06-27T18:08:00,421,421
http://irail.be/vehicle/IC938,http://irail.be/stations/NMBS/008886066,IC,2016-06-27T18:11:00,2016-06-27T18:11:00,87,87
http://irail.be/vehicle/IC938,http://irail.be/stations/NMBS/008886058,IC,2016-06-27T18:14:00,2016-06-27T18:14:00,87,87
http://irail.be/vehicle/IC938,http://irail.be/stations/NMBS/008886041,IC,2016-06-27T18:17:00,2016-06-27T18:17:00,87,87
http://irail.be/vehicle/IC938,http://irail.be/stations/NMBS/008886009,IC,2016-06-27T18:22:00,2016-06-27T18:22:00,-182,-182
http://irail.be/vehicle/IC938,http://irail.be/stations/NMBS/008886348,IC,2016-06-27T18:37:00,2016-06-27T18:37:00,-678,-678
http://irail.be/vehicle/IC938,NO-URI,IC,2016-06-27T18:48:00,2016-06-27T18:48:00,-1029,-1029
http://irail.be/vehicle/IC938,http://irail.be/stations/NMBS/008885001,IC,2016-06-27T18:55:00,2016-06-27T18:53:00,2581,1332
http://irail.be/vehicle/IC938,http://irail.be/stations/NMBS/008885068,IC,2016-06-27T18:59:00,2016-06-27T18:59:00,2595,2595
http://irail.be/vehicle/IC938,http://irail.be/stations/NMBS/008885753,IC,2016-06-27T19:06:00,2016-06-27T19:06:00,2415,2415
http://irail.be/vehicle/IC938,http://irail.be/stations/NMBS/008885704,IC,2016-06-27T19:08:00,2016-06-27T19:08:00,,2494
http://irail.be/vehicle/IC938,http://irail.be/stations/NMBS/008863008,IC,2016-09-05T16:38:00,2016-09-05T16:38:00,32,
http://irail.be/vehicle/IC938,http://irail.be/stations/NMBS/008861119,IC,2016-09-05T16:41:00,2016-09-05T16:41:00,85,85
http://irail.be/vehicle/IC938,http://irail.be/stations/NMBS/008861127,IC,2016-09-05T16:43:00,2016-09-05T16:43:00,47,47
http://irail.be/vehicle/IC938,http://irail.be/stations/NMBS/008861135,IC,2016-09-05T16:46:00,2016-09-05T16:46:00,22,22
http://irail.be/vehicle/IC938,http://irail.be/stations/NMBS/008861143,IC,2016-09-05T16:49:00,2016-09-05T16:49:00,-65,-65
http://irail.be/vehicle/IC938,http://irail.be/stations/NMBS/008861150,IC,2016-09-05T16:51:00,2016-09-05T16:51:00,-65,-65
http://irail.be/vehicle/IC938,NO-URI,IC,2016-09-05T16:51:00,2016-09-05T16:51:00,-11,-11
http://irail.be/vehicle/IC938,http://irail.be/stations/NMBS/008861168,IC,2016-09-05T16:52:00,2016-09-05T16:52:00,-11,-11
http://irail.be/vehicle/IC938,http://irail.be/stations/NMBS/008874724,IC,2016-09-05T16:52:00,2016-09-05T16:52:00,9,9
http://irail.be/vehicle/IC938,NO-URI,IC,2016-09-05T16:54:00,2016-09-05T16:54:00,-77,-77
http://irail.be/vehicle/IC938,http://irail.be/stations/NMBS/008874716,IC,2016-09-05T16:55:00,2016-09-05T16:55:00,-51,-51
http://irail.be/vehicle/IC938,http://irail.be/stations/NMBS/008874609,IC,2016-09-05T16:58:00,2016-09-05T16:57:00,5,-32
http://irail.be/vehicle/IC938,http://irail.be/stations/NMBS/008874583,IC,2016-09-05T17:00:00,2016-09-05T17:00:00,5,5
http://irail.be/vehicle/IC938,http://irail.be/stations/NMBS/008874567,IC,2016-09-05T17:01:00,2016-09-05T17:01:00,5,5
http://irail.be/vehicle/IC938,http://irail.be/stations/NMBS/008874559,IC,2016-09-05T17:02:00,2016-09-05T17:02:00,-27,-27
http://irail.be/vehicle/IC938,NO-URI,IC,2016-09-05T17:03:00,2016-09-05T17:03:00,-27,-27
http://irail.be/vehicle/IC938,http://irail.be/stations/NMBS/008874005,IC,2016-09-05T17:03:00,2016-09-05T17:03:00,-16,-16
http://irail.be/vehicle/IC938,http://irail.be/stations/NMBS/008874054,IC,2016-09-05T17:06:00,2016-09-05T17:06:00,-43,-43
http://irail.be/vehicle/IC938,http://irail.be/stations/NMBS/008872009,IC,2016-09-05T17:11:00,2016-09-05T17:08:00,67,3
http://irail.be/vehicle/IC938,http://irail.be/stations/NMBS/008871100,IC,2016-09-05T17:15:00,2016-09-05T17:15:00,610,610
http://irail.be/vehicle/IC938,http://irail.be/stations/NMBS/008871514,IC,2016-09-05T17:19:00,2016-09-05T17:19:00,613,613
http://irail.be/vehicle/IC938,http://irail.be/stations/NMBS/008871415,IC,2016-09-05T17:20:00,2016-09-05T17:20:00,588,588
http://irail.be/vehicle/IC938,http://irail.be/stations/NMBS/008882248,IC,2016-09-05T17:22:00,2016-09-05T17:22:00,588,588
http://irail.be/vehicle/IC938,http://irail.be/stations/NMBS/008882230,IC,2016-09-05T17:23:00,2016-09-05T17:23:00,588,588
http://irail.be/vehicle/IC938,http://irail.be/stations/NMBS/008882206,IC,2016-09-05T17:28:00,2016-09-05T17:27:00,643,626
http://irail.be/vehicle/IC938,http://irail.be/stations/NMBS/008881463,IC,2016-09-05T17:32:00,2016-09-05T17:32:00,639,639
http://irail.be/vehicle/IC938,http://irail.be/stations/NMBS/008881455,IC,2016-09-05T17:33:00,2016-09-05T17:33:00,639,639
http://irail.be/vehicle/IC938,http://irail.be/stations/NMBS/008881430,IC,2016-09-05T17:35:00,2016-09-05T17:35:00,639,639
http://irail.be/vehicle/IC938,NO-URI,IC,2016-09-05T17:36:00,2016-09-05T17:36:00,623,623
http://irail.be/vehicle/IC938,http://irail.be/stations/NMBS/008881406,IC,2016-09-05T17:37:00,2016-09-05T17:37:00,563,563
http://irail.be/vehicle/IC938,http://irail.be/stations/NMBS/008881315,IC,2016-09-05T17:39:00,2016-09-05T17:39:00,563,563
http://irail.be/vehicle/IC938,http://irail.be/stations/NMBS/008881000,IC,2016-09-05T17:45:00,2016-09-05T17:42:00,509,591
http://irail.be/vehicle/IC938,http://irail.be/stations/NMBS/008884566,IC,2016-09-05T17:50:00,2016-09-05T17:50:00,433,433
http://irail.be/vehicle/IC938,http://irail.be/stations/NMBS/008884541,IC,2016-09-05T17:51:00,2016-09-05T17:51:00,420,420
http://irail.be/vehicle/IC938,http://irail.be/stations/NMBS/008884004,IC,2016-09-05T17:54:00,2016-09-05T17:53:00,418,408
http://irail.be/vehicle/IC938,http://irail.be/stations/NMBS/008884632,IC,2016-09-05T17:59:00,2016-09-05T17:59:00,418,418
http://irail.be/vehicle/IC938,http://irail.be/stations/NMBS/008884640,IC,2016-09-05T18:00:00,2016-09-05T18:00:00,418,418
http://irail.be/vehicle/IC938,http://irail.be/stations/NMBS/008884715,IC,2016-09-05T18:01:00,2016-09-05T18:01:00,377,377
http://irail.be/vehicle/IC938,http://irail.be/stations/NMBS/008884855,IC,2016-09-05T18:04:00,2016-09-05T18:04:00,377,377
http://irail.be/vehicle/IC938,http://irail.be/stations/NMBS/008884889,IC,2016-09-05T18:06:00,2016-09-05T18:06:00,377,377
http://irail.be/vehicle/IC938,http://irail.be/stations/NMBS/008885530,IC,2016-09-05T18:08:00,2016-09-05T18:08:00,317,317
http://irail.be/vehicle/IC938,http://irail.be/stations/NMBS/008885522,IC,2016-09-05T18:09:00,2016-09-05T18:09:00,353,353
http://irail.be/vehicle/IC938,http://irail.be/stations/NMBS/008885001,IC,2016-09-05T18:19:00,2016-09-05T18:15:00,327,303
http://irail.be/vehicle/IC938,http://irail.be/stations/NMBS/008885068,IC,2016-09-05T18:23:00,2016-09-05T18:23:00,331,278
http://irail.be/vehicle/IC938,http://irail.be/stations/NMBS/008885753,IC,2016-09-05T18:33:00,2016-09-05T18:33:00,151,151
http://irail.be/vehicle/IC938,http://irail.be/stations/NMBS/008885704,IC,2016-09-05T18:37:00,2016-09-05T18:37:00,,219
http://irail.be/vehicle/IC938,http://irail.be/stations/NMBS/008863008,IC,2016-04-01T16:38:00,2016-04-01T16:38:00,29,0
http://irail.be/vehicle/IC938,http://irail.be/stations/NMBS/008861119,IC,2016-04-01T16:41:00,2016-04-01T16:41:00,67,67
http://irail.be/vehicle/IC938,http://irail.be/stations/NMBS/008861127,IC,2016-04-01T16:43:00,2016-04-01T16:43:00,16,1
http://irail.be/vehicle/IC938,http://irail.be/stations/NMBS/008861135,IC,2016-04-01T16:46:00,2016-04-01T16:46:00,-24,16
http://irail.be/vehicle/IC938,http://irail.be/stations/NMBS/008861143,IC,2016-04-01T16:49:00,2016-04-01T16:49:00,-115,-115
http://irail.be/vehicle/IC938,http://irail.be/stations/NMBS/008861150,IC,2016-04-01T16:51:00,2016-04-01T16:51:00,-115,-115
http://irail.be/vehicle/IC938,NO-URI,IC,2016-04-01T16:51:00,2016-04-01T16:51:00,-89,-89
http://irail.be/vehicle/IC938,http://irail.be/stations/NMBS/008861168,IC,2016-04-01T16:52:00,2016-04-01T16:52:00,-89,-89
http://irail.be/vehicle/IC938,http://irail.be/stations/NMBS/008874724,IC,2016-04-01T16:52:00,2016-04-01T16:52:00,-81,-89
http://irail.be/vehicle/IC938,NO-URI,IC,2016-04-01T16:54:00,2016-04-01T16:54:00,-173,-178
http://irail.be/vehicle/IC938,http://irail.be/stations/NMBS/008874716,IC,2016-04-01T16:55:00,2016-04-01T16:55:00,-98,-98
http://irail.be/vehicle/IC938,http://irail.be/stations/NMBS/008874609,IC,2016-04-01T16:58:00,2016-04-01T16:57:00,94,47
http://irail.be/vehicle/IC938,http://irail.be/stations/NMBS/008874583,IC,2016-04-01T17:00:00,2016-04-01T17:00:00,94,94
http://irail.be/vehicle/IC938,http://irail.be/stations/NMBS/008874567,IC,2016-04-01T17:01:00,2016-04-01T17:01:00,94,94
http://irail.be/vehicle/IC938,http://irail.be/stations/NMBS/008874559,IC,2016-04-01T17:02:00,2016-04-01T17:02:00,65,65
http://irail.be/vehicle/IC938,http://irail.be/stations/NMBS/008874005,IC,2016-04-01T17:03:00,2016-04-01T17:03:00,75,71
http://irail.be/vehicle/IC938,http://irail.be/stations/NMBS/008874054,IC,2016-04-01T17:06:00,2016-04-01T17:06:00,29,23
http://irail.be/vehicle/IC938,http://irail.be/stations/NMBS/008872009,IC,2016-04-01T17:11:00,2016-04-01T17:08:00,19,56
http://irail.be/vehicle/IC938,http://irail.be/stations/NMBS/008871100,IC,2016-04-01T17:15:00,2016-04-01T17:15:00,-12,-43
http://irail.be/vehicle/IC938,http://irail.be/stations/NMBS/008871514,IC,2016-04-01T17:19:00,2016-04-01T17:19:00,-17,-17
http://irail.be/vehicle/IC938,http://irail.be/stations/NMBS/008871415,IC,2016-04-01T17:20:00,2016-04-01T17:20:00,-48,-41
http://irail.be/vehicle/IC938,http://irail.be/stations/NMBS/008882248,IC,2016-04-01T17:22:00,2016-04-01T17:22:00,-48,-48
http://irail.be/vehicle/IC938,http://irail.be/stations/NMBS/008882230,IC,2016-04-01T17:23:00,2016-04-01T17:23:00,-48,-48
http://irail.be/vehicle/IC938,http://irail.be/stations/NMBS/008882206,IC,2016-04-01T17:28:00,2016-04-01T17:27:00,9,-103
http://irail.be/vehicle/IC938,http://irail.be/stations/NMBS/008881463,IC,2016-04-01T17:32:00,2016-04-01T17:32:00,11,11
http://irail.be/vehicle/IC938,http://irail.be/stations/NMBS/008881455,IC,2016-04-01T17:33:00,2016-04-01T17:33:00,11,11
http://irail.be/vehicle/IC938,http://irail.be/stations/NMBS/008881430,IC,2016-04-01T17:35:00,2016-04-01T17:35:00,11,11
http://irail.be/vehicle/IC938,NO-URI,IC,2016-04-01T17:36:00,2016-04-01T17:36:00,2,1
http://irail.be/vehicle/IC938,http://irail.be/stations/NMBS/008881406,IC,2016-04-01T17:37:00,2016-04-01T17:37:00,-58,-58
http://irail.be/vehicle/IC938,http://irail.be/stations/NMBS/008881315,IC,2016-04-01T17:39:00,2016-04-01T17:39:00,-58,-58
http://irail.be/vehicle/IC938,http://irail.be/stations/NMBS/008881000,IC,2016-04-01T17:45:00,2016-04-01T17:42:00,29,16
http://irail.be/vehicle/IC938,http://irail.be/stations/NMBS/008884566,IC,2016-04-01T17:50:00,2016-04-01T17:50:00,-35,-31
http://irail.be/vehicle/IC938,http://irail.be/stations/NMBS/008884541,IC,2016-04-01T17:51:00,2016-04-01T17:51:00,-46,-46
http://irail.be/vehicle/IC938,http://irail.be/stations/NMBS/008884004,IC,2016-04-01T17:54:00,2016-04-01T17:53:00,82,38
http://irail.be/vehicle/IC938,http://irail.be/stations/NMBS/008884632,IC,2016-04-01T17:59:00,2016-04-01T17:59:00,82,82
http://irail.be/vehicle/IC938,http://irail.be/stations/NMBS/008884640,IC,2016-04-01T18:00:00,2016-04-01T18:00:00,82,82
http://irail.be/vehicle/IC938,http://irail.be/stations/NMBS/008884715,IC,2016-04-01T18:01:00,2016-04-01T18:01:00,77,71
http://irail.be/vehicle/IC938,http://irail.be/stations/NMBS/008884855,IC,2016-04-01T18:04:00,2016-04-01T18:04:00,77,77
http://irail.be/vehicle/IC938,http://irail.be/stations/NMBS/008884889,IC,2016-04-01T18:06:00,2016-04-01T18:06:00,77,77
http://irail.be/vehicle/IC938,http://irail.be/stations/NMBS/008885530,IC,2016-04-01T18:08:00,2016-04-01T18:08:00,17,17
http://irail.be/vehicle/IC938,http://irail.be/stations/NMBS/008885522,IC,2016-04-01T18:09:00,2016-04-01T18:09:00,66,59
http://irail.be/vehicle/IC938,http://irail.be/stations/NMBS/008885001,IC,2016-04-01T18:19:00,2016-04-01T18:15:00,238,196
http://irail.be/vehicle/IC938,http://irail.be/stations/NMBS/008885068,IC,2016-04-01T18:23:00,2016-04-01T18:23:00,338,299
http://irail.be/vehicle/IC938,http://irail.be/stations/NMBS/008885753,IC,2016-04-01T18:33:00,2016-04-01T18:33:00,158,158
http://irail.be/vehicle/IC938,http://irail.be/stations/NMBS/008885704,IC,2016-04-01T18:37:00,2016-04-01T18:37:00,0,268
http://irail.be/vehicle/IC938,http://irail.be/stations/NMBS/008863008,IC,2016-04-15T16:38:00,2016-04-15T16:38:00,32,0
http://irail.be/vehicle/IC938,http://irail.be/stations/NMBS/008861119,IC,2016-04-15T16:41:00,2016-04-15T16:41:00,57,57
http://irail.be/vehicle/IC938,http://irail.be/stations/NMBS/008861127,IC,2016-04-15T16:43:00,2016-04-15T16:43:00,5,-10
http://irail.be/vehicle/IC938,http://irail.be/stations/NMBS/008861135,IC,2016-04-15T16:46:00,2016-04-15T16:46:00,-37,5
http://irail.be/vehicle/IC938,http://irail.be/stations/NMBS/008861143,IC,2016-04-15T16:49:00,2016-04-15T16:49:00,-127,-127
http://irail.be/vehicle/IC938,http://irail.be/stations/NMBS/008861150,IC,2016-04-15T16:51:00,2016-04-15T16:51:00,-127,-127
http://irail.be/vehicle/IC938,NO-URI,IC,2016-04-15T16:51:00,2016-04-15T16:51:00,-103,-103
http://irail.be/vehicle/IC938,http://irail.be/stations/NMBS/008861168,IC,2016-04-15T16:52:00,2016-04-15T16:52:00,-103,-103
http://irail.be/vehicle/IC938,http://irail.be/stations/NMBS/008874724,IC,2016-04-15T16:52:00,2016-04-15T16:52:00,-99,-103
http://irail.be/vehicle/IC938,NO-URI,IC,2016-04-15T16:54:00,2016-04-15T16:54:00,-197,-196
http://irail.be/vehicle/IC938,http://irail.be/stations/NMBS/008874716,IC,2016-04-15T16:55:00,2016-04-15T16:55:00,-116,-116
http://irail.be/vehicle/IC938,http://irail.be/stations/NMBS/008874609,IC,2016-04-15T16:58:00,2016-04-15T16:57:00,61,49
http://irail.be/vehicle/IC938,http://irail.be/stations/NMBS/008874583,IC,2016-04-15T17:00:00,2016-04-15T17:00:00,61,61
http://irail.be/vehicle/IC938,http://irail.be/stations/NMBS/008874567,IC,2016-04-15T17:01:00,2016-04-15T17:01:00,61,61
http://irail.be/vehicle/IC938,http://irail.be/stations/NMBS/008874559,IC,2016-04-15T17:02:00,2016-04-15T17:02:00,37,37
http://irail.be/vehicle/IC938,http://irail.be/stations/NMBS/008874005,IC,2016-04-15T17:03:00,2016-04-15T17:03:00,50,45
http://irail.be/vehicle/IC938,http://irail.be/stations/NMBS/008874054,IC,2016-04-15T17:06:00,2016-04-15T17:06:00,7,1
http://irail.be/vehicle/IC938,http://irail.be/stations/NMBS/008872009,IC,2016-04-15T17:11:00,2016-04-15T17:08:00,613,80
http://irail.be/vehicle/IC938,http://irail.be/stations/NMBS/008871100,IC,2016-04-15T17:15:00,2016-04-15T17:15:00,653,564
http://irail.be/vehicle/IC938,http://irail.be/stations/NMBS/008871514,IC,2016-04-15T17:19:00,2016-04-15T17:19:00,666,666
http://irail.be/vehicle/IC938,http://irail.be/stations/NMBS/008871415,IC,2016-04-15T17:20:00,2016-04-15T17:20:00,655,649
http://irail.be/vehicle/IC938,http://irail.be/stations/NMBS/008882248,IC,2016-04-15T17:22:00,2016-04-15T17:22:00,655,655
http://irail.be/vehicle/IC938,http://irail.be/stations/NMBS/008882230,IC,2016-04-15T17:23:00,2016-04-15T17:23:00,655,655
http://irail.be/vehicle/IC938,http://irail.be/stations/NMBS/008882206,IC,2016-04-15T17:28:00,2016-04-15T17:27:00,714,656
http://irail.be/vehicle/IC938,http://irail.be/stations/NMBS/008881463,IC,2016-04-15T17:32:00,2016-04-15T17:32:00,706,706
http://irail.be/vehicle/IC938,http://irail.be/stations/NMBS/008881455,IC,2016-04-15T17:33:00,2016-04-15T17:33:00,706,706
http://irail.be/vehicle/IC938,http://irail.be/stations/NMBS/008881430,IC,2016-04-15T17:35:00,2016-04-15T17:35:00,706,706
http://irail.be/vehicle/IC938,NO-URI,IC,2016-04-15T17:36:00,2016-04-15T17:36:00,775,775
http://irail.be/vehicle/IC938,http://irail.be/stations/NMBS/008881406,IC,2016-04-15T17:37:00,2016-04-15T17:37:00,715,715
http://irail.be/vehicle/IC938,http://irail.be/stations/NMBS/008881315,IC,2016-04-15T17:39:00,2016-04-15T17:39:00,715,715
http://irail.be/vehicle/IC938,http://irail.be/stations/NMBS/008881000,IC,2016-04-15T17:45:00,2016-04-15T17:42:00,837,818
http://irail.be/vehicle/IC938,http://irail.be/stations/NMBS/008884566,IC,2016-04-15T17:50:00,2016-04-15T17:50:00,754,777
http://irail.be/vehicle/IC938,http://irail.be/stations/NMBS/008884541,IC,2016-04-15T17:51:00,2016-04-15T17:51:00,741,741
http://irail.be/vehicle/IC938,http://irail.be/stations/NMBS/008884004,IC,2016-04-15T17:54:00,2016-04-15T17:53:00,760,741
http://irail.be/vehicle/IC938,http://irail.be/stations/NMBS/008884632,IC,2016-04-15T17:59:00,2016-04-15T17:59:00,760,760
http://irail.be/vehicle/IC938,http://irail.be/stations/NMBS/008884640,IC,2016-04-15T18:00:00,2016-04-15T18:00:00,760,760
http://irail.be/vehicle/IC938,http://irail.be/stations/NMBS/008884715,IC,2016-04-15T18:01:00,2016-04-15T18:01:00,726,722
http://irail.be/vehicle/IC938,http://irail.be/stations/NMBS/008884855,IC,2016-04-15T18:04:00,2016-04-15T18:04:00,726,726
http://irail.be/vehicle/IC938,http://irail.be/stations/NMBS/008884889,IC,2016-04-15T18:06:00,2016-04-15T18:06:00,726,726
http://irail.be/vehicle/IC938,http://irail.be/stations/NMBS/008885530,IC,2016-04-15T18:08:00,2016-04-15T18:08:00,666,666
http://irail.be/vehicle/IC938,http://irail.be/stations/NMBS/008885522,IC,2016-04-15T18:09:00,2016-04-15T18:09:00,702,695
http://irail.be/vehicle/IC938,http://irail.be/stations/NMBS/008885001,IC,2016-04-15T18:19:00,2016-04-15T18:15:00,987,731
http://irail.be/vehicle/IC938,http://irail.be/stations/NMBS/008885068,IC,2016-04-15T18:23:00,2016-04-15T18:23:00,1155,1119
http://irail.be/vehicle/IC938,http://irail.be/stations/NMBS/008885753,IC,2016-04-15T18:33:00,2016-04-15T18:33:00,975,975
http://irail.be/vehicle/IC938,http://irail.be/stations/NMBS/008885704,IC,2016-04-15T18:37:00,2016-04-15T18:37:00,0,1281
http://irail.be/vehicle/IC938,http://irail.be/stations/NMBS/008863008,IC,2016-08-05T16:38:00,2016-08-05T16:38:00,228,
http://irail.be/vehicle/IC938,http://irail.be/stations/NMBS/008861119,IC,2016-08-05T16:41:00,2016-08-05T16:41:00,257,257
http://irail.be/vehicle/IC938,http://irail.be/stations/NMBS/008861127,IC,2016-08-05T16:43:00,2016-08-05T16:43:00,204,204
http://irail.be/vehicle/IC938,http://irail.be/stations/NMBS/008861135,IC,2016-08-05T16:46:00,2016-08-05T16:46:00,168,168
http://irail.be/vehicle/IC938,http://irail.be/stations/NMBS/008861143,IC,2016-08-05T16:49:00,2016-08-05T16:49:00,156,156
http://irail.be/vehicle/IC938,http://irail.be/stations/NMBS/008861150,IC,2016-08-05T16:51:00,2016-08-05T16:51:00,156,156
http://irail.be/vehicle/IC938,NO-URI,IC,2016-08-05T16:51:00,2016-08-05T16:51:00,234,234
http://irail.be/vehicle/IC938,http://irail.be/stations/NMBS/008861168,IC,2016-08-05T16:52:00,2016-08-05T16:52:00,234,234
http://irail.be/vehicle/IC938,http://irail.be/stations/NMBS/008874724,IC,2016-08-05T16:52:00,2016-08-05T16:52:00,245,245
http://irail.be/vehicle/IC938,NO-URI,IC,2016-08-05T16:54:00,2016-08-05T16:54:00,154,154
http://irail.be/vehicle/IC938,http://irail.be/stations/NMBS/008874716,IC,2016-08-05T16:55:00,2016-08-05T16:55:00,170,170
http://irail.be/vehicle/IC938,http://irail.be/stations/NMBS/008874609,IC,2016-08-05T16:58:00,2016-08-05T16:57:00,168,175
http://irail.be/vehicle/IC938,http://irail.be/stations/NMBS/008874583,IC,2016-08-05T17:00:00,2016-08-05T17:00:00,168,168
http://irail.be/vehicle/IC938,http://irail.be/stations/NMBS/008874567,IC,2016-08-05T17:01:00,2016-08-05T17:01:00,168,168
http://irail.be/vehicle/IC938,http://irail.be/stations/NMBS/008874559,IC,2016-08-05T17:02:00,2016-08-05T17:02:00,137,137
http://irail.be/vehicle/IC938,NO-URI,IC,2016-08-05T17:03:00,2016-08-05T17:03:00,137,137
http://irail.be/vehicle/IC938,http://irail.be/stations/NMBS/008874005,IC,2016-08-05T17:03:00,2016-08-05T17:03:00,148,148
http://irail.be/vehicle/IC938,http://irail.be/stations/NMBS/008874054,IC,2016-08-05T17:06:00,2016-08-05T17:06:00,125,125
http://irail.be/vehicle/IC938,http://irail.be/stations/NMBS/008872009,IC,2016-08-05T17:11:00,2016-08-05T17:08:00,77,164
http://irail.be/vehicle/IC938,http://irail.be/stations/NMBS/008871100,IC,2016-08-05T17:15:00,2016-08-05T17:15:00,44,44
http://irail.be/vehicle/IC938,http://irail.be/stations/NMBS/008871514,IC,2016-08-05T17:19:00,2016-08-05T17:19:00,41,41
http://irail.be/vehicle/IC938,http://irail.be/stations/NMBS/008871415,IC,2016-08-05T17:20:00,2016-08-05T17:20:00,28,28
http://irail.be/vehicle/IC938,http://irail.be/stations/NMBS/008882248,IC,2016-08-05T17:22:00,2016-08-05T17:22:00,28,28
http://irail.be/vehicle/IC938,http://irail.be/stations/NMBS/008882230,IC,2016-08-05T17:23:00,2016-08-05T17:23:00,28,28
http://irail.be/vehicle/IC938,http://irail.be/stations/NMBS/008882206,IC,2016-08-05T17:28:00,2016-08-05T17:27:00,39,-6
http://irail.be/vehicle/IC938,http://irail.be/stations/NMBS/008881463,IC,2016-08-05T17:32:00,2016-08-05T17:32:00,40,40
http://irail.be/vehicle/IC938,http://irail.be/stations/NMBS/008881455,IC,2016-08-05T17:33:00,2016-08-05T17:33:00,40,40
http://irail.be/vehicle/IC938,http://irail.be/stations/NMBS/008881430,IC,2016-08-05T17:35:00,2016-08-05T17:35:00,40,40
http://irail.be/vehicle/IC938,NO-URI,IC,2016-08-05T17:36:00,2016-08-05T17:36:00,262,86
http://irail.be/vehicle/IC938,http://irail.be/stations/NMBS/008881406,IC,2016-08-05T17:37:00,2016-08-05T17:37:00,202,202
http://irail.be/vehicle/IC938,http://irail.be/stations/NMBS/008881315,IC,2016-08-05T17:39:00,2016-08-05T17:39:00,202,202
http://irail.be/vehicle/IC938,http://irail.be/stations/NMBS/008881000,IC,2016-08-05T17:45:00,2016-08-05T17:42:00,289,392
http://irail.be/vehicle/IC938,http://irail.be/stations/NMBS/008884566,IC,2016-08-05T17:50:00,2016-08-05T17:50:00,227,227
http://irail.be/vehicle/IC938,http://irail.be/stations/NMBS/008884541,IC,2016-08-05T17:51:00,2016-08-05T17:51:00,215,215
http://irail.be/vehicle/IC938,http://irail.be/stations/NMBS/008884004,IC,2016-08-05T17:54:00,2016-08-05T17:53:00,228,208
http://irail.be/vehicle/IC938,http://irail.be/stations/NMBS/008884632,IC,2016-08-05T17:59:00,2016-08-05T17:59:00,228,228
http://irail.be/vehicle/IC938,http://irail.be/stations/NMBS/008884640,IC,2016-08-05T18:00:00,2016-08-05T18:00:00,228,228
http://irail.be/vehicle/IC938,http://irail.be/stations/NMBS/008884715,IC,2016-08-05T18:01:00,2016-08-05T18:01:00,208,208
http://irail.be/vehicle/IC938,http://irail.be/stations/NMBS/008884855,IC,2016-08-05T18:04:00,2016-08-05T18:04:00,208,208
http://irail.be/vehicle/IC938,http://irail.be/stations/NMBS/008884889,IC,2016-08-05T18:06:00,2016-08-05T18:06:00,208,208
http://irail.be/vehicle/IC938,http://irail.be/stations/NMBS/008885530,IC,2016-08-05T18:08:00,2016-08-05T18:08:00,148,148
http://irail.be/vehicle/IC938,http://irail.be/stations/NMBS/008885522,IC,2016-08-05T18:09:00,2016-08-05T18:09:00,199,199
http://irail.be/vehicle/IC938,http://irail.be/stations/NMBS/008885001,IC,2016-08-05T18:19:00,2016-08-05T18:15:00,183,95
http://irail.be/vehicle/IC938,http://irail.be/stations/NMBS/008885068,IC,2016-08-05T18:23:00,2016-08-05T18:23:00,172,138
http://irail.be/vehicle/IC938,http://irail.be/stations/NMBS/008885753,IC,2016-08-05T18:33:00,2016-08-05T18:33:00,0,-8
http://irail.be/vehicle/IC938,http://irail.be/stations/NMBS/008885704,IC,2016-08-05T18:37:00,2016-08-05T18:37:00,,171
http://irail.be/vehicle/IC938,http://irail.be/stations/NMBS/008863008,IC,2016-12-01T16:38:00,2016-12-01T16:38:00,56,
http://irail.be/vehicle/IC938,http://irail.be/stations/NMBS/008861119,IC,2016-12-01T16:41:00,2016-12-01T16:41:00,51,51
http://irail.be/vehicle/IC938,http://irail.be/stations/NMBS/008861127,IC,2016-12-01T16:43:00,2016-12-01T16:43:00,-9,-9
http://irail.be/vehicle/IC938,http://irail.be/stations/NMBS/008861135,IC,2016-12-01T16:46:00,2016-12-01T16:46:00,-9,-9
http://irail.be/vehicle/IC938,http://irail.be/stations/NMBS/008861143,IC,2016-12-01T16:49:00,2016-12-01T16:49:00,-103,-103
http://irail.be/vehicle/IC938,http://irail.be/stations/NMBS/008861150,IC,2016-12-01T16:51:00,2016-12-01T16:51:00,-102,-102
http://irail.be/vehicle/IC938,NO-URI,IC,2016-12-01T16:51:00,2016-12-01T16:51:00,-102,-102
http://irail.be/vehicle/IC938,http://irail.be/stations/NMBS/008861168,IC,2016-12-01T16:52:00,2016-12-01T16:52:00,63,63
http://irail.be/vehicle/IC938,http://irail.be/stations/NMBS/008874724,IC,2016-12-01T16:52:00,2016-12-01T16:52:00,179,179
http://irail.be/vehicle/IC938,NO-URI,IC,2016-12-01T16:54:00,2016-12-01T16:54:00,179,179
http://irail.be/vehicle/IC938,http://irail.be/stations/NMBS/008874716,IC,2016-12-01T16:55:00,2016-12-01T16:55:00,151,151
http://irail.be/vehicle/IC938,http://irail.be/stations/NMBS/008874609,IC,2016-12-01T16:58:00,2016-12-01T16:57:00,188,159
http://irail.be/vehicle/IC938,http://irail.be/stations/NMBS/008874583,IC,2016-12-01T17:00:00,2016-12-01T17:00:00,188,188
http://irail.be/vehicle/IC938,http://irail.be/stations/NMBS/008874567,IC,2016-12-01T17:01:00,2016-12-01T17:01:00,179,179
http://irail.be/vehicle/IC938,http://irail.be/stations/NMBS/008874559,IC,2016-12-01T17:02:00,2016-12-01T17:02:00,179,179
http://irail.be/vehicle/IC938,NO-URI,IC,2016-12-01T17:03:00,2016-12-01T17:03:00,168,168
http://irail.be/vehicle/IC938,http://irail.be/stations/NMBS/008874005,IC,2016-12-01T17:03:00,2016-12-01T17:03:00,177,177
http://irail.be/vehicle/IC938,http://irail.be/stations/NMBS/008874054,IC,2016-12-01T17:06:00,2016-12-01T17:06:00,130,130
http://irail.be/vehicle/IC938,http://irail.be/stations/NMBS/008872009,IC,2016-12-01T17:11:00,2016-12-01T17:08:00,102,115
http://irail.be/vehicle/IC938,http://irail.be/stations/NMBS/008871100,IC,2016-12-01T17:15:00,2016-12-01T17:15:00,117,117
http://irail.be/vehicle/IC938,http://irail.be/stations/NMBS/008871514,IC,2016-12-01T17:19:00,2016-12-01T17:19:00,134,134
http://irail.be/vehicle/IC938,http://irail.be/stations/NMBS/008871415,IC,2016-12-01T17:20:00,2016-12-01T17:20:00,134,134
http://irail.be/vehicle/IC938,http://irail.be/stations/NMBS/008882248,IC,2016-12-01T17:22:00,2016-12-01T17:22:00,127,127
http://irail.be/vehicle/IC938,http://irail.be/stations/NMBS/008882230,IC,2016-12-01T17:23:00,2016-12-01T17:23:00,170,170
http://irail.be/vehicle/IC938,http://irail.be/stations/NMBS/008882206,IC,2016-12-01T17:28:00,2016-12-01T17:27:00,87,135
http://irail.be/vehicle/IC938,http://irail.be/stations/NMBS/008881463,IC,2016-12-01T17:32:00,2016-12-01T17:32:00,82,82
http://irail.be/vehicle/IC938,http://irail.be/stations/NMBS/008881455,IC,2016-12-01T17:33:00,2016-12-01T17:33:00,61,61
http://irail.be/vehicle/IC938,http://irail.be/stations/NMBS/008881430,IC,2016-12-01T17:35:00,2016-12-01T17:35:00,61,61
http://irail.be/vehicle/IC938,NO-URI,IC,2016-12-01T17:36:00,2016-12-01T17:36:00,61,61
http://irail.be/vehicle/IC938,http://irail.be/stations/NMBS/008881406,IC,2016-12-01T17:37:00,2016-12-01T17:37:00,44,44
http://irail.be/vehicle/IC938,http://irail.be/stations/NMBS/008881315,IC,2016-12-01T17:39:00,2016-12-01T17:39:00,93,93
http://irail.be/vehicle/IC938,http://irail.be/stations/NMBS/008881000,IC,2016-12-01T17:45:00,2016-12-01T17:42:00,71,93
http://irail.be/vehicle/IC938,http://irail.be/stations/NMBS/008884566,IC,2016-12-01T17:50:00,2016-12-01T17:50:00,71,71
http://irail.be/vehicle/IC938,http://irail.be/stations/NMBS/008884541,IC,2016-12-01T17:51:00,2016-12-01T17:51:00,-7,-7
http://irail.be/vehicle/IC938,http://irail.be/stations/NMBS/008884004,IC,2016-12-01T17:54:00,2016-12-01T17:53:00,-6,30
http://irail.be/vehicle/IC938,http://irail.be/stations/NMBS/008884632,IC,2016-12-01T17:59:00,2016-12-01T17:59:00,-6,-6
http://irail.be/vehicle/IC938,http://irail.be/stations/NMBS/008884640,IC,2016-12-01T18:00:00,2016-12-01T18:00:00,104,104
http://irail.be/vehicle/IC938,http://irail.be/stations/NMBS/008884715,IC,2016-12-01T18:01:00,2016-12-01T18:01:00,104,104
http://irail.be/vehicle/IC938,http://irail.be/stations/NMBS/008884855,IC,2016-12-01T18:04:00,2016-12-01T18:04:00,928,928
http://irail.be/vehicle/IC938,http://irail.be/stations/NMBS/008884889,IC,2016-12-01T18:06:00,2016-12-01T18:06:00,935,935
http://irail.be/vehicle/IC938,http://irail.be/stations/NMBS/008885530,IC,2016-12-01T18:08:00,2016-12-01T18:08:00,935,935
http://irail.be/vehicle/IC938,http://irail.be/stations/NMBS/008885522,IC,2016-12-01T18:09:00,2016-12-01T18:09:00,937,937
http://irail.be/vehicle/IC938,http://irail.be/stations/NMBS/008885001,IC,2016-12-01T18:19:00,2016-12-01T18:15:00,734,861
http://irail.be/vehicle/IC938,http://irail.be/stations/NMBS/008885068,IC,2016-12-01T18:23:00,2016-12-01T18:23:00,724,714
http://irail.be/vehicle/IC938,http://irail.be/stations/NMBS/008885753,IC,2016-12-01T18:33:00,2016-12-01T18:33:00,667,667
http://irail.be/vehicle/IC938,http://irail.be/stations/NMBS/008885704,IC,2016-12-01T18:37:00,2016-12-01T18:37:00,,667
http://irail.be/vehicle/IC938,http://irail.be/stations/NMBS/008863008,IC,2016-12-06T16:38:00,2016-12-06T16:38:00,116,
http://irail.be/vehicle/IC938,http://irail.be/stations/NMBS/008861119,IC,2016-12-06T16:42:03,2016-12-06T16:42:03,42,42
http://irail.be/vehicle/IC938,http://irail.be/stations/NMBS/008861127,IC,2016-12-06T16:43:00,2016-12-06T16:43:00,54,54
http://irail.be/vehicle/IC938,http://irail.be/stations/NMBS/008861135,IC,2016-12-06T16:46:00,2016-12-06T16:46:00,54,54
http://irail.be/vehicle/IC938,http://irail.be/stations/NMBS/008861143,IC,2016-12-06T16:49:00,2016-12-06T16:49:00,-15,-15
http://irail.be/vehicle/IC938,http://irail.be/stations/NMBS/008861150,IC,2016-12-06T16:51:00,2016-12-06T16:51:00,-11,-11
http://irail.be/vehicle/IC938,NO-URI,IC,2016-12-06T16:51:00,2016-12-06T16:51:00,-11,-11
http://irail.be/vehicle/IC938,http://irail.be/stations/NMBS/008861168,IC,2016-12-06T16:52:00,2016-12-06T16:52:00,-11,-11
http://irail.be/vehicle/IC938,http://irail.be/stations/NMBS/008874724,IC,2016-12-06T16:52:00,2016-12-06T16:52:00,-20,-20
http://irail.be/vehicle/IC938,NO-URI,IC,2016-12-06T16:54:00,2016-12-06T16:54:00,-20,-20
http://irail.be/vehicle/IC938,http://irail.be/stations/NMBS/008874716,IC,2016-12-06T16:55:00,2016-12-06T16:55:00,-73,-73
http://irail.be/vehicle/IC938,http://irail.be/stations/NMBS/008874609,IC,2016-12-06T16:58:00,2016-12-06T16:57:00,76,-41
http://irail.be/vehicle/IC938,http://irail.be/stations/NMBS/008874583,IC,2016-12-06T16:59:00,2016-12-06T16:59:00,76,76
http://irail.be/vehicle/IC938,http://irail.be/stations/NMBS/008874567,IC,2016-12-06T17:01:00,2016-12-06T17:01:00,46,46
http://irail.be/vehicle/IC938,http://irail.be/stations/NMBS/008874559,IC,2016-12-06T17:02:00,2016-12-06T17:02:00,46,46
http://irail.be/vehicle/IC938,NO-URI,IC,2016-12-06T17:03:00,2016-12-06T17:03:00,41,41
http://irail.be/vehicle/IC938,http://irail.be/stations/NMBS/008874005,IC,2016-12-06T17:03:00,2016-12-06T17:03:00,55,55
http://irail.be/vehicle/IC938,http://irail.be/stations/NMBS/008874054,IC,2016-12-06T17:06:00,2016-12-06T17:06:00,23,23
http://irail.be/vehicle/IC938,http://irail.be/stations/NMBS/008872009,IC,2016-12-06T17:11:00,2016-12-06T17:08:00,136,18
http://irail.be/vehicle/IC938,http://irail.be/stations/NMBS/008871100,IC,2016-12-06T17:15:00,2016-12-06T17:15:00,150,150
http://irail.be/vehicle/IC938,http://irail.be/stations/NMBS/008871514,IC,2016-12-06T17:18:00,2016-12-06T17:18:00,170,170
http://irail.be/vehicle/IC938,http://irail.be/stations/NMBS/008871415,IC,2016-12-06T17:20:00,2016-12-06T17:20:00,170,170
http://irail.be/vehicle/IC938,http://irail.be/stations/NMBS/008882248,IC,2016-12-06T17:21:00,2016-12-06T17:21:00,216,216
http://irail.be/vehicle/IC938,http://irail.be/stations/NMBS/008882230,IC,2016-12-06T17:22:00,2016-12-06T17:22:00,227,227
http://irail.be/vehicle/IC938,http://irail.be/stations/NMBS/008882206,IC,2016-12-06T17:28:00,2016-12-06T17:27:00,220,188
http://irail.be/vehicle/IC938,http://irail.be/stations/NMBS/008881463,IC,2016-12-06T17:32:00,2016-12-06T17:32:00,232,232
http://irail.be/vehicle/IC938,http://irail.be/stations/NMBS/008881455,IC,2016-12-06T17:33:00,2016-12-06T17:33:00,236,236
http://irail.be/vehicle/IC938,http://irail.be/stations/NMBS/008881430,IC,2016-12-06T17:34:00,2016-12-06T17:34:00,236,236
http://irail.be/vehicle/IC938,NO-URI,IC,2016-12-06T17:36:00,2016-12-06T17:36:00,236,236
http://irail.be/vehicle/IC938,http://irail.be/stations/NMBS/008881406,IC,2016-12-06T17:37:00,2016-12-06T17:37:00,215,215
http://irail.be/vehicle/IC938,http://irail.be/stations/NMBS/008881315,IC,2016-12-06T17:40:00,2016-12-06T17:40:00,339,339
http://irail.be/vehicle/IC938,http://irail.be/stations/NMBS/008881000,IC,2016-12-06T17:45:00,2016-12-06T17:42:00,311,339
http://irail.be/vehicle/IC938,http://irail.be/stations/NMBS/008884566,IC,2016-12-06T17:50:00,2016-12-06T17:50:00,311,311
http://irail.be/vehicle/IC938,http://irail.be/stations/NMBS/008884541,IC,2016-12-06T17:51:00,2016-12-06T17:51:00,228,228
http://irail.be/vehicle/IC938,http://irail.be/stations/NMBS/008884004,IC,2016-12-06T17:54:00,2016-12-06T17:53:00,231,263
http://irail.be/vehicle/IC938,http://irail.be/stations/NMBS/008884632,IC,2016-12-06T17:58:00,2016-12-06T17:58:00,231,231
http://irail.be/vehicle/IC938,http://irail.be/stations/NMBS/008884640,IC,2016-12-06T17:59:00,2016-12-06T17:59:00,263,263
http://irail.be/vehicle/IC938,http://irail.be/stations/NMBS/008884715,IC,2016-12-06T18:01:00,2016-12-06T18:01:00,263,263
http://irail.be/vehicle/IC938,http://irail.be/stations/NMBS/008884855,IC,2016-12-06T18:03:00,2016-12-06T18:03:00,273,273
http://irail.be/vehicle/IC938,http://irail.be/stations/NMBS/008884889,IC,2016-12-06T18:06:00,2016-12-06T18:06:00,244,244
http://irail.be/vehicle/IC938,http://irail.be/stations/NMBS/008885530,IC,2016-12-06T18:08:00,2016-12-06T18:08:00,244,244
http://irail.be/vehicle/IC938,http://irail.be/stations/NMBS/008885522,IC,2016-12-06T18:09:00,2016-12-06T18:09:00,239,239
http://irail.be/vehicle/IC938,http://irail.be/stations/NMBS/008885001,IC,2016-12-06T18:19:00,2016-12-06T18:15:00,93,244
http://irail.be/vehicle/IC938,http://irail.be/stations/NMBS/008885068,IC,2016-12-06T18:23:00,2016-12-06T18:23:00,131,74
http://irail.be/vehicle/IC938,http://irail.be/stations/NMBS/008885753,IC,2016-12-06T18:33:00,2016-12-06T18:33:00,42,42
http://irail.be/vehicle/IC938,http://irail.be/stations/NMBS/008885704,IC,2016-12-06T18:37:00,2016-12-06T18:37:00,,42
http://irail.be/vehicle/IC938,http://irail.be/stations/NMBS/008863008,IC,2016-09-28T16:38:00,2016-09-28T16:38:00,23,
http://irail.be/vehicle/IC938,http://irail.be/stations/NMBS/008861119,IC,2016-09-28T16:41:00,2016-09-28T16:41:00,52,52
http://irail.be/vehicle/IC938,NO-URI,IC,2016-09-28T16:41:00,2016-09-28T16:41:00,52,52
http://irail.be/vehicle/IC938,http://irail.be/stations/NMBS/008861127,IC,2016-09-28T16:43:00,2016-09-28T16:43:00,76,76
http://irail.be/vehicle/IC938,http://irail.be/stations/NMBS/008861135,IC,2016-09-28T16:46:00,2016-09-28T16:46:00,39,39
http://irail.be/vehicle/IC938,http://irail.be/stations/NMBS/008861143,IC,2016-09-28T16:49:00,2016-09-28T16:49:00,-52,-52
http://irail.be/vehicle/IC938,http://irail.be/stations/NMBS/008861150,IC,2016-09-28T16:51:00,2016-09-28T16:51:00,-52,-52
http://irail.be/vehicle/IC938,NO-URI,IC,2016-09-28T16:51:00,2016-09-28T16:51:00,-23,-23
http://irail.be/vehicle/IC938,http://irail.be/stations/NMBS/008861168,IC,2016-09-28T16:52:00,2016-09-28T16:52:00,-23,-23
http://irail.be/vehicle/IC938,http://irail.be/stations/NMBS/008874724,IC,2016-09-28T16:52:00,2016-09-28T16:52:00,-17,-17
http://irail.be/vehicle/IC938,NO-URI,IC,2016-09-28T16:54:00,2016-09-28T16:54:00,-117,-117
http://irail.be/vehicle/IC938,http://irail.be/stations/NMBS/008874716,IC,2016-09-28T16:55:00,2016-09-28T16:55:00,-60,-60
http://irail.be/vehicle/IC938,http://irail.be/stations/NMBS/008874609,IC,2016-09-28T16:58:00,2016-09-28T16:57:00,1,-17
http://irail.be/vehicle/IC938,http://irail.be/stations/NMBS/008874583,IC,2016-09-28T16:59:00,2016-09-28T16:59:00,-59,-59
http://irail.be/vehicle/IC938,http://irail.be/stations/NMBS/008874567,IC,2016-09-28T17:01:00,2016-09-28T17:01:00,1,1
http://irail.be/vehicle/IC938,http://irail.be/stations/NMBS/008874559,IC,2016-09-28T17:02:00,2016-09-28T17:02:00,-29,-29
http://irail.be/vehicle/IC938,NO-URI,IC,2016-09-28T17:03:00,2016-09-28T17:03:00,-29,-29
http://irail.be/vehicle/IC938,http://irail.be/stations/NMBS/008874005,IC,2016-09-28T17:03:00,2016-09-28T17:03:00,-17,-17
http://irail.be/vehicle/IC938,http://irail.be/stations/NMBS/008874054,IC,2016-09-28T17:06:00,2016-09-28T17:06:00,-63,-63
http://irail.be/vehicle/IC938,http://irail.be/stations/NMBS/008872009,IC,2016-09-28T17:11:00,2016-09-28T17:08:00,44,-6
http://irail.be/vehicle/IC938,http://irail.be/stations/NMBS/008871100,IC,2016-09-28T17:15:00,2016-09-28T17:15:00,225,225
http://irail.be/vehicle/IC938,http://irail.be/stations/NMBS/008871514,IC,2016-09-28T17:18:00,2016-09-28T17:18:00,167,167
http://irail.be/vehicle/IC938,http://irail.be/stations/NMBS/008871415,IC,2016-09-28T17:20:00,2016-09-28T17:20:00,202,202
http://irail.be/vehicle/IC938,http://irail.be/stations/NMBS/008882248,IC,2016-09-28T17:21:00,2016-09-28T17:21:00,142,142
http://irail.be/vehicle/IC938,http://irail.be/stations/NMBS/008882230,IC,2016-09-28T17:22:00,2016-09-28T17:22:00,142,142
http://irail.be/vehicle/IC938,http://irail.be/stations/NMBS/008882206,IC,2016-09-28T17:28:00,2016-09-28T17:27:00,176,130
http://irail.be/vehicle/IC938,http://irail.be/stations/NMBS/008881463,IC,2016-09-28T17:32:00,2016-09-28T17:32:00,162,162
http://irail.be/vehicle/IC938,http://irail.be/stations/NMBS/008881455,IC,2016-09-28T17:33:00,2016-09-28T17:33:00,162,162
http://irail.be/vehicle/IC938,http://irail.be/stations/NMBS/008881430,IC,2016-09-28T17:34:00,2016-09-28T17:34:00,102,102
http://irail.be/vehicle/IC938,NO-URI,IC,2016-09-28T17:36:00,2016-09-28T17:36:00,147,147
http://irail.be/vehicle/IC938,http://irail.be/stations/NMBS/008881406,IC,2016-09-28T17:37:00,2016-09-28T17:37:00,87,87
http://irail.be/vehicle/IC938,http://irail.be/stations/NMBS/008881315,IC,2016-09-28T17:40:00,2016-09-28T17:40:00,147,147
http://irail.be/vehicle/IC938,http://irail.be/stations/NMBS/008881000,IC,2016-09-28T17:45:00,2016-09-28T17:42:00,114,177
http://irail.be/vehicle/IC938,http://irail.be/stations/NMBS/008884566,IC,2016-09-28T17:50:00,2016-09-28T17:50:00,75,75
http://irail.be/vehicle/IC938,http://irail.be/stations/NMBS/008884541,IC,2016-09-28T17:51:00,2016-09-28T17:51:00,93,93
http://irail.be/vehicle/IC938,http://irail.be/stations/NMBS/008884004,IC,2016-09-28T17:54:00,2016-09-28T17:53:00,152,109
http://irail.be/vehicle/IC938,http://irail.be/stations/NMBS/008884632,IC,2016-09-28T17:58:00,2016-09-28T17:58:00,92,92
http://irail.be/vehicle/IC938,http://irail.be/stations/NMBS/008884640,IC,2016-09-28T17:59:00,2016-09-28T17:59:00,92,92
http://irail.be/vehicle/IC938,http://irail.be/stations/NMBS/008884715,IC,2016-09-28T18:01:00,2016-09-28T18:01:00,119,119
http://irail.be/vehicle/IC938,http://irail.be/stations/NMBS/008884855,IC,2016-09-28T18:03:00,2016-09-28T18:03:00,59,59
http://irail.be/vehicle/IC938,http://irail.be/stations/NMBS/008884889,IC,2016-09-28T18:06:00,2016-09-28T18:06:00,119,119
http://irail.be/vehicle/IC938,http://irail.be/stations/NMBS/008885530,IC,2016-09-28T18:08:00,2016-09-28T18:08:00,59,59
http://irail.be/vehicle/IC938,http://irail.be/stations/NMBS/008885522,IC,2016-09-28T18:09:00,2016-09-28T18:09:00,96,96
http://irail.be/vehicle/IC938,http://irail.be/stations/NMBS/008885001,IC,2016-09-28T18:19:00,2016-09-28T18:15:00,15,71
http://irail.be/vehicle/IC938,http://irail.be/stations/NMBS/008885068,IC,2016-09-28T18:23:00,2016-09-28T18:23:00,27,-29
http://irail.be/vehicle/IC938,http://irail.be/stations/NMBS/008885753,IC,2016-09-28T18:33:00,2016-09-28T18:33:00,0,-153
http://irail.be/vehicle/IC938,http://irail.be/stations/NMBS/008885704,IC,2016-09-28T18:37:00,2016-09-28T18:37:00,,96
http://irail.be/vehicle/IC938,http://irail.be/stations/NMBS/008863008,IC,2016-04-14T16:38:00,2016-04-14T16:38:00,72,0
http://irail.be/vehicle/IC938,http://irail.be/stations/NMBS/008861119,IC,2016-04-14T16:41:00,2016-04-14T16:41:00,115,115
http://irail.be/vehicle/IC938,http://irail.be/stations/NMBS/008861127,IC,2016-04-14T16:43:00,2016-04-14T16:43:00,73,55
http://irail.be/vehicle/IC938,http://irail.be/stations/NMBS/008861135,IC,2016-04-14T16:46:00,2016-04-14T16:46:00,49,73
http://irail.be/vehicle/IC938,http://irail.be/stations/NMBS/008861143,IC,2016-04-14T16:49:00,2016-04-14T16:49:00,-35,-35
http://irail.be/vehicle/IC938,http://irail.be/stations/NMBS/008861150,IC,2016-04-14T16:51:00,2016-04-14T16:51:00,-35,-35
http://irail.be/vehicle/IC938,NO-URI,IC,2016-04-14T16:51:00,2016-04-14T16:51:00,66,17
http://irail.be/vehicle/IC938,http://irail.be/stations/NMBS/008861168,IC,2016-04-14T16:52:00,2016-04-14T16:52:00,66,66
http://irail.be/vehicle/IC938,http://irail.be/stations/NMBS/008874724,IC,2016-04-14T16:52:00,2016-04-14T16:52:00,103,66
http://irail.be/vehicle/IC938,NO-URI,IC,2016-04-14T16:54:00,2016-04-14T16:54:00,16,6
http://irail.be/vehicle/IC938,http://irail.be/stations/NMBS/008874716,IC,2016-04-14T16:55:00,2016-04-14T16:55:00,128,128
http://irail.be/vehicle/IC938,http://irail.be/stations/NMBS/008874609,IC,2016-04-14T16:58:00,2016-04-14T16:57:00,260,256
http://irail.be/vehicle/IC938,http://irail.be/stations/NMBS/008874583,IC,2016-04-14T17:00:00,2016-04-14T17:00:00,260,260
http://irail.be/vehicle/IC938,http://irail.be/stations/NMBS/008874567,IC,2016-04-14T17:01:00,2016-04-14T17:01:00,260,260
http://irail.be/vehicle/IC938,http://irail.be/stations/NMBS/008874559,IC,2016-04-14T17:02:00,2016-04-14T17:02:00,253,253
http://irail.be/vehicle/IC938,http://irail.be/stations/NMBS/008874005,IC,2016-04-14T17:03:00,2016-04-14T17:03:00,274,267
http://irail.be/vehicle/IC938,http://irail.be/stations/NMBS/008874054,IC,2016-04-14T17:06:00,2016-04-14T17:06:00,252,242
http://irail.be/vehicle/IC938,http://irail.be/stations/NMBS/008872009,IC,2016-04-14T17:11:00,2016-04-14T17:08:00,241,303
http://irail.be/vehicle/IC938,http://irail.be/stations/NMBS/008871100,IC,2016-04-14T17:15:00,2016-04-14T17:15:00,240,207
http://irail.be/vehicle/IC938,http://irail.be/stations/NMBS/008871514,IC,2016-04-14T17:19:00,2016-04-14T17:19:00,232,232
http://irail.be/vehicle/IC938,http://irail.be/stations/NMBS/008871415,IC,2016-04-14T17:20:00,2016-04-14T17:20:00,231,233
http://irail.be/vehicle/IC938,http://irail.be/stations/NMBS/008882248,IC,2016-04-14T17:22:00,2016-04-14T17:22:00,231,231
http://irail.be/vehicle/IC938,http://irail.be/stations/NMBS/008882230,IC,2016-04-14T17:23:00,2016-04-14T17:23:00,231,231
http://irail.be/vehicle/IC938,http://irail.be/stations/NMBS/008882206,IC,2016-04-14T17:28:00,2016-04-14T17:27:00,227,189
http://irail.be/vehicle/IC938,http://irail.be/stations/NMBS/008881463,IC,2016-04-14T17:32:00,2016-04-14T17:32:00,220,220
http://irail.be/vehicle/IC938,http://irail.be/stations/NMBS/008881455,IC,2016-04-14T17:33:00,2016-04-14T17:33:00,220,220
http://irail.be/vehicle/IC938,http://irail.be/stations/NMBS/008881430,IC,2016-04-14T17:35:00,2016-04-14T17:35:00,220,220
http://irail.be/vehicle/IC938,NO-URI,IC,2016-04-14T17:36:00,2016-04-14T17:36:00,298,294
http://irail.be/vehicle/IC938,http://irail.be/stations/NMBS/008881406,IC,2016-04-14T17:37:00,2016-04-14T17:37:00,238,238
http://irail.be/vehicle/IC938,http://irail.be/stations/NMBS/008881315,IC,2016-04-14T17:39:00,2016-04-14T17:39:00,238,238
http://irail.be/vehicle/IC938,http://irail.be/stations/NMBS/008881000,IC,2016-04-14T17:45:00,2016-04-14T17:42:00,239,316
http://irail.be/vehicle/IC938,http://irail.be/stations/NMBS/008884566,IC,2016-04-14T17:50:00,2016-04-14T17:50:00,181,179
http://irail.be/vehicle/IC938,http://irail.be/stations/NMBS/008884541,IC,2016-04-14T17:51:00,2016-04-14T17:51:00,169,169
http://irail.be/vehicle/IC938,http://irail.be/stations/NMBS/008884004,IC,2016-04-14T17:54:00,2016-04-14T17:53:00,228,210
http://irail.be/vehicle/IC938,http://irail.be/stations/NMBS/008884632,IC,2016-04-14T17:59:00,2016-04-14T17:59:00,228,228
http://irail.be/vehicle/IC938,http://irail.be/stations/NMBS/008884640,IC,2016-04-14T18:00:00,2016-04-14T18:00:00,228,228
http://irail.be/vehicle/IC938,http://irail.be/stations/NMBS/008884715,IC,2016-04-14T18:01:00,2016-04-14T18:01:00,197,194
http://irail.be/vehicle/IC938,http://irail.be/stations/NMBS/008884855,IC,2016-04-14T18:04:00,2016-04-14T18:04:00,197,197
http://irail.be/vehicle/IC938,http://irail.be/stations/NMBS/008884889,IC,2016-04-14T18:06:00,2016-04-14T18:06:00,197,197
http://irail.be/vehicle/IC938,http://irail.be/stations/NMBS/008885530,IC,2016-04-14T18:08:00,2016-04-14T18:08:00,137,137
http://irail.be/vehicle/IC938,http://irail.be/stations/NMBS/008885522,IC,2016-04-14T18:09:00,2016-04-14T18:09:00,185,174
http://irail.be/vehicle/IC938,http://irail.be/stations/NMBS/008885001,IC,2016-04-14T18:19:00,2016-04-14T18:15:00,392,212
http://irail.be/vehicle/IC938,http://irail.be/stations/NMBS/008885068,IC,2016-04-14T18:23:00,2016-04-14T18:23:00,479,446
http://irail.be/vehicle/IC938,http://irail.be/stations/NMBS/008885753,IC,2016-04-14T18:33:00,2016-04-14T18:33:00,299,299
http://irail.be/vehicle/IC938,http://irail.be/stations/NMBS/008885704,IC,2016-04-14T18:37:00,2016-04-14T18:37:00,0,468
http://irail.be/vehicle/IC938,http://irail.be/stations/NMBS/008863008,IC,2016-09-06T16:38:00,2016-09-06T16:38:00,20,
http://irail.be/vehicle/IC938,http://irail.be/stations/NMBS/008861119,IC,2016-09-06T16:41:00,2016-09-06T16:41:00,50,50
http://irail.be/vehicle/IC938,http://irail.be/stations/NMBS/008861127,IC,2016-09-06T16:43:00,2016-09-06T16:43:00,1,1
http://irail.be/vehicle/IC938,http://irail.be/stations/NMBS/008861135,IC,2016-09-06T16:46:00,2016-09-06T16:46:00,-30,-30
http://irail.be/vehicle/IC938,http://irail.be/stations/NMBS/008861143,IC,2016-09-06T16:49:00,2016-09-06T16:49:00,-116,-116
http://irail.be/vehicle/IC938,http://irail.be/stations/NMBS/008861150,IC,2016-09-06T16:51:00,2016-09-06T16:51:00,-116,-116
http://irail.be/vehicle/IC938,NO-URI,IC,2016-09-06T16:51:00,2016-09-06T16:51:00,22,22
http://irail.be/vehicle/IC938,http://irail.be/stations/NMBS/008861168,IC,2016-09-06T16:52:00,2016-09-06T16:52:00,22,22
http://irail.be/vehicle/IC938,http://irail.be/stations/NMBS/008874724,IC,2016-09-06T16:52:00,2016-09-06T16:52:00,161,161
http://irail.be/vehicle/IC938,NO-URI,IC,2016-09-06T16:54:00,2016-09-06T16:54:00,77,77
http://irail.be/vehicle/IC938,http://irail.be/stations/NMBS/008874716,IC,2016-09-06T16:55:00,2016-09-06T16:55:00,91,91
http://irail.be/vehicle/IC938,http://irail.be/stations/NMBS/008874609,IC,2016-09-06T16:58:00,2016-09-06T16:57:00,230,222
http://irail.be/vehicle/IC938,http://irail.be/stations/NMBS/008874583,IC,2016-09-06T17:00:00,2016-09-06T17:00:00,230,230
http://irail.be/vehicle/IC938,http://irail.be/stations/NMBS/008874567,IC,2016-09-06T17:01:00,2016-09-06T17:01:00,230,230
http://irail.be/vehicle/IC938,http://irail.be/stations/NMBS/008874559,IC,2016-09-06T17:02:00,2016-09-06T17:02:00,199,199
http://irail.be/vehicle/IC938,NO-URI,IC,2016-09-06T17:03:00,2016-09-06T17:03:00,199,199
http://irail.be/vehicle/IC938,http://irail.be/stations/NMBS/008874005,IC,2016-09-06T17:03:00,2016-09-06T17:03:00,213,213
http://irail.be/vehicle/IC938,http://irail.be/stations/NMBS/008874054,IC,2016-09-06T17:06:00,2016-09-06T17:06:00,177,177
http://irail.be/vehicle/IC938,http://irail.be/stations/NMBS/008872009,IC,2016-09-06T17:11:00,2016-09-06T17:08:00,226,260
http://irail.be/vehicle/IC938,http://irail.be/stations/NMBS/008871100,IC,2016-09-06T17:15:00,2016-09-06T17:15:00,360,360
http://irail.be/vehicle/IC938,http://irail.be/stations/NMBS/008871514,IC,2016-09-06T17:19:00,2016-09-06T17:19:00,359,359
http://irail.be/vehicle/IC938,http://irail.be/stations/NMBS/008871415,IC,2016-09-06T17:20:00,2016-09-06T17:20:00,299,299
http://irail.be/vehicle/IC938,http://irail.be/stations/NMBS/008882248,IC,2016-09-06T17:22:00,2016-09-06T17:22:00,299,299
http://irail.be/vehicle/IC938,http://irail.be/stations/NMBS/008882230,IC,2016-09-06T17:23:00,2016-09-06T17:23:00,299,299
http://irail.be/vehicle/IC938,http://irail.be/stations/NMBS/008882206,IC,2016-09-06T17:28:00,2016-09-06T17:27:00,239,239
http://irail.be/vehicle/IC938,http://irail.be/stations/NMBS/008881463,IC,2016-09-06T17:32:00,2016-09-06T17:32:00,239,239
http://irail.be/vehicle/IC938,http://irail.be/stations/NMBS/008881455,IC,2016-09-06T17:33:00,2016-09-06T17:33:00,239,239
http://irail.be/vehicle/IC938,http://irail.be/stations/NMBS/008881430,IC,2016-09-06T17:35:00,2016-09-06T17:35:00,239,239
http://irail.be/vehicle/IC938,NO-URI,IC,2016-09-06T17:36:00,2016-09-06T17:36:00,609,609
http://irail.be/vehicle/IC938,http://irail.be/stations/NMBS/008881406,IC,2016-09-06T17:37:00,2016-09-06T17:37:00,549,549
http://irail.be/vehicle/IC938,http://irail.be/stations/NMBS/008881315,IC,2016-09-06T17:39:00,2016-09-06T17:39:00,549,549
http://irail.be/vehicle/IC938,http://irail.be/stations/NMBS/008881000,IC,2016-09-06T17:45:00,2016-09-06T17:42:00,606,677
http://irail.be/vehicle/IC938,http://irail.be/stations/NMBS/008884566,IC,2016-09-06T17:50:00,2016-09-06T17:50:00,537,537
http://irail.be/vehicle/IC938,http://irail.be/stations/NMBS/008884541,IC,2016-09-06T17:51:00,2016-09-06T17:51:00,525,525
http://irail.be/vehicle/IC938,http://irail.be/stations/NMBS/008884004,IC,2016-09-06T17:54:00,2016-09-06T17:53:00,534,514
http://irail.be/vehicle/IC938,http://irail.be/stations/NMBS/008884632,IC,2016-09-06T17:59:00,2016-09-06T17:59:00,534,534
http://irail.be/vehicle/IC938,http://irail.be/stations/NMBS/008884640,IC,2016-09-06T18:00:00,2016-09-06T18:00:00,534,534
http://irail.be/vehicle/IC938,http://irail.be/stations/NMBS/008884715,IC,2016-09-06T18:01:00,2016-09-06T18:01:00,507,507
http://irail.be/vehicle/IC938,http://irail.be/stations/NMBS/008884855,IC,2016-09-06T18:04:00,2016-09-06T18:04:00,507,507
http://irail.be/vehicle/IC938,http://irail.be/stations/NMBS/008884889,IC,2016-09-06T18:06:00,2016-09-06T18:06:00,507,507
http://irail.be/vehicle/IC938,http://irail.be/stations/NMBS/008885530,IC,2016-09-06T18:08:00,2016-09-06T18:08:00,447,447
http://irail.be/vehicle/IC938,http://irail.be/stations/NMBS/008885522,IC,2016-09-06T18:09:00,2016-09-06T18:09:00,491,491
http://irail.be/vehicle/IC938,http://irail.be/stations/NMBS/008885001,IC,2016-09-06T18:19:00,2016-09-06T18:15:00,322,465
http://irail.be/vehicle/IC938,http://irail.be/stations/NMBS/008885068,IC,2016-09-06T18:23:00,2016-09-06T18:23:00,318,287
http://irail.be/vehicle/IC938,http://irail.be/stations/NMBS/008885753,IC,2016-09-06T18:33:00,2016-09-06T18:33:00,138,138
http://irail.be/vehicle/IC938,http://irail.be/stations/NMBS/008885704,IC,2016-09-06T18:37:00,2016-09-06T18:37:00,,351
http://irail.be/vehicle/IC938,http://irail.be/stations/NMBS/008863008,IC,2016-03-14T16:38:00,2016-03-14T16:38:00,36,0
http://irail.be/vehicle/IC938,http://irail.be/stations/NMBS/008861119,IC,2016-03-14T16:41:00,2016-03-14T16:41:00,54,54
http://irail.be/vehicle/IC938,http://irail.be/stations/NMBS/008861127,IC,2016-03-14T16:43:00,2016-03-14T16:43:00,5,-11
http://irail.be/vehicle/IC938,http://irail.be/stations/NMBS/008861135,IC,2016-03-14T16:46:00,2016-03-14T16:46:00,-29,5
http://irail.be/vehicle/IC938,http://irail.be/stations/NMBS/008861143,IC,2016-03-14T16:49:00,2016-03-14T16:49:00,-117,-117
http://irail.be/vehicle/IC938,http://irail.be/stations/NMBS/008861150,IC,2016-03-14T16:51:00,2016-03-14T16:51:00,-117,-117
http://irail.be/vehicle/IC938,NO-URI,IC,2016-03-14T16:51:00,2016-03-14T16:51:00,-68,-77
http://irail.be/vehicle/IC938,http://irail.be/stations/NMBS/008861168,IC,2016-03-14T16:52:00,2016-03-14T16:52:00,-68,-68
http://irail.be/vehicle/IC938,http://irail.be/stations/NMBS/008874724,IC,2016-03-14T16:52:00,2016-03-14T16:52:00,-55,-68
http://irail.be/vehicle/IC938,NO-URI,IC,2016-03-14T16:54:00,2016-03-14T16:54:00,-144,-152
http://irail.be/vehicle/IC938,http://irail.be/stations/NMBS/008874716,IC,2016-03-14T16:55:00,2016-03-14T16:55:00,-64,-64
http://irail.be/vehicle/IC938,http://irail.be/stations/NMBS/008874609,IC,2016-03-14T16:58:00,2016-03-14T16:57:00,68,36
http://irail.be/vehicle/IC938,http://irail.be/stations/NMBS/008874583,IC,2016-03-14T17:00:00,2016-03-14T17:00:00,0,0
http://irail.be/vehicle/IC938,http://irail.be/stations/NMBS/008874567,IC,2016-03-14T17:01:00,2016-03-14T17:01:00,0,0
http://irail.be/vehicle/IC938,http://irail.be/stations/NMBS/008874559,IC,2016-03-14T17:02:00,2016-03-14T17:02:00,45,45
http://irail.be/vehicle/IC938,http://irail.be/stations/NMBS/008874005,IC,2016-03-14T17:03:00,2016-03-14T17:03:00,58,52
http://irail.be/vehicle/IC938,http://irail.be/stations/NMBS/008874054,IC,2016-03-14T17:06:00,2016-03-14T17:06:00,16,10
http://irail.be/vehicle/IC938,http://irail.be/stations/NMBS/008872009,IC,2016-03-14T17:11:00,2016-03-14T17:08:00,28,53
http://irail.be/vehicle/IC938,http://irail.be/stations/NMBS/008871100,IC,2016-03-14T17:15:00,2016-03-14T17:15:00,12,-23
http://irail.be/vehicle/IC938,http://irail.be/stations/NMBS/008871514,IC,2016-03-14T17:19:00,2016-03-14T17:19:00,12,12
http://irail.be/vehicle/IC938,http://irail.be/stations/NMBS/008871415,IC,2016-03-14T17:20:00,2016-03-14T17:20:00,-8,-5
http://irail.be/vehicle/IC938,http://irail.be/stations/NMBS/008882248,IC,2016-03-14T17:22:00,2016-03-14T17:22:00,-8,-8
http://irail.be/vehicle/IC938,http://irail.be/stations/NMBS/008882230,IC,2016-03-14T17:23:00,2016-03-14T17:23:00,0,0
http://irail.be/vehicle/IC938,http://irail.be/stations/NMBS/008882206,IC,2016-03-14T17:28:00,2016-03-14T17:27:00,23,-56
http://irail.be/vehicle/IC938,http://irail.be/stations/NMBS/008881463,IC,2016-03-14T17:32:00,2016-03-14T17:32:00,14,14
http://irail.be/vehicle/IC938,http://irail.be/stations/NMBS/008881455,IC,2016-03-14T17:33:00,2016-03-14T17:33:00,14,14
http://irail.be/vehicle/IC938,http://irail.be/stations/NMBS/008881430,IC,2016-03-14T17:35:00,2016-03-14T17:35:00,0,0
http://irail.be/vehicle/IC938,NO-URI,IC,2016-03-14T17:36:00,2016-03-14T17:36:00,1,0
http://irail.be/vehicle/IC938,http://irail.be/stations/NMBS/008881406,IC,2016-03-14T17:37:00,2016-03-14T17:37:00,-59,-59
http://irail.be/vehicle/IC938,http://irail.be/stations/NMBS/008881315,IC,2016-03-14T17:39:00,2016-03-14T17:39:00,0,0
http://irail.be/vehicle/IC938,http://irail.be/stations/NMBS/008881000,IC,2016-03-14T17:45:00,2016-03-14T17:42:00,44,-18
http://irail.be/vehicle/IC938,http://irail.be/stations/NMBS/008884566,IC,2016-03-14T17:50:00,2016-03-14T17:50:00,-21,-16
http://irail.be/vehicle/IC938,http://irail.be/stations/NMBS/008884541,IC,2016-03-14T17:51:00,2016-03-14T17:51:00,-30,-30
http://irail.be/vehicle/IC938,http://irail.be/stations/NMBS/008884004,IC,2016-03-14T17:54:00,2016-03-14T17:53:00,90,33
http://irail.be/vehicle/IC938,http://irail.be/stations/NMBS/008884632,IC,2016-03-14T17:59:00,2016-03-14T17:59:00,0,0
http://irail.be/vehicle/IC938,http://irail.be/stations/NMBS/008884640,IC,2016-03-14T18:00:00,2016-03-14T18:00:00,0,0
http://irail.be/vehicle/IC938,http://irail.be/stations/NMBS/008884715,IC,2016-03-14T18:01:00,2016-03-14T18:01:00,87,78
http://irail.be/vehicle/IC938,http://irail.be/stations/NMBS/008884855,IC,2016-03-14T18:04:00,2016-03-14T18:04:00,87,87
http://irail.be/vehicle/IC938,http://irail.be/stations/NMBS/008884889,IC,2016-03-14T18:06:00,2016-03-14T18:06:00,0,0
http://irail.be/vehicle/IC938,http://irail.be/stations/NMBS/008885530,IC,2016-03-14T18:08:00,2016-03-14T18:08:00,0,0
http://irail.be/vehicle/IC938,http://irail.be/stations/NMBS/008885522,IC,2016-03-14T18:09:00,2016-03-14T18:09:00,132,65
http://irail.be/vehicle/IC938,http://irail.be/stations/NMBS/008885001,IC,2016-03-14T18:19:00,2016-03-14T18:15:00,414,198
http://irail.be/vehicle/IC938,http://irail.be/stations/NMBS/008885068,IC,2016-03-14T18:23:00,2016-03-14T18:23:00,509,478
http://irail.be/vehicle/IC938,http://irail.be/stations/NMBS/008885753,IC,2016-03-14T18:33:00,2016-03-14T18:33:00,0,0
http://irail.be/vehicle/IC938,http://irail.be/stations/NMBS/008885704,IC,2016-03-14T18:37:00,2016-03-14T18:37:00,0,483
http://irail.be/vehicle/IC938,http://irail.be/stations/NMBS/008874609,IC,2016-10-31T16:58:00,2016-10-31T16:58:00,33,
http://irail.be/vehicle/IC938,http://irail.be/stations/NMBS/008874583,IC,2016-10-31T17:00:00,2016-10-31T17:00:00,33,33
http://irail.be/vehicle/IC938,http://irail.be/stations/NMBS/008874567,IC,2016-10-31T17:01:00,2016-10-31T17:01:00,33,33
http://irail.be/vehicle/IC938,http://irail.be/stations/NMBS/008874559,IC,2016-10-31T17:02:00,2016-10-31T17:02:00,102,102
http://irail.be/vehicle/IC938,NO-URI,IC,2016-10-31T17:03:00,2016-10-31T17:03:00,102,102
http://irail.be/vehicle/IC938,http://irail.be/stations/NMBS/008874005,IC,2016-10-31T17:03:00,2016-10-31T17:03:00,124,124
http://irail.be/vehicle/IC938,http://irail.be/stations/NMBS/008874054,IC,2016-10-31T17:06:00,2016-10-31T17:06:00,99,99
http://irail.be/vehicle/IC938,http://irail.be/stations/NMBS/008872009,IC,2016-10-31T17:11:00,2016-10-31T17:08:00,109,158
http://irail.be/vehicle/IC938,http://irail.be/stations/NMBS/008871100,IC,2016-10-31T17:15:00,2016-10-31T17:15:00,163,163
http://irail.be/vehicle/IC938,http://irail.be/stations/NMBS/008871514,IC,2016-10-31T17:19:00,2016-10-31T17:19:00,183,183
http://irail.be/vehicle/IC938,http://irail.be/stations/NMBS/008871415,IC,2016-10-31T17:20:00,2016-10-31T17:20:00,187,187
http://irail.be/vehicle/IC938,http://irail.be/stations/NMBS/008882248,IC,2016-10-31T17:22:00,2016-10-31T17:22:00,187,187
http://irail.be/vehicle/IC938,http://irail.be/stations/NMBS/008882230,IC,2016-10-31T17:23:00,2016-10-31T17:23:00,187,187
http://irail.be/vehicle/IC938,http://irail.be/stations/NMBS/008882206,IC,2016-10-31T17:28:00,2016-10-31T17:27:00,235,162
http://irail.be/vehicle/IC938,http://irail.be/stations/NMBS/008881463,IC,2016-10-31T17:32:00,2016-10-31T17:32:00,230,230
http://irail.be/vehicle/IC938,http://irail.be/stations/NMBS/008881455,IC,2016-10-31T17:33:00,2016-10-31T17:33:00,230,230
http://irail.be/vehicle/IC938,http://irail.be/stations/NMBS/008881430,IC,2016-10-31T17:35:00,2016-10-31T17:35:00,230,230
http://irail.be/vehicle/IC938,NO-URI,IC,2016-10-31T17:36:00,2016-10-31T17:36:00,239,239
http://irail.be/vehicle/IC938,http://irail.be/stations/NMBS/008881406,IC,2016-10-31T17:37:00,2016-10-31T17:37:00,179,179
http://irail.be/vehicle/IC938,http://irail.be/stations/NMBS/008881315,IC,2016-10-31T17:39:00,2016-10-31T17:39:00,179,179
http://irail.be/vehicle/IC938,http://irail.be/stations/NMBS/008881000,IC,2016-10-31T17:45:00,2016-10-31T17:42:00,232,294
http://irail.be/vehicle/IC938,http://irail.be/stations/NMBS/008884566,IC,2016-10-31T17:50:00,2016-10-31T17:50:00,159,159
http://irail.be/vehicle/IC938,http://irail.be/stations/NMBS/008884541,IC,2016-10-31T17:51:00,2016-10-31T17:51:00,147,147
http://irail.be/vehicle/IC938,http://irail.be/stations/NMBS/008884004,IC,2016-10-31T17:53:00,2016-10-31T17:53:00,,288
http://irail.be/vehicle/IC938,http://irail.be/stations/NMBS/008863008,IC,2016-10-13T16:38:00,2016-10-13T16:38:00,30,
http://irail.be/vehicle/IC938,http://irail.be/stations/NMBS/008861119,IC,2016-10-13T16:41:00,2016-10-13T16:41:00,57,57
http://irail.be/vehicle/IC938,http://irail.be/stations/NMBS/008861127,IC,2016-10-13T16:43:00,2016-10-13T16:43:00,3,3
http://irail.be/vehicle/IC938,http://irail.be/stations/NMBS/008861135,IC,2016-10-13T16:46:00,2016-10-13T16:46:00,-40,-40
http://irail.be/vehicle/IC938,http://irail.be/stations/NMBS/008861143,IC,2016-10-13T16:49:00,2016-10-13T16:49:00,-130,-130
http://irail.be/vehicle/IC938,http://irail.be/stations/NMBS/008861150,IC,2016-10-13T16:51:00,2016-10-13T16:51:00,-130,-130
http://irail.be/vehicle/IC938,NO-URI,IC,2016-10-13T16:51:00,2016-10-13T16:51:00,-105,-105
http://irail.be/vehicle/IC938,http://irail.be/stations/NMBS/008861168,IC,2016-10-13T16:52:00,2016-10-13T16:52:00,-105,-105
http://irail.be/vehicle/IC938,http://irail.be/stations/NMBS/008874724,IC,2016-10-13T16:52:00,2016-10-13T16:52:00,-100,-100
http://irail.be/vehicle/IC938,NO-URI,IC,2016-10-13T16:54:00,2016-10-13T16:54:00,-193,-193
http://irail.be/vehicle/IC938,http://irail.be/stations/NMBS/008874716,IC,2016-10-13T16:55:00,2016-10-13T16:55:00,-143,-143
http://irail.be/vehicle/IC938,http://irail.be/stations/NMBS/008874609,IC,2016-10-13T16:58:00,2016-10-13T16:57:00,33,-2
http://irail.be/vehicle/IC938,http://irail.be/stations/NMBS/008874583,IC,2016-10-13T17:00:00,2016-10-13T17:00:00,33,33
http://irail.be/vehicle/IC938,http://irail.be/stations/NMBS/008874567,IC,2016-10-13T17:01:00,2016-10-13T17:01:00,33,33
http://irail.be/vehicle/IC938,http://irail.be/stations/NMBS/008874559,IC,2016-10-13T17:02:00,2016-10-13T17:02:00,18,18
http://irail.be/vehicle/IC938,NO-URI,IC,2016-10-13T17:03:00,2016-10-13T17:03:00,18,18
http://irail.be/vehicle/IC938,http://irail.be/stations/NMBS/008874005,IC,2016-10-13T17:03:00,2016-10-13T17:03:00,34,34
http://irail.be/vehicle/IC938,http://irail.be/stations/NMBS/008874054,IC,2016-10-13T17:06:00,2016-10-13T17:06:00,-16,-16
http://irail.be/vehicle/IC938,http://irail.be/stations/NMBS/008872009,IC,2016-10-13T17:11:00,2016-10-13T17:08:00,494,20
http://irail.be/vehicle/IC938,http://irail.be/stations/NMBS/008871100,IC,2016-10-13T17:15:00,2016-10-13T17:15:00,521,521
http://irail.be/vehicle/IC938,http://irail.be/stations/NMBS/008871514,IC,2016-10-13T17:19:00,2016-10-13T17:19:00,581,581
http://irail.be/vehicle/IC938,http://irail.be/stations/NMBS/008871415,IC,2016-10-13T17:20:00,2016-10-13T17:20:00,577,577
http://irail.be/vehicle/IC938,http://irail.be/stations/NMBS/008882248,IC,2016-10-13T17:22:00,2016-10-13T17:22:00,577,577
http://irail.be/vehicle/IC938,http://irail.be/stations/NMBS/008882230,IC,2016-10-13T17:23:00,2016-10-13T17:23:00,577,577
http://irail.be/vehicle/IC938,http://irail.be/stations/NMBS/008882206,IC,2016-10-13T17:28:00,2016-10-13T17:27:00,738,707
http://irail.be/vehicle/IC938,http://irail.be/stations/NMBS/008881463,IC,2016-10-13T17:32:00,2016-10-13T17:32:00,719,719
http://irail.be/vehicle/IC938,http://irail.be/stations/NMBS/008881455,IC,2016-10-13T17:33:00,2016-10-13T17:33:00,719,719
http://irail.be/vehicle/IC938,http://irail.be/stations/NMBS/008881430,IC,2016-10-13T17:35:00,2016-10-13T17:35:00,719,719
http://irail.be/vehicle/IC938,NO-URI,IC,2016-10-13T17:36:00,2016-10-13T17:36:00,718,718
http://irail.be/vehicle/IC938,http://irail.be/stations/NMBS/008881406,IC,2016-10-13T17:37:00,2016-10-13T17:37:00,658,658
http://irail.be/vehicle/IC938,http://irail.be/stations/NMBS/008881315,IC,2016-10-13T17:39:00,2016-10-13T17:39:00,658,658
http://irail.be/vehicle/IC938,http://irail.be/stations/NMBS/008881000,IC,2016-10-13T17:45:00,2016-10-13T17:42:00,590,684
http://irail.be/vehicle/IC938,http://irail.be/stations/NMBS/008884566,IC,2016-10-13T17:50:00,2016-10-13T17:50:00,551,551
http://irail.be/vehicle/IC938,http://irail.be/stations/NMBS/008884541,IC,2016-10-13T17:51:00,2016-10-13T17:51:00,539,539
http://irail.be/vehicle/IC938,http://irail.be/stations/NMBS/008884004,IC,2016-10-13T17:54:00,2016-10-13T17:53:00,548,526
http://irail.be/vehicle/IC938,http://irail.be/stations/NMBS/008884632,IC,2016-10-13T17:59:00,2016-10-13T17:59:00,548,548
http://irail.be/vehicle/IC938,http://irail.be/stations/NMBS/008884640,IC,2016-10-13T18:00:00,2016-10-13T18:00:00,548,548
http://irail.be/vehicle/IC938,http://irail.be/stations/NMBS/008884715,IC,2016-10-13T18:01:00,2016-10-13T18:01:00,511,511
http://irail.be/vehicle/IC938,http://irail.be/stations/NMBS/008884855,IC,2016-10-13T18:04:00,2016-10-13T18:04:00,511,511
http://irail.be/vehicle/IC938,http://irail.be/stations/NMBS/008884889,IC,2016-10-13T18:06:00,2016-10-13T18:06:00,511,511
http://irail.be/vehicle/IC938,http://irail.be/stations/NMBS/008885530,IC,2016-10-13T18:08:00,2016-10-13T18:08:00,451,451
http://irail.be/vehicle/IC938,http://irail.be/stations/NMBS/008885522,IC,2016-10-13T18:09:00,2016-10-13T18:09:00,481,481
http://irail.be/vehicle/IC938,http://irail.be/stations/NMBS/008885001,IC,2016-10-13T18:19:00,2016-10-13T18:15:00,315,458
http://irail.be/vehicle/IC938,http://irail.be/stations/NMBS/008885068,IC,2016-10-13T18:23:00,2016-10-13T18:23:00,298,263
http://irail.be/vehicle/IC938,http://irail.be/stations/NMBS/008885753,IC,2016-10-13T18:33:00,2016-10-13T18:33:00,118,118
http://irail.be/vehicle/IC938,http://irail.be/stations/NMBS/008885704,IC,2016-10-13T18:37:00,2016-10-13T18:37:00,,287
http://irail.be/vehicle/IC938,http://irail.be/stations/NMBS/008863008,IC,2016-07-15T16:38:00,2016-07-15T16:38:00,9,
http://irail.be/vehicle/IC938,http://irail.be/stations/NMBS/008861119,IC,2016-07-15T16:41:00,2016-07-15T16:41:00,27,27
http://irail.be/vehicle/IC938,http://irail.be/stations/NMBS/008861127,IC,2016-07-15T16:43:00,2016-07-15T16:43:00,-20,-20
http://irail.be/vehicle/IC938,http://irail.be/stations/NMBS/008861135,IC,2016-07-15T16:46:00,2016-07-15T16:46:00,-37,-37
http://irail.be/vehicle/IC938,http://irail.be/stations/NMBS/008861143,IC,2016-07-15T16:49:00,2016-07-15T16:49:00,-100,-100
http://irail.be/vehicle/IC938,http://irail.be/stations/NMBS/008861150,IC,2016-07-15T16:51:00,2016-07-15T16:51:00,-100,-100
http://irail.be/vehicle/IC938,NO-URI,IC,2016-07-15T16:51:00,2016-07-15T16:51:00,-23,-23
http://irail.be/vehicle/IC938,http://irail.be/stations/NMBS/008861168,IC,2016-07-15T16:52:00,2016-07-15T16:52:00,-23,-23
http://irail.be/vehicle/IC938,http://irail.be/stations/NMBS/008874724,IC,2016-07-15T16:52:00,2016-07-15T16:52:00,-2,-2
http://irail.be/vehicle/IC938,NO-URI,IC,2016-07-15T16:54:00,2016-07-15T16:54:00,-93,-93
http://irail.be/vehicle/IC938,http://irail.be/stations/NMBS/008874716,IC,2016-07-15T16:55:00,2016-07-15T16:55:00,-83,-83
http://irail.be/vehicle/IC938,http://irail.be/stations/NMBS/008874609,IC,2016-07-15T16:58:00,2016-07-15T16:57:00,35,18
http://irail.be/vehicle/IC938,http://irail.be/stations/NMBS/008874583,IC,2016-07-15T17:00:00,2016-07-15T17:00:00,35,35
http://irail.be/vehicle/IC938,http://irail.be/stations/NMBS/008874567,IC,2016-07-15T17:01:00,2016-07-15T17:01:00,35,35
http://irail.be/vehicle/IC938,http://irail.be/stations/NMBS/008874559,IC,2016-07-15T17:02:00,2016-07-15T17:02:00,13,13
http://irail.be/vehicle/IC938,NO-URI,IC,2016-07-15T17:03:00,2016-07-15T17:03:00,13,13
http://irail.be/vehicle/IC938,http://irail.be/stations/NMBS/008874005,IC,2016-07-15T17:03:00,2016-07-15T17:03:00,163,163
http://irail.be/vehicle/IC938,http://irail.be/stations/NMBS/008874054,IC,2016-07-15T17:06:00,2016-07-15T17:06:00,112,112
http://irail.be/vehicle/IC938,http://irail.be/stations/NMBS/008872009,IC,2016-07-15T17:11:00,2016-07-15T17:08:00,69,127
http://irail.be/vehicle/IC938,http://irail.be/stations/NMBS/008871100,IC,2016-07-15T17:15:00,2016-07-15T17:15:00,40,40
http://irail.be/vehicle/IC938,http://irail.be/stations/NMBS/008871514,IC,2016-07-15T17:19:00,2016-07-15T17:19:00,36,36
http://irail.be/vehicle/IC938,http://irail.be/stations/NMBS/008871415,IC,2016-07-15T17:20:00,2016-07-15T17:20:00,22,22
http://irail.be/vehicle/IC938,http://irail.be/stations/NMBS/008882248,IC,2016-07-15T17:22:00,2016-07-15T17:22:00,22,22
http://irail.be/vehicle/IC938,http://irail.be/stations/NMBS/008882230,IC,2016-07-15T17:23:00,2016-07-15T17:23:00,22,22
http://irail.be/vehicle/IC938,http://irail.be/stations/NMBS/008882206,IC,2016-07-15T17:28:00,2016-07-15T17:27:00,11,-37
http://irail.be/vehicle/IC938,http://irail.be/stations/NMBS/008881463,IC,2016-07-15T17:32:00,2016-07-15T17:32:00,6,6
http://irail.be/vehicle/IC938,http://irail.be/stations/NMBS/008881455,IC,2016-07-15T17:33:00,2016-07-15T17:33:00,6,6
http://irail.be/vehicle/IC938,http://irail.be/stations/NMBS/008881430,IC,2016-07-15T17:35:00,2016-07-15T17:35:00,6,6
http://irail.be/vehicle/IC938,NO-URI,IC,2016-07-15T17:36:00,2016-07-15T17:36:00,3,3
http://irail.be/vehicle/IC938,http://irail.be/stations/NMBS/008881406,IC,2016-07-15T17:37:00,2016-07-15T17:37:00,-57,-57
http://irail.be/vehicle/IC938,http://irail.be/stations/NMBS/008881315,IC,2016-07-15T17:39:00,2016-07-15T17:39:00,-57,-57
http://irail.be/vehicle/IC938,http://irail.be/stations/NMBS/008881000,IC,2016-07-15T17:45:00,2016-07-15T17:42:00,25,52
http://irail.be/vehicle/IC938,http://irail.be/stations/NMBS/008884566,IC,2016-07-15T17:50:00,2016-07-15T17:50:00,-23,-23
http://irail.be/vehicle/IC938,http://irail.be/stations/NMBS/008884541,IC,2016-07-15T17:51:00,2016-07-15T17:51:00,-22,-22
http://irail.be/vehicle/IC938,http://irail.be/stations/NMBS/008884004,IC,2016-07-15T17:54:00,2016-07-15T17:53:00,52,15
http://irail.be/vehicle/IC938,http://irail.be/stations/NMBS/008884632,IC,2016-07-15T17:59:00,2016-07-15T17:59:00,52,52
http://irail.be/vehicle/IC938,http://irail.be/stations/NMBS/008884640,IC,2016-07-15T18:00:00,2016-07-15T18:00:00,52,52
http://irail.be/vehicle/IC938,http://irail.be/stations/NMBS/008884715,IC,2016-07-15T18:01:00,2016-07-15T18:01:00,33,33
http://irail.be/vehicle/IC938,http://irail.be/stations/NMBS/008884855,IC,2016-07-15T18:04:00,2016-07-15T18:04:00,33,33
http://irail.be/vehicle/IC938,http://irail.be/stations/NMBS/008884889,IC,2016-07-15T18:06:00,2016-07-15T18:06:00,33,33
http://irail.be/vehicle/IC938,http://irail.be/stations/NMBS/008885530,IC,2016-07-15T18:08:00,2016-07-15T18:08:00,-27,-27
http://irail.be/vehicle/IC938,http://irail.be/stations/NMBS/008885522,IC,2016-07-15T18:09:00,2016-07-15T18:09:00,17,17
http://irail.be/vehicle/IC938,http://irail.be/stations/NMBS/008885001,IC,2016-07-15T18:19:00,2016-07-15T18:15:00,10,-87
http://irail.be/vehicle/IC938,http://irail.be/stations/NMBS/008885068,IC,2016-07-15T18:23:00,2016-07-15T18:23:00,5,-41
http://irail.be/vehicle/IC938,http://irail.be/stations/NMBS/008885753,IC,2016-07-15T18:33:00,2016-07-15T18:33:00,0,-175
http://irail.be/vehicle/IC938,http://irail.be/stations/NMBS/008885704,IC,2016-07-15T18:37:00,2016-07-15T18:37:00,,-21
http://irail.be/vehicle/IC938,http://irail.be/stations/NMBS/008863008,IC,2016-12-07T16:38:00,2016-12-07T16:38:00,45,
http://irail.be/vehicle/IC938,http://irail.be/stations/NMBS/008861119,IC,2016-12-07T16:42:03,2016-12-07T16:42:03,-13,-13
http://irail.be/vehicle/IC938,http://irail.be/stations/NMBS/008861127,IC,2016-12-07T16:43:00,2016-12-07T16:43:00,-5,-5
http://irail.be/vehicle/IC938,http://irail.be/stations/NMBS/008861135,IC,2016-12-07T16:46:00,2016-12-07T16:46:00,-5,-5
http://irail.be/vehicle/IC938,http://irail.be/stations/NMBS/008861143,IC,2016-12-07T16:49:00,2016-12-07T16:49:00,-74,-74
http://irail.be/vehicle/IC938,http://irail.be/stations/NMBS/008861150,IC,2016-12-07T16:51:00,2016-12-07T16:51:00,-48,-48
http://irail.be/vehicle/IC938,NO-URI,IC,2016-12-07T16:51:00,2016-12-07T16:51:00,-48,-48
http://irail.be/vehicle/IC938,http://irail.be/stations/NMBS/008861168,IC,2016-12-07T16:52:00,2016-12-07T16:52:00,-42,-42
http://irail.be/vehicle/IC938,http://irail.be/stations/NMBS/008874724,IC,2016-12-07T16:52:00,2016-12-07T16:52:00,-44,-44
http://irail.be/vehicle/IC938,NO-URI,IC,2016-12-07T16:54:00,2016-12-07T16:54:00,-44,-44
http://irail.be/vehicle/IC938,http://irail.be/stations/NMBS/008874716,IC,2016-12-07T16:55:00,2016-12-07T16:55:00,-37,-37
http://irail.be/vehicle/IC938,http://irail.be/stations/NMBS/008874609,IC,2016-12-07T16:58:00,2016-12-07T16:57:00,167,116
http://irail.be/vehicle/IC938,http://irail.be/stations/NMBS/008874583,IC,2016-12-07T16:59:00,2016-12-07T16:59:00,167,167
http://irail.be/vehicle/IC938,http://irail.be/stations/NMBS/008874567,IC,2016-12-07T17:01:00,2016-12-07T17:01:00,120,120
http://irail.be/vehicle/IC938,http://irail.be/stations/NMBS/008874559,IC,2016-12-07T17:02:00,2016-12-07T17:02:00,120,120
http://irail.be/vehicle/IC938,NO-URI,IC,2016-12-07T17:03:00,2016-12-07T17:03:00,108,108
http://irail.be/vehicle/IC938,http://irail.be/stations/NMBS/008874005,IC,2016-12-07T17:03:00,2016-12-07T17:03:00,114,114
http://irail.be/vehicle/IC938,http://irail.be/stations/NMBS/008874054,IC,2016-12-07T17:06:00,2016-12-07T17:06:00,64,64
http://irail.be/vehicle/IC938,http://irail.be/stations/NMBS/008872009,IC,2016-12-07T17:11:00,2016-12-07T17:08:00,85,57
http://irail.be/vehicle/IC938,http://irail.be/stations/NMBS/008871100,IC,2016-12-07T17:15:00,2016-12-07T17:15:00,112,112
http://irail.be/vehicle/IC938,http://irail.be/stations/NMBS/008871514,IC,2016-12-07T17:18:00,2016-12-07T17:18:00,120,120
http://irail.be/vehicle/IC938,http://irail.be/stations/NMBS/008871415,IC,2016-12-07T17:20:00,2016-12-07T17:20:00,120,120
http://irail.be/vehicle/IC938,http://irail.be/stations/NMBS/008882248,IC,2016-12-07T17:21:00,2016-12-07T17:21:00,165,165
http://irail.be/vehicle/IC938,http://irail.be/stations/NMBS/008882230,IC,2016-12-07T17:22:00,2016-12-07T17:22:00,167,167
http://irail.be/vehicle/IC938,http://irail.be/stations/NMBS/008882206,IC,2016-12-07T17:28:00,2016-12-07T17:27:00,134,125
http://irail.be/vehicle/IC938,http://irail.be/stations/NMBS/008881463,IC,2016-12-07T17:32:00,2016-12-07T17:32:00,153,153
http://irail.be/vehicle/IC938,http://irail.be/stations/NMBS/008881455,IC,2016-12-07T17:33:00,2016-12-07T17:33:00,143,143
http://irail.be/vehicle/IC938,http://irail.be/stations/NMBS/008881430,IC,2016-12-07T17:34:00,2016-12-07T17:34:00,143,143
http://irail.be/vehicle/IC938,NO-URI,IC,2016-12-07T17:36:00,2016-12-07T17:36:00,143,143
http://irail.be/vehicle/IC938,http://irail.be/stations/NMBS/008881406,IC,2016-12-07T17:37:00,2016-12-07T17:37:00,117,117
http://irail.be/vehicle/IC938,http://irail.be/stations/NMBS/008881315,IC,2016-12-07T17:40:00,2016-12-07T17:40:00,119,119
http://irail.be/vehicle/IC938,http://irail.be/stations/NMBS/008881000,IC,2016-12-07T17:45:00,2016-12-07T17:42:00,84,119
http://irail.be/vehicle/IC938,http://irail.be/stations/NMBS/008884566,IC,2016-12-07T17:50:00,2016-12-07T17:50:00,84,84
http://irail.be/vehicle/IC938,http://irail.be/stations/NMBS/008884541,IC,2016-12-07T17:51:00,2016-12-07T17:51:00,4,4
http://irail.be/vehicle/IC938,http://irail.be/stations/NMBS/008884004,IC,2016-12-07T17:54:00,2016-12-07T17:53:00,-3,22
http://irail.be/vehicle/IC938,http://irail.be/stations/NMBS/008884632,IC,2016-12-07T17:58:00,2016-12-07T17:58:00,-3,-3
http://irail.be/vehicle/IC938,http://irail.be/stations/NMBS/008884640,IC,2016-12-07T17:59:00,2016-12-07T17:59:00,14,14
http://irail.be/vehicle/IC938,http://irail.be/stations/NMBS/008884715,IC,2016-12-07T18:01:00,2016-12-07T18:01:00,14,14
http://irail.be/vehicle/IC938,http://irail.be/stations/NMBS/008884855,IC,2016-12-07T18:03:00,2016-12-07T18:03:00,21,21
http://irail.be/vehicle/IC938,http://irail.be/stations/NMBS/008884889,IC,2016-12-07T18:06:00,2016-12-07T18:06:00,-32,-32
http://irail.be/vehicle/IC938,http://irail.be/stations/NMBS/008885530,IC,2016-12-07T18:08:00,2016-12-07T18:08:00,-32,-32
http://irail.be/vehicle/IC938,http://irail.be/stations/NMBS/008885522,IC,2016-12-07T18:09:00,2016-12-07T18:09:00,-37,-37
http://irail.be/vehicle/IC938,http://irail.be/stations/NMBS/008885001,IC,2016-12-07T18:19:00,2016-12-07T18:15:00,22,50
http://irail.be/vehicle/IC938,http://irail.be/stations/NMBS/008885068,IC,2016-12-07T18:23:00,2016-12-07T18:23:00,53,31
http://irail.be/vehicle/IC938,http://irail.be/stations/NMBS/008885753,IC,2016-12-07T18:33:00,2016-12-07T18:33:00,13,13
http://irail.be/vehicle/IC938,http://irail.be/stations/NMBS/008885704,IC,2016-12-07T18:37:00,2016-12-07T18:37:00,,13
http://irail.be/vehicle/IC938,http://irail.be/stations/NMBS/008863008,IC,2016-09-26T16:38:00,2016-09-26T16:38:00,61,
http://irail.be/vehicle/IC938,http://irail.be/stations/NMBS/008861119,IC,2016-09-26T16:41:00,2016-09-26T16:41:00,90,90
http://irail.be/vehicle/IC938,NO-URI,IC,2016-09-26T16:41:00,2016-09-26T16:41:00,90,90
http://irail.be/vehicle/IC938,http://irail.be/stations/NMBS/008861127,IC,2016-09-26T16:43:00,2016-09-26T16:43:00,75,75
http://irail.be/vehicle/IC938,http://irail.be/stations/NMBS/008861135,IC,2016-09-26T16:46:00,2016-09-26T16:46:00,64,64
http://irail.be/vehicle/IC938,http://irail.be/stations/NMBS/008861143,IC,2016-09-26T16:49:00,2016-09-26T16:49:00,-23,-23
http://irail.be/vehicle/IC938,http://irail.be/stations/NMBS/008861150,IC,2016-09-26T16:51:00,2016-09-26T16:51:00,-23,-23
http://irail.be/vehicle/IC938,NO-URI,IC,2016-09-26T16:51:00,2016-09-26T16:51:00,10,10
http://irail.be/vehicle/IC938,http://irail.be/stations/NMBS/008861168,IC,2016-09-26T16:52:00,2016-09-26T16:52:00,10,10
http://irail.be/vehicle/IC938,http://irail.be/stations/NMBS/008874724,IC,2016-09-26T16:52:00,2016-09-26T16:52:00,14,14
http://irail.be/vehicle/IC938,NO-URI,IC,2016-09-26T16:54:00,2016-09-26T16:54:00,-82,-82
http://irail.be/vehicle/IC938,http://irail.be/stations/NMBS/008874716,IC,2016-09-26T16:55:00,2016-09-26T16:55:00,-71,-71
http://irail.be/vehicle/IC938,http://irail.be/stations/NMBS/008874609,IC,2016-09-26T16:58:00,2016-09-26T16:57:00,14,-65
http://irail.be/vehicle/IC938,http://irail.be/stations/NMBS/008874583,IC,2016-09-26T16:59:00,2016-09-26T16:59:00,-46,-46
http://irail.be/vehicle/IC938,http://irail.be/stations/NMBS/008874567,IC,2016-09-26T17:01:00,2016-09-26T17:01:00,14,14
http://irail.be/vehicle/IC938,http://irail.be/stations/NMBS/008874559,IC,2016-09-26T17:02:00,2016-09-26T17:02:00,-11,-11
http://irail.be/vehicle/IC938,NO-URI,IC,2016-09-26T17:03:00,2016-09-26T17:03:00,-11,-11
http://irail.be/vehicle/IC938,http://irail.be/stations/NMBS/008874005,IC,2016-09-26T17:03:00,2016-09-26T17:03:00,4,4
http://irail.be/vehicle/IC938,http://irail.be/stations/NMBS/008874054,IC,2016-09-26T17:06:00,2016-09-26T17:06:00,-33,-33
http://irail.be/vehicle/IC938,http://irail.be/stations/NMBS/008872009,IC,2016-09-26T17:11:00,2016-09-26T17:08:00,18,28
http://irail.be/vehicle/IC938,http://irail.be/stations/NMBS/008871100,IC,2016-09-26T17:15:00,2016-09-26T17:15:00,318,318
http://irail.be/vehicle/IC938,http://irail.be/stations/NMBS/008871514,IC,2016-09-26T17:18:00,2016-09-26T17:18:00,265,265
http://irail.be/vehicle/IC938,http://irail.be/stations/NMBS/008871415,IC,2016-09-26T17:20:00,2016-09-26T17:20:00,321,321
http://irail.be/vehicle/IC938,http://irail.be/stations/NMBS/008882248,IC,2016-09-26T17:21:00,2016-09-26T17:21:00,261,261
http://irail.be/vehicle/IC938,http://irail.be/stations/NMBS/008882230,IC,2016-09-26T17:22:00,2016-09-26T17:22:00,261,261
http://irail.be/vehicle/IC938,http://irail.be/stations/NMBS/008882206,IC,2016-09-26T17:28:00,2016-09-26T17:27:00,295,254
http://irail.be/vehicle/IC938,http://irail.be/stations/NMBS/008881463,IC,2016-09-26T17:32:00,2016-09-26T17:32:00,274,274
http://irail.be/vehicle/IC938,http://irail.be/stations/NMBS/008881455,IC,2016-09-26T17:33:00,2016-09-26T17:33:00,274,274
http://irail.be/vehicle/IC938,http://irail.be/stations/NMBS/008881430,IC,2016-09-26T17:34:00,2016-09-26T17:34:00,214,214
http://irail.be/vehicle/IC938,NO-URI,IC,2016-09-26T17:36:00,2016-09-26T17:36:00,257,257
http://irail.be/vehicle/IC938,http://irail.be/stations/NMBS/008881406,IC,2016-09-26T17:37:00,2016-09-26T17:37:00,197,197
http://irail.be/vehicle/IC938,http://irail.be/stations/NMBS/008881315,IC,2016-09-26T17:40:00,2016-09-26T17:40:00,257,257
http://irail.be/vehicle/IC938,http://irail.be/stations/NMBS/008881000,IC,2016-09-26T17:55:00,2016-09-26T17:42:00,588,314
http://irail.be/vehicle/IC938,http://irail.be/stations/NMBS/008881125,IC,2016-09-26T18:01:00,2016-09-26T18:01:00,-30,-30
http://irail.be/vehicle/IC938,http://irail.be/stations/NMBS/008881158,IC,2016-09-26T18:05:00,2016-09-26T18:05:00,-30,-30
http://irail.be/vehicle/IC938,http://irail.be/stations/NMBS/008881166,IC,2016-09-26T18:09:00,2016-09-26T18:09:00,-176,-176
http://irail.be/vehicle/IC938,http://irail.be/stations/NMBS/008881190,IC,2016-09-26T18:14:00,2016-09-26T18:14:00,-197,-197
http://irail.be/vehicle/IC938,http://irail.be/stations/NMBS/008886074,IC,2016-09-26T18:18:00,2016-09-26T18:18:00,-197,-197
http://irail.be/vehicle/IC938,http://irail.be/stations/NMBS/008886066,IC,2016-09-26T18:21:00,2016-09-26T18:21:00,-521,-521
http://irail.be/vehicle/IC938,http://irail.be/stations/NMBS/008886058,IC,2016-09-26T18:24:00,2016-09-26T18:24:00,-521,-521
http://irail.be/vehicle/IC938,http://irail.be/stations/NMBS/008886041,IC,2016-09-26T18:27:00,2016-09-26T18:27:00,-521,-521
http://irail.be/vehicle/IC938,http://irail.be/stations/NMBS/008886009,IC,2016-09-26T18:32:00,2016-09-26T18:32:00,-690,-835
http://irail.be/vehicle/IC938,http://irail.be/stations/NMBS/008886348,IC,2016-09-26T18:47:00,2016-09-26T18:47:00,-1098,-1098
http://irail.be/vehicle/IC938,NO-URI,IC,2016-09-26T18:58:00,2016-09-26T18:58:00,-1394,-1394
http://irail.be/vehicle/IC938,http://irail.be/stations/NMBS/008885001,IC,2016-09-26T19:07:00,2016-09-26T19:03:00,1533,1637
http://irail.be/vehicle/IC938,http://irail.be/stations/NMBS/008885068,IC,2016-09-26T19:11:00,2016-09-26T19:11:00,1562,1510
http://irail.be/vehicle/IC938,http://irail.be/stations/NMBS/008885753,IC,2016-09-26T19:21:00,2016-09-26T19:21:00,1382,1382
http://irail.be/vehicle/IC938,http://irail.be/stations/NMBS/008885704,IC,2016-09-26T19:25:00,2016-09-26T19:25:00,,1755
http://irail.be/vehicle/IC938,http://irail.be/stations/NMBS/008863008,IC,2016-06-23T16:38:00,2016-06-23T16:38:00,35,
http://irail.be/vehicle/IC938,http://irail.be/stations/NMBS/008861119,IC,2016-06-23T16:41:00,2016-06-23T16:41:00,48,48
http://irail.be/vehicle/IC938,http://irail.be/stations/NMBS/008861127,IC,2016-06-23T16:43:00,2016-06-23T16:43:00,-8,-8
http://irail.be/vehicle/IC938,http://irail.be/stations/NMBS/008861135,IC,2016-06-23T16:46:00,2016-06-23T16:46:00,-53,-53
http://irail.be/vehicle/IC938,http://irail.be/stations/NMBS/008861143,IC,2016-06-23T16:49:00,2016-06-23T16:49:00,-144,-144
http://irail.be/vehicle/IC938,http://irail.be/stations/NMBS/008861150,IC,2016-06-23T16:51:00,2016-06-23T16:51:00,-144,-144
http://irail.be/vehicle/IC938,NO-URI,IC,2016-06-23T16:51:00,2016-06-23T16:51:00,189,46
http://irail.be/vehicle/IC938,http://irail.be/stations/NMBS/008861168,IC,2016-06-23T16:52:00,2016-06-23T16:52:00,189,189
http://irail.be/vehicle/IC938,http://irail.be/stations/NMBS/008874724,IC,2016-06-23T16:52:00,2016-06-23T16:52:00,259,259
http://irail.be/vehicle/IC938,NO-URI,IC,2016-06-23T16:54:00,2016-06-23T16:54:00,181,181
http://irail.be/vehicle/IC938,http://irail.be/stations/NMBS/008874716,IC,2016-06-23T16:55:00,2016-06-23T16:55:00,242,242
http://irail.be/vehicle/IC938,http://irail.be/stations/NMBS/008874609,IC,2016-06-23T16:58:00,2016-06-23T16:57:00,340,345
http://irail.be/vehicle/IC938,http://irail.be/stations/NMBS/008874583,IC,2016-06-23T17:00:00,2016-06-23T17:00:00,340,340
http://irail.be/vehicle/IC938,http://irail.be/stations/NMBS/008874567,IC,2016-06-23T17:01:00,2016-06-23T17:01:00,340,340
http://irail.be/vehicle/IC938,http://irail.be/stations/NMBS/008874559,IC,2016-06-23T17:02:00,2016-06-23T17:02:00,303,303
http://irail.be/vehicle/IC938,NO-URI,IC,2016-06-23T17:03:00,2016-06-23T17:03:00,303,303
http://irail.be/vehicle/IC938,http://irail.be/stations/NMBS/008874005,IC,2016-06-23T17:03:00,2016-06-23T17:03:00,311,311
http://irail.be/vehicle/IC938,http://irail.be/stations/NMBS/008874054,IC,2016-06-23T17:06:00,2016-06-23T17:06:00,282,282
http://irail.be/vehicle/IC938,http://irail.be/stations/NMBS/008872009,IC,2016-06-23T17:11:00,2016-06-23T17:08:00,255,307
http://irail.be/vehicle/IC938,http://irail.be/stations/NMBS/008871100,IC,2016-06-23T17:15:00,2016-06-23T17:15:00,212,212
http://irail.be/vehicle/IC938,http://irail.be/stations/NMBS/008871514,IC,2016-06-23T17:19:00,2016-06-23T17:19:00,206,206
http://irail.be/vehicle/IC938,http://irail.be/stations/NMBS/008871415,IC,2016-06-23T17:20:00,2016-06-23T17:20:00,173,173
http://irail.be/vehicle/IC938,http://irail.be/stations/NMBS/008882248,IC,2016-06-23T17:22:00,2016-06-23T17:22:00,173,173
http://irail.be/vehicle/IC938,http://irail.be/stations/NMBS/008882230,IC,2016-06-23T17:23:00,2016-06-23T17:23:00,173,173
http://irail.be/vehicle/IC938,http://irail.be/stations/NMBS/008882206,IC,2016-06-23T17:28:00,2016-06-23T17:27:00,108,83
http://irail.be/vehicle/IC938,http://irail.be/stations/NMBS/008881463,IC,2016-06-23T17:32:00,2016-06-23T17:32:00,81,81
http://irail.be/vehicle/IC938,http://irail.be/stations/NMBS/008881455,IC,2016-06-23T17:33:00,2016-06-23T17:33:00,81,81
http://irail.be/vehicle/IC938,http://irail.be/stations/NMBS/008881430,IC,2016-06-23T17:35:00,2016-06-23T17:35:00,81,81
http://irail.be/vehicle/IC938,NO-URI,IC,2016-06-23T17:36:00,2016-06-23T17:36:00,62,62
http://irail.be/vehicle/IC938,http://irail.be/stations/NMBS/008881406,IC,2016-06-23T17:37:00,2016-06-23T17:37:00,2,2
http://irail.be/vehicle/IC938,http://irail.be/stations/NMBS/008881315,IC,2016-06-23T17:39:00,2016-06-23T17:39:00,2,2
http://irail.be/vehicle/IC938,http://irail.be/stations/NMBS/008881000,IC,2016-06-23T17:45:00,2016-06-23T17:42:00,950,30
http://irail.be/vehicle/IC938,http://irail.be/stations/NMBS/008884566,IC,2016-06-23T17:50:00,2016-06-23T17:50:00,889,889
http://irail.be/vehicle/IC938,http://irail.be/stations/NMBS/008884541,IC,2016-06-23T17:51:00,2016-06-23T17:51:00,884,884
http://irail.be/vehicle/IC938,http://irail.be/stations/NMBS/008884004,IC,2016-06-23T17:54:00,2016-06-23T17:53:00,1038,998
http://irail.be/vehicle/IC938,http://irail.be/stations/NMBS/008884632,IC,2016-06-23T17:59:00,2016-06-23T17:59:00,1038,1038
http://irail.be/vehicle/IC938,http://irail.be/stations/NMBS/008884640,IC,2016-06-23T18:00:00,2016-06-23T18:00:00,1038,1038
http://irail.be/vehicle/IC938,http://irail.be/stations/NMBS/008884715,IC,2016-06-23T18:01:00,2016-06-23T18:01:00,1042,1042
http://irail.be/vehicle/IC938,http://irail.be/stations/NMBS/008884855,IC,2016-06-23T18:04:00,2016-06-23T18:04:00,1042,1042
http://irail.be/vehicle/IC938,http://irail.be/stations/NMBS/008884889,IC,2016-06-23T18:06:00,2016-06-23T18:06:00,1042,1042
http://irail.be/vehicle/IC938,http://irail.be/stations/NMBS/008885530,IC,2016-06-23T18:08:00,2016-06-23T18:08:00,982,982
http://irail.be/vehicle/IC938,http://irail.be/stations/NMBS/008885522,IC,2016-06-23T18:09:00,2016-06-23T18:09:00,1390,1390
http://irail.be/vehicle/IC938,http://irail.be/stations/NMBS/008885001,IC,2016-06-23T18:19:00,2016-06-23T18:15:00,1229,1327
http://irail.be/vehicle/IC938,http://irail.be/stations/NMBS/008885068,IC,2016-06-23T18:23:00,2016-06-23T18:23:00,1265,1187
http://irail.be/vehicle/IC938,http://irail.be/stations/NMBS/008885753,IC,2016-06-23T18:33:00,2016-06-23T18:33:00,1085,1085
http://irail.be/vehicle/IC938,http://irail.be/stations/NMBS/008885704,IC,2016-06-23T18:37:00,2016-06-23T18:37:00,,1286
http://irail.be/vehicle/IC938,http://irail.be/stations/NMBS/008863008,IC,2016-10-03T16:38:00,2016-10-03T16:38:00,11,
http://irail.be/vehicle/IC938,http://irail.be/stations/NMBS/008861119,IC,2016-10-03T16:41:00,2016-10-03T16:41:00,39,39
http://irail.be/vehicle/IC938,http://irail.be/stations/NMBS/008861127,IC,2016-10-03T16:43:00,2016-10-03T16:43:00,-11,-11
http://irail.be/vehicle/IC938,http://irail.be/stations/NMBS/008861135,IC,2016-10-03T16:46:00,2016-10-03T16:46:00,-43,-43
http://irail.be/vehicle/IC938,http://irail.be/stations/NMBS/008861143,IC,2016-10-03T16:49:00,2016-10-03T16:49:00,-130,-130
http://irail.be/vehicle/IC938,http://irail.be/stations/NMBS/008861150,IC,2016-10-03T16:51:00,2016-10-03T16:51:00,-130,-130
http://irail.be/vehicle/IC938,NO-URI,IC,2016-10-03T16:51:00,2016-10-03T16:51:00,-100,-100
http://irail.be/vehicle/IC938,http://irail.be/stations/NMBS/008861168,IC,2016-10-03T16:52:00,2016-10-03T16:52:00,-100,-100
http://irail.be/vehicle/IC938,http://irail.be/stations/NMBS/008874724,IC,2016-10-03T16:52:00,2016-10-03T16:52:00,-84,-84
http://irail.be/vehicle/IC938,NO-URI,IC,2016-10-03T16:54:00,2016-10-03T16:54:00,-173,-173
http://irail.be/vehicle/IC938,http://irail.be/stations/NMBS/008874716,IC,2016-10-03T16:55:00,2016-10-03T16:55:00,-94,-94
http://irail.be/vehicle/IC938,http://irail.be/stations/NMBS/008874609,IC,2016-10-03T16:58:00,2016-10-03T16:57:00,88,61
http://irail.be/vehicle/IC938,http://irail.be/stations/NMBS/008874583,IC,2016-10-03T17:00:00,2016-10-03T17:00:00,88,88
http://irail.be/vehicle/IC938,http://irail.be/stations/NMBS/008874567,IC,2016-10-03T17:01:00,2016-10-03T17:01:00,88,88
http://irail.be/vehicle/IC938,http://irail.be/stations/NMBS/008874559,IC,2016-10-03T17:02:00,2016-10-03T17:02:00,66,66
http://irail.be/vehicle/IC938,NO-URI,IC,2016-10-03T17:03:00,2016-10-03T17:03:00,66,66
http://irail.be/vehicle/IC938,http://irail.be/stations/NMBS/008874005,IC,2016-10-03T17:03:00,2016-10-03T17:03:00,77,77
http://irail.be/vehicle/IC938,http://irail.be/stations/NMBS/008874054,IC,2016-10-03T17:06:00,2016-10-03T17:06:00,33,33
http://irail.be/vehicle/IC938,http://irail.be/stations/NMBS/008872009,IC,2016-10-03T17:11:00,2016-10-03T17:08:00,900,75
http://irail.be/vehicle/IC938,http://irail.be/stations/NMBS/008871100,IC,2016-10-03T17:15:00,2016-10-03T17:15:00,1046,1046
http://irail.be/vehicle/IC938,http://irail.be/stations/NMBS/008871514,IC,2016-10-03T17:19:00,2016-10-03T17:19:00,1116,1116
http://irail.be/vehicle/IC938,http://irail.be/stations/NMBS/008871415,IC,2016-10-03T17:20:00,2016-10-03T17:20:00,1119,1119
http://irail.be/vehicle/IC938,http://irail.be/stations/NMBS/008882248,IC,2016-10-03T17:22:00,2016-10-03T17:22:00,1119,1119
http://irail.be/vehicle/IC938,http://irail.be/stations/NMBS/008882230,IC,2016-10-03T17:23:00,2016-10-03T17:23:00,1119,1119
http://irail.be/vehicle/IC938,http://irail.be/stations/NMBS/008882206,IC,2016-10-03T17:28:00,2016-10-03T17:27:00,1112,1058
http://irail.be/vehicle/IC938,http://irail.be/stations/NMBS/008881463,IC,2016-10-03T17:32:00,2016-10-03T17:32:00,1095,1095
http://irail.be/vehicle/IC938,http://irail.be/stations/NMBS/008881455,IC,2016-10-03T17:33:00,2016-10-03T17:33:00,1095,1095
http://irail.be/vehicle/IC938,http://irail.be/stations/NMBS/008881430,IC,2016-10-03T17:35:00,2016-10-03T17:35:00,1095,1095
http://irail.be/vehicle/IC938,NO-URI,IC,2016-10-03T17:36:00,2016-10-03T17:36:00,1091,1091
http://irail.be/vehicle/IC938,http://irail.be/stations/NMBS/008881406,IC,2016-10-03T17:37:00,2016-10-03T17:37:00,1031,1031
http://irail.be/vehicle/IC938,http://irail.be/stations/NMBS/008881315,IC,2016-10-03T17:39:00,2016-10-03T17:39:00,1031,1031
http://irail.be/vehicle/IC938,http://irail.be/stations/NMBS/008881000,IC,2016-10-03T17:45:00,2016-10-03T17:42:00,1038,1128
http://irail.be/vehicle/IC938,http://irail.be/stations/NMBS/008884566,IC,2016-10-03T17:50:00,2016-10-03T17:50:00,979,979
http://irail.be/vehicle/IC938,http://irail.be/stations/NMBS/008884541,IC,2016-10-03T17:51:00,2016-10-03T17:51:00,967,967
http://irail.be/vehicle/IC938,http://irail.be/stations/NMBS/008884004,IC,2016-10-03T17:54:00,2016-10-03T17:53:00,1065,1045
http://irail.be/vehicle/IC938,http://irail.be/stations/NMBS/008884632,IC,2016-10-03T17:59:00,2016-10-03T17:59:00,1065,1065
http://irail.be/vehicle/IC938,http://irail.be/stations/NMBS/008884640,IC,2016-10-03T18:00:00,2016-10-03T18:00:00,1065,1065
http://irail.be/vehicle/IC938,http://irail.be/stations/NMBS/008884715,IC,2016-10-03T18:01:00,2016-10-03T18:01:00,1104,1104
http://irail.be/vehicle/IC938,http://irail.be/stations/NMBS/008884855,IC,2016-10-03T18:04:00,2016-10-03T18:04:00,1104,1104
http://irail.be/vehicle/IC938,http://irail.be/stations/NMBS/008884889,IC,2016-10-03T18:06:00,2016-10-03T18:06:00,1104,1104
http://irail.be/vehicle/IC938,http://irail.be/stations/NMBS/008885530,IC,2016-10-03T18:08:00,2016-10-03T18:08:00,1044,1044
http://irail.be/vehicle/IC938,http://irail.be/stations/NMBS/008885522,IC,2016-10-03T18:09:00,2016-10-03T18:09:00,1107,1107
http://irail.be/vehicle/IC938,http://irail.be/stations/NMBS/008885001,IC,2016-10-03T18:19:00,2016-10-03T18:15:00,984,1051
http://irail.be/vehicle/IC938,http://irail.be/stations/NMBS/008885068,IC,2016-10-03T18:23:00,2016-10-03T18:23:00,1127,1099
http://irail.be/vehicle/IC938,http://irail.be/stations/NMBS/008885753,IC,2016-10-03T18:33:00,2016-10-03T18:33:00,947,947
http://irail.be/vehicle/IC938,http://irail.be/stations/NMBS/008885704,IC,2016-10-03T18:37:00,2016-10-03T18:37:00,,1352
http://irail.be/vehicle/IC938,http://irail.be/stations/NMBS/008863008,IC,2016-07-27T16:38:00,2016-07-27T16:38:00,100,
http://irail.be/vehicle/IC938,http://irail.be/stations/NMBS/008861119,IC,2016-07-27T16:41:00,2016-07-27T16:41:00,136,136
http://irail.be/vehicle/IC938,http://irail.be/stations/NMBS/008861127,IC,2016-07-27T16:43:00,2016-07-27T16:43:00,97,97
http://irail.be/vehicle/IC938,http://irail.be/stations/NMBS/008861135,IC,2016-07-27T16:46:00,2016-07-27T16:46:00,68,68
http://irail.be/vehicle/IC938,http://irail.be/stations/NMBS/008861143,IC,2016-07-27T16:49:00,2016-07-27T16:49:00,67,67
http://irail.be/vehicle/IC938,http://irail.be/stations/NMBS/008861150,IC,2016-07-27T16:51:00,2016-07-27T16:51:00,67,67
http://irail.be/vehicle/IC938,NO-URI,IC,2016-07-27T16:51:00,2016-07-27T16:51:00,156,156
http://irail.be/vehicle/IC938,http://irail.be/stations/NMBS/008861168,IC,2016-07-27T16:52:00,2016-07-27T16:52:00,156,156
http://irail.be/vehicle/IC938,http://irail.be/stations/NMBS/008874724,IC,2016-07-27T16:52:00,2016-07-27T16:52:00,178,178
http://irail.be/vehicle/IC938,NO-URI,IC,2016-07-27T16:54:00,2016-07-27T16:54:00,94,94
http://irail.be/vehicle/IC938,http://irail.be/stations/NMBS/008874716,IC,2016-07-27T16:55:00,2016-07-27T16:55:00,180,180
http://irail.be/vehicle/IC938,http://irail.be/stations/NMBS/008874609,IC,2016-07-27T16:58:00,2016-07-27T16:57:00,285,224
http://irail.be/vehicle/IC938,http://irail.be/stations/NMBS/008874583,IC,2016-07-27T17:00:00,2016-07-27T17:00:00,285,285
http://irail.be/vehicle/IC938,http://irail.be/stations/NMBS/008874567,IC,2016-07-27T17:01:00,2016-07-27T17:01:00,285,285
http://irail.be/vehicle/IC938,http://irail.be/stations/NMBS/008874559,IC,2016-07-27T17:02:00,2016-07-27T17:02:00,267,267
http://irail.be/vehicle/IC938,NO-URI,IC,2016-07-27T17:03:00,2016-07-27T17:03:00,267,267
http://irail.be/vehicle/IC938,http://irail.be/stations/NMBS/008874005,IC,2016-07-27T17:03:00,2016-07-27T17:03:00,281,281
http://irail.be/vehicle/IC938,http://irail.be/stations/NMBS/008874054,IC,2016-07-27T17:06:00,2016-07-27T17:06:00,247,247
http://irail.be/vehicle/IC938,http://irail.be/stations/NMBS/008872009,IC,2016-07-27T17:11:00,2016-07-27T17:08:00,489,266
http://irail.be/vehicle/IC938,http://irail.be/stations/NMBS/008871100,IC,2016-07-27T17:15:00,2016-07-27T17:15:00,478,478
http://irail.be/vehicle/IC938,http://irail.be/stations/NMBS/008871514,IC,2016-07-27T17:19:00,2016-07-27T17:19:00,480,480
http://irail.be/vehicle/IC938,http://irail.be/stations/NMBS/008871415,IC,2016-07-27T17:20:00,2016-07-27T17:20:00,470,470
http://irail.be/vehicle/IC938,http://irail.be/stations/NMBS/008882248,IC,2016-07-27T17:22:00,2016-07-27T17:22:00,470,470
http://irail.be/vehicle/IC938,http://irail.be/stations/NMBS/008882230,IC,2016-07-27T17:23:00,2016-07-27T17:23:00,470,470
http://irail.be/vehicle/IC938,http://irail.be/stations/NMBS/008882206,IC,2016-07-27T17:28:00,2016-07-27T17:27:00,576,529
http://irail.be/vehicle/IC938,http://irail.be/stations/NMBS/008881463,IC,2016-07-27T17:32:00,2016-07-27T17:32:00,574,574
http://irail.be/vehicle/IC938,http://irail.be/stations/NMBS/008881455,IC,2016-07-27T17:33:00,2016-07-27T17:33:00,574,574
http://irail.be/vehicle/IC938,http://irail.be/stations/NMBS/008881430,IC,2016-07-27T17:35:00,2016-07-27T17:35:00,574,574
http://irail.be/vehicle/IC938,NO-URI,IC,2016-07-27T17:36:00,2016-07-27T17:36:00,566,566
http://irail.be/vehicle/IC938,http://irail.be/stations/NMBS/008881406,IC,2016-07-27T17:37:00,2016-07-27T17:37:00,506,506
http://irail.be/vehicle/IC938,http://irail.be/stations/NMBS/008881315,IC,2016-07-27T17:39:00,2016-07-27T17:39:00,506,506
http://irail.be/vehicle/IC938,http://irail.be/stations/NMBS/008881000,IC,2016-07-27T17:45:00,2016-07-27T17:42:00,541,570
http://irail.be/vehicle/IC938,http://irail.be/stations/NMBS/008884566,IC,2016-07-27T17:50:00,2016-07-27T17:50:00,475,475
http://irail.be/vehicle/IC938,http://irail.be/stations/NMBS/008884541,IC,2016-07-27T17:51:00,2016-07-27T17:51:00,463,463
http://irail.be/vehicle/IC938,http://irail.be/stations/NMBS/008884004,IC,2016-07-27T17:54:00,2016-07-27T17:53:00,540,468
http://irail.be/vehicle/IC938,http://irail.be/stations/NMBS/008884632,IC,2016-07-27T17:59:00,2016-07-27T17:59:00,540,540
http://irail.be/vehicle/IC938,http://irail.be/stations/NMBS/008884640,IC,2016-07-27T18:00:00,2016-07-27T18:00:00,540,540
http://irail.be/vehicle/IC938,http://irail.be/stations/NMBS/008884715,IC,2016-07-27T18:01:00,2016-07-27T18:01:00,501,501
http://irail.be/vehicle/IC938,http://irail.be/stations/NMBS/008884855,IC,2016-07-27T18:04:00,2016-07-27T18:04:00,501,501
http://irail.be/vehicle/IC938,http://irail.be/stations/NMBS/008884889,IC,2016-07-27T18:06:00,2016-07-27T18:06:00,501,501
http://irail.be/vehicle/IC938,http://irail.be/stations/NMBS/008885530,IC,2016-07-27T18:08:00,2016-07-27T18:08:00,441,441
http://irail.be/vehicle/IC938,http://irail.be/stations/NMBS/008885522,IC,2016-07-27T18:09:00,2016-07-27T18:09:00,477,477
http://irail.be/vehicle/IC938,http://irail.be/stations/NMBS/008885001,IC,2016-07-27T18:19:00,2016-07-27T18:15:00,526,413
http://irail.be/vehicle/IC938,http://irail.be/stations/NMBS/008885068,IC,2016-07-27T18:23:00,2016-07-27T18:23:00,500,470
http://irail.be/vehicle/IC938,http://irail.be/stations/NMBS/008885753,IC,2016-07-27T18:33:00,2016-07-27T18:33:00,320,320
http://irail.be/vehicle/IC938,http://irail.be/stations/NMBS/008885704,IC,2016-07-27T18:37:00,2016-07-27T18:37:00,,441
http://irail.be/vehicle/IC938,http://irail.be/stations/NMBS/008863008,IC,2016-02-23T16:38:00,2016-02-23T16:38:00,3388,0
http://irail.be/vehicle/IC938,http://irail.be/stations/NMBS/008861119,IC,2016-02-23T16:41:00,2016-02-23T16:41:00,3407,3407
http://irail.be/vehicle/IC938,http://irail.be/stations/NMBS/008861127,IC,2016-02-23T16:43:00,2016-02-23T16:43:00,3355,3347
http://irail.be/vehicle/IC938,http://irail.be/stations/NMBS/008861135,IC,2016-02-23T16:46:00,2016-02-23T16:46:00,3313,3355
http://irail.be/vehicle/IC938,http://irail.be/stations/NMBS/008861143,IC,2016-02-23T16:49:00,2016-02-23T16:49:00,3223,3223
http://irail.be/vehicle/IC938,http://irail.be/stations/NMBS/008861150,IC,2016-02-23T16:51:00,2016-02-23T16:51:00,3223,3223
http://irail.be/vehicle/IC938,NO-URI,IC,2016-02-23T16:51:00,2016-02-23T16:51:00,3249,3246
http://irail.be/vehicle/IC938,http://irail.be/stations/NMBS/008861168,IC,2016-02-23T16:52:00,2016-02-23T16:52:00,3249,3249
http://irail.be/vehicle/IC938,http://irail.be/stations/NMBS/008874724,IC,2016-02-23T16:52:00,2016-02-23T16:52:00,3254,3249
http://irail.be/vehicle/IC938,NO-URI,IC,2016-02-23T16:54:00,2016-02-23T16:54:00,3157,3157
http://irail.be/vehicle/IC938,http://irail.be/stations/NMBS/008874716,IC,2016-02-23T16:55:00,2016-02-23T16:55:00,3171,3171
http://irail.be/vehicle/IC938,http://irail.be/stations/NMBS/008874609,IC,2016-02-23T16:58:00,2016-02-23T16:57:00,3333,3332
http://irail.be/vehicle/IC938,http://irail.be/stations/NMBS/008874583,IC,2016-02-23T17:00:00,2016-02-23T17:00:00,3333,3333
http://irail.be/vehicle/IC938,http://irail.be/stations/NMBS/008874567,IC,2016-02-23T17:01:00,2016-02-23T17:01:00,3333,3333
http://irail.be/vehicle/IC938,http://irail.be/stations/NMBS/008874559,IC,2016-02-23T17:02:00,2016-02-23T17:02:00,3550,3550
http://irail.be/vehicle/IC938,http://irail.be/stations/NMBS/008874005,IC,2016-02-23T17:03:00,2016-02-23T17:03:00,3679,3655
http://irail.be/vehicle/IC938,http://irail.be/stations/NMBS/008874054,IC,2016-02-23T17:06:00,2016-02-23T17:06:00,3630,3625
http://irail.be/vehicle/IC938,http://irail.be/stations/NMBS/008872009,IC,2016-02-23T17:11:00,2016-02-23T17:08:00,3633,3683
http://irail.be/vehicle/IC938,http://irail.be/stations/NMBS/008871100,IC,2016-02-23T17:15:00,2016-02-23T17:15:00,3602,3571
http://irail.be/vehicle/IC938,http://irail.be/stations/NMBS/008871514,IC,2016-02-23T17:19:00,2016-02-23T17:19:00,3599,3599
http://irail.be/vehicle/IC938,http://irail.be/stations/NMBS/008871415,IC,2016-02-23T17:20:00,2016-02-23T17:20:00,3577,3578
http://irail.be/vehicle/IC938,http://irail.be/stations/NMBS/008882248,IC,2016-02-23T17:22:00,2016-02-23T17:22:00,3577,3577
http://irail.be/vehicle/IC938,http://irail.be/stations/NMBS/008882230,IC,2016-02-23T17:23:00,2016-02-23T17:23:00,3577,3577
http://irail.be/vehicle/IC938,http://irail.be/stations/NMBS/008882206,IC,2016-02-23T17:28:00,2016-02-23T17:27:00,3520,3509
http://irail.be/vehicle/IC938,http://irail.be/stations/NMBS/008881463,IC,2016-02-23T17:32:00,2016-02-23T17:32:00,3508,3508
http://irail.be/vehicle/IC938,http://irail.be/stations/NMBS/008881455,IC,2016-02-23T17:33:00,2016-02-23T17:33:00,3508,3508
http://irail.be/vehicle/IC938,http://irail.be/stations/NMBS/008881430,IC,2016-02-23T17:35:00,2016-02-23T17:35:00,3508,3508
http://irail.be/vehicle/IC938,NO-URI,IC,2016-02-23T17:36:00,2016-02-23T17:36:00,3524,3516
http://irail.be/vehicle/IC938,http://irail.be/stations/NMBS/008881406,IC,2016-02-23T17:37:00,2016-02-23T17:37:00,3464,3464
http://irail.be/vehicle/IC938,http://irail.be/stations/NMBS/008881315,IC,2016-02-23T17:39:00,2016-02-23T17:39:00,3464,3464
http://irail.be/vehicle/IC938,http://irail.be/stations/NMBS/008881000,IC,2016-02-23T17:42:00,2016-02-23T17:42:00,2807,3542
http://irail.be/vehicle/IC938,http://irail.be/stations/NMBS/008863008,IC,2016-08-08T16:38:00,2016-08-08T16:38:00,22,
http://irail.be/vehicle/IC938,http://irail.be/stations/NMBS/008861119,IC,2016-08-08T16:41:00,2016-08-08T16:41:00,54,54
http://irail.be/vehicle/IC938,http://irail.be/stations/NMBS/008861127,IC,2016-08-08T16:43:00,2016-08-08T16:43:00,6,6
http://irail.be/vehicle/IC938,http://irail.be/stations/NMBS/008861135,IC,2016-08-08T16:46:00,2016-08-08T16:46:00,-35,-35
http://irail.be/vehicle/IC938,http://irail.be/stations/NMBS/008861143,IC,2016-08-08T16:49:00,2016-08-08T16:49:00,-123,-123
http://irail.be/vehicle/IC938,http://irail.be/stations/NMBS/008861150,IC,2016-08-08T16:51:00,2016-08-08T16:51:00,-123,-123
http://irail.be/vehicle/IC938,NO-URI,IC,2016-08-08T16:51:00,2016-08-08T16:51:00,-53,-53
http://irail.be/vehicle/IC938,http://irail.be/stations/NMBS/008861168,IC,2016-08-08T16:52:00,2016-08-08T16:52:00,-53,-53
http://irail.be/vehicle/IC938,http://irail.be/stations/NMBS/008874724,IC,2016-08-08T16:52:00,2016-08-08T16:52:00,-41,-41
http://irail.be/vehicle/IC938,NO-URI,IC,2016-08-08T16:54:00,2016-08-08T16:54:00,-122,-122
http://irail.be/vehicle/IC938,http://irail.be/stations/NMBS/008874716,IC,2016-08-08T16:55:00,2016-08-08T16:55:00,-43,-43
http://irail.be/vehicle/IC938,http://irail.be/stations/NMBS/008874609,IC,2016-08-08T16:58:00,2016-08-08T16:57:00,19,24
http://irail.be/vehicle/IC938,http://irail.be/stations/NMBS/008874583,IC,2016-08-08T17:00:00,2016-08-08T17:00:00,19,19
http://irail.be/vehicle/IC938,http://irail.be/stations/NMBS/008874567,IC,2016-08-08T17:01:00,2016-08-08T17:01:00,19,19
http://irail.be/vehicle/IC938,http://irail.be/stations/NMBS/008874559,IC,2016-08-08T17:02:00,2016-08-08T17:02:00,-6,-6
http://irail.be/vehicle/IC938,NO-URI,IC,2016-08-08T17:03:00,2016-08-08T17:03:00,-6,-6
http://irail.be/vehicle/IC938,http://irail.be/stations/NMBS/008874005,IC,2016-08-08T17:03:00,2016-08-08T17:03:00,10,10
http://irail.be/vehicle/IC938,http://irail.be/stations/NMBS/008874054,IC,2016-08-08T17:06:00,2016-08-08T17:06:00,3,3
http://irail.be/vehicle/IC938,http://irail.be/stations/NMBS/008872009,IC,2016-08-08T17:11:00,2016-08-08T17:08:00,14,57
http://irail.be/vehicle/IC938,http://irail.be/stations/NMBS/008871100,IC,2016-08-08T17:15:00,2016-08-08T17:15:00,3,3
http://irail.be/vehicle/IC938,http://irail.be/stations/NMBS/008871514,IC,2016-08-08T17:19:00,2016-08-08T17:19:00,0,0
http://irail.be/vehicle/IC938,http://irail.be/stations/NMBS/008871415,IC,2016-08-08T17:20:00,2016-08-08T17:20:00,-28,-28
http://irail.be/vehicle/IC938,http://irail.be/stations/NMBS/008882248,IC,2016-08-08T17:22:00,2016-08-08T17:22:00,-28,-28
http://irail.be/vehicle/IC938,http://irail.be/stations/NMBS/008882230,IC,2016-08-08T17:23:00,2016-08-08T17:23:00,-28,-28
http://irail.be/vehicle/IC938,http://irail.be/stations/NMBS/008882206,IC,2016-08-08T17:28:00,2016-08-08T17:27:00,5,-87
http://irail.be/vehicle/IC938,http://irail.be/stations/NMBS/008881463,IC,2016-08-08T17:32:00,2016-08-08T17:32:00,2,2
http://irail.be/vehicle/IC938,http://irail.be/stations/NMBS/008881455,IC,2016-08-08T17:33:00,2016-08-08T17:33:00,2,2
http://irail.be/vehicle/IC938,http://irail.be/stations/NMBS/008881430,IC,2016-08-08T17:35:00,2016-08-08T17:35:00,2,2
http://irail.be/vehicle/IC938,NO-URI,IC,2016-08-08T17:36:00,2016-08-08T17:36:00,-12,-12
http://irail.be/vehicle/IC938,http://irail.be/stations/NMBS/008881406,IC,2016-08-08T17:37:00,2016-08-08T17:37:00,-12,-12
http://irail.be/vehicle/IC938,http://irail.be/stations/NMBS/008881315,IC,2016-08-08T17:39:00,2016-08-08T17:39:00,-12,-12
http://irail.be/vehicle/IC938,http://irail.be/stations/NMBS/008881000,IC,2016-08-08T17:45:00,2016-08-08T17:42:00,35,50
http://irail.be/vehicle/IC938,http://irail.be/stations/NMBS/008884566,IC,2016-08-08T17:50:00,2016-08-08T17:50:00,-34,-34
http://irail.be/vehicle/IC938,http://irail.be/stations/NMBS/008884541,IC,2016-08-08T17:51:00,2016-08-08T17:51:00,-47,-47
http://irail.be/vehicle/IC938,http://irail.be/stations/NMBS/008884004,IC,2016-08-08T17:54:00,2016-08-08T17:53:00,64,-59
http://irail.be/vehicle/IC938,http://irail.be/stations/NMBS/008884632,IC,2016-08-08T17:59:00,2016-08-08T17:59:00,64,64
http://irail.be/vehicle/IC938,http://irail.be/stations/NMBS/008884640,IC,2016-08-08T18:00:00,2016-08-08T18:00:00,64,64
http://irail.be/vehicle/IC938,http://irail.be/stations/NMBS/008884715,IC,2016-08-08T18:01:00,2016-08-08T18:01:00,42,42
http://irail.be/vehicle/IC938,http://irail.be/stations/NMBS/008884855,IC,2016-08-08T18:04:00,2016-08-08T18:04:00,42,42
http://irail.be/vehicle/IC938,http://irail.be/stations/NMBS/008884889,IC,2016-08-08T18:06:00,2016-08-08T18:06:00,42,42
http://irail.be/vehicle/IC938,http://irail.be/stations/NMBS/008885530,IC,2016-08-08T18:08:00,2016-08-08T18:08:00,-18,-18
http://irail.be/vehicle/IC938,http://irail.be/stations/NMBS/008885522,IC,2016-08-08T18:09:00,2016-08-08T18:09:00,188,188
http://irail.be/vehicle/IC938,http://irail.be/stations/NMBS/008885001,IC,2016-08-08T18:19:00,2016-08-08T18:15:00,281,153
http://irail.be/vehicle/IC938,http://irail.be/stations/NMBS/008885068,IC,2016-08-08T18:23:00,2016-08-08T18:23:00,257,238
http://irail.be/vehicle/IC938,http://irail.be/stations/NMBS/008885753,IC,2016-08-08T18:33:00,2016-08-08T18:33:00,77,77
http://irail.be/vehicle/IC938,http://irail.be/stations/NMBS/008885704,IC,2016-08-08T18:37:00,2016-08-08T18:37:00,,134
http://irail.be/vehicle/IC938,http://irail.be/stations/NMBS/008863008,IC,2016-01-12T16:38:00,2016-01-12T16:38:00,19,0
http://irail.be/vehicle/IC938,http://irail.be/stations/NMBS/008861119,IC,2016-01-12T16:41:00,2016-01-12T16:41:00,45,45
http://irail.be/vehicle/IC938,http://irail.be/stations/NMBS/008861127,IC,2016-01-12T16:43:00,2016-01-12T16:43:00,-9,-24
http://irail.be/vehicle/IC938,http://irail.be/stations/NMBS/008861135,IC,2016-01-12T16:46:00,2016-01-12T16:46:00,-49,-9
http://irail.be/vehicle/IC938,http://irail.be/stations/NMBS/008861143,IC,2016-01-12T16:49:00,2016-01-12T16:49:00,-138,-138
http://irail.be/vehicle/IC938,http://irail.be/stations/NMBS/008861150,IC,2016-01-12T16:51:00,2016-01-12T16:51:00,-138,-138
http://irail.be/vehicle/IC938,NO-URI,IC,2016-01-12T16:51:00,2016-01-12T16:51:00,-59,-98
http://irail.be/vehicle/IC938,http://irail.be/stations/NMBS/008861168,IC,2016-01-12T16:52:00,2016-01-12T16:52:00,-59,-59
http://irail.be/vehicle/IC938,http://irail.be/stations/NMBS/008874724,IC,2016-01-12T16:52:00,2016-01-12T16:52:00,45,-59
http://irail.be/vehicle/IC938,NO-URI,IC,2016-01-12T16:54:00,2016-01-12T16:54:00,-36,-52
http://irail.be/vehicle/IC938,http://irail.be/stations/NMBS/008874716,IC,2016-01-12T16:55:00,2016-01-12T16:55:00,25,25
http://irail.be/vehicle/IC938,http://irail.be/stations/NMBS/008874609,IC,2016-01-12T16:58:00,2016-01-12T16:57:00,164,150
http://irail.be/vehicle/IC938,http://irail.be/stations/NMBS/008874583,IC,2016-01-12T17:00:00,2016-01-12T17:00:00,164,164
http://irail.be/vehicle/IC938,http://irail.be/stations/NMBS/008874567,IC,2016-01-12T17:01:00,2016-01-12T17:01:00,164,164
http://irail.be/vehicle/IC938,http://irail.be/stations/NMBS/008874559,IC,2016-01-12T17:02:00,2016-01-12T17:02:00,135,135
http://irail.be/vehicle/IC938,http://irail.be/stations/NMBS/008874005,IC,2016-01-12T17:03:00,2016-01-12T17:03:00,145,141
http://irail.be/vehicle/IC938,http://irail.be/stations/NMBS/008874054,IC,2016-01-12T17:06:00,2016-01-12T17:06:00,98,93
http://irail.be/vehicle/IC938,http://irail.be/stations/NMBS/008872009,IC,2016-01-12T17:11:00,2016-01-12T17:08:00,57,122
http://irail.be/vehicle/IC938,http://irail.be/stations/NMBS/008871100,IC,2016-01-12T17:15:00,2016-01-12T17:15:00,25,-4
http://irail.be/vehicle/IC938,http://irail.be/stations/NMBS/008871514,IC,2016-01-12T17:19:00,2016-01-12T17:19:00,20,20
http://irail.be/vehicle/IC938,http://irail.be/stations/NMBS/008871415,IC,2016-01-12T17:20:00,2016-01-12T17:20:00,-8,-7
http://irail.be/vehicle/IC938,http://irail.be/stations/NMBS/008882248,IC,2016-01-12T17:22:00,2016-01-12T17:22:00,-8,-8
http://irail.be/vehicle/IC938,http://irail.be/stations/NMBS/008882230,IC,2016-01-12T17:23:00,2016-01-12T17:23:00,-8,-8
http://irail.be/vehicle/IC938,http://irail.be/stations/NMBS/008882206,IC,2016-01-12T17:28:00,2016-01-12T17:27:00,1,-81
http://irail.be/vehicle/IC938,http://irail.be/stations/NMBS/008881463,IC,2016-01-12T17:32:00,2016-01-12T17:32:00,-21,-21
http://irail.be/vehicle/IC938,http://irail.be/stations/NMBS/008881455,IC,2016-01-12T17:33:00,2016-01-12T17:33:00,-21,-21
http://irail.be/vehicle/IC938,http://irail.be/stations/NMBS/008881430,IC,2016-01-12T17:35:00,2016-01-12T17:35:00,-21,-21
http://irail.be/vehicle/IC938,NO-URI,IC,2016-01-12T17:36:00,2016-01-12T17:36:00,-40,-41
http://irail.be/vehicle/IC938,http://irail.be/stations/NMBS/008881406,IC,2016-01-12T17:37:00,2016-01-12T17:37:00,-40,-40
http://irail.be/vehicle/IC938,http://irail.be/stations/NMBS/008881315,IC,2016-01-12T17:39:00,2016-01-12T17:39:00,-40,-40
http://irail.be/vehicle/IC938,http://irail.be/stations/NMBS/008881000,IC,2016-01-12T17:45:00,2016-01-12T17:42:00,20,-65
http://irail.be/vehicle/IC938,http://irail.be/stations/NMBS/008884566,IC,2016-01-12T17:50:00,2016-01-12T17:50:00,-50,-40
http://irail.be/vehicle/IC938,http://irail.be/stations/NMBS/008884541,IC,2016-01-12T17:51:00,2016-01-12T17:51:00,-61,-61
http://irail.be/vehicle/IC938,http://irail.be/stations/NMBS/008884004,IC,2016-01-12T17:54:00,2016-01-12T17:53:00,52,-58
http://irail.be/vehicle/IC938,http://irail.be/stations/NMBS/008884632,IC,2016-01-12T17:59:00,2016-01-12T17:59:00,52,52
http://irail.be/vehicle/IC938,http://irail.be/stations/NMBS/008884640,IC,2016-01-12T18:00:00,2016-01-12T18:00:00,52,52
http://irail.be/vehicle/IC938,http://irail.be/stations/NMBS/008884715,IC,2016-01-12T18:01:00,2016-01-12T18:01:00,41,37
http://irail.be/vehicle/IC938,http://irail.be/stations/NMBS/008884855,IC,2016-01-12T18:04:00,2016-01-12T18:04:00,41,41
http://irail.be/vehicle/IC938,http://irail.be/stations/NMBS/008884889,IC,2016-01-12T18:06:00,2016-01-12T18:06:00,41,41
http://irail.be/vehicle/IC938,http://irail.be/stations/NMBS/008885530,IC,2016-01-12T18:08:00,2016-01-12T18:08:00,-19,-19
http://irail.be/vehicle/IC938,http://irail.be/stations/NMBS/008885522,IC,2016-01-12T18:09:00,2016-01-12T18:09:00,33,22
http://irail.be/vehicle/IC938,http://irail.be/stations/NMBS/008885001,IC,2016-01-12T18:19:00,2016-01-12T18:15:00,65,-6
http://irail.be/vehicle/IC938,http://irail.be/stations/NMBS/008885068,IC,2016-01-12T18:23:00,2016-01-12T18:23:00,70,28
http://irail.be/vehicle/IC938,http://irail.be/stations/NMBS/008885753,IC,2016-01-12T18:33:00,2016-01-12T18:33:00,0,-110
http://irail.be/vehicle/IC938,http://irail.be/stations/NMBS/008885704,IC,2016-01-12T18:37:00,2016-01-12T18:37:00,0,92
http://irail.be/vehicle/IC938,http://irail.be/stations/NMBS/008863008,IC,2016-05-10T16:38:00,2016-05-10T16:38:00,11,0
http://irail.be/vehicle/IC938,http://irail.be/stations/NMBS/008861119,IC,2016-05-10T16:41:00,2016-05-10T16:41:00,138,138
http://irail.be/vehicle/IC938,http://irail.be/stations/NMBS/008861127,IC,2016-05-10T16:43:00,2016-05-10T16:43:00,101,86
http://irail.be/vehicle/IC938,http://irail.be/stations/NMBS/008861135,IC,2016-05-10T16:46:00,2016-05-10T16:46:00,58,101
http://irail.be/vehicle/IC938,http://irail.be/stations/NMBS/008861143,IC,2016-05-10T16:49:00,2016-05-10T16:49:00,-33,-33
http://irail.be/vehicle/IC938,http://irail.be/stations/NMBS/008861150,IC,2016-05-10T16:51:00,2016-05-10T16:51:00,-33,-33
http://irail.be/vehicle/IC938,NO-URI,IC,2016-05-10T16:51:00,2016-05-10T16:51:00,-6,-10
http://irail.be/vehicle/IC938,http://irail.be/stations/NMBS/008861168,IC,2016-05-10T16:52:00,2016-05-10T16:52:00,-6,-6
http://irail.be/vehicle/IC938,http://irail.be/stations/NMBS/008874724,IC,2016-05-10T16:52:00,2016-05-10T16:52:00,23,-6
http://irail.be/vehicle/IC938,NO-URI,IC,2016-05-10T16:54:00,2016-05-10T16:54:00,-55,-74
http://irail.be/vehicle/IC938,http://irail.be/stations/NMBS/008874716,IC,2016-05-10T16:55:00,2016-05-10T16:55:00,-29,-29
http://irail.be/vehicle/IC938,http://irail.be/stations/NMBS/008874609,IC,2016-05-10T16:58:00,2016-05-10T16:57:00,16,-13
http://irail.be/vehicle/IC938,http://irail.be/stations/NMBS/008874583,IC,2016-05-10T17:00:00,2016-05-10T17:00:00,0,0
http://irail.be/vehicle/IC938,http://irail.be/stations/NMBS/008874567,IC,2016-05-10T17:01:00,2016-05-10T17:01:00,0,0
http://irail.be/vehicle/IC938,http://irail.be/stations/NMBS/008874559,IC,2016-05-10T17:02:00,2016-05-10T17:02:00,-8,-8
http://irail.be/vehicle/IC938,http://irail.be/stations/NMBS/008874005,IC,2016-05-10T17:03:00,2016-05-10T17:03:00,1,-2
http://irail.be/vehicle/IC938,http://irail.be/stations/NMBS/008874054,IC,2016-05-10T17:06:00,2016-05-10T17:06:00,-21,-52
http://irail.be/vehicle/IC938,http://irail.be/stations/NMBS/008872009,IC,2016-05-10T17:11:00,2016-05-10T17:08:00,10,50
http://irail.be/vehicle/IC938,http://irail.be/stations/NMBS/008871100,IC,2016-05-10T17:15:00,2016-05-10T17:15:00,-10,-41
http://irail.be/vehicle/IC938,http://irail.be/stations/NMBS/008871514,IC,2016-05-10T17:19:00,2016-05-10T17:19:00,-14,-14
http://irail.be/vehicle/IC938,http://irail.be/stations/NMBS/008871415,IC,2016-05-10T17:20:00,2016-05-10T17:20:00,-27,-29
http://irail.be/vehicle/IC938,http://irail.be/stations/NMBS/008882248,IC,2016-05-10T17:22:00,2016-05-10T17:22:00,-27,-27
http://irail.be/vehicle/IC938,http://irail.be/stations/NMBS/008882230,IC,2016-05-10T17:23:00,2016-05-10T17:23:00,0,0
http://irail.be/vehicle/IC938,http://irail.be/stations/NMBS/008882206,IC,2016-05-10T17:28:00,2016-05-10T17:27:00,350,329
http://irail.be/vehicle/IC938,http://irail.be/stations/NMBS/008881463,IC,2016-05-10T17:32:00,2016-05-10T17:32:00,352,352
http://irail.be/vehicle/IC938,http://irail.be/stations/NMBS/008881455,IC,2016-05-10T17:33:00,2016-05-10T17:33:00,352,352
http://irail.be/vehicle/IC938,http://irail.be/stations/NMBS/008881430,IC,2016-05-10T17:35:00,2016-05-10T17:35:00,0,0
http://irail.be/vehicle/IC938,NO-URI,IC,2016-05-10T17:36:00,2016-05-10T17:36:00,399,363
http://irail.be/vehicle/IC938,http://irail.be/stations/NMBS/008881406,IC,2016-05-10T17:37:00,2016-05-10T17:37:00,339,339
http://irail.be/vehicle/IC938,http://irail.be/stations/NMBS/008881315,IC,2016-05-10T17:39:00,2016-05-10T17:39:00,0,0
http://irail.be/vehicle/IC938,http://irail.be/stations/NMBS/008881000,IC,2016-05-10T17:45:00,2016-05-10T17:42:00,1189,420
http://irail.be/vehicle/IC938,http://irail.be/stations/NMBS/008884566,IC,2016-05-10T17:50:00,2016-05-10T17:50:00,1125,1129
http://irail.be/vehicle/IC938,http://irail.be/stations/NMBS/008884541,IC,2016-05-10T17:51:00,2016-05-10T17:51:00,1112,1112
http://irail.be/vehicle/IC938,http://irail.be/stations/NMBS/008884004,IC,2016-05-10T17:54:00,2016-05-10T17:53:00,1108,1117
http://irail.be/vehicle/IC938,http://irail.be/stations/NMBS/008884632,IC,2016-05-10T17:59:00,2016-05-10T17:59:00,0,0
http://irail.be/vehicle/IC938,http://irail.be/stations/NMBS/008884640,IC,2016-05-10T18:00:00,2016-05-10T18:00:00,0,0
http://irail.be/vehicle/IC938,http://irail.be/stations/NMBS/008884715,IC,2016-05-10T18:01:00,2016-05-10T18:01:00,1060,1057
http://irail.be/vehicle/IC938,http://irail.be/stations/NMBS/008884855,IC,2016-05-10T18:04:00,2016-05-10T18:04:00,1060,1060
http://irail.be/vehicle/IC938,http://irail.be/stations/NMBS/008884889,IC,2016-05-10T18:06:00,2016-05-10T18:06:00,0,0
http://irail.be/vehicle/IC938,http://irail.be/stations/NMBS/008885530,IC,2016-05-10T18:08:00,2016-05-10T18:08:00,0,0
http://irail.be/vehicle/IC938,http://irail.be/stations/NMBS/008885522,IC,2016-05-10T18:09:00,2016-05-10T18:09:00,1024,1015
http://irail.be/vehicle/IC938,http://irail.be/stations/NMBS/008885001,IC,2016-05-10T18:19:00,2016-05-10T18:15:00,1315,963
http://irail.be/vehicle/IC938,http://irail.be/stations/NMBS/008885068,IC,2016-05-10T18:23:00,2016-05-10T18:23:00,1445,1414
http://irail.be/vehicle/IC938,http://irail.be/stations/NMBS/008885753,IC,2016-05-10T18:33:00,2016-05-10T18:33:00,0,0
http://irail.be/vehicle/IC938,http://irail.be/stations/NMBS/008885704,IC,2016-05-10T18:37:00,2016-05-10T18:37:00,0,1420
http://irail.be/vehicle/IC938,http://irail.be/stations/NMBS/008863008,IC,2016-02-18T16:38:00,2016-02-18T16:38:00,20,0
http://irail.be/vehicle/IC938,http://irail.be/stations/NMBS/008861119,IC,2016-02-18T16:41:00,2016-02-18T16:41:00,51,51
http://irail.be/vehicle/IC938,http://irail.be/stations/NMBS/008861127,IC,2016-02-18T16:43:00,2016-02-18T16:43:00,3,-12
http://irail.be/vehicle/IC938,http://irail.be/stations/NMBS/008861135,IC,2016-02-18T16:46:00,2016-02-18T16:46:00,-37,3
http://irail.be/vehicle/IC938,http://irail.be/stations/NMBS/008861143,IC,2016-02-18T16:49:00,2016-02-18T16:49:00,-127,-127
http://irail.be/vehicle/IC938,http://irail.be/stations/NMBS/008861150,IC,2016-02-18T16:51:00,2016-02-18T16:51:00,-127,-127
http://irail.be/vehicle/IC938,NO-URI,IC,2016-02-18T16:51:00,2016-02-18T16:51:00,-101,-103
http://irail.be/vehicle/IC938,http://irail.be/stations/NMBS/008861168,IC,2016-02-18T16:52:00,2016-02-18T16:52:00,-101,-101
http://irail.be/vehicle/IC938,http://irail.be/stations/NMBS/008874724,IC,2016-02-18T16:52:00,2016-02-18T16:52:00,-4,-101
http://irail.be/vehicle/IC938,NO-URI,IC,2016-02-18T16:54:00,2016-02-18T16:54:00,-64,-101
http://irail.be/vehicle/IC938,http://irail.be/stations/NMBS/008874716,IC,2016-02-18T16:55:00,2016-02-18T16:55:00,-28,-28
http://irail.be/vehicle/IC938,http://irail.be/stations/NMBS/008874609,IC,2016-02-18T16:58:00,2016-02-18T16:57:00,75,54
http://irail.be/vehicle/IC938,http://irail.be/stations/NMBS/008874583,IC,2016-02-18T17:00:00,2016-02-18T17:00:00,0,0
http://irail.be/vehicle/IC938,http://irail.be/stations/NMBS/008874567,IC,2016-02-18T17:01:00,2016-02-18T17:01:00,0,0
http://irail.be/vehicle/IC938,http://irail.be/stations/NMBS/008874559,IC,2016-02-18T17:02:00,2016-02-18T17:02:00,48,48
http://irail.be/vehicle/IC938,http://irail.be/stations/NMBS/008874005,IC,2016-02-18T17:03:00,2016-02-18T17:03:00,60,56
http://irail.be/vehicle/IC938,http://irail.be/stations/NMBS/008874054,IC,2016-02-18T17:06:00,2016-02-18T17:06:00,10,6
http://irail.be/vehicle/IC938,http://irail.be/stations/NMBS/008872009,IC,2016-02-18T17:11:00,2016-02-18T17:08:00,32,72
http://irail.be/vehicle/IC938,http://irail.be/stations/NMBS/008871100,IC,2016-02-18T17:15:00,2016-02-18T17:15:00,6,-25
http://irail.be/vehicle/IC938,http://irail.be/stations/NMBS/008871514,IC,2016-02-18T17:19:00,2016-02-18T17:19:00,4,4
http://irail.be/vehicle/IC938,http://irail.be/stations/NMBS/008871415,IC,2016-02-18T17:20:00,2016-02-18T17:20:00,-12,-12
http://irail.be/vehicle/IC938,http://irail.be/stations/NMBS/008882248,IC,2016-02-18T17:22:00,2016-02-18T17:22:00,-12,-12
http://irail.be/vehicle/IC938,http://irail.be/stations/NMBS/008882230,IC,2016-02-18T17:23:00,2016-02-18T17:23:00,0,0
http://irail.be/vehicle/IC938,http://irail.be/stations/NMBS/008882206,IC,2016-02-18T17:28:00,2016-02-18T17:27:00,-6,-73
http://irail.be/vehicle/IC938,http://irail.be/stations/NMBS/008881463,IC,2016-02-18T17:32:00,2016-02-18T17:32:00,-16,-16
http://irail.be/vehicle/IC938,http://irail.be/stations/NMBS/008881455,IC,2016-02-18T17:33:00,2016-02-18T17:33:00,-16,-16
http://irail.be/vehicle/IC938,http://irail.be/stations/NMBS/008881430,IC,2016-02-18T17:35:00,2016-02-18T17:35:00,0,0
http://irail.be/vehicle/IC938,NO-URI,IC,2016-02-18T17:36:00,2016-02-18T17:36:00,-32,-33
http://irail.be/vehicle/IC938,http://irail.be/stations/NMBS/008881406,IC,2016-02-18T17:37:00,2016-02-18T17:37:00,-32,-32
http://irail.be/vehicle/IC938,http://irail.be/stations/NMBS/008881315,IC,2016-02-18T17:39:00,2016-02-18T17:39:00,0,0
http://irail.be/vehicle/IC938,http://irail.be/stations/NMBS/008881000,IC,2016-02-18T17:45:00,2016-02-18T17:42:00,35,-10
http://irail.be/vehicle/IC938,http://irail.be/stations/NMBS/008884566,IC,2016-02-18T17:50:00,2016-02-18T17:50:00,-29,-25
http://irail.be/vehicle/IC938,http://irail.be/stations/NMBS/008884541,IC,2016-02-18T17:51:00,2016-02-18T17:51:00,-40,-40
http://irail.be/vehicle/IC938,http://irail.be/stations/NMBS/008884004,IC,2016-02-18T17:54:00,2016-02-18T17:53:00,61,-31
http://irail.be/vehicle/IC938,http://irail.be/stations/NMBS/008884632,IC,2016-02-18T17:59:00,2016-02-18T17:59:00,0,0
http://irail.be/vehicle/IC938,http://irail.be/stations/NMBS/008884640,IC,2016-02-18T18:00:00,2016-02-18T18:00:00,0,0
http://irail.be/vehicle/IC938,http://irail.be/stations/NMBS/008884715,IC,2016-02-18T18:01:00,2016-02-18T18:01:00,73,59
http://irail.be/vehicle/IC938,http://irail.be/stations/NMBS/008884855,IC,2016-02-18T18:04:00,2016-02-18T18:04:00,73,73
http://irail.be/vehicle/IC938,http://irail.be/stations/NMBS/008884889,IC,2016-02-18T18:06:00,2016-02-18T18:06:00,0,0
http://irail.be/vehicle/IC938,http://irail.be/stations/NMBS/008885530,IC,2016-02-18T18:08:00,2016-02-18T18:08:00,0,0
http://irail.be/vehicle/IC938,http://irail.be/stations/NMBS/008885522,IC,2016-02-18T18:09:00,2016-02-18T18:09:00,147,52
http://irail.be/vehicle/IC938,http://irail.be/stations/NMBS/008885001,IC,2016-02-18T18:19:00,2016-02-18T18:15:00,344,150
http://irail.be/vehicle/IC938,http://irail.be/stations/NMBS/008885068,IC,2016-02-18T18:23:00,2016-02-18T18:23:00,474,437
http://irail.be/vehicle/IC938,http://irail.be/stations/NMBS/008885753,IC,2016-02-18T18:33:00,2016-02-18T18:33:00,0,0
http://irail.be/vehicle/IC938,http://irail.be/stations/NMBS/008885704,IC,2016-02-18T18:37:00,2016-02-18T18:37:00,0,519
http://irail.be/vehicle/IC938,http://irail.be/stations/NMBS/008863008,IC,2016-01-27T16:38:00,2016-01-27T16:38:00,27,0
http://irail.be/vehicle/IC938,http://irail.be/stations/NMBS/008861119,IC,2016-01-27T16:41:00,2016-01-27T16:41:00,47,47
http://irail.be/vehicle/IC938,http://irail.be/stations/NMBS/008861127,IC,2016-01-27T16:43:00,2016-01-27T16:43:00,-6,-20
http://irail.be/vehicle/IC938,http://irail.be/stations/NMBS/008861135,IC,2016-01-27T16:46:00,2016-01-27T16:46:00,-47,-6
http://irail.be/vehicle/IC938,http://irail.be/stations/NMBS/008861143,IC,2016-01-27T16:49:00,2016-01-27T16:49:00,-137,-137
http://irail.be/vehicle/IC938,http://irail.be/stations/NMBS/008861150,IC,2016-01-27T16:51:00,2016-01-27T16:51:00,-137,-137
http://irail.be/vehicle/IC938,NO-URI,IC,2016-01-27T16:51:00,2016-01-27T16:51:00,-78,-94
http://irail.be/vehicle/IC938,http://irail.be/stations/NMBS/008861168,IC,2016-01-27T16:52:00,2016-01-27T16:52:00,-78,-78
http://irail.be/vehicle/IC938,http://irail.be/stations/NMBS/008874724,IC,2016-01-27T16:52:00,2016-01-27T16:52:00,-69,-78
http://irail.be/vehicle/IC938,NO-URI,IC,2016-01-27T16:54:00,2016-01-27T16:54:00,-164,-166
http://irail.be/vehicle/IC938,http://irail.be/stations/NMBS/008874716,IC,2016-01-27T16:55:00,2016-01-27T16:55:00,-95,-95
http://irail.be/vehicle/IC938,http://irail.be/stations/NMBS/008874609,IC,2016-01-27T16:58:00,2016-01-27T16:57:00,84,59
http://irail.be/vehicle/IC938,http://irail.be/stations/NMBS/008874583,IC,2016-01-27T17:00:00,2016-01-27T17:00:00,84,84
http://irail.be/vehicle/IC938,http://irail.be/stations/NMBS/008874567,IC,2016-01-27T17:01:00,2016-01-27T17:01:00,84,84
http://irail.be/vehicle/IC938,http://irail.be/stations/NMBS/008874559,IC,2016-01-27T17:02:00,2016-01-27T17:02:00,59,59
http://irail.be/vehicle/IC938,http://irail.be/stations/NMBS/008874005,IC,2016-01-27T17:03:00,2016-01-27T17:03:00,70,65
http://irail.be/vehicle/IC938,http://irail.be/stations/NMBS/008874054,IC,2016-01-27T17:06:00,2016-01-27T17:06:00,33,24
http://irail.be/vehicle/IC938,http://irail.be/stations/NMBS/008872009,IC,2016-01-27T17:11:00,2016-01-27T17:08:00,17,89
http://irail.be/vehicle/IC938,http://irail.be/stations/NMBS/008871100,IC,2016-01-27T17:15:00,2016-01-27T17:15:00,-6,-37
http://irail.be/vehicle/IC938,http://irail.be/stations/NMBS/008871514,IC,2016-01-27T17:19:00,2016-01-27T17:19:00,-6,-6
http://irail.be/vehicle/IC938,http://irail.be/stations/NMBS/008871415,IC,2016-01-27T17:20:00,2016-01-27T17:20:00,-20,-26
http://irail.be/vehicle/IC938,http://irail.be/stations/NMBS/008882248,IC,2016-01-27T17:22:00,2016-01-27T17:22:00,-20,-20
http://irail.be/vehicle/IC938,http://irail.be/stations/NMBS/008882230,IC,2016-01-27T17:23:00,2016-01-27T17:23:00,-20,-20
http://irail.be/vehicle/IC938,http://irail.be/stations/NMBS/008882206,IC,2016-01-27T17:28:00,2016-01-27T17:27:00,151,126
http://irail.be/vehicle/IC938,http://irail.be/stations/NMBS/008881463,IC,2016-01-27T17:32:00,2016-01-27T17:32:00,140,140
http://irail.be/vehicle/IC938,http://irail.be/stations/NMBS/008881455,IC,2016-01-27T17:33:00,2016-01-27T17:33:00,140,140
http://irail.be/vehicle/IC938,http://irail.be/stations/NMBS/008881430,IC,2016-01-27T17:35:00,2016-01-27T17:35:00,140,140
http://irail.be/vehicle/IC938,NO-URI,IC,2016-01-27T17:36:00,2016-01-27T17:36:00,129,127
http://irail.be/vehicle/IC938,http://irail.be/stations/NMBS/008881406,IC,2016-01-27T17:37:00,2016-01-27T17:37:00,69,69
http://irail.be/vehicle/IC938,http://irail.be/stations/NMBS/008881315,IC,2016-01-27T17:39:00,2016-01-27T17:39:00,69,69
http://irail.be/vehicle/IC938,http://irail.be/stations/NMBS/008881000,IC,2016-01-27T17:45:00,2016-01-27T17:42:00,159,171
http://irail.be/vehicle/IC938,http://irail.be/stations/NMBS/008884566,IC,2016-01-27T17:50:00,2016-01-27T17:50:00,106,99
http://irail.be/vehicle/IC938,http://irail.be/stations/NMBS/008884541,IC,2016-01-27T17:51:00,2016-01-27T17:51:00,96,96
http://irail.be/vehicle/IC938,http://irail.be/stations/NMBS/008884004,IC,2016-01-27T17:54:00,2016-01-27T17:53:00,113,93
http://irail.be/vehicle/IC938,http://irail.be/stations/NMBS/008884632,IC,2016-01-27T17:59:00,2016-01-27T17:59:00,113,113
http://irail.be/vehicle/IC938,http://irail.be/stations/NMBS/008884640,IC,2016-01-27T18:00:00,2016-01-27T18:00:00,113,113
http://irail.be/vehicle/IC938,http://irail.be/stations/NMBS/008884715,IC,2016-01-27T18:01:00,2016-01-27T18:01:00,226,196
http://irail.be/vehicle/IC938,http://irail.be/stations/NMBS/008884855,IC,2016-01-27T18:04:00,2016-01-27T18:04:00,226,226
http://irail.be/vehicle/IC938,http://irail.be/stations/NMBS/008884889,IC,2016-01-27T18:06:00,2016-01-27T18:06:00,226,226
http://irail.be/vehicle/IC938,http://irail.be/stations/NMBS/008885530,IC,2016-01-27T18:08:00,2016-01-27T18:08:00,166,166
http://irail.be/vehicle/IC938,http://irail.be/stations/NMBS/008885522,IC,2016-01-27T18:09:00,2016-01-27T18:09:00,252,245
http://irail.be/vehicle/IC938,http://irail.be/stations/NMBS/008885001,IC,2016-01-27T18:19:00,2016-01-27T18:15:00,252,159
http://irail.be/vehicle/IC938,http://irail.be/stations/NMBS/008885068,IC,2016-01-27T18:23:00,2016-01-27T18:23:00,305,266
http://irail.be/vehicle/IC938,http://irail.be/stations/NMBS/008885753,IC,2016-01-27T18:33:00,2016-01-27T18:33:00,125,125
http://irail.be/vehicle/IC938,http://irail.be/stations/NMBS/008885704,IC,2016-01-27T18:37:00,2016-01-27T18:37:00,0,328
http://irail.be/vehicle/IC938,http://irail.be/stations/NMBS/008863008,IC,2016-05-24T16:38:00,2016-05-24T16:38:00,17,0
http://irail.be/vehicle/IC938,http://irail.be/stations/NMBS/008861119,IC,2016-05-24T16:41:00,2016-05-24T16:41:00,86,86
http://irail.be/vehicle/IC938,http://irail.be/stations/NMBS/008861127,IC,2016-05-24T16:43:00,2016-05-24T16:43:00,32,18
http://irail.be/vehicle/IC938,http://irail.be/stations/NMBS/008861135,IC,2016-05-24T16:46:00,2016-05-24T16:46:00,-12,32
http://irail.be/vehicle/IC938,http://irail.be/stations/NMBS/008861143,IC,2016-05-24T16:49:00,2016-05-24T16:49:00,-102,-102
http://irail.be/vehicle/IC938,http://irail.be/stations/NMBS/008861150,IC,2016-05-24T16:51:00,2016-05-24T16:51:00,-102,-102
http://irail.be/vehicle/IC938,NO-URI,IC,2016-05-24T16:51:00,2016-05-24T16:51:00,-75,-78
http://irail.be/vehicle/IC938,http://irail.be/stations/NMBS/008861168,IC,2016-05-24T16:52:00,2016-05-24T16:52:00,-75,-75
http://irail.be/vehicle/IC938,http://irail.be/stations/NMBS/008874724,IC,2016-05-24T16:52:00,2016-05-24T16:52:00,-69,-75
http://irail.be/vehicle/IC938,NO-URI,IC,2016-05-24T16:54:00,2016-05-24T16:54:00,-159,-166
http://irail.be/vehicle/IC938,http://irail.be/stations/NMBS/008874716,IC,2016-05-24T16:55:00,2016-05-24T16:55:00,-102,-102
http://irail.be/vehicle/IC938,http://irail.be/stations/NMBS/008874609,IC,2016-05-24T16:58:00,2016-05-24T16:57:00,120,122
http://irail.be/vehicle/IC938,http://irail.be/stations/NMBS/008874583,IC,2016-05-24T17:00:00,2016-05-24T17:00:00,120,120
http://irail.be/vehicle/IC938,http://irail.be/stations/NMBS/008874567,IC,2016-05-24T17:01:00,2016-05-24T17:01:00,120,120
http://irail.be/vehicle/IC938,http://irail.be/stations/NMBS/008874559,IC,2016-05-24T17:02:00,2016-05-24T17:02:00,86,86
http://irail.be/vehicle/IC938,http://irail.be/stations/NMBS/008874005,IC,2016-05-24T17:03:00,2016-05-24T17:03:00,96,93
http://irail.be/vehicle/IC938,http://irail.be/stations/NMBS/008874054,IC,2016-05-24T17:06:00,2016-05-24T17:06:00,83,47
http://irail.be/vehicle/IC938,http://irail.be/stations/NMBS/008872009,IC,2016-05-24T17:11:00,2016-05-24T17:08:00,70,155
http://irail.be/vehicle/IC938,http://irail.be/stations/NMBS/008871100,IC,2016-05-24T17:15:00,2016-05-24T17:15:00,66,37
http://irail.be/vehicle/IC938,http://irail.be/stations/NMBS/008871514,IC,2016-05-24T17:19:00,2016-05-24T17:19:00,62,62
http://irail.be/vehicle/IC938,http://irail.be/stations/NMBS/008871415,IC,2016-05-24T17:20:00,2016-05-24T17:20:00,42,41
http://irail.be/vehicle/IC938,http://irail.be/stations/NMBS/008882248,IC,2016-05-24T17:22:00,2016-05-24T17:22:00,42,42
http://irail.be/vehicle/IC938,http://irail.be/stations/NMBS/008882230,IC,2016-05-24T17:23:00,2016-05-24T17:23:00,42,42
http://irail.be/vehicle/IC938,http://irail.be/stations/NMBS/008882206,IC,2016-05-24T17:28:00,2016-05-24T17:27:00,21,-8
http://irail.be/vehicle/IC938,http://irail.be/stations/NMBS/008881463,IC,2016-05-24T17:32:00,2016-05-24T17:32:00,9,9
http://irail.be/vehicle/IC938,http://irail.be/stations/NMBS/008881455,IC,2016-05-24T17:33:00,2016-05-24T17:33:00,9,9
http://irail.be/vehicle/IC938,http://irail.be/stations/NMBS/008881430,IC,2016-05-24T17:35:00,2016-05-24T17:35:00,9,9
http://irail.be/vehicle/IC938,NO-URI,IC,2016-05-24T17:36:00,2016-05-24T17:36:00,40,11
http://irail.be/vehicle/IC938,http://irail.be/stations/NMBS/008881406,IC,2016-05-24T17:37:00,2016-05-24T17:37:00,-20,-20
http://irail.be/vehicle/IC938,http://irail.be/stations/NMBS/008881315,IC,2016-05-24T17:39:00,2016-05-24T17:39:00,-20,-20
http://irail.be/vehicle/IC938,http://irail.be/stations/NMBS/008881000,IC,2016-05-24T17:45:00,2016-05-24T17:42:00,25,52
http://irail.be/vehicle/IC938,http://irail.be/stations/NMBS/008884566,IC,2016-05-24T17:50:00,2016-05-24T17:50:00,-25,-35
http://irail.be/vehicle/IC938,http://irail.be/stations/NMBS/008884541,IC,2016-05-24T17:51:00,2016-05-24T17:51:00,-32,-32
http://irail.be/vehicle/IC938,http://irail.be/stations/NMBS/008884004,IC,2016-05-24T17:54:00,2016-05-24T17:53:00,109,93
http://irail.be/vehicle/IC938,http://irail.be/stations/NMBS/008884632,IC,2016-05-24T17:59:00,2016-05-24T17:59:00,109,109
http://irail.be/vehicle/IC938,http://irail.be/stations/NMBS/008884640,IC,2016-05-24T18:00:00,2016-05-24T18:00:00,109,109
http://irail.be/vehicle/IC938,http://irail.be/stations/NMBS/008884715,IC,2016-05-24T18:01:00,2016-05-24T18:01:00,75,71
http://irail.be/vehicle/IC938,http://irail.be/stations/NMBS/008884855,IC,2016-05-24T18:04:00,2016-05-24T18:04:00,75,75
http://irail.be/vehicle/IC938,http://irail.be/stations/NMBS/008884889,IC,2016-05-24T18:06:00,2016-05-24T18:06:00,75,75
http://irail.be/vehicle/IC938,http://irail.be/stations/NMBS/008885530,IC,2016-05-24T18:08:00,2016-05-24T18:08:00,15,15
http://irail.be/vehicle/IC938,http://irail.be/stations/NMBS/008885522,IC,2016-05-24T18:09:00,2016-05-24T18:09:00,238,120
http://irail.be/vehicle/IC938,http://irail.be/stations/NMBS/008885001,IC,2016-05-24T18:19:00,2016-05-24T18:15:00,290,250
http://irail.be/vehicle/IC938,http://irail.be/stations/NMBS/008885068,IC,2016-05-24T18:23:00,2016-05-24T18:23:00,245,236
http://irail.be/vehicle/IC938,http://irail.be/stations/NMBS/008885753,IC,2016-05-24T18:33:00,2016-05-24T18:33:00,65,65
http://irail.be/vehicle/IC938,http://irail.be/stations/NMBS/008885704,IC,2016-05-24T18:37:00,2016-05-24T18:37:00,0,153
http://irail.be/vehicle/IC938,http://irail.be/stations/NMBS/008863008,IC,2016-09-09T16:38:00,2016-09-09T16:38:00,17,
http://irail.be/vehicle/IC938,http://irail.be/stations/NMBS/008861119,IC,2016-09-09T16:41:00,2016-09-09T16:41:00,78,78
http://irail.be/vehicle/IC938,http://irail.be/stations/NMBS/008861127,IC,2016-09-09T16:43:00,2016-09-09T16:43:00,26,26
http://irail.be/vehicle/IC938,http://irail.be/stations/NMBS/008861135,IC,2016-09-09T16:46:00,2016-09-09T16:46:00,-12,-12
http://irail.be/vehicle/IC938,http://irail.be/stations/NMBS/008861143,IC,2016-09-09T16:49:00,2016-09-09T16:49:00,-102,-102
http://irail.be/vehicle/IC938,http://irail.be/stations/NMBS/008861150,IC,2016-09-09T16:51:00,2016-09-09T16:51:00,-102,-102
http://irail.be/vehicle/IC938,NO-URI,IC,2016-09-09T16:51:00,2016-09-09T16:51:00,-75,-75
http://irail.be/vehicle/IC938,http://irail.be/stations/NMBS/008861168,IC,2016-09-09T16:52:00,2016-09-09T16:52:00,-75,-75
http://irail.be/vehicle/IC938,http://irail.be/stations/NMBS/008874724,IC,2016-09-09T16:52:00,2016-09-09T16:52:00,-71,-71
http://irail.be/vehicle/IC938,NO-URI,IC,2016-09-09T16:54:00,2016-09-09T16:54:00,-166,-166
http://irail.be/vehicle/IC938,http://irail.be/stations/NMBS/008874716,IC,2016-09-09T16:55:00,2016-09-09T16:55:00,-75,-75
http://irail.be/vehicle/IC938,http://irail.be/stations/NMBS/008874609,IC,2016-09-09T16:58:00,2016-09-09T16:57:00,143,96
http://irail.be/vehicle/IC938,http://irail.be/stations/NMBS/008874583,IC,2016-09-09T17:00:00,2016-09-09T17:00:00,143,143
http://irail.be/vehicle/IC938,http://irail.be/stations/NMBS/008874567,IC,2016-09-09T17:01:00,2016-09-09T17:01:00,143,143
http://irail.be/vehicle/IC938,http://irail.be/stations/NMBS/008874559,IC,2016-09-09T17:02:00,2016-09-09T17:02:00,110,110
http://irail.be/vehicle/IC938,NO-URI,IC,2016-09-09T17:03:00,2016-09-09T17:03:00,110,110
http://irail.be/vehicle/IC938,http://irail.be/stations/NMBS/008874005,IC,2016-09-09T17:03:00,2016-09-09T17:03:00,121,121
http://irail.be/vehicle/IC938,http://irail.be/stations/NMBS/008874054,IC,2016-09-09T17:06:00,2016-09-09T17:06:00,81,81
http://irail.be/vehicle/IC938,http://irail.be/stations/NMBS/008872009,IC,2016-09-09T17:11:00,2016-09-09T17:08:00,156,165
http://irail.be/vehicle/IC938,http://irail.be/stations/NMBS/008871100,IC,2016-09-09T17:15:00,2016-09-09T17:15:00,196,196
http://irail.be/vehicle/IC938,http://irail.be/stations/NMBS/008871514,IC,2016-09-09T17:19:00,2016-09-09T17:19:00,201,201
http://irail.be/vehicle/IC938,http://irail.be/stations/NMBS/008871415,IC,2016-09-09T17:20:00,2016-09-09T17:20:00,170,170
http://irail.be/vehicle/IC938,http://irail.be/stations/NMBS/008882248,IC,2016-09-09T17:22:00,2016-09-09T17:22:00,170,170
http://irail.be/vehicle/IC938,http://irail.be/stations/NMBS/008882230,IC,2016-09-09T17:23:00,2016-09-09T17:23:00,170,170
http://irail.be/vehicle/IC938,http://irail.be/stations/NMBS/008882206,IC,2016-09-09T17:28:00,2016-09-09T17:27:00,178,126
http://irail.be/vehicle/IC938,http://irail.be/stations/NMBS/008881463,IC,2016-09-09T17:32:00,2016-09-09T17:32:00,163,163
http://irail.be/vehicle/IC938,http://irail.be/stations/NMBS/008881455,IC,2016-09-09T17:33:00,2016-09-09T17:33:00,163,163
http://irail.be/vehicle/IC938,http://irail.be/stations/NMBS/008881430,IC,2016-09-09T17:35:00,2016-09-09T17:35:00,163,163
http://irail.be/vehicle/IC938,NO-URI,IC,2016-09-09T17:36:00,2016-09-09T17:36:00,164,164
http://irail.be/vehicle/IC938,http://irail.be/stations/NMBS/008881406,IC,2016-09-09T17:37:00,2016-09-09T17:37:00,104,104
http://irail.be/vehicle/IC938,http://irail.be/stations/NMBS/008881315,IC,2016-09-09T17:39:00,2016-09-09T17:39:00,104,104
http://irail.be/vehicle/IC938,http://irail.be/stations/NMBS/008881000,IC,2016-09-09T17:45:00,2016-09-09T17:42:00,62,151
http://irail.be/vehicle/IC938,http://irail.be/stations/NMBS/008884566,IC,2016-09-09T17:50:00,2016-09-09T17:50:00,-14,-14
http://irail.be/vehicle/IC938,http://irail.be/stations/NMBS/008884541,IC,2016-09-09T17:51:00,2016-09-09T17:51:00,-26,-26
http://irail.be/vehicle/IC938,http://irail.be/stations/NMBS/008884004,IC,2016-09-09T17:54:00,2016-09-09T17:53:00,54,-32
http://irail.be/vehicle/IC938,http://irail.be/stations/NMBS/008884632,IC,2016-09-09T17:59:00,2016-09-09T17:59:00,54,54
http://irail.be/vehicle/IC938,http://irail.be/stations/NMBS/008884640,IC,2016-09-09T18:00:00,2016-09-09T18:00:00,54,54
http://irail.be/vehicle/IC938,http://irail.be/stations/NMBS/008884715,IC,2016-09-09T18:01:00,2016-09-09T18:01:00,39,39
http://irail.be/vehicle/IC938,http://irail.be/stations/NMBS/008884855,IC,2016-09-09T18:04:00,2016-09-09T18:04:00,39,39
http://irail.be/vehicle/IC938,http://irail.be/stations/NMBS/008884889,IC,2016-09-09T18:06:00,2016-09-09T18:06:00,39,39
http://irail.be/vehicle/IC938,http://irail.be/stations/NMBS/008885530,IC,2016-09-09T18:08:00,2016-09-09T18:08:00,-21,-21
http://irail.be/vehicle/IC938,http://irail.be/stations/NMBS/008885522,IC,2016-09-09T18:09:00,2016-09-09T18:09:00,167,167
http://irail.be/vehicle/IC938,http://irail.be/stations/NMBS/008885001,IC,2016-09-09T18:19:00,2016-09-09T18:15:00,96,134
http://irail.be/vehicle/IC938,http://irail.be/stations/NMBS/008885068,IC,2016-09-09T18:23:00,2016-09-09T18:23:00,79,53
http://irail.be/vehicle/IC938,http://irail.be/stations/NMBS/008885753,IC,2016-09-09T18:33:00,2016-09-09T18:33:00,0,-101
http://irail.be/vehicle/IC938,http://irail.be/stations/NMBS/008885704,IC,2016-09-09T18:37:00,2016-09-09T18:37:00,,70
http://irail.be/vehicle/IC938,http://irail.be/stations/NMBS/008863008,IC,2016-08-19T16:38:00,2016-08-19T16:38:00,22,
http://irail.be/vehicle/IC938,http://irail.be/stations/NMBS/008861119,IC,2016-08-19T16:41:00,2016-08-19T16:41:00,67,67
http://irail.be/vehicle/IC938,http://irail.be/stations/NMBS/008861127,IC,2016-08-19T16:43:00,2016-08-19T16:43:00,26,26
http://irail.be/vehicle/IC938,http://irail.be/stations/NMBS/008861135,IC,2016-08-19T16:46:00,2016-08-19T16:46:00,3,3
http://irail.be/vehicle/IC938,http://irail.be/stations/NMBS/008861143,IC,2016-08-19T16:49:00,2016-08-19T16:49:00,-71,-71
http://irail.be/vehicle/IC938,http://irail.be/stations/NMBS/008861150,IC,2016-08-19T16:51:00,2016-08-19T16:51:00,-71,-71
http://irail.be/vehicle/IC938,NO-URI,IC,2016-08-19T16:51:00,2016-08-19T16:51:00,237,117
http://irail.be/vehicle/IC938,http://irail.be/stations/NMBS/008861168,IC,2016-08-19T16:52:00,2016-08-19T16:52:00,237,237
http://irail.be/vehicle/IC938,http://irail.be/stations/NMBS/008874724,IC,2016-08-19T16:52:00,2016-08-19T16:52:00,366,366
http://irail.be/vehicle/IC938,NO-URI,IC,2016-08-19T16:54:00,2016-08-19T16:54:00,420,420
http://irail.be/vehicle/IC938,http://irail.be/stations/NMBS/008874716,IC,2016-08-19T16:55:00,2016-08-19T16:55:00,506,506
http://irail.be/vehicle/IC938,http://irail.be/stations/NMBS/008874609,IC,2016-08-19T16:58:00,2016-08-19T16:57:00,534,537
http://irail.be/vehicle/IC938,http://irail.be/stations/NMBS/008874583,IC,2016-08-19T16:59:00,2016-08-19T16:59:00,474,474
http://irail.be/vehicle/IC938,http://irail.be/stations/NMBS/008874567,IC,2016-08-19T17:01:00,2016-08-19T17:01:00,534,534
http://irail.be/vehicle/IC938,http://irail.be/stations/NMBS/008874559,IC,2016-08-19T17:02:00,2016-08-19T17:02:00,516,516
http://irail.be/vehicle/IC938,NO-URI,IC,2016-08-19T17:03:00,2016-08-19T17:03:00,516,516
http://irail.be/vehicle/IC938,http://irail.be/stations/NMBS/008874005,IC,2016-08-19T17:03:00,2016-08-19T17:03:00,529,529
http://irail.be/vehicle/IC938,http://irail.be/stations/NMBS/008874054,IC,2016-08-19T17:06:00,2016-08-19T17:06:00,489,489
http://irail.be/vehicle/IC938,http://irail.be/stations/NMBS/008872009,IC,2016-08-19T17:11:00,2016-08-19T17:08:00,400,504
http://irail.be/vehicle/IC938,http://irail.be/stations/NMBS/008871100,IC,2016-08-19T17:15:00,2016-08-19T17:15:00,388,388
http://irail.be/vehicle/IC938,http://irail.be/stations/NMBS/008871514,IC,2016-08-19T17:18:00,2016-08-19T17:18:00,325,325
http://irail.be/vehicle/IC938,http://irail.be/stations/NMBS/008871415,IC,2016-08-19T17:20:00,2016-08-19T17:20:00,383,383
http://irail.be/vehicle/IC938,http://irail.be/stations/NMBS/008882248,IC,2016-08-19T17:21:00,2016-08-19T17:21:00,323,323
http://irail.be/vehicle/IC938,http://irail.be/stations/NMBS/008882230,IC,2016-08-19T17:22:00,2016-08-19T17:22:00,323,323
http://irail.be/vehicle/IC938,http://irail.be/stations/NMBS/008882206,IC,2016-08-19T17:28:00,2016-08-19T17:27:00,352,325
http://irail.be/vehicle/IC938,http://irail.be/stations/NMBS/008881463,IC,2016-08-19T17:32:00,2016-08-19T17:32:00,365,365
http://irail.be/vehicle/IC938,http://irail.be/stations/NMBS/008881455,IC,2016-08-19T17:33:00,2016-08-19T17:33:00,365,365
http://irail.be/vehicle/IC938,http://irail.be/stations/NMBS/008881430,IC,2016-08-19T17:34:00,2016-08-19T17:34:00,305,305
http://irail.be/vehicle/IC938,NO-URI,IC,2016-08-19T17:36:00,2016-08-19T17:36:00,348,348
http://irail.be/vehicle/IC938,http://irail.be/stations/NMBS/008881406,IC,2016-08-19T17:37:00,2016-08-19T17:37:00,288,288
http://irail.be/vehicle/IC938,http://irail.be/stations/NMBS/008881315,IC,2016-08-19T17:40:00,2016-08-19T17:40:00,348,348
http://irail.be/vehicle/IC938,http://irail.be/stations/NMBS/008881000,IC,2016-08-19T17:45:00,2016-08-19T17:42:00,277,372
http://irail.be/vehicle/IC938,http://irail.be/stations/NMBS/008884566,IC,2016-08-19T17:50:00,2016-08-19T17:50:00,232,232
http://irail.be/vehicle/IC938,http://irail.be/stations/NMBS/008884541,IC,2016-08-19T17:51:00,2016-08-19T17:51:00,220,220
http://irail.be/vehicle/IC938,http://irail.be/stations/NMBS/008884004,IC,2016-08-19T17:54:00,2016-08-19T17:53:00,231,216
http://irail.be/vehicle/IC938,http://irail.be/stations/NMBS/008884632,IC,2016-08-19T17:58:00,2016-08-19T17:58:00,171,171
http://irail.be/vehicle/IC938,http://irail.be/stations/NMBS/008884640,IC,2016-08-19T17:59:00,2016-08-19T17:59:00,171,171
http://irail.be/vehicle/IC938,http://irail.be/stations/NMBS/008884715,IC,2016-08-19T18:01:00,2016-08-19T18:01:00,199,199
http://irail.be/vehicle/IC938,http://irail.be/stations/NMBS/008884855,IC,2016-08-19T18:03:00,2016-08-19T18:03:00,139,139
http://irail.be/vehicle/IC938,http://irail.be/stations/NMBS/008884889,IC,2016-08-19T18:06:00,2016-08-19T18:06:00,199,199
http://irail.be/vehicle/IC938,http://irail.be/stations/NMBS/008885530,IC,2016-08-19T18:08:00,2016-08-19T18:08:00,139,139
http://irail.be/vehicle/IC938,http://irail.be/stations/NMBS/008885522,IC,2016-08-19T18:09:00,2016-08-19T18:09:00,176,176
http://irail.be/vehicle/IC938,http://irail.be/stations/NMBS/008885001,IC,2016-08-19T18:19:00,2016-08-19T18:15:00,401,141
http://irail.be/vehicle/IC938,http://irail.be/stations/NMBS/008885068,IC,2016-08-19T18:23:00,2016-08-19T18:23:00,387,355
http://irail.be/vehicle/IC938,http://irail.be/stations/NMBS/008885753,IC,2016-08-19T18:33:00,2016-08-19T18:33:00,207,207
http://irail.be/vehicle/IC938,http://irail.be/stations/NMBS/008885704,IC,2016-08-19T18:37:00,2016-08-19T18:37:00,,298
http://irail.be/vehicle/IC938,http://irail.be/stations/NMBS/008863008,IC,2016-01-14T16:38:00,2016-01-14T16:38:00,52,0
http://irail.be/vehicle/IC938,http://irail.be/stations/NMBS/008861119,IC,2016-01-14T16:41:00,2016-01-14T16:41:00,69,69
http://irail.be/vehicle/IC938,http://irail.be/stations/NMBS/008861127,IC,2016-01-14T16:43:00,2016-01-14T16:43:00,21,8
http://irail.be/vehicle/IC938,http://irail.be/stations/NMBS/008861135,IC,2016-01-14T16:46:00,2016-01-14T16:46:00,-16,21
http://irail.be/vehicle/IC938,http://irail.be/stations/NMBS/008861143,IC,2016-01-14T16:49:00,2016-01-14T16:49:00,-107,-107
http://irail.be/vehicle/IC938,http://irail.be/stations/NMBS/008861150,IC,2016-01-14T16:51:00,2016-01-14T16:51:00,-107,-107
http://irail.be/vehicle/IC938,NO-URI,IC,2016-01-14T16:51:00,2016-01-14T16:51:00,-88,-88
http://irail.be/vehicle/IC938,http://irail.be/stations/NMBS/008861168,IC,2016-01-14T16:52:00,2016-01-14T16:52:00,-88,-88
http://irail.be/vehicle/IC938,http://irail.be/stations/NMBS/008874724,IC,2016-01-14T16:52:00,2016-01-14T16:52:00,-84,-88
http://irail.be/vehicle/IC938,NO-URI,IC,2016-01-14T16:54:00,2016-01-14T16:54:00,-179,-181
http://irail.be/vehicle/IC938,http://irail.be/stations/NMBS/008874716,IC,2016-01-14T16:55:00,2016-01-14T16:55:00,-111,-111
http://irail.be/vehicle/IC938,http://irail.be/stations/NMBS/008874609,IC,2016-01-14T16:58:00,2016-01-14T16:57:00,41,34
http://irail.be/vehicle/IC938,http://irail.be/stations/NMBS/008874583,IC,2016-01-14T17:00:00,2016-01-14T17:00:00,41,41
http://irail.be/vehicle/IC938,http://irail.be/stations/NMBS/008874567,IC,2016-01-14T17:01:00,2016-01-14T17:01:00,41,41
http://irail.be/vehicle/IC938,http://irail.be/stations/NMBS/008874559,IC,2016-01-14T17:02:00,2016-01-14T17:02:00,39,39
http://irail.be/vehicle/IC938,http://irail.be/stations/NMBS/008874005,IC,2016-01-14T17:03:00,2016-01-14T17:03:00,73,58
http://irail.be/vehicle/IC938,http://irail.be/stations/NMBS/008874054,IC,2016-01-14T17:06:00,2016-01-14T17:06:00,40,30
http://irail.be/vehicle/IC938,http://irail.be/stations/NMBS/008872009,IC,2016-01-14T17:11:00,2016-01-14T17:08:00,47,108
http://irail.be/vehicle/IC938,http://irail.be/stations/NMBS/008871100,IC,2016-01-14T17:15:00,2016-01-14T17:15:00,159,106
http://irail.be/vehicle/IC938,http://irail.be/stations/NMBS/008871514,IC,2016-01-14T17:19:00,2016-01-14T17:19:00,153,153
http://irail.be/vehicle/IC938,http://irail.be/stations/NMBS/008871415,IC,2016-01-14T17:20:00,2016-01-14T17:20:00,148,146
http://irail.be/vehicle/IC938,http://irail.be/stations/NMBS/008882248,IC,2016-01-14T17:22:00,2016-01-14T17:22:00,148,148
http://irail.be/vehicle/IC938,http://irail.be/stations/NMBS/008882230,IC,2016-01-14T17:23:00,2016-01-14T17:23:00,148,148
http://irail.be/vehicle/IC938,http://irail.be/stations/NMBS/008882206,IC,2016-01-14T17:28:00,2016-01-14T17:27:00,198,194
http://irail.be/vehicle/IC938,http://irail.be/stations/NMBS/008881463,IC,2016-01-14T17:32:00,2016-01-14T17:32:00,215,215
http://irail.be/vehicle/IC938,http://irail.be/stations/NMBS/008881455,IC,2016-01-14T17:33:00,2016-01-14T17:33:00,215,215
http://irail.be/vehicle/IC938,http://irail.be/stations/NMBS/008881430,IC,2016-01-14T17:35:00,2016-01-14T17:35:00,215,215
http://irail.be/vehicle/IC938,NO-URI,IC,2016-01-14T17:36:00,2016-01-14T17:36:00,199,197
http://irail.be/vehicle/IC938,http://irail.be/stations/NMBS/008881406,IC,2016-01-14T17:37:00,2016-01-14T17:37:00,139,139
http://irail.be/vehicle/IC938,http://irail.be/stations/NMBS/008881315,IC,2016-01-14T17:39:00,2016-01-14T17:39:00,139,139
http://irail.be/vehicle/IC938,http://irail.be/stations/NMBS/008881000,IC,2016-01-14T17:45:00,2016-01-14T17:42:00,140,212
http://irail.be/vehicle/IC938,http://irail.be/stations/NMBS/008884566,IC,2016-01-14T17:50:00,2016-01-14T17:50:00,102,80
http://irail.be/vehicle/IC938,http://irail.be/stations/NMBS/008884541,IC,2016-01-14T17:51:00,2016-01-14T17:51:00,92,92
http://irail.be/vehicle/IC938,http://irail.be/stations/NMBS/008884004,IC,2016-01-14T17:54:00,2016-01-14T17:53:00,140,141
http://irail.be/vehicle/IC938,http://irail.be/stations/NMBS/008884632,IC,2016-01-14T17:59:00,2016-01-14T17:59:00,140,140
http://irail.be/vehicle/IC938,http://irail.be/stations/NMBS/008884640,IC,2016-01-14T18:00:00,2016-01-14T18:00:00,140,140
http://irail.be/vehicle/IC938,http://irail.be/stations/NMBS/008884715,IC,2016-01-14T18:01:00,2016-01-14T18:01:00,127,112
http://irail.be/vehicle/IC938,http://irail.be/stations/NMBS/008884855,IC,2016-01-14T18:04:00,2016-01-14T18:04:00,127,127
http://irail.be/vehicle/IC938,http://irail.be/stations/NMBS/008884889,IC,2016-01-14T18:06:00,2016-01-14T18:06:00,127,127
http://irail.be/vehicle/IC938,http://irail.be/stations/NMBS/008885530,IC,2016-01-14T18:08:00,2016-01-14T18:08:00,67,67
http://irail.be/vehicle/IC938,http://irail.be/stations/NMBS/008885522,IC,2016-01-14T18:09:00,2016-01-14T18:09:00,162,141
http://irail.be/vehicle/IC938,http://irail.be/stations/NMBS/008885001,IC,2016-01-14T18:19:00,2016-01-14T18:15:00,247,227
http://irail.be/vehicle/IC938,http://irail.be/stations/NMBS/008885068,IC,2016-01-14T18:23:00,2016-01-14T18:23:00,301,264
http://irail.be/vehicle/IC938,http://irail.be/stations/NMBS/008885753,IC,2016-01-14T18:33:00,2016-01-14T18:33:00,121,121
http://irail.be/vehicle/IC938,http://irail.be/stations/NMBS/008885704,IC,2016-01-14T18:37:00,2016-01-14T18:37:00,0,326
http://irail.be/vehicle/IC938,http://irail.be/stations/NMBS/008863008,IC,2016-04-08T16:38:00,2016-04-08T16:38:00,9,0
http://irail.be/vehicle/IC938,http://irail.be/stations/NMBS/008861119,IC,2016-04-08T16:41:00,2016-04-08T16:41:00,33,33
http://irail.be/vehicle/IC938,http://irail.be/stations/NMBS/008861127,IC,2016-04-08T16:43:00,2016-04-08T16:43:00,-17,-33
http://irail.be/vehicle/IC938,http://irail.be/stations/NMBS/008861135,IC,2016-04-08T16:46:00,2016-04-08T16:46:00,-55,-17
http://irail.be/vehicle/IC938,http://irail.be/stations/NMBS/008861143,IC,2016-04-08T16:49:00,2016-04-08T16:49:00,-144,-144
http://irail.be/vehicle/IC938,http://irail.be/stations/NMBS/008861150,IC,2016-04-08T16:51:00,2016-04-08T16:51:00,-144,-144
http://irail.be/vehicle/IC938,NO-URI,IC,2016-04-08T16:51:00,2016-04-08T16:51:00,-114,-118
http://irail.be/vehicle/IC938,http://irail.be/stations/NMBS/008861168,IC,2016-04-08T16:52:00,2016-04-08T16:52:00,-114,-114
http://irail.be/vehicle/IC938,http://irail.be/stations/NMBS/008874724,IC,2016-04-08T16:52:00,2016-04-08T16:52:00,-109,-114
http://irail.be/vehicle/IC938,NO-URI,IC,2016-04-08T16:54:00,2016-04-08T16:54:00,-202,-206
http://irail.be/vehicle/IC938,http://irail.be/stations/NMBS/008874716,IC,2016-04-08T16:55:00,2016-04-08T16:55:00,-143,-143
http://irail.be/vehicle/IC938,http://irail.be/stations/NMBS/008874609,IC,2016-04-08T16:58:00,2016-04-08T16:57:00,54,-11
http://irail.be/vehicle/IC938,http://irail.be/stations/NMBS/008874583,IC,2016-04-08T17:00:00,2016-04-08T17:00:00,54,54
http://irail.be/vehicle/IC938,http://irail.be/stations/NMBS/008874567,IC,2016-04-08T17:01:00,2016-04-08T17:01:00,54,54
http://irail.be/vehicle/IC938,http://irail.be/stations/NMBS/008874559,IC,2016-04-08T17:02:00,2016-04-08T17:02:00,56,56
http://irail.be/vehicle/IC938,http://irail.be/stations/NMBS/008874005,IC,2016-04-08T17:03:00,2016-04-08T17:03:00,72,64
http://irail.be/vehicle/IC938,http://irail.be/stations/NMBS/008874054,IC,2016-04-08T17:06:00,2016-04-08T17:06:00,31,26
http://irail.be/vehicle/IC938,http://irail.be/stations/NMBS/008872009,IC,2016-04-08T17:11:00,2016-04-08T17:08:00,67,82
http://irail.be/vehicle/IC938,http://irail.be/stations/NMBS/008871100,IC,2016-04-08T17:15:00,2016-04-08T17:15:00,54,20
http://irail.be/vehicle/IC938,http://irail.be/stations/NMBS/008871514,IC,2016-04-08T17:19:00,2016-04-08T17:19:00,53,53
http://irail.be/vehicle/IC938,http://irail.be/stations/NMBS/008871415,IC,2016-04-08T17:20:00,2016-04-08T17:20:00,42,44
http://irail.be/vehicle/IC938,http://irail.be/stations/NMBS/008882248,IC,2016-04-08T17:22:00,2016-04-08T17:22:00,42,42
http://irail.be/vehicle/IC938,http://irail.be/stations/NMBS/008882230,IC,2016-04-08T17:23:00,2016-04-08T17:23:00,42,42
http://irail.be/vehicle/IC938,http://irail.be/stations/NMBS/008882206,IC,2016-04-08T17:28:00,2016-04-08T17:27:00,25,-8
http://irail.be/vehicle/IC938,http://irail.be/stations/NMBS/008881463,IC,2016-04-08T17:32:00,2016-04-08T17:32:00,24,24
http://irail.be/vehicle/IC938,http://irail.be/stations/NMBS/008881455,IC,2016-04-08T17:33:00,2016-04-08T17:33:00,24,24
http://irail.be/vehicle/IC938,http://irail.be/stations/NMBS/008881430,IC,2016-04-08T17:35:00,2016-04-08T17:35:00,24,24
http://irail.be/vehicle/IC938,NO-URI,IC,2016-04-08T17:36:00,2016-04-08T17:36:00,106,103
http://irail.be/vehicle/IC938,http://irail.be/stations/NMBS/008881406,IC,2016-04-08T17:37:00,2016-04-08T17:37:00,46,46
http://irail.be/vehicle/IC938,http://irail.be/stations/NMBS/008881315,IC,2016-04-08T17:39:00,2016-04-08T17:39:00,46,46
http://irail.be/vehicle/IC938,http://irail.be/stations/NMBS/008881000,IC,2016-04-08T17:45:00,2016-04-08T17:42:00,78,158
http://irail.be/vehicle/IC938,http://irail.be/stations/NMBS/008884566,IC,2016-04-08T17:50:00,2016-04-08T17:50:00,25,18
http://irail.be/vehicle/IC938,http://irail.be/stations/NMBS/008884541,IC,2016-04-08T17:51:00,2016-04-08T17:51:00,17,17
http://irail.be/vehicle/IC938,http://irail.be/stations/NMBS/008884004,IC,2016-04-08T17:54:00,2016-04-08T17:53:00,34,30
http://irail.be/vehicle/IC938,http://irail.be/stations/NMBS/008884632,IC,2016-04-08T17:59:00,2016-04-08T17:59:00,34,34
http://irail.be/vehicle/IC938,http://irail.be/stations/NMBS/008884640,IC,2016-04-08T18:00:00,2016-04-08T18:00:00,34,34
http://irail.be/vehicle/IC938,http://irail.be/stations/NMBS/008884715,IC,2016-04-08T18:01:00,2016-04-08T18:01:00,43,35
http://irail.be/vehicle/IC938,http://irail.be/stations/NMBS/008884855,IC,2016-04-08T18:04:00,2016-04-08T18:04:00,43,43
http://irail.be/vehicle/IC938,http://irail.be/stations/NMBS/008884889,IC,2016-04-08T18:06:00,2016-04-08T18:06:00,43,43
http://irail.be/vehicle/IC938,http://irail.be/stations/NMBS/008885530,IC,2016-04-08T18:08:00,2016-04-08T18:08:00,-17,-17
http://irail.be/vehicle/IC938,http://irail.be/stations/NMBS/008885522,IC,2016-04-08T18:09:00,2016-04-08T18:09:00,70,48
http://irail.be/vehicle/IC938,http://irail.be/stations/NMBS/008885001,IC,2016-04-08T18:19:00,2016-04-08T18:15:00,278,125
http://irail.be/vehicle/IC938,http://irail.be/stations/NMBS/008885068,IC,2016-04-08T18:23:00,2016-04-08T18:23:00,291,272
http://irail.be/vehicle/IC938,http://irail.be/stations/NMBS/008885753,IC,2016-04-08T18:33:00,2016-04-08T18:33:00,111,111
http://irail.be/vehicle/IC938,http://irail.be/stations/NMBS/008885704,IC,2016-04-08T18:37:00,2016-04-08T18:37:00,0,275
http://irail.be/vehicle/IC938,http://irail.be/stations/NMBS/008863008,IC,2016-12-05T16:38:00,2016-12-05T16:38:00,121,
http://irail.be/vehicle/IC938,http://irail.be/stations/NMBS/008861119,IC,2016-12-05T16:41:00,2016-12-05T16:41:00,129,129
http://irail.be/vehicle/IC938,http://irail.be/stations/NMBS/008861127,IC,2016-12-05T16:43:00,2016-12-05T16:43:00,69,69
http://irail.be/vehicle/IC938,http://irail.be/stations/NMBS/008861135,IC,2016-12-05T16:46:00,2016-12-05T16:46:00,69,69
http://irail.be/vehicle/IC938,http://irail.be/stations/NMBS/008861143,IC,2016-12-05T16:49:00,2016-12-05T16:49:00,-9,-9
http://irail.be/vehicle/IC938,http://irail.be/stations/NMBS/008861150,IC,2016-12-05T16:51:00,2016-12-05T16:51:00,7,7
http://irail.be/vehicle/IC938,NO-URI,IC,2016-12-05T16:51:00,2016-12-05T16:51:00,7,7
http://irail.be/vehicle/IC938,http://irail.be/stations/NMBS/008861168,IC,2016-12-05T16:52:00,2016-12-05T16:52:00,21,21
http://irail.be/vehicle/IC938,http://irail.be/stations/NMBS/008874724,IC,2016-12-05T16:52:00,2016-12-05T16:52:00,39,39
http://irail.be/vehicle/IC938,NO-URI,IC,2016-12-05T16:54:00,2016-12-05T16:54:00,39,39
http://irail.be/vehicle/IC938,http://irail.be/stations/NMBS/008874716,IC,2016-12-05T16:55:00,2016-12-05T16:55:00,43,43
http://irail.be/vehicle/IC938,http://irail.be/stations/NMBS/008874609,IC,2016-12-05T16:58:00,2016-12-05T16:57:00,223,202
http://irail.be/vehicle/IC938,http://irail.be/stations/NMBS/008874583,IC,2016-12-05T17:00:00,2016-12-05T17:00:00,223,223
http://irail.be/vehicle/IC938,http://irail.be/stations/NMBS/008874567,IC,2016-12-05T17:01:00,2016-12-05T17:01:00,211,211
http://irail.be/vehicle/IC938,http://irail.be/stations/NMBS/008874559,IC,2016-12-05T17:02:00,2016-12-05T17:02:00,211,211
http://irail.be/vehicle/IC938,NO-URI,IC,2016-12-05T17:03:00,2016-12-05T17:03:00,200,200
http://irail.be/vehicle/IC938,http://irail.be/stations/NMBS/008874005,IC,2016-12-05T17:03:00,2016-12-05T17:03:00,209,209
http://irail.be/vehicle/IC938,http://irail.be/stations/NMBS/008874054,IC,2016-12-05T17:06:00,2016-12-05T17:06:00,162,162
http://irail.be/vehicle/IC938,http://irail.be/stations/NMBS/008872009,IC,2016-12-05T17:11:00,2016-12-05T17:08:00,141,139
http://irail.be/vehicle/IC938,http://irail.be/stations/NMBS/008871100,IC,2016-12-05T17:15:00,2016-12-05T17:15:00,154,154
http://irail.be/vehicle/IC938,http://irail.be/stations/NMBS/008871514,IC,2016-12-05T17:19:00,2016-12-05T17:19:00,160,160
http://irail.be/vehicle/IC938,http://irail.be/stations/NMBS/008871415,IC,2016-12-05T17:20:00,2016-12-05T17:20:00,160,160
http://irail.be/vehicle/IC938,http://irail.be/stations/NMBS/008882248,IC,2016-12-05T17:22:00,2016-12-05T17:22:00,148,148
http://irail.be/vehicle/IC938,http://irail.be/stations/NMBS/008882230,IC,2016-12-05T17:23:00,2016-12-05T17:23:00,200,200
http://irail.be/vehicle/IC938,http://irail.be/stations/NMBS/008882206,IC,2016-12-05T17:28:00,2016-12-05T17:27:00,115,166
http://irail.be/vehicle/IC938,http://irail.be/stations/NMBS/008881463,IC,2016-12-05T17:32:00,2016-12-05T17:32:00,105,105
http://irail.be/vehicle/IC938,http://irail.be/stations/NMBS/008881455,IC,2016-12-05T17:33:00,2016-12-05T17:33:00,88,88
http://irail.be/vehicle/IC938,http://irail.be/stations/NMBS/008881430,IC,2016-12-05T17:35:00,2016-12-05T17:35:00,88,88
http://irail.be/vehicle/IC938,NO-URI,IC,2016-12-05T17:36:00,2016-12-05T17:36:00,88,88
http://irail.be/vehicle/IC938,http://irail.be/stations/NMBS/008881406,IC,2016-12-05T17:37:00,2016-12-05T17:37:00,72,72
http://irail.be/vehicle/IC938,http://irail.be/stations/NMBS/008881315,IC,2016-12-05T17:39:00,2016-12-05T17:39:00,95,95
http://irail.be/vehicle/IC938,http://irail.be/stations/NMBS/008881000,IC,2016-12-05T17:45:00,2016-12-05T17:42:00,20,95
http://irail.be/vehicle/IC938,http://irail.be/stations/NMBS/008884566,IC,2016-12-05T17:50:00,2016-12-05T17:50:00,20,20
http://irail.be/vehicle/IC938,http://irail.be/stations/NMBS/008884541,IC,2016-12-05T17:51:00,2016-12-05T17:51:00,35,35
http://irail.be/vehicle/IC938,http://irail.be/stations/NMBS/008884004,IC,2016-12-05T17:54:00,2016-12-05T17:53:00,161,173
http://irail.be/vehicle/IC938,http://irail.be/stations/NMBS/008884632,IC,2016-12-05T17:59:00,2016-12-05T17:59:00,161,161
http://irail.be/vehicle/IC938,http://irail.be/stations/NMBS/008884640,IC,2016-12-05T18:00:00,2016-12-05T18:00:00,207,207
http://irail.be/vehicle/IC938,http://irail.be/stations/NMBS/008884715,IC,2016-12-05T18:01:00,2016-12-05T18:01:00,207,207
http://irail.be/vehicle/IC938,http://irail.be/stations/NMBS/008884855,IC,2016-12-05T18:04:00,2016-12-05T18:04:00,208,208
http://irail.be/vehicle/IC938,http://irail.be/stations/NMBS/008884889,IC,2016-12-05T18:06:00,2016-12-05T18:06:00,190,190
http://irail.be/vehicle/IC938,http://irail.be/stations/NMBS/008885530,IC,2016-12-05T18:08:00,2016-12-05T18:08:00,190,190
http://irail.be/vehicle/IC938,http://irail.be/stations/NMBS/008885522,IC,2016-12-05T18:09:00,2016-12-05T18:09:00,189,189
http://irail.be/vehicle/IC938,http://irail.be/stations/NMBS/008885001,IC,2016-12-05T18:19:00,2016-12-05T18:15:00,24,117
http://irail.be/vehicle/IC938,http://irail.be/stations/NMBS/008885068,IC,2016-12-05T18:23:00,2016-12-05T18:23:00,96,67
http://irail.be/vehicle/IC938,http://irail.be/stations/NMBS/008885753,IC,2016-12-05T18:33:00,2016-12-05T18:33:00,43,43
http://irail.be/vehicle/IC938,http://irail.be/stations/NMBS/008885704,IC,2016-12-05T18:37:00,2016-12-05T18:37:00,,43
http://irail.be/vehicle/IC938,http://irail.be/stations/NMBS/008863008,IC,2016-08-24T16:38:00,2016-08-24T16:38:00,14,
http://irail.be/vehicle/IC938,http://irail.be/stations/NMBS/008861119,IC,2016-08-24T16:41:00,2016-08-24T16:41:00,43,43
http://irail.be/vehicle/IC938,http://irail.be/stations/NMBS/008861127,IC,2016-08-24T16:43:00,2016-08-24T16:43:00,12,12
http://irail.be/vehicle/IC938,http://irail.be/stations/NMBS/008861135,IC,2016-08-24T16:46:00,2016-08-24T16:46:00,8,8
http://irail.be/vehicle/IC938,http://irail.be/stations/NMBS/008861143,IC,2016-08-24T16:49:00,2016-08-24T16:49:00,-67,-67
http://irail.be/vehicle/IC938,http://irail.be/stations/NMBS/008861150,IC,2016-08-24T16:51:00,2016-08-24T16:51:00,-67,-67
http://irail.be/vehicle/IC938,NO-URI,IC,2016-08-24T16:51:00,2016-08-24T16:51:00,14,14
http://irail.be/vehicle/IC938,http://irail.be/stations/NMBS/008861168,IC,2016-08-24T16:52:00,2016-08-24T16:52:00,14,14
http://irail.be/vehicle/IC938,http://irail.be/stations/NMBS/008874724,IC,2016-08-24T16:52:00,2016-08-24T16:52:00,42,42
http://irail.be/vehicle/IC938,NO-URI,IC,2016-08-24T16:54:00,2016-08-24T16:54:00,-45,-45
http://irail.be/vehicle/IC938,http://irail.be/stations/NMBS/008874716,IC,2016-08-24T16:55:00,2016-08-24T16:55:00,-17,-17
http://irail.be/vehicle/IC938,http://irail.be/stations/NMBS/008874609,IC,2016-08-24T16:58:00,2016-08-24T16:57:00,30,17
http://irail.be/vehicle/IC938,http://irail.be/stations/NMBS/008874583,IC,2016-08-24T16:59:00,2016-08-24T16:59:00,-30,-30
http://irail.be/vehicle/IC938,http://irail.be/stations/NMBS/008874567,IC,2016-08-24T17:01:00,2016-08-24T17:01:00,30,30
http://irail.be/vehicle/IC938,http://irail.be/stations/NMBS/008874559,IC,2016-08-24T17:02:00,2016-08-24T17:02:00,5,5
http://irail.be/vehicle/IC938,NO-URI,IC,2016-08-24T17:03:00,2016-08-24T17:03:00,5,5
http://irail.be/vehicle/IC938,http://irail.be/stations/NMBS/008874005,IC,2016-08-24T17:03:00,2016-08-24T17:03:00,18,18
http://irail.be/vehicle/IC938,http://irail.be/stations/NMBS/008874054,IC,2016-08-24T17:06:00,2016-08-24T17:06:00,-28,-28
http://irail.be/vehicle/IC938,http://irail.be/stations/NMBS/008872009,IC,2016-08-24T17:11:00,2016-08-24T17:08:00,35,44
http://irail.be/vehicle/IC938,http://irail.be/stations/NMBS/008871100,IC,2016-08-24T17:15:00,2016-08-24T17:15:00,144,29
http://irail.be/vehicle/IC938,http://irail.be/stations/NMBS/008871514,IC,2016-08-24T17:18:00,2016-08-24T17:18:00,107,107
http://irail.be/vehicle/IC938,http://irail.be/stations/NMBS/008871415,IC,2016-08-24T17:20:00,2016-08-24T17:20:00,386,330
http://irail.be/vehicle/IC938,http://irail.be/stations/NMBS/008882248,IC,2016-08-24T17:21:00,2016-08-24T17:21:00,326,326
http://irail.be/vehicle/IC938,http://irail.be/stations/NMBS/008882230,IC,2016-08-24T17:22:00,2016-08-24T17:22:00,326,326
http://irail.be/vehicle/IC938,http://irail.be/stations/NMBS/008882206,IC,2016-08-24T17:28:00,2016-08-24T17:27:00,664,650
http://irail.be/vehicle/IC938,http://irail.be/stations/NMBS/008881463,IC,2016-08-24T17:32:00,2016-08-24T17:32:00,655,655
http://irail.be/vehicle/IC938,http://irail.be/stations/NMBS/008881455,IC,2016-08-24T17:33:00,2016-08-24T17:33:00,655,655
http://irail.be/vehicle/IC938,http://irail.be/stations/NMBS/008881430,IC,2016-08-24T17:34:00,2016-08-24T17:34:00,595,595
http://irail.be/vehicle/IC938,NO-URI,IC,2016-08-24T17:36:00,2016-08-24T17:36:00,644,644
http://irail.be/vehicle/IC938,http://irail.be/stations/NMBS/008881406,IC,2016-08-24T17:37:00,2016-08-24T17:37:00,584,584
http://irail.be/vehicle/IC938,http://irail.be/stations/NMBS/008881315,IC,2016-08-24T17:40:00,2016-08-24T17:40:00,644,644
http://irail.be/vehicle/IC938,http://irail.be/stations/NMBS/008881000,IC,2016-08-24T17:45:00,2016-08-24T17:42:00,613,661
http://irail.be/vehicle/IC938,http://irail.be/stations/NMBS/008884566,IC,2016-08-24T17:50:00,2016-08-24T17:50:00,562,562
http://irail.be/vehicle/IC938,http://irail.be/stations/NMBS/008884541,IC,2016-08-24T17:51:00,2016-08-24T17:51:00,550,550
http://irail.be/vehicle/IC938,http://irail.be/stations/NMBS/008884004,IC,2016-08-24T17:54:00,2016-08-24T17:53:00,577,584
http://irail.be/vehicle/IC938,http://irail.be/stations/NMBS/008884632,IC,2016-08-24T17:58:00,2016-08-24T17:58:00,517,517
http://irail.be/vehicle/IC938,http://irail.be/stations/NMBS/008884640,IC,2016-08-24T17:59:00,2016-08-24T17:59:00,517,517
http://irail.be/vehicle/IC938,http://irail.be/stations/NMBS/008884715,IC,2016-08-24T18:01:00,2016-08-24T18:01:00,540,540
http://irail.be/vehicle/IC938,http://irail.be/stations/NMBS/008884855,IC,2016-08-24T18:03:00,2016-08-24T18:03:00,480,480
http://irail.be/vehicle/IC938,http://irail.be/stations/NMBS/008884889,IC,2016-08-24T18:06:00,2016-08-24T18:06:00,540,540
http://irail.be/vehicle/IC938,http://irail.be/stations/NMBS/008885530,IC,2016-08-24T18:08:00,2016-08-24T18:08:00,480,480
http://irail.be/vehicle/IC938,http://irail.be/stations/NMBS/008885522,IC,2016-08-24T18:09:00,2016-08-24T18:09:00,524,524
http://irail.be/vehicle/IC938,http://irail.be/stations/NMBS/008885001,IC,2016-08-24T18:19:00,2016-08-24T18:15:00,837,493
http://irail.be/vehicle/IC938,http://irail.be/stations/NMBS/008885068,IC,2016-08-24T18:23:00,2016-08-24T18:23:00,977,892
http://irail.be/vehicle/IC938,http://irail.be/stations/NMBS/008885753,IC,2016-08-24T18:33:00,2016-08-24T18:33:00,797,797
http://irail.be/vehicle/IC938,http://irail.be/stations/NMBS/008885704,IC,2016-08-24T18:37:00,2016-08-24T18:37:00,,876
http://irail.be/vehicle/IC938,http://irail.be/stations/NMBS/008863008,IC,2016-09-19T16:38:00,2016-09-19T16:38:00,17,
http://irail.be/vehicle/IC938,http://irail.be/stations/NMBS/008861119,IC,2016-09-19T16:41:00,2016-09-19T16:41:00,42,42
http://irail.be/vehicle/IC938,http://irail.be/stations/NMBS/008861127,IC,2016-09-19T16:43:00,2016-09-19T16:43:00,-5,-5
http://irail.be/vehicle/IC938,http://irail.be/stations/NMBS/008861135,IC,2016-09-19T16:46:00,2016-09-19T16:46:00,-35,-35
http://irail.be/vehicle/IC938,http://irail.be/stations/NMBS/008861143,IC,2016-09-19T16:49:00,2016-09-19T16:49:00,-124,-124
http://irail.be/vehicle/IC938,http://irail.be/stations/NMBS/008861150,IC,2016-09-19T16:51:00,2016-09-19T16:51:00,-124,-124
http://irail.be/vehicle/IC938,NO-URI,IC,2016-09-19T16:51:00,2016-09-19T16:51:00,-91,-91
http://irail.be/vehicle/IC938,http://irail.be/stations/NMBS/008861168,IC,2016-09-19T16:52:00,2016-09-19T16:52:00,-91,-91
http://irail.be/vehicle/IC938,http://irail.be/stations/NMBS/008874724,IC,2016-09-19T16:52:00,2016-09-19T16:52:00,-88,-88
http://irail.be/vehicle/IC938,NO-URI,IC,2016-09-19T16:54:00,2016-09-19T16:54:00,-182,-182
http://irail.be/vehicle/IC938,http://irail.be/stations/NMBS/008874716,IC,2016-09-19T16:55:00,2016-09-19T16:55:00,-103,-103
http://irail.be/vehicle/IC938,http://irail.be/stations/NMBS/008874609,IC,2016-09-19T16:58:00,2016-09-19T16:57:00,121,61
http://irail.be/vehicle/IC938,http://irail.be/stations/NMBS/008874583,IC,2016-09-19T17:00:00,2016-09-19T17:00:00,121,121
http://irail.be/vehicle/IC938,http://irail.be/stations/NMBS/008874567,IC,2016-09-19T17:01:00,2016-09-19T17:01:00,121,121
http://irail.be/vehicle/IC938,http://irail.be/stations/NMBS/008874559,IC,2016-09-19T17:02:00,2016-09-19T17:02:00,99,99
http://irail.be/vehicle/IC938,NO-URI,IC,2016-09-19T17:03:00,2016-09-19T17:03:00,99,99
http://irail.be/vehicle/IC938,http://irail.be/stations/NMBS/008874005,IC,2016-09-19T17:03:00,2016-09-19T17:03:00,113,113
http://irail.be/vehicle/IC938,http://irail.be/stations/NMBS/008874054,IC,2016-09-19T17:06:00,2016-09-19T17:06:00,72,72
http://irail.be/vehicle/IC938,http://irail.be/stations/NMBS/008872009,IC,2016-09-19T17:11:00,2016-09-19T17:08:00,54,113
http://irail.be/vehicle/IC938,http://irail.be/stations/NMBS/008871100,IC,2016-09-19T17:15:00,2016-09-19T17:15:00,164,164
http://irail.be/vehicle/IC938,http://irail.be/stations/NMBS/008871514,IC,2016-09-19T17:19:00,2016-09-19T17:19:00,167,167
http://irail.be/vehicle/IC938,http://irail.be/stations/NMBS/008871415,IC,2016-09-19T17:20:00,2016-09-19T17:20:00,156,156
http://irail.be/vehicle/IC938,http://irail.be/stations/NMBS/008882248,IC,2016-09-19T17:22:00,2016-09-19T17:22:00,156,156
http://irail.be/vehicle/IC938,http://irail.be/stations/NMBS/008882230,IC,2016-09-19T17:23:00,2016-09-19T17:23:00,156,156
http://irail.be/vehicle/IC938,http://irail.be/stations/NMBS/008882206,IC,2016-09-19T17:28:00,2016-09-19T17:27:00,114,102
http://irail.be/vehicle/IC938,http://irail.be/stations/NMBS/008881463,IC,2016-09-19T17:32:00,2016-09-19T17:32:00,93,93
http://irail.be/vehicle/IC938,http://irail.be/stations/NMBS/008881455,IC,2016-09-19T17:33:00,2016-09-19T17:33:00,93,93
http://irail.be/vehicle/IC938,http://irail.be/stations/NMBS/008881430,IC,2016-09-19T17:35:00,2016-09-19T17:35:00,93,93
http://irail.be/vehicle/IC938,NO-URI,IC,2016-09-19T17:36:00,2016-09-19T17:36:00,87,87
http://irail.be/vehicle/IC938,http://irail.be/stations/NMBS/008881406,IC,2016-09-19T17:37:00,2016-09-19T17:37:00,27,27
http://irail.be/vehicle/IC938,http://irail.be/stations/NMBS/008881315,IC,2016-09-19T17:39:00,2016-09-19T17:39:00,27,27
http://irail.be/vehicle/IC938,http://irail.be/stations/NMBS/008881000,IC,2016-09-19T17:45:00,2016-09-19T17:42:00,95,128
http://irail.be/vehicle/IC938,http://irail.be/stations/NMBS/008884566,IC,2016-09-19T17:50:00,2016-09-19T17:50:00,38,38
http://irail.be/vehicle/IC938,http://irail.be/stations/NMBS/008884541,IC,2016-09-19T17:51:00,2016-09-19T17:51:00,26,26
http://irail.be/vehicle/IC938,http://irail.be/stations/NMBS/008884004,IC,2016-09-19T17:54:00,2016-09-19T17:53:00,117,33
http://irail.be/vehicle/IC938,http://irail.be/stations/NMBS/008884632,IC,2016-09-19T17:59:00,2016-09-19T17:59:00,117,117
http://irail.be/vehicle/IC938,http://irail.be/stations/NMBS/008884640,IC,2016-09-19T18:00:00,2016-09-19T18:00:00,117,117
http://irail.be/vehicle/IC938,http://irail.be/stations/NMBS/008884715,IC,2016-09-19T18:01:00,2016-09-19T18:01:00,253,253
http://irail.be/vehicle/IC938,http://irail.be/stations/NMBS/008884855,IC,2016-09-19T18:04:00,2016-09-19T18:04:00,253,253
http://irail.be/vehicle/IC938,http://irail.be/stations/NMBS/008884889,IC,2016-09-19T18:06:00,2016-09-19T18:06:00,253,253
http://irail.be/vehicle/IC938,http://irail.be/stations/NMBS/008885530,IC,2016-09-19T18:08:00,2016-09-19T18:08:00,193,193
http://irail.be/vehicle/IC938,http://irail.be/stations/NMBS/008885522,IC,2016-09-19T18:09:00,2016-09-19T18:09:00,296,296
http://irail.be/vehicle/IC938,http://irail.be/stations/NMBS/008885001,IC,2016-09-19T18:19:00,2016-09-19T18:15:00,115,275
http://irail.be/vehicle/IC938,http://irail.be/stations/NMBS/008885068,IC,2016-09-19T18:23:00,2016-09-19T18:23:00,150,96
http://irail.be/vehicle/IC938,http://irail.be/stations/NMBS/008885753,IC,2016-09-19T18:33:00,2016-09-19T18:33:00,0,-30
http://irail.be/vehicle/IC938,http://irail.be/stations/NMBS/008885704,IC,2016-09-19T18:37:00,2016-09-19T18:37:00,,216
http://irail.be/vehicle/IC938,http://irail.be/stations/NMBS/008863008,IC,2016-06-09T16:38:00,2016-06-09T16:38:00,112,0
http://irail.be/vehicle/IC938,http://irail.be/stations/NMBS/008861119,IC,2016-06-09T16:41:00,2016-06-09T16:41:00,177,177
http://irail.be/vehicle/IC938,NO-URI,IC,2016-06-09T16:41:00,2016-06-09T16:41:00,177,177
http://irail.be/vehicle/IC938,http://irail.be/stations/NMBS/008861127,IC,2016-06-09T16:43:00,2016-06-09T16:43:00,213,185
http://irail.be/vehicle/IC938,http://irail.be/stations/NMBS/008861135,IC,2016-06-09T16:46:00,2016-06-09T16:46:00,203,213
http://irail.be/vehicle/IC938,http://irail.be/stations/NMBS/008861143,IC,2016-06-09T16:49:00,2016-06-09T16:49:00,115,115
http://irail.be/vehicle/IC938,http://irail.be/stations/NMBS/008861150,IC,2016-06-09T16:51:00,2016-06-09T16:51:00,115,115
http://irail.be/vehicle/IC938,NO-URI,IC,2016-06-09T16:51:00,2016-06-09T16:51:00,142,140
http://irail.be/vehicle/IC938,http://irail.be/stations/NMBS/008861168,IC,2016-06-09T16:52:00,2016-06-09T16:52:00,142,142
http://irail.be/vehicle/IC938,http://irail.be/stations/NMBS/008874724,IC,2016-06-09T16:52:00,2016-06-09T16:52:00,146,142
http://irail.be/vehicle/IC938,NO-URI,IC,2016-06-09T16:54:00,2016-06-09T16:54:00,50,49
http://irail.be/vehicle/IC938,http://irail.be/stations/NMBS/008874716,IC,2016-06-09T16:55:00,2016-06-09T16:55:00,61,61
http://irail.be/vehicle/IC938,http://irail.be/stations/NMBS/008874609,IC,2016-06-09T16:58:00,2016-06-09T16:57:00,87,76
http://irail.be/vehicle/IC938,http://irail.be/stations/NMBS/008874583,IC,2016-06-09T16:59:00,2016-06-09T16:59:00,27,27
http://irail.be/vehicle/IC938,http://irail.be/stations/NMBS/008874567,IC,2016-06-09T17:01:00,2016-06-09T17:01:00,87,87
http://irail.be/vehicle/IC938,http://irail.be/stations/NMBS/008874559,IC,2016-06-09T17:02:00,2016-06-09T17:02:00,63,63
http://irail.be/vehicle/IC938,http://irail.be/stations/NMBS/008874005,IC,2016-06-09T17:03:00,2016-06-09T17:03:00,75,70
http://irail.be/vehicle/IC938,http://irail.be/stations/NMBS/008874054,IC,2016-06-09T17:06:00,2016-06-09T17:06:00,65,31
http://irail.be/vehicle/IC938,http://irail.be/stations/NMBS/008872009,IC,2016-06-09T17:11:00,2016-06-09T17:08:00,56,119
http://irail.be/vehicle/IC938,http://irail.be/stations/NMBS/008871100,IC,2016-06-09T17:15:00,2016-06-09T17:15:00,34,2
http://irail.be/vehicle/IC938,http://irail.be/stations/NMBS/008871514,IC,2016-06-09T17:18:00,2016-06-09T17:18:00,-28,-28
http://irail.be/vehicle/IC938,http://irail.be/stations/NMBS/008871415,IC,2016-06-09T17:20:00,2016-06-09T17:20:00,21,16
http://irail.be/vehicle/IC938,http://irail.be/stations/NMBS/008882248,IC,2016-06-09T17:21:00,2016-06-09T17:21:00,-39,-39
http://irail.be/vehicle/IC938,http://irail.be/stations/NMBS/008882230,IC,2016-06-09T17:22:00,2016-06-09T17:22:00,-39,-39
http://irail.be/vehicle/IC938,http://irail.be/stations/NMBS/008882206,IC,2016-06-09T17:28:00,2016-06-09T17:27:00,18,-5
http://irail.be/vehicle/IC938,http://irail.be/stations/NMBS/008881463,IC,2016-06-09T17:32:00,2016-06-09T17:32:00,22,22
http://irail.be/vehicle/IC938,http://irail.be/stations/NMBS/008881455,IC,2016-06-09T17:33:00,2016-06-09T17:33:00,22,22
http://irail.be/vehicle/IC938,http://irail.be/stations/NMBS/008881430,IC,2016-06-09T17:34:00,2016-06-09T17:34:00,-38,-38
http://irail.be/vehicle/IC938,NO-URI,IC,2016-06-09T17:36:00,2016-06-09T17:36:00,16,14
http://irail.be/vehicle/IC938,http://irail.be/stations/NMBS/008881406,IC,2016-06-09T17:37:00,2016-06-09T17:37:00,-44,-44
http://irail.be/vehicle/IC938,http://irail.be/stations/NMBS/008881315,IC,2016-06-09T17:40:00,2016-06-09T17:40:00,16,16
http://irail.be/vehicle/IC938,http://irail.be/stations/NMBS/008881000,IC,2016-06-09T17:45:00,2016-06-09T17:42:00,34,50
http://irail.be/vehicle/IC938,http://irail.be/stations/NMBS/008884566,IC,2016-06-09T17:50:00,2016-06-09T17:50:00,-22,-26
http://irail.be/vehicle/IC938,http://irail.be/stations/NMBS/008884541,IC,2016-06-09T17:51:00,2016-06-09T17:51:00,-29,-29
http://irail.be/vehicle/IC938,http://irail.be/stations/NMBS/008884004,IC,2016-06-09T17:54:00,2016-06-09T17:53:00,149,98
http://irail.be/vehicle/IC938,http://irail.be/stations/NMBS/008884632,IC,2016-06-09T17:58:00,2016-06-09T17:58:00,89,89
http://irail.be/vehicle/IC938,http://irail.be/stations/NMBS/008884640,IC,2016-06-09T17:59:00,2016-06-09T17:59:00,89,89
http://irail.be/vehicle/IC938,http://irail.be/stations/NMBS/008884715,IC,2016-06-09T18:01:00,2016-06-09T18:01:00,156,151
http://irail.be/vehicle/IC938,http://irail.be/stations/NMBS/008884855,IC,2016-06-09T18:03:00,2016-06-09T18:03:00,96,96
http://irail.be/vehicle/IC938,http://irail.be/stations/NMBS/008884889,IC,2016-06-09T18:06:00,2016-06-09T18:06:00,156,156
http://irail.be/vehicle/IC938,http://irail.be/stations/NMBS/008885530,IC,2016-06-09T18:08:00,2016-06-09T18:08:00,96,96
http://irail.be/vehicle/IC938,http://irail.be/stations/NMBS/008885522,IC,2016-06-09T18:09:00,2016-06-09T18:09:00,96,96
http://irail.be/vehicle/IC938,http://irail.be/stations/NMBS/008885001,IC,2016-06-09T18:19:00,2016-06-09T18:15:00,249,207
http://irail.be/vehicle/IC938,http://irail.be/stations/NMBS/008885068,IC,2016-06-09T18:23:00,2016-06-09T18:23:00,299,258
http://irail.be/vehicle/IC938,http://irail.be/stations/NMBS/008885753,IC,2016-06-09T18:33:00,2016-06-09T18:33:00,119,119
http://irail.be/vehicle/IC938,http://irail.be/stations/NMBS/008885704,IC,2016-06-09T18:37:00,2016-06-09T18:37:00,0,359
http://irail.be/vehicle/IC938,http://irail.be/stations/NMBS/008863008,IC,2016-04-18T16:38:00,2016-04-18T16:38:00,25,0
http://irail.be/vehicle/IC938,http://irail.be/stations/NMBS/008861119,IC,2016-04-18T16:41:00,2016-04-18T16:41:00,79,79
http://irail.be/vehicle/IC938,http://irail.be/stations/NMBS/008861127,IC,2016-04-18T16:43:00,2016-04-18T16:43:00,29,14
http://irail.be/vehicle/IC938,http://irail.be/stations/NMBS/008861135,IC,2016-04-18T16:46:00,2016-04-18T16:46:00,-10,29
http://irail.be/vehicle/IC938,http://irail.be/stations/NMBS/008861143,IC,2016-04-18T16:49:00,2016-04-18T16:49:00,-99,-99
http://irail.be/vehicle/IC938,http://irail.be/stations/NMBS/008861150,IC,2016-04-18T16:51:00,2016-04-18T16:51:00,-99,-99
http://irail.be/vehicle/IC938,NO-URI,IC,2016-04-18T16:51:00,2016-04-18T16:51:00,-71,-73
http://irail.be/vehicle/IC938,http://irail.be/stations/NMBS/008861168,IC,2016-04-18T16:52:00,2016-04-18T16:52:00,-71,-71
http://irail.be/vehicle/IC938,http://irail.be/stations/NMBS/008874724,IC,2016-04-18T16:52:00,2016-04-18T16:52:00,-65,-71
http://irail.be/vehicle/IC938,NO-URI,IC,2016-04-18T16:54:00,2016-04-18T16:54:00,-160,-162
http://irail.be/vehicle/IC938,http://irail.be/stations/NMBS/008874716,IC,2016-04-18T16:55:00,2016-04-18T16:55:00,-83,-83
http://irail.be/vehicle/IC938,http://irail.be/stations/NMBS/008874609,IC,2016-04-18T16:58:00,2016-04-18T16:57:00,125,88
http://irail.be/vehicle/IC938,http://irail.be/stations/NMBS/008874583,IC,2016-04-18T17:00:00,2016-04-18T17:00:00,0,0
http://irail.be/vehicle/IC938,http://irail.be/stations/NMBS/008874567,IC,2016-04-18T17:01:00,2016-04-18T17:01:00,0,0
http://irail.be/vehicle/IC938,http://irail.be/stations/NMBS/008874559,IC,2016-04-18T17:02:00,2016-04-18T17:02:00,99,99
http://irail.be/vehicle/IC938,http://irail.be/stations/NMBS/008874005,IC,2016-04-18T17:03:00,2016-04-18T17:03:00,111,106
http://irail.be/vehicle/IC938,http://irail.be/stations/NMBS/008874054,IC,2016-04-18T17:06:00,2016-04-18T17:06:00,62,58
http://irail.be/vehicle/IC938,http://irail.be/stations/NMBS/008872009,IC,2016-04-18T17:11:00,2016-04-18T17:08:00,128,139
http://irail.be/vehicle/IC938,http://irail.be/stations/NMBS/008871100,IC,2016-04-18T17:15:00,2016-04-18T17:15:00,112,78
http://irail.be/vehicle/IC938,http://irail.be/stations/NMBS/008871514,IC,2016-04-18T17:19:00,2016-04-18T17:19:00,110,110
http://irail.be/vehicle/IC938,http://irail.be/stations/NMBS/008871415,IC,2016-04-18T17:20:00,2016-04-18T17:20:00,100,101
http://irail.be/vehicle/IC938,http://irail.be/stations/NMBS/008882248,IC,2016-04-18T17:22:00,2016-04-18T17:22:00,100,100
http://irail.be/vehicle/IC938,http://irail.be/stations/NMBS/008882230,IC,2016-04-18T17:23:00,2016-04-18T17:23:00,0,0
http://irail.be/vehicle/IC938,http://irail.be/stations/NMBS/008882206,IC,2016-04-18T17:28:00,2016-04-18T17:27:00,88,49
http://irail.be/vehicle/IC938,http://irail.be/stations/NMBS/008881463,IC,2016-04-18T17:32:00,2016-04-18T17:32:00,78,78
http://irail.be/vehicle/IC938,http://irail.be/stations/NMBS/008881455,IC,2016-04-18T17:33:00,2016-04-18T17:33:00,78,78
http://irail.be/vehicle/IC938,http://irail.be/stations/NMBS/008881430,IC,2016-04-18T17:35:00,2016-04-18T17:35:00,0,0
http://irail.be/vehicle/IC938,NO-URI,IC,2016-04-18T17:36:00,2016-04-18T17:36:00,161,156
http://irail.be/vehicle/IC938,http://irail.be/stations/NMBS/008881406,IC,2016-04-18T17:37:00,2016-04-18T17:37:00,101,101
http://irail.be/vehicle/IC938,http://irail.be/stations/NMBS/008881315,IC,2016-04-18T17:39:00,2016-04-18T17:39:00,0,0
http://irail.be/vehicle/IC938,http://irail.be/stations/NMBS/008881000,IC,2016-04-18T17:45:00,2016-04-18T17:42:00,175,230
http://irail.be/vehicle/IC938,http://irail.be/stations/NMBS/008884566,IC,2016-04-18T17:50:00,2016-04-18T17:50:00,116,115
http://irail.be/vehicle/IC938,http://irail.be/stations/NMBS/008884541,IC,2016-04-18T17:51:00,2016-04-18T17:51:00,104,104
http://irail.be/vehicle/IC938,http://irail.be/stations/NMBS/008884004,IC,2016-04-18T17:54:00,2016-04-18T17:53:00,109,105
http://irail.be/vehicle/IC938,http://irail.be/stations/NMBS/008884632,IC,2016-04-18T17:59:00,2016-04-18T17:59:00,0,0
http://irail.be/vehicle/IC938,http://irail.be/stations/NMBS/008884640,IC,2016-04-18T18:00:00,2016-04-18T18:00:00,0,0
http://irail.be/vehicle/IC938,http://irail.be/stations/NMBS/008884715,IC,2016-04-18T18:01:00,2016-04-18T18:01:00,80,75
http://irail.be/vehicle/IC938,http://irail.be/stations/NMBS/008884855,IC,2016-04-18T18:04:00,2016-04-18T18:04:00,80,80
http://irail.be/vehicle/IC938,http://irail.be/stations/NMBS/008884889,IC,2016-04-18T18:06:00,2016-04-18T18:06:00,0,0
http://irail.be/vehicle/IC938,http://irail.be/stations/NMBS/008885530,IC,2016-04-18T18:08:00,2016-04-18T18:08:00,0,0
http://irail.be/vehicle/IC938,http://irail.be/stations/NMBS/008885522,IC,2016-04-18T18:09:00,2016-04-18T18:09:00,165,62
http://irail.be/vehicle/IC938,http://irail.be/stations/NMBS/008885001,IC,2016-04-18T18:19:00,2016-04-18T18:15:00,647,584
http://irail.be/vehicle/IC938,http://irail.be/stations/NMBS/008885068,IC,2016-04-18T18:23:00,2016-04-18T18:23:00,738,699
http://irail.be/vehicle/IC938,http://irail.be/stations/NMBS/008885753,IC,2016-04-18T18:33:00,2016-04-18T18:33:00,0,0
http://irail.be/vehicle/IC938,http://irail.be/stations/NMBS/008885704,IC,2016-04-18T18:37:00,2016-04-18T18:37:00,0,798
http://irail.be/vehicle/IC938,http://irail.be/stations/NMBS/008863008,IC,2016-06-16T16:38:00,2016-06-16T16:38:00,48,
http://irail.be/vehicle/IC938,http://irail.be/stations/NMBS/008861119,IC,2016-06-16T16:41:00,2016-06-16T16:41:00,91,91
http://irail.be/vehicle/IC938,NO-URI,IC,2016-06-16T16:41:00,2016-06-16T16:41:00,91,91
http://irail.be/vehicle/IC938,http://irail.be/stations/NMBS/008861127,IC,2016-06-16T16:43:00,2016-06-16T16:43:00,107,107
http://irail.be/vehicle/IC938,http://irail.be/stations/NMBS/008861135,IC,2016-06-16T16:46:00,2016-06-16T16:46:00,94,94
http://irail.be/vehicle/IC938,http://irail.be/stations/NMBS/008861143,IC,2016-06-16T16:49:00,2016-06-16T16:49:00,7,7
http://irail.be/vehicle/IC938,http://irail.be/stations/NMBS/008861150,IC,2016-06-16T16:51:00,2016-06-16T16:51:00,7,7
http://irail.be/vehicle/IC938,NO-URI,IC,2016-06-16T16:51:00,2016-06-16T16:51:00,240,240
http://irail.be/vehicle/IC938,http://irail.be/stations/NMBS/008861168,IC,2016-06-16T16:52:00,2016-06-16T16:52:00,240,240
http://irail.be/vehicle/IC938,http://irail.be/stations/NMBS/008874724,IC,2016-06-16T16:52:00,2016-06-16T16:52:00,375,375
http://irail.be/vehicle/IC938,NO-URI,IC,2016-06-16T16:54:00,2016-06-16T16:54:00,304,304
http://irail.be/vehicle/IC938,http://irail.be/stations/NMBS/008874716,IC,2016-06-16T16:55:00,2016-06-16T16:55:00,335,335
http://irail.be/vehicle/IC938,http://irail.be/stations/NMBS/008874609,IC,2016-06-16T16:58:00,2016-06-16T16:57:00,517,512
http://irail.be/vehicle/IC938,http://irail.be/stations/NMBS/008874583,IC,2016-06-16T16:59:00,2016-06-16T16:59:00,457,457
http://irail.be/vehicle/IC938,http://irail.be/stations/NMBS/008874567,IC,2016-06-16T17:01:00,2016-06-16T17:01:00,517,517
http://irail.be/vehicle/IC938,http://irail.be/stations/NMBS/008874559,IC,2016-06-16T17:02:00,2016-06-16T17:02:00,508,508
http://irail.be/vehicle/IC938,NO-URI,IC,2016-06-16T17:03:00,2016-06-16T17:03:00,508,508
http://irail.be/vehicle/IC938,http://irail.be/stations/NMBS/008874005,IC,2016-06-16T17:03:00,2016-06-16T17:03:00,627,627
http://irail.be/vehicle/IC938,http://irail.be/stations/NMBS/008874054,IC,2016-06-16T17:06:00,2016-06-16T17:06:00,638,638
http://irail.be/vehicle/IC938,http://irail.be/stations/NMBS/008872009,IC,2016-06-16T17:11:00,2016-06-16T17:08:00,586,687
http://irail.be/vehicle/IC938,http://irail.be/stations/NMBS/008871100,IC,2016-06-16T17:15:00,2016-06-16T17:15:00,583,583
http://irail.be/vehicle/IC938,http://irail.be/stations/NMBS/008871514,IC,2016-06-16T17:18:00,2016-06-16T17:18:00,519,519
http://irail.be/vehicle/IC938,http://irail.be/stations/NMBS/008871415,IC,2016-06-16T17:20:00,2016-06-16T17:20:00,556,556
http://irail.be/vehicle/IC938,http://irail.be/stations/NMBS/008882248,IC,2016-06-16T17:21:00,2016-06-16T17:21:00,496,496
http://irail.be/vehicle/IC938,http://irail.be/stations/NMBS/008882230,IC,2016-06-16T17:22:00,2016-06-16T17:22:00,496,496
http://irail.be/vehicle/IC938,http://irail.be/stations/NMBS/008882206,IC,2016-06-16T17:28:00,2016-06-16T17:27:00,634,616
http://irail.be/vehicle/IC938,http://irail.be/stations/NMBS/008881463,IC,2016-06-16T17:32:00,2016-06-16T17:32:00,623,623
http://irail.be/vehicle/IC938,http://irail.be/stations/NMBS/008881455,IC,2016-06-16T17:33:00,2016-06-16T17:33:00,623,623
http://irail.be/vehicle/IC938,http://irail.be/stations/NMBS/008881430,IC,2016-06-16T17:34:00,2016-06-16T17:34:00,563,563
http://irail.be/vehicle/IC938,NO-URI,IC,2016-06-16T17:36:00,2016-06-16T17:36:00,609,609
http://irail.be/vehicle/IC938,http://irail.be/stations/NMBS/008881406,IC,2016-06-16T17:37:00,2016-06-16T17:37:00,549,549
http://irail.be/vehicle/IC938,http://irail.be/stations/NMBS/008881315,IC,2016-06-16T17:40:00,2016-06-16T17:40:00,609,609
http://irail.be/vehicle/IC938,http://irail.be/stations/NMBS/008881000,IC,2016-06-16T17:45:00,2016-06-16T17:42:00,547,635
http://irail.be/vehicle/IC938,http://irail.be/stations/NMBS/008884566,IC,2016-06-16T17:50:00,2016-06-16T17:50:00,494,494
http://irail.be/vehicle/IC938,http://irail.be/stations/NMBS/008884541,IC,2016-06-16T17:51:00,2016-06-16T17:51:00,486,486
http://irail.be/vehicle/IC938,http://irail.be/stations/NMBS/008884004,IC,2016-06-16T17:54:00,2016-06-16T17:53:00,527,505
http://irail.be/vehicle/IC938,http://irail.be/stations/NMBS/008884632,IC,2016-06-16T17:58:00,2016-06-16T17:58:00,467,467
http://irail.be/vehicle/IC938,http://irail.be/stations/NMBS/008884640,IC,2016-06-16T17:59:00,2016-06-16T17:59:00,467,467
http://irail.be/vehicle/IC938,http://irail.be/stations/NMBS/008884715,IC,2016-06-16T18:01:00,2016-06-16T18:01:00,538,538
http://irail.be/vehicle/IC938,http://irail.be/stations/NMBS/008884855,IC,2016-06-16T18:03:00,2016-06-16T18:03:00,478,478
http://irail.be/vehicle/IC938,http://irail.be/stations/NMBS/008884889,IC,2016-06-16T18:06:00,2016-06-16T18:06:00,538,538
http://irail.be/vehicle/IC938,http://irail.be/stations/NMBS/008885530,IC,2016-06-16T18:08:00,2016-06-16T18:08:00,478,478
http://irail.be/vehicle/IC938,http://irail.be/stations/NMBS/008885522,IC,2016-06-16T18:09:00,2016-06-16T18:09:00,642,642
http://irail.be/vehicle/IC938,http://irail.be/stations/NMBS/008885001,IC,2016-06-16T18:19:00,2016-06-16T18:15:00,612,619
http://irail.be/vehicle/IC938,http://irail.be/stations/NMBS/008885068,IC,2016-06-16T18:23:00,2016-06-16T18:23:00,631,599
http://irail.be/vehicle/IC938,http://irail.be/stations/NMBS/008885753,IC,2016-06-16T18:33:00,2016-06-16T18:33:00,451,451
http://irail.be/vehicle/IC938,http://irail.be/stations/NMBS/008885704,IC,2016-06-16T18:37:00,2016-06-16T18:37:00,,664
http://irail.be/vehicle/IC938,http://irail.be/stations/NMBS/008863008,IC,2016-12-22T16:38:00,2016-12-22T16:38:00,63,
http://irail.be/vehicle/IC938,http://irail.be/stations/NMBS/008861119,IC,2016-12-22T16:41:00,2016-12-22T16:41:00,63,63
http://irail.be/vehicle/IC938,http://irail.be/stations/NMBS/008861127,IC,2016-12-22T16:43:00,2016-12-22T16:43:00,-1,-1
http://irail.be/vehicle/IC938,http://irail.be/stations/NMBS/008861135,IC,2016-12-22T16:46:00,2016-12-22T16:46:00,-1,-1
http://irail.be/vehicle/IC938,http://irail.be/stations/NMBS/008861143,IC,2016-12-22T16:49:00,2016-12-22T16:49:00,-101,-101
http://irail.be/vehicle/IC938,http://irail.be/stations/NMBS/008861150,IC,2016-12-22T16:51:00,2016-12-22T16:51:00,-85,-85
http://irail.be/vehicle/IC938,NO-URI,IC,2016-12-22T16:51:00,2016-12-22T16:51:00,-85,-85
http://irail.be/vehicle/IC938,http://irail.be/stations/NMBS/008861168,IC,2016-12-22T16:52:00,2016-12-22T16:52:00,-18,-18
http://irail.be/vehicle/IC938,http://irail.be/stations/NMBS/008874724,IC,2016-12-22T16:52:00,2016-12-22T16:52:00,87,87
http://irail.be/vehicle/IC938,NO-URI,IC,2016-12-22T16:54:00,2016-12-22T16:54:00,87,87
http://irail.be/vehicle/IC938,http://irail.be/stations/NMBS/008874716,IC,2016-12-22T16:55:00,2016-12-22T16:55:00,61,61
http://irail.be/vehicle/IC938,http://irail.be/stations/NMBS/008874609,IC,2016-12-22T16:58:00,2016-12-22T16:57:00,85,61
http://irail.be/vehicle/IC938,http://irail.be/stations/NMBS/008874583,IC,2016-12-22T17:00:00,2016-12-22T17:00:00,85,85
http://irail.be/vehicle/IC938,http://irail.be/stations/NMBS/008874567,IC,2016-12-22T17:01:00,2016-12-22T17:01:00,66,66
http://irail.be/vehicle/IC938,http://irail.be/stations/NMBS/008874559,IC,2016-12-22T17:02:00,2016-12-22T17:02:00,66,66
http://irail.be/vehicle/IC938,http://irail.be/stations/NMBS/008874005,IC,2016-12-22T17:03:00,2016-12-22T17:03:00,60,60
http://irail.be/vehicle/IC938,http://irail.be/stations/NMBS/008874054,IC,2016-12-22T17:06:00,2016-12-22T17:06:00,8,8
http://irail.be/vehicle/IC938,http://irail.be/stations/NMBS/008872009,IC,2016-12-22T17:11:00,2016-12-22T17:08:00,133,-3
http://irail.be/vehicle/IC938,http://irail.be/stations/NMBS/008871100,IC,2016-12-22T17:15:00,2016-12-22T17:15:00,109,109
http://irail.be/vehicle/IC938,http://irail.be/stations/NMBS/008871514,IC,2016-12-22T17:19:00,2016-12-22T17:19:00,68,68
http://irail.be/vehicle/IC938,http://irail.be/stations/NMBS/008871415,IC,2016-12-22T17:20:00,2016-12-22T17:20:00,90,90
http://irail.be/vehicle/IC938,http://irail.be/stations/NMBS/008882248,IC,2016-12-22T17:22:00,2016-12-22T17:22:00,78,78
http://irail.be/vehicle/IC938,http://irail.be/stations/NMBS/008882230,IC,2016-12-22T17:23:00,2016-12-22T17:23:00,140,140
http://irail.be/vehicle/IC938,http://irail.be/stations/NMBS/008882206,IC,2016-12-22T17:28:00,2016-12-22T17:27:00,116,121
http://irail.be/vehicle/IC938,http://irail.be/stations/NMBS/008881463,IC,2016-12-22T17:32:00,2016-12-22T17:32:00,101,101
http://irail.be/vehicle/IC938,http://irail.be/stations/NMBS/008881455,IC,2016-12-22T17:33:00,2016-12-22T17:33:00,87,87
http://irail.be/vehicle/IC938,http://irail.be/stations/NMBS/008881430,IC,2016-12-22T17:35:00,2016-12-22T17:35:00,87,87
http://irail.be/vehicle/IC938,NO-URI,IC,2016-12-22T17:36:00,2016-12-22T17:36:00,87,87
http://irail.be/vehicle/IC938,http://irail.be/stations/NMBS/008881406,IC,2016-12-22T17:37:00,2016-12-22T17:37:00,69,69
http://irail.be/vehicle/IC938,http://irail.be/stations/NMBS/008881315,IC,2016-12-22T17:39:00,2016-12-22T17:39:00,72,72
http://irail.be/vehicle/IC938,http://irail.be/stations/NMBS/008881000,IC,2016-12-22T17:45:00,2016-12-22T17:42:00,47,72
http://irail.be/vehicle/IC938,http://irail.be/stations/NMBS/008884566,IC,2016-12-22T17:50:00,2016-12-22T17:50:00,47,47
http://irail.be/vehicle/IC938,http://irail.be/stations/NMBS/008884541,IC,2016-12-22T17:51:00,2016-12-22T17:51:00,-29,-29
http://irail.be/vehicle/IC938,http://irail.be/stations/NMBS/008884004,IC,2016-12-22T17:54:00,2016-12-22T17:53:00,-30,24
http://irail.be/vehicle/IC938,http://irail.be/stations/NMBS/008884632,IC,2016-12-22T17:59:00,2016-12-22T17:59:00,-30,-30
http://irail.be/vehicle/IC938,http://irail.be/stations/NMBS/008884640,IC,2016-12-22T18:00:00,2016-12-22T18:00:00,6,6
http://irail.be/vehicle/IC938,http://irail.be/stations/NMBS/008884715,IC,2016-12-22T18:01:00,2016-12-22T18:01:00,6,6
http://irail.be/vehicle/IC938,http://irail.be/stations/NMBS/008884855,IC,2016-12-22T18:04:00,2016-12-22T18:04:00,6,6
http://irail.be/vehicle/IC938,http://irail.be/stations/NMBS/008884889,IC,2016-12-22T18:06:00,2016-12-22T18:06:00,-39,-39
http://irail.be/vehicle/IC938,http://irail.be/stations/NMBS/008885530,IC,2016-12-22T18:08:00,2016-12-22T18:08:00,-39,-39
http://irail.be/vehicle/IC938,http://irail.be/stations/NMBS/008885522,IC,2016-12-22T18:09:00,2016-12-22T18:09:00,156,156
http://irail.be/vehicle/IC938,http://irail.be/stations/NMBS/008885001,IC,2016-12-22T18:19:00,2016-12-22T18:15:00,89,192
http://irail.be/vehicle/IC938,http://irail.be/stations/NMBS/008885068,IC,2016-12-22T18:23:00,2016-12-22T18:23:00,89,62
http://irail.be/vehicle/IC938,http://irail.be/stations/NMBS/008885753,IC,2016-12-22T18:33:00,2016-12-22T18:33:00,34,34
http://irail.be/vehicle/IC938,http://irail.be/stations/NMBS/008885704,IC,2016-12-22T18:37:00,2016-12-22T18:37:00,,34
http://irail.be/vehicle/IC938,http://irail.be/stations/NMBS/008863008,IC,2016-11-08T16:38:00,2016-11-08T16:38:00,90,
http://irail.be/vehicle/IC938,http://irail.be/stations/NMBS/008861119,IC,2016-11-08T16:41:00,2016-11-08T16:41:00,142,142
http://irail.be/vehicle/IC938,http://irail.be/stations/NMBS/008861127,IC,2016-11-08T16:43:00,2016-11-08T16:43:00,95,95
http://irail.be/vehicle/IC938,http://irail.be/stations/NMBS/008861135,IC,2016-11-08T16:46:00,2016-11-08T16:46:00,52,52
http://irail.be/vehicle/IC938,http://irail.be/stations/NMBS/008861143,IC,2016-11-08T16:49:00,2016-11-08T16:49:00,-35,-35
http://irail.be/vehicle/IC938,http://irail.be/stations/NMBS/008861150,IC,2016-11-08T16:51:00,2016-11-08T16:51:00,-35,-35
http://irail.be/vehicle/IC938,NO-URI,IC,2016-11-08T16:51:00,2016-11-08T16:51:00,-4,-4
http://irail.be/vehicle/IC938,http://irail.be/stations/NMBS/008861168,IC,2016-11-08T16:52:00,2016-11-08T16:52:00,-4,-4
http://irail.be/vehicle/IC938,http://irail.be/stations/NMBS/008874724,IC,2016-11-08T16:52:00,2016-11-08T16:52:00,5,5
http://irail.be/vehicle/IC938,NO-URI,IC,2016-11-08T16:54:00,2016-11-08T16:54:00,-90,-90
http://irail.be/vehicle/IC938,http://irail.be/stations/NMBS/008874716,IC,2016-11-08T16:55:00,2016-11-08T16:55:00,-74,-74
http://irail.be/vehicle/IC938,http://irail.be/stations/NMBS/008874609,IC,2016-11-08T16:58:00,2016-11-08T16:57:00,71,29
http://irail.be/vehicle/IC938,http://irail.be/stations/NMBS/008874583,IC,2016-11-08T17:00:00,2016-11-08T17:00:00,71,71
http://irail.be/vehicle/IC938,http://irail.be/stations/NMBS/008874567,IC,2016-11-08T17:01:00,2016-11-08T17:01:00,71,71
http://irail.be/vehicle/IC938,http://irail.be/stations/NMBS/008874559,IC,2016-11-08T17:02:00,2016-11-08T17:02:00,42,42
http://irail.be/vehicle/IC938,NO-URI,IC,2016-11-08T17:03:00,2016-11-08T17:03:00,42,42
http://irail.be/vehicle/IC938,http://irail.be/stations/NMBS/008874005,IC,2016-11-08T17:03:00,2016-11-08T17:03:00,55,55
http://irail.be/vehicle/IC938,http://irail.be/stations/NMBS/008874054,IC,2016-11-08T17:06:00,2016-11-08T17:06:00,10,10
http://irail.be/vehicle/IC938,http://irail.be/stations/NMBS/008872009,IC,2016-11-08T17:11:00,2016-11-08T17:08:00,27,46
http://irail.be/vehicle/IC938,http://irail.be/stations/NMBS/008871100,IC,2016-11-08T17:15:00,2016-11-08T17:15:00,82,82
http://irail.be/vehicle/IC938,http://irail.be/stations/NMBS/008871514,IC,2016-11-08T17:19:00,2016-11-08T17:19:00,88,88
http://irail.be/vehicle/IC938,http://irail.be/stations/NMBS/008871415,IC,2016-11-08T17:20:00,2016-11-08T17:20:00,73,73
http://irail.be/vehicle/IC938,http://irail.be/stations/NMBS/008882248,IC,2016-11-08T17:22:00,2016-11-08T17:22:00,73,73
http://irail.be/vehicle/IC938,http://irail.be/stations/NMBS/008882230,IC,2016-11-08T17:23:00,2016-11-08T17:23:00,73,73
http://irail.be/vehicle/IC938,http://irail.be/stations/NMBS/008882206,IC,2016-11-08T17:28:00,2016-11-08T17:27:00,52,17
http://irail.be/vehicle/IC938,http://irail.be/stations/NMBS/008881463,IC,2016-11-08T17:32:00,2016-11-08T17:32:00,43,43
http://irail.be/vehicle/IC938,http://irail.be/stations/NMBS/008881455,IC,2016-11-08T17:33:00,2016-11-08T17:33:00,43,43
http://irail.be/vehicle/IC938,http://irail.be/stations/NMBS/008881430,IC,2016-11-08T17:35:00,2016-11-08T17:35:00,43,43
http://irail.be/vehicle/IC938,NO-URI,IC,2016-11-08T17:36:00,2016-11-08T17:36:00,29,29
http://irail.be/vehicle/IC938,http://irail.be/stations/NMBS/008881406,IC,2016-11-08T17:37:00,2016-11-08T17:37:00,-31,-31
http://irail.be/vehicle/IC938,http://irail.be/stations/NMBS/008881315,IC,2016-11-08T17:39:00,2016-11-08T17:39:00,-31,-31
http://irail.be/vehicle/IC938,http://irail.be/stations/NMBS/008881000,IC,2016-11-08T17:45:00,2016-11-08T17:42:00,37,46
http://irail.be/vehicle/IC938,http://irail.be/stations/NMBS/008884566,IC,2016-11-08T17:50:00,2016-11-08T17:50:00,-6,-6
http://irail.be/vehicle/IC938,http://irail.be/stations/NMBS/008884541,IC,2016-11-08T17:51:00,2016-11-08T17:51:00,-13,-13
http://irail.be/vehicle/IC938,http://irail.be/stations/NMBS/008884004,IC,2016-11-08T17:54:00,2016-11-08T17:53:00,88,-1
http://irail.be/vehicle/IC938,http://irail.be/stations/NMBS/008884632,IC,2016-11-08T17:59:00,2016-11-08T17:59:00,88,88
http://irail.be/vehicle/IC938,http://irail.be/stations/NMBS/008884640,IC,2016-11-08T18:00:00,2016-11-08T18:00:00,88,88
http://irail.be/vehicle/IC938,http://irail.be/stations/NMBS/008884715,IC,2016-11-08T18:01:00,2016-11-08T18:01:00,82,82
http://irail.be/vehicle/IC938,http://irail.be/stations/NMBS/008884855,IC,2016-11-08T18:04:00,2016-11-08T18:04:00,82,82
http://irail.be/vehicle/IC938,http://irail.be/stations/NMBS/008884889,IC,2016-11-08T18:06:00,2016-11-08T18:06:00,82,82
http://irail.be/vehicle/IC938,http://irail.be/stations/NMBS/008885530,IC,2016-11-08T18:08:00,2016-11-08T18:08:00,22,22
http://irail.be/vehicle/IC938,http://irail.be/stations/NMBS/008885522,IC,2016-11-08T18:09:00,2016-11-08T18:09:00,69,69
http://irail.be/vehicle/IC938,http://irail.be/stations/NMBS/008885001,IC,2016-11-08T18:19:00,2016-11-08T18:15:00,125,49
http://irail.be/vehicle/IC938,http://irail.be/stations/NMBS/008885068,IC,2016-11-08T18:23:00,2016-11-08T18:23:00,148,99
http://irail.be/vehicle/IC938,http://irail.be/stations/NMBS/008885753,IC,2016-11-08T18:33:00,2016-11-08T18:33:00,0,-32
http://irail.be/vehicle/IC938,http://irail.be/stations/NMBS/008885704,IC,2016-11-08T18:37:00,2016-11-08T18:37:00,,155
http://irail.be/vehicle/IC938,http://irail.be/stations/NMBS/008863008,IC,2016-11-17T16:38:00,2016-11-17T16:38:00,72,
http://irail.be/vehicle/IC938,http://irail.be/stations/NMBS/008861119,IC,2016-11-17T16:41:00,2016-11-17T16:41:00,77,77
http://irail.be/vehicle/IC938,http://irail.be/stations/NMBS/008861127,IC,2016-11-17T16:43:08,2016-11-17T16:43:08,20,20
http://irail.be/vehicle/IC938,http://irail.be/stations/NMBS/008861135,IC,2016-11-17T16:46:00,2016-11-17T16:46:00,20,20
http://irail.be/vehicle/IC938,http://irail.be/stations/NMBS/008861143,IC,2016-11-17T16:49:00,2016-11-17T16:49:00,-65,-65
http://irail.be/vehicle/IC938,http://irail.be/stations/NMBS/008861150,IC,2016-11-17T16:51:00,2016-11-17T16:51:00,-42,-42
http://irail.be/vehicle/IC938,NO-URI,IC,2016-11-17T16:51:23,2016-11-17T16:51:23,-42,-42
http://irail.be/vehicle/IC938,http://irail.be/stations/NMBS/008861168,IC,2016-11-17T16:52:09,2016-11-17T16:52:09,96,96
http://irail.be/vehicle/IC938,http://irail.be/stations/NMBS/008874724,IC,2016-11-17T16:52:26,2016-11-17T16:52:26,217,217
http://irail.be/vehicle/IC938,NO-URI,IC,2016-11-17T16:54:00,2016-11-17T16:54:00,217,217
http://irail.be/vehicle/IC938,http://irail.be/stations/NMBS/008874716,IC,2016-11-17T16:55:12,2016-11-17T16:55:12,260,260
http://irail.be/vehicle/IC938,http://irail.be/stations/NMBS/008874609,IC,2016-11-17T16:58:08,2016-11-17T16:57:08,337,305
http://irail.be/vehicle/IC938,http://irail.be/stations/NMBS/008874583,IC,2016-11-17T17:00:00,2016-11-17T17:00:00,337,337
http://irail.be/vehicle/IC938,http://irail.be/stations/NMBS/008874567,IC,2016-11-17T17:01:23,2016-11-17T17:01:23,342,342
http://irail.be/vehicle/IC938,http://irail.be/stations/NMBS/008874559,IC,2016-11-17T17:02:00,2016-11-17T17:02:00,342,342
http://irail.be/vehicle/IC938,NO-URI,IC,2016-11-17T17:03:00,2016-11-17T17:03:00,450,450
http://irail.be/vehicle/IC938,http://irail.be/stations/NMBS/008874005,IC,2016-11-17T17:03:06,2016-11-17T17:03:06,494,494
http://irail.be/vehicle/IC938,http://irail.be/stations/NMBS/008874054,IC,2016-11-17T17:06:00,2016-11-17T17:06:00,455,455
http://irail.be/vehicle/IC938,http://irail.be/stations/NMBS/008872009,IC,2016-11-17T17:11:00,2016-11-17T17:08:02,523,453
http://irail.be/vehicle/IC938,http://irail.be/stations/NMBS/008871100,IC,2016-11-17T17:15:00,2016-11-17T17:15:00,544,544
http://irail.be/vehicle/IC938,http://irail.be/stations/NMBS/008871514,IC,2016-11-17T17:19:00,2016-11-17T17:19:00,591,591
http://irail.be/vehicle/IC938,http://irail.be/stations/NMBS/008871415,IC,2016-11-17T17:20:16,2016-11-17T17:20:16,591,591
http://irail.be/vehicle/IC938,http://irail.be/stations/NMBS/008882248,IC,2016-11-17T17:22:05,2016-11-17T17:22:05,581,581
http://irail.be/vehicle/IC938,http://irail.be/stations/NMBS/008882230,IC,2016-11-17T17:23:11,2016-11-17T17:23:11,619,619
http://irail.be/vehicle/IC938,http://irail.be/stations/NMBS/008882206,IC,2016-11-17T17:28:00,2016-11-17T17:27:00,738,716
http://irail.be/vehicle/IC938,http://irail.be/stations/NMBS/008881463,IC,2016-11-17T17:32:20,2016-11-17T17:32:20,752,752
http://irail.be/vehicle/IC938,http://irail.be/stations/NMBS/008881455,IC,2016-11-17T17:33:13,2016-11-17T17:33:13,748,748
http://irail.be/vehicle/IC938,http://irail.be/stations/NMBS/008881430,IC,2016-11-17T17:35:00,2016-11-17T17:35:00,748,748
http://irail.be/vehicle/IC938,NO-URI,IC,2016-11-17T17:36:26,2016-11-17T17:36:26,748,748
http://irail.be/vehicle/IC938,http://irail.be/stations/NMBS/008881406,IC,2016-11-17T17:37:00,2016-11-17T17:37:00,734,734
http://irail.be/vehicle/IC938,http://irail.be/stations/NMBS/008881315,IC,2016-11-17T17:39:00,2016-11-17T17:39:00,829,829
http://irail.be/vehicle/IC938,http://irail.be/stations/NMBS/008881000,IC,2016-11-17T17:45:00,2016-11-17T17:42:00,828,829
http://irail.be/vehicle/IC938,http://irail.be/stations/NMBS/008884566,IC,2016-11-17T17:50:00,2016-11-17T17:50:00,828,828
http://irail.be/vehicle/IC938,http://irail.be/stations/NMBS/008884541,IC,2016-11-17T17:51:03,2016-11-17T17:51:03,828,828
http://irail.be/vehicle/IC938,http://irail.be/stations/NMBS/008884004,IC,2016-11-17T17:54:24,2016-11-17T17:53:24,963,988
http://irail.be/vehicle/IC938,http://irail.be/stations/NMBS/008884632,IC,2016-11-17T17:59:00,2016-11-17T17:59:00,963,963
http://irail.be/vehicle/IC938,http://irail.be/stations/NMBS/008884640,IC,2016-11-17T18:02:05,2016-11-17T18:02:05,1074,1074
http://irail.be/vehicle/IC938,http://irail.be/stations/NMBS/008884715,IC,2016-11-17T18:03:19,2016-11-17T18:03:19,1074,1074
http://irail.be/vehicle/IC938,http://irail.be/stations/NMBS/008884855,IC,2016-11-17T18:05:33,2016-11-17T18:05:33,1075,1075
http://irail.be/vehicle/IC938,http://irail.be/stations/NMBS/008884889,IC,2016-11-17T18:07:39,2016-11-17T18:07:39,1076,1076
http://irail.be/vehicle/IC938,http://irail.be/stations/NMBS/008885530,IC,2016-11-17T18:08:41,2016-11-17T18:08:41,1076,1076
http://irail.be/vehicle/IC938,http://irail.be/stations/NMBS/008885522,IC,2016-11-17T18:10:11,2016-11-17T18:10:11,1071,1071
http://irail.be/vehicle/IC938,http://irail.be/stations/NMBS/008885001,IC,2016-11-17T18:19:00,2016-11-17T18:15:00,1190,1062
http://irail.be/vehicle/IC938,http://irail.be/stations/NMBS/008885068,IC,2016-11-17T18:23:00,2016-11-17T18:23:00,1365,1322
http://irail.be/vehicle/IC938,http://irail.be/stations/NMBS/008885753,IC,2016-11-17T18:33:00,2016-11-17T18:33:00,1310,1310
http://irail.be/vehicle/IC938,http://irail.be/stations/NMBS/008885704,IC,2016-11-17T18:37:00,2016-11-17T18:37:00,,1310
http://irail.be/vehicle/IC938,http://irail.be/stations/NMBS/008863008,IC,2016-05-17T16:38:00,2016-05-17T16:38:00,9,0
http://irail.be/vehicle/IC938,http://irail.be/stations/NMBS/008861119,IC,2016-05-17T16:41:00,2016-05-17T16:41:00,41,41
http://irail.be/vehicle/IC938,http://irail.be/stations/NMBS/008861127,IC,2016-05-17T16:43:00,2016-05-17T16:43:00,-6,-23
http://irail.be/vehicle/IC938,http://irail.be/stations/NMBS/008861135,IC,2016-05-17T16:46:00,2016-05-17T16:46:00,-37,-6
http://irail.be/vehicle/IC938,http://irail.be/stations/NMBS/008861143,IC,2016-05-17T16:49:00,2016-05-17T16:49:00,-125,-125
http://irail.be/vehicle/IC938,http://irail.be/stations/NMBS/008861150,IC,2016-05-17T16:51:00,2016-05-17T16:51:00,-125,-125
http://irail.be/vehicle/IC938,NO-URI,IC,2016-05-17T16:51:00,2016-05-17T16:51:00,-93,-97
http://irail.be/vehicle/IC938,http://irail.be/stations/NMBS/008861168,IC,2016-05-17T16:52:00,2016-05-17T16:52:00,-93,-93
http://irail.be/vehicle/IC938,http://irail.be/stations/NMBS/008874724,IC,2016-05-17T16:52:00,2016-05-17T16:52:00,-85,-93
http://irail.be/vehicle/IC938,NO-URI,IC,2016-05-17T16:54:00,2016-05-17T16:54:00,-178,-182
http://irail.be/vehicle/IC938,http://irail.be/stations/NMBS/008874716,IC,2016-05-17T16:55:00,2016-05-17T16:55:00,-108,-108
http://irail.be/vehicle/IC938,http://irail.be/stations/NMBS/008874609,IC,2016-05-17T16:58:00,2016-05-17T16:57:00,267,225
http://irail.be/vehicle/IC938,http://irail.be/stations/NMBS/008874583,IC,2016-05-17T17:00:00,2016-05-17T17:00:00,267,267
http://irail.be/vehicle/IC938,http://irail.be/stations/NMBS/008874567,IC,2016-05-17T17:01:00,2016-05-17T17:01:00,267,267
http://irail.be/vehicle/IC938,http://irail.be/stations/NMBS/008874559,IC,2016-05-17T17:02:00,2016-05-17T17:02:00,244,244
http://irail.be/vehicle/IC938,http://irail.be/stations/NMBS/008874005,IC,2016-05-17T17:03:00,2016-05-17T17:03:00,258,253
http://irail.be/vehicle/IC938,http://irail.be/stations/NMBS/008874054,IC,2016-05-17T17:06:00,2016-05-17T17:06:00,245,212
http://irail.be/vehicle/IC938,http://irail.be/stations/NMBS/008872009,IC,2016-05-17T17:11:00,2016-05-17T17:08:00,288,334
http://irail.be/vehicle/IC938,http://irail.be/stations/NMBS/008871100,IC,2016-05-17T17:15:00,2016-05-17T17:15:00,275,241
http://irail.be/vehicle/IC938,http://irail.be/stations/NMBS/008871514,IC,2016-05-17T17:19:00,2016-05-17T17:19:00,273,273
http://irail.be/vehicle/IC938,http://irail.be/stations/NMBS/008871415,IC,2016-05-17T17:20:00,2016-05-17T17:20:00,257,257
http://irail.be/vehicle/IC938,http://irail.be/stations/NMBS/008882248,IC,2016-05-17T17:22:00,2016-05-17T17:22:00,257,257
http://irail.be/vehicle/IC938,http://irail.be/stations/NMBS/008882230,IC,2016-05-17T17:23:00,2016-05-17T17:23:00,257,257
http://irail.be/vehicle/IC938,http://irail.be/stations/NMBS/008882206,IC,2016-05-17T17:28:00,2016-05-17T17:27:00,219,205
http://irail.be/vehicle/IC938,http://irail.be/stations/NMBS/008881463,IC,2016-05-17T17:32:00,2016-05-17T17:32:00,228,228
http://irail.be/vehicle/IC938,http://irail.be/stations/NMBS/008881455,IC,2016-05-17T17:33:00,2016-05-17T17:33:00,228,228
http://irail.be/vehicle/IC938,http://irail.be/stations/NMBS/008881430,IC,2016-05-17T17:35:00,2016-05-17T17:35:00,228,228
http://irail.be/vehicle/IC938,NO-URI,IC,2016-05-17T17:36:00,2016-05-17T17:36:00,275,241
http://irail.be/vehicle/IC938,http://irail.be/stations/NMBS/008881406,IC,2016-05-17T17:37:00,2016-05-17T17:37:00,215,215
http://irail.be/vehicle/IC938,http://irail.be/stations/NMBS/008881315,IC,2016-05-17T17:39:00,2016-05-17T17:39:00,215,215
http://irail.be/vehicle/IC938,http://irail.be/stations/NMBS/008881000,IC,2016-05-17T17:45:00,2016-05-17T17:42:00,222,295
http://irail.be/vehicle/IC938,http://irail.be/stations/NMBS/008884566,IC,2016-05-17T17:50:00,2016-05-17T17:50:00,169,162
http://irail.be/vehicle/IC938,http://irail.be/stations/NMBS/008884541,IC,2016-05-17T17:51:00,2016-05-17T17:51:00,158,158
http://irail.be/vehicle/IC938,http://irail.be/stations/NMBS/008884004,IC,2016-05-17T17:54:00,2016-05-17T17:53:00,176,155
http://irail.be/vehicle/IC938,http://irail.be/stations/NMBS/008884632,IC,2016-05-17T17:59:00,2016-05-17T17:59:00,176,176
http://irail.be/vehicle/IC938,http://irail.be/stations/NMBS/008884640,IC,2016-05-17T18:00:00,2016-05-17T18:00:00,176,176
http://irail.be/vehicle/IC938,http://irail.be/stations/NMBS/008884715,IC,2016-05-17T18:01:00,2016-05-17T18:01:00,152,145
http://irail.be/vehicle/IC938,http://irail.be/stations/NMBS/008884855,IC,2016-05-17T18:04:00,2016-05-17T18:04:00,152,152
http://irail.be/vehicle/IC938,http://irail.be/stations/NMBS/008884889,IC,2016-05-17T18:06:00,2016-05-17T18:06:00,152,152
http://irail.be/vehicle/IC938,http://irail.be/stations/NMBS/008885530,IC,2016-05-17T18:08:00,2016-05-17T18:08:00,92,92
http://irail.be/vehicle/IC938,http://irail.be/stations/NMBS/008885522,IC,2016-05-17T18:09:00,2016-05-17T18:09:00,155,137
http://irail.be/vehicle/IC938,http://irail.be/stations/NMBS/008885001,IC,2016-05-17T18:19:00,2016-05-17T18:15:00,237,122
http://irail.be/vehicle/IC938,http://irail.be/stations/NMBS/008885068,IC,2016-05-17T18:23:00,2016-05-17T18:23:00,269,201
http://irail.be/vehicle/IC938,http://irail.be/stations/NMBS/008885753,IC,2016-05-17T18:33:00,2016-05-17T18:33:00,89,89
http://irail.be/vehicle/IC938,http://irail.be/stations/NMBS/008885704,IC,2016-05-17T18:37:00,2016-05-17T18:37:00,0,282
http://irail.be/vehicle/IC938,http://irail.be/stations/NMBS/008863008,IC,2016-02-09T16:38:00,2016-02-09T16:38:00,11,0
http://irail.be/vehicle/IC938,http://irail.be/stations/NMBS/008861119,IC,2016-02-09T16:41:00,2016-02-09T16:41:00,110,110
http://irail.be/vehicle/IC938,http://irail.be/stations/NMBS/008861127,IC,2016-02-09T16:43:00,2016-02-09T16:43:00,112,91
http://irail.be/vehicle/IC938,http://irail.be/stations/NMBS/008861135,IC,2016-02-09T16:46:00,2016-02-09T16:46:00,87,112
http://irail.be/vehicle/IC938,http://irail.be/stations/NMBS/008861143,IC,2016-02-09T16:49:00,2016-02-09T16:49:00,5,5
http://irail.be/vehicle/IC938,http://irail.be/stations/NMBS/008861150,IC,2016-02-09T16:51:00,2016-02-09T16:51:00,5,5
http://irail.be/vehicle/IC938,NO-URI,IC,2016-02-09T16:51:00,2016-02-09T16:51:00,46,41
http://irail.be/vehicle/IC938,http://irail.be/stations/NMBS/008861168,IC,2016-02-09T16:52:00,2016-02-09T16:52:00,46,46
http://irail.be/vehicle/IC938,http://irail.be/stations/NMBS/008874724,IC,2016-02-09T16:52:00,2016-02-09T16:52:00,55,46
http://irail.be/vehicle/IC938,NO-URI,IC,2016-02-09T16:54:00,2016-02-09T16:54:00,-39,-42
http://irail.be/vehicle/IC938,http://irail.be/stations/NMBS/008874716,IC,2016-02-09T16:55:00,2016-02-09T16:55:00,-25,-25
http://irail.be/vehicle/IC938,http://irail.be/stations/NMBS/008874609,IC,2016-02-09T16:58:00,2016-02-09T16:57:00,24,-10
http://irail.be/vehicle/IC938,http://irail.be/stations/NMBS/008874583,IC,2016-02-09T17:00:00,2016-02-09T17:00:00,0,0
http://irail.be/vehicle/IC938,http://irail.be/stations/NMBS/008874567,IC,2016-02-09T17:01:00,2016-02-09T17:01:00,0,0
http://irail.be/vehicle/IC938,http://irail.be/stations/NMBS/008874559,IC,2016-02-09T17:02:00,2016-02-09T17:02:00,17,17
http://irail.be/vehicle/IC938,http://irail.be/stations/NMBS/008874005,IC,2016-02-09T17:03:00,2016-02-09T17:03:00,38,28
http://irail.be/vehicle/IC938,http://irail.be/stations/NMBS/008874054,IC,2016-02-09T17:06:00,2016-02-09T17:06:00,14,3
http://irail.be/vehicle/IC938,http://irail.be/stations/NMBS/008872009,IC,2016-02-09T17:11:00,2016-02-09T17:08:00,19,71
http://irail.be/vehicle/IC938,http://irail.be/stations/NMBS/008871100,IC,2016-02-09T17:15:00,2016-02-09T17:15:00,3,-31
http://irail.be/vehicle/IC938,http://irail.be/stations/NMBS/008871514,IC,2016-02-09T17:19:00,2016-02-09T17:19:00,0,0
http://irail.be/vehicle/IC938,http://irail.be/stations/NMBS/008871415,IC,2016-02-09T17:20:00,2016-02-09T17:20:00,-5,-8
http://irail.be/vehicle/IC938,http://irail.be/stations/NMBS/008882248,IC,2016-02-09T17:22:00,2016-02-09T17:22:00,-5,-5
http://irail.be/vehicle/IC938,http://irail.be/stations/NMBS/008882230,IC,2016-02-09T17:23:00,2016-02-09T17:23:00,0,0
http://irail.be/vehicle/IC938,http://irail.be/stations/NMBS/008882206,IC,2016-02-09T17:28:00,2016-02-09T17:27:00,31,-27
http://irail.be/vehicle/IC938,http://irail.be/stations/NMBS/008881463,IC,2016-02-09T17:32:00,2016-02-09T17:32:00,25,25
http://irail.be/vehicle/IC938,http://irail.be/stations/NMBS/008881455,IC,2016-02-09T17:33:00,2016-02-09T17:33:00,25,25
http://irail.be/vehicle/IC938,http://irail.be/stations/NMBS/008881430,IC,2016-02-09T17:35:00,2016-02-09T17:35:00,0,0
http://irail.be/vehicle/IC938,NO-URI,IC,2016-02-09T17:36:00,2016-02-09T17:36:00,30,23
http://irail.be/vehicle/IC938,http://irail.be/stations/NMBS/008881406,IC,2016-02-09T17:37:00,2016-02-09T17:37:00,-30,-30
http://irail.be/vehicle/IC938,http://irail.be/stations/NMBS/008881315,IC,2016-02-09T17:39:00,2016-02-09T17:39:00,0,0
http://irail.be/vehicle/IC938,http://irail.be/stations/NMBS/008881000,IC,2016-02-09T17:45:00,2016-02-09T17:42:00,37,93
http://irail.be/vehicle/IC938,http://irail.be/stations/NMBS/008884566,IC,2016-02-09T17:50:00,2016-02-09T17:50:00,4,-23
http://irail.be/vehicle/IC938,http://irail.be/stations/NMBS/008884541,IC,2016-02-09T17:51:00,2016-02-09T17:51:00,-6,-6
http://irail.be/vehicle/IC938,http://irail.be/stations/NMBS/008884004,IC,2016-02-09T17:54:00,2016-02-09T17:53:00,98,12
http://irail.be/vehicle/IC938,http://irail.be/stations/NMBS/008884632,IC,2016-02-09T17:59:00,2016-02-09T17:59:00,0,0
http://irail.be/vehicle/IC938,http://irail.be/stations/NMBS/008884640,IC,2016-02-09T18:00:00,2016-02-09T18:00:00,0,0
http://irail.be/vehicle/IC938,http://irail.be/stations/NMBS/008884715,IC,2016-02-09T18:01:00,2016-02-09T18:01:00,116,103
http://irail.be/vehicle/IC938,http://irail.be/stations/NMBS/008884855,IC,2016-02-09T18:04:00,2016-02-09T18:04:00,116,116
http://irail.be/vehicle/IC938,http://irail.be/stations/NMBS/008884889,IC,2016-02-09T18:06:00,2016-02-09T18:06:00,0,0
http://irail.be/vehicle/IC938,http://irail.be/stations/NMBS/008885530,IC,2016-02-09T18:08:00,2016-02-09T18:08:00,0,0
http://irail.be/vehicle/IC938,http://irail.be/stations/NMBS/008885522,IC,2016-02-09T18:09:00,2016-02-09T18:09:00,470,246
http://irail.be/vehicle/IC938,http://irail.be/stations/NMBS/008885001,IC,2016-02-09T18:19:00,2016-02-09T18:15:00,599,506
http://irail.be/vehicle/IC938,http://irail.be/stations/NMBS/008885068,IC,2016-02-09T18:23:00,2016-02-09T18:23:00,639,581
http://irail.be/vehicle/IC938,http://irail.be/stations/NMBS/008885753,IC,2016-02-09T18:33:00,2016-02-09T18:33:00,0,0
http://irail.be/vehicle/IC938,http://irail.be/stations/NMBS/008885704,IC,2016-02-09T18:37:00,2016-02-09T18:37:00,0,747
http://irail.be/vehicle/IC938,http://irail.be/stations/NMBS/008863008,IC,2016-05-18T16:38:00,2016-05-18T16:38:00,13,0
http://irail.be/vehicle/IC938,http://irail.be/stations/NMBS/008861119,IC,2016-05-18T16:41:00,2016-05-18T16:41:00,38,38
http://irail.be/vehicle/IC938,http://irail.be/stations/NMBS/008861127,IC,2016-05-18T16:43:00,2016-05-18T16:43:00,-12,-28
http://irail.be/vehicle/IC938,http://irail.be/stations/NMBS/008861135,IC,2016-05-18T16:46:00,2016-05-18T16:46:00,-47,-12
http://irail.be/vehicle/IC938,http://irail.be/stations/NMBS/008861143,IC,2016-05-18T16:49:00,2016-05-18T16:49:00,-129,-129
http://irail.be/vehicle/IC938,http://irail.be/stations/NMBS/008861150,IC,2016-05-18T16:51:00,2016-05-18T16:51:00,-129,-129
http://irail.be/vehicle/IC938,NO-URI,IC,2016-05-18T16:51:00,2016-05-18T16:51:00,-63,-74
http://irail.be/vehicle/IC938,http://irail.be/stations/NMBS/008861168,IC,2016-05-18T16:52:00,2016-05-18T16:52:00,-63,-63
http://irail.be/vehicle/IC938,http://irail.be/stations/NMBS/008874724,IC,2016-05-18T16:52:00,2016-05-18T16:52:00,-44,-63
http://irail.be/vehicle/IC938,NO-URI,IC,2016-05-18T16:54:00,2016-05-18T16:54:00,-128,-141
http://irail.be/vehicle/IC938,http://irail.be/stations/NMBS/008874716,IC,2016-05-18T16:55:00,2016-05-18T16:55:00,-66,-66
http://irail.be/vehicle/IC938,http://irail.be/stations/NMBS/008874609,IC,2016-05-18T16:58:00,2016-05-18T16:57:00,98,74
http://irail.be/vehicle/IC938,http://irail.be/stations/NMBS/008874583,IC,2016-05-18T17:00:00,2016-05-18T17:00:00,0,0
http://irail.be/vehicle/IC938,http://irail.be/stations/NMBS/008874567,IC,2016-05-18T17:01:00,2016-05-18T17:01:00,0,0
http://irail.be/vehicle/IC938,http://irail.be/stations/NMBS/008874559,IC,2016-05-18T17:02:00,2016-05-18T17:02:00,127,127
http://irail.be/vehicle/IC938,http://irail.be/stations/NMBS/008874005,IC,2016-05-18T17:03:00,2016-05-18T17:03:00,140,134
http://irail.be/vehicle/IC938,http://irail.be/stations/NMBS/008874054,IC,2016-05-18T17:06:00,2016-05-18T17:06:00,129,99
http://irail.be/vehicle/IC938,http://irail.be/stations/NMBS/008872009,IC,2016-05-18T17:11:00,2016-05-18T17:08:00,118,188
http://irail.be/vehicle/IC938,http://irail.be/stations/NMBS/008871100,IC,2016-05-18T17:15:00,2016-05-18T17:15:00,103,68
http://irail.be/vehicle/IC938,http://irail.be/stations/NMBS/008871514,IC,2016-05-18T17:19:00,2016-05-18T17:19:00,100,100
http://irail.be/vehicle/IC938,http://irail.be/stations/NMBS/008871415,IC,2016-05-18T17:20:00,2016-05-18T17:20:00,112,111
http://irail.be/vehicle/IC938,http://irail.be/stations/NMBS/008882248,IC,2016-05-18T17:22:00,2016-05-18T17:22:00,112,112
http://irail.be/vehicle/IC938,http://irail.be/stations/NMBS/008882230,IC,2016-05-18T17:23:00,2016-05-18T17:23:00,0,0
http://irail.be/vehicle/IC938,http://irail.be/stations/NMBS/008882206,IC,2016-05-18T17:28:00,2016-05-18T17:27:00,84,69
http://irail.be/vehicle/IC938,http://irail.be/stations/NMBS/008881463,IC,2016-05-18T17:32:00,2016-05-18T17:32:00,77,77
http://irail.be/vehicle/IC938,http://irail.be/stations/NMBS/008881455,IC,2016-05-18T17:33:00,2016-05-18T17:33:00,77,77
http://irail.be/vehicle/IC938,http://irail.be/stations/NMBS/008881430,IC,2016-05-18T17:35:00,2016-05-18T17:35:00,0,0
http://irail.be/vehicle/IC938,NO-URI,IC,2016-05-18T17:36:00,2016-05-18T17:36:00,119,81
http://irail.be/vehicle/IC938,http://irail.be/stations/NMBS/008881406,IC,2016-05-18T17:37:00,2016-05-18T17:37:00,59,59
http://irail.be/vehicle/IC938,http://irail.be/stations/NMBS/008881315,IC,2016-05-18T17:39:00,2016-05-18T17:39:00,0,0
http://irail.be/vehicle/IC938,http://irail.be/stations/NMBS/008881000,IC,2016-05-18T17:45:00,2016-05-18T17:42:00,62,144
http://irail.be/vehicle/IC938,http://irail.be/stations/NMBS/008884566,IC,2016-05-18T17:50:00,2016-05-18T17:50:00,35,2
http://irail.be/vehicle/IC938,http://irail.be/stations/NMBS/008884541,IC,2016-05-18T17:51:00,2016-05-18T17:51:00,25,25
http://irail.be/vehicle/IC938,http://irail.be/stations/NMBS/008884004,IC,2016-05-18T17:54:00,2016-05-18T17:53:00,212,63
http://irail.be/vehicle/IC938,http://irail.be/stations/NMBS/008884632,IC,2016-05-18T17:59:00,2016-05-18T17:59:00,0,0
http://irail.be/vehicle/IC938,http://irail.be/stations/NMBS/008884640,IC,2016-05-18T18:00:00,2016-05-18T18:00:00,0,0
http://irail.be/vehicle/IC938,http://irail.be/stations/NMBS/008884715,IC,2016-05-18T18:01:00,2016-05-18T18:01:00,247,239
http://irail.be/vehicle/IC938,http://irail.be/stations/NMBS/008884855,IC,2016-05-18T18:04:00,2016-05-18T18:04:00,247,247
http://irail.be/vehicle/IC938,http://irail.be/stations/NMBS/008884889,IC,2016-05-18T18:06:00,2016-05-18T18:06:00,0,0
http://irail.be/vehicle/IC938,http://irail.be/stations/NMBS/008885530,IC,2016-05-18T18:08:00,2016-05-18T18:08:00,0,0
http://irail.be/vehicle/IC938,http://irail.be/stations/NMBS/008885522,IC,2016-05-18T18:09:00,2016-05-18T18:09:00,255,240
http://irail.be/vehicle/IC938,http://irail.be/stations/NMBS/008885001,IC,2016-05-18T18:19:00,2016-05-18T18:15:00,743,267
http://irail.be/vehicle/IC938,http://irail.be/stations/NMBS/008885068,IC,2016-05-18T18:23:00,2016-05-18T18:23:00,1034,971
http://irail.be/vehicle/IC938,http://irail.be/stations/NMBS/008885753,IC,2016-05-18T18:33:00,2016-05-18T18:33:00,0,0
http://irail.be/vehicle/IC938,http://irail.be/stations/NMBS/008885704,IC,2016-05-18T18:37:00,2016-05-18T18:37:00,0,1235
http://irail.be/vehicle/IC938,http://irail.be/stations/NMBS/008863008,IC,2016-02-26T16:38:00,2016-02-26T16:38:00,58,0
http://irail.be/vehicle/IC938,http://irail.be/stations/NMBS/008861119,IC,2016-02-26T16:41:00,2016-02-26T16:41:00,116,116
http://irail.be/vehicle/IC938,http://irail.be/stations/NMBS/008861127,IC,2016-02-26T16:43:00,2016-02-26T16:43:00,66,50
http://irail.be/vehicle/IC938,http://irail.be/stations/NMBS/008861135,IC,2016-02-26T16:46:00,2016-02-26T16:46:00,30,66
http://irail.be/vehicle/IC938,http://irail.be/stations/NMBS/008861143,IC,2016-02-26T16:49:00,2016-02-26T16:49:00,-59,-59
http://irail.be/vehicle/IC938,http://irail.be/stations/NMBS/008861150,IC,2016-02-26T16:51:00,2016-02-26T16:51:00,-59,-59
http://irail.be/vehicle/IC938,NO-URI,IC,2016-02-26T16:51:00,2016-02-26T16:51:00,-31,-32
http://irail.be/vehicle/IC938,http://irail.be/stations/NMBS/008861168,IC,2016-02-26T16:52:00,2016-02-26T16:52:00,-31,-31
http://irail.be/vehicle/IC938,http://irail.be/stations/NMBS/008874724,IC,2016-02-26T16:52:00,2016-02-26T16:52:00,-23,-31
http://irail.be/vehicle/IC938,NO-URI,IC,2016-02-26T16:54:00,2016-02-26T16:54:00,-118,-120
http://irail.be/vehicle/IC938,http://irail.be/stations/NMBS/008874716,IC,2016-02-26T16:55:00,2016-02-26T16:55:00,-63,-63
http://irail.be/vehicle/IC938,http://irail.be/stations/NMBS/008874609,IC,2016-02-26T16:58:00,2016-02-26T16:57:00,161,109
http://irail.be/vehicle/IC938,http://irail.be/stations/NMBS/008874583,IC,2016-02-26T17:00:00,2016-02-26T17:00:00,161,161
http://irail.be/vehicle/IC938,http://irail.be/stations/NMBS/008874567,IC,2016-02-26T17:01:00,2016-02-26T17:01:00,161,161
http://irail.be/vehicle/IC938,http://irail.be/stations/NMBS/008874559,IC,2016-02-26T17:02:00,2016-02-26T17:02:00,153,153
http://irail.be/vehicle/IC938,http://irail.be/stations/NMBS/008874005,IC,2016-02-26T17:03:00,2016-02-26T17:03:00,167,160
http://irail.be/vehicle/IC938,http://irail.be/stations/NMBS/008874054,IC,2016-02-26T17:06:00,2016-02-26T17:06:00,122,117
http://irail.be/vehicle/IC938,http://irail.be/stations/NMBS/008872009,IC,2016-02-26T17:11:00,2016-02-26T17:08:00,99,139
http://irail.be/vehicle/IC938,http://irail.be/stations/NMBS/008871100,IC,2016-02-26T17:15:00,2016-02-26T17:15:00,89,57
http://irail.be/vehicle/IC938,http://irail.be/stations/NMBS/008871514,IC,2016-02-26T17:19:00,2016-02-26T17:19:00,90,90
http://irail.be/vehicle/IC938,http://irail.be/stations/NMBS/008871415,IC,2016-02-26T17:20:00,2016-02-26T17:20:00,78,76
http://irail.be/vehicle/IC938,http://irail.be/stations/NMBS/008882248,IC,2016-02-26T17:22:00,2016-02-26T17:22:00,78,78
http://irail.be/vehicle/IC938,http://irail.be/stations/NMBS/008882230,IC,2016-02-26T17:23:00,2016-02-26T17:23:00,78,78
http://irail.be/vehicle/IC938,http://irail.be/stations/NMBS/008882206,IC,2016-02-26T17:28:00,2016-02-26T17:27:00,68,39
http://irail.be/vehicle/IC938,http://irail.be/stations/NMBS/008881463,IC,2016-02-26T17:32:00,2016-02-26T17:32:00,69,69
http://irail.be/vehicle/IC938,http://irail.be/stations/NMBS/008881455,IC,2016-02-26T17:33:00,2016-02-26T17:33:00,69,69
http://irail.be/vehicle/IC938,http://irail.be/stations/NMBS/008881430,IC,2016-02-26T17:35:00,2016-02-26T17:35:00,69,69
http://irail.be/vehicle/IC938,NO-URI,IC,2016-02-26T17:36:00,2016-02-26T17:36:00,58,56
http://irail.be/vehicle/IC938,http://irail.be/stations/NMBS/008881406,IC,2016-02-26T17:37:00,2016-02-26T17:37:00,-2,-2
http://irail.be/vehicle/IC938,http://irail.be/stations/NMBS/008881315,IC,2016-02-26T17:39:00,2016-02-26T17:39:00,-2,-2
http://irail.be/vehicle/IC938,http://irail.be/stations/NMBS/008881000,IC,2016-02-26T17:45:00,2016-02-26T17:42:00,50,62
http://irail.be/vehicle/IC938,http://irail.be/stations/NMBS/008884566,IC,2016-02-26T17:50:00,2016-02-26T17:50:00,-31,-10
http://irail.be/vehicle/IC938,http://irail.be/stations/NMBS/008884541,IC,2016-02-26T17:51:00,2016-02-26T17:51:00,-39,-39
http://irail.be/vehicle/IC938,http://irail.be/stations/NMBS/008884004,IC,2016-02-26T17:54:00,2016-02-26T17:53:00,64,-1
http://irail.be/vehicle/IC938,http://irail.be/stations/NMBS/008884632,IC,2016-02-26T17:59:00,2016-02-26T17:59:00,64,64
http://irail.be/vehicle/IC938,http://irail.be/stations/NMBS/008884640,IC,2016-02-26T18:00:00,2016-02-26T18:00:00,64,64
http://irail.be/vehicle/IC938,http://irail.be/stations/NMBS/008884715,IC,2016-02-26T18:01:00,2016-02-26T18:01:00,92,78
http://irail.be/vehicle/IC938,http://irail.be/stations/NMBS/008884855,IC,2016-02-26T18:04:00,2016-02-26T18:04:00,92,92
http://irail.be/vehicle/IC938,http://irail.be/stations/NMBS/008884889,IC,2016-02-26T18:06:00,2016-02-26T18:06:00,92,92
http://irail.be/vehicle/IC938,http://irail.be/stations/NMBS/008885530,IC,2016-02-26T18:08:00,2016-02-26T18:08:00,32,32
http://irail.be/vehicle/IC938,http://irail.be/stations/NMBS/008885522,IC,2016-02-26T18:09:00,2016-02-26T18:09:00,225,116
http://irail.be/vehicle/IC938,http://irail.be/stations/NMBS/008885001,IC,2016-02-26T18:19:00,2016-02-26T18:15:00,360,233
http://irail.be/vehicle/IC938,http://irail.be/stations/NMBS/008885068,IC,2016-02-26T18:23:00,2016-02-26T18:23:00,517,480
http://irail.be/vehicle/IC938,http://irail.be/stations/NMBS/008885753,IC,2016-02-26T18:33:00,2016-02-26T18:33:00,337,337
http://irail.be/vehicle/IC938,http://irail.be/stations/NMBS/008885704,IC,2016-02-26T18:37:00,2016-02-26T18:37:00,0,521
http://irail.be/vehicle/IC938,http://irail.be/stations/NMBS/008863008,IC,2016-02-29T16:38:00,2016-02-29T16:38:00,40,0
http://irail.be/vehicle/IC938,http://irail.be/stations/NMBS/008861119,IC,2016-02-29T16:41:00,2016-02-29T16:41:00,78,78
http://irail.be/vehicle/IC938,http://irail.be/stations/NMBS/008861127,IC,2016-02-29T16:43:00,2016-02-29T16:43:00,23,9
http://irail.be/vehicle/IC938,http://irail.be/stations/NMBS/008861135,IC,2016-02-29T16:46:00,2016-02-29T16:46:00,-22,23
http://irail.be/vehicle/IC938,http://irail.be/stations/NMBS/008861143,IC,2016-02-29T16:49:00,2016-02-29T16:49:00,-113,-113
http://irail.be/vehicle/IC938,http://irail.be/stations/NMBS/008861150,IC,2016-02-29T16:51:00,2016-02-29T16:51:00,-113,-113
http://irail.be/vehicle/IC938,NO-URI,IC,2016-02-29T16:51:00,2016-02-29T16:51:00,-95,-95
http://irail.be/vehicle/IC938,http://irail.be/stations/NMBS/008861168,IC,2016-02-29T16:52:00,2016-02-29T16:52:00,-95,-95
http://irail.be/vehicle/IC938,http://irail.be/stations/NMBS/008874724,IC,2016-02-29T16:52:00,2016-02-29T16:52:00,-92,-95
http://irail.be/vehicle/IC938,NO-URI,IC,2016-02-29T16:54:00,2016-02-29T16:54:00,-188,-189
http://irail.be/vehicle/IC938,http://irail.be/stations/NMBS/008874716,IC,2016-02-29T16:55:00,2016-02-29T16:55:00,-170,-170
http://irail.be/vehicle/IC938,http://irail.be/stations/NMBS/008874609,IC,2016-02-29T16:58:00,2016-02-29T16:57:00,30,-82
http://irail.be/vehicle/IC938,http://irail.be/stations/NMBS/008874583,IC,2016-02-29T17:00:00,2016-02-29T17:00:00,0,0
http://irail.be/vehicle/IC938,http://irail.be/stations/NMBS/008874567,IC,2016-02-29T17:01:00,2016-02-29T17:01:00,0,0
http://irail.be/vehicle/IC938,http://irail.be/stations/NMBS/008874559,IC,2016-02-29T17:02:00,2016-02-29T17:02:00,13,13
http://irail.be/vehicle/IC938,http://irail.be/stations/NMBS/008874005,IC,2016-02-29T17:03:00,2016-02-29T17:03:00,22,19
http://irail.be/vehicle/IC938,http://irail.be/stations/NMBS/008874054,IC,2016-02-29T17:06:00,2016-02-29T17:06:00,-34,-37
http://irail.be/vehicle/IC938,http://irail.be/stations/NMBS/008872009,IC,2016-02-29T17:11:00,2016-02-29T17:08:00,30,34
http://irail.be/vehicle/IC938,http://irail.be/stations/NMBS/008871100,IC,2016-02-29T17:15:00,2016-02-29T17:15:00,12,-17
http://irail.be/vehicle/IC938,http://irail.be/stations/NMBS/008871514,IC,2016-02-29T17:19:00,2016-02-29T17:19:00,8,8
http://irail.be/vehicle/IC938,http://irail.be/stations/NMBS/008871415,IC,2016-02-29T17:20:00,2016-02-29T17:20:00,-14,-10
http://irail.be/vehicle/IC938,http://irail.be/stations/NMBS/008882248,IC,2016-02-29T17:22:00,2016-02-29T17:22:00,-14,-14
http://irail.be/vehicle/IC938,http://irail.be/stations/NMBS/008882230,IC,2016-02-29T17:23:00,2016-02-29T17:23:00,0,0
http://irail.be/vehicle/IC938,http://irail.be/stations/NMBS/008882206,IC,2016-02-29T17:28:00,2016-02-29T17:27:00,178,120
http://irail.be/vehicle/IC938,http://irail.be/stations/NMBS/008881463,IC,2016-02-29T17:32:00,2016-02-29T17:32:00,203,203
http://irail.be/vehicle/IC938,http://irail.be/stations/NMBS/008881455,IC,2016-02-29T17:33:00,2016-02-29T17:33:00,203,203
http://irail.be/vehicle/IC938,http://irail.be/stations/NMBS/008881430,IC,2016-02-29T17:35:00,2016-02-29T17:35:00,0,0
http://irail.be/vehicle/IC938,NO-URI,IC,2016-02-29T17:36:00,2016-02-29T17:36:00,181,180
http://irail.be/vehicle/IC938,http://irail.be/stations/NMBS/008881406,IC,2016-02-29T17:37:00,2016-02-29T17:37:00,121,121
http://irail.be/vehicle/IC938,http://irail.be/stations/NMBS/008881315,IC,2016-02-29T17:39:00,2016-02-29T17:39:00,0,0
http://irail.be/vehicle/IC938,http://irail.be/stations/NMBS/008881000,IC,2016-02-29T17:45:00,2016-02-29T17:42:00,177,187
http://irail.be/vehicle/IC938,http://irail.be/stations/NMBS/008884566,IC,2016-02-29T17:50:00,2016-02-29T17:50:00,143,117
http://irail.be/vehicle/IC938,http://irail.be/stations/NMBS/008884541,IC,2016-02-29T17:51:00,2016-02-29T17:51:00,133,133
http://irail.be/vehicle/IC938,http://irail.be/stations/NMBS/008884004,IC,2016-02-29T17:54:00,2016-02-29T17:53:00,172,131
http://irail.be/vehicle/IC938,http://irail.be/stations/NMBS/008884632,IC,2016-02-29T17:59:00,2016-02-29T17:59:00,0,0
http://irail.be/vehicle/IC938,http://irail.be/stations/NMBS/008884640,IC,2016-02-29T18:00:00,2016-02-29T18:00:00,0,0
http://irail.be/vehicle/IC938,http://irail.be/stations/NMBS/008884715,IC,2016-02-29T18:01:00,2016-02-29T18:01:00,137,133
http://irail.be/vehicle/IC938,http://irail.be/stations/NMBS/008884855,IC,2016-02-29T18:04:00,2016-02-29T18:04:00,137,137
http://irail.be/vehicle/IC938,http://irail.be/stations/NMBS/008884889,IC,2016-02-29T18:06:00,2016-02-29T18:06:00,0,0
http://irail.be/vehicle/IC938,http://irail.be/stations/NMBS/008885530,IC,2016-02-29T18:08:00,2016-02-29T18:08:00,0,0
http://irail.be/vehicle/IC938,http://irail.be/stations/NMBS/008885522,IC,2016-02-29T18:09:00,2016-02-29T18:09:00,247,114
http://irail.be/vehicle/IC938,http://irail.be/stations/NMBS/008885001,IC,2016-02-29T18:19:00,2016-02-29T18:15:00,463,394
http://irail.be/vehicle/IC938,http://irail.be/stations/NMBS/008885068,IC,2016-02-29T18:23:00,2016-02-29T18:23:00,685,644
http://irail.be/vehicle/IC938,http://irail.be/stations/NMBS/008885753,IC,2016-02-29T18:33:00,2016-02-29T18:33:00,0,0
http://irail.be/vehicle/IC938,http://irail.be/stations/NMBS/008885704,IC,2016-02-29T18:37:00,2016-02-29T18:37:00,0,766
http://irail.be/vehicle/IC938,http://irail.be/stations/NMBS/008863008,IC,2016-07-22T16:38:00,2016-07-22T16:38:00,4,
http://irail.be/vehicle/IC938,http://irail.be/stations/NMBS/008861119,IC,2016-07-22T16:41:00,2016-07-22T16:41:00,29,29
http://irail.be/vehicle/IC938,http://irail.be/stations/NMBS/008861127,IC,2016-07-22T16:43:00,2016-07-22T16:43:00,-22,-22
http://irail.be/vehicle/IC938,http://irail.be/stations/NMBS/008861135,IC,2016-07-22T16:46:00,2016-07-22T16:46:00,-58,-58
http://irail.be/vehicle/IC938,http://irail.be/stations/NMBS/008861143,IC,2016-07-22T16:49:00,2016-07-22T16:49:00,-147,-147
http://irail.be/vehicle/IC938,http://irail.be/stations/NMBS/008861150,IC,2016-07-22T16:51:00,2016-07-22T16:51:00,-147,-147
http://irail.be/vehicle/IC938,NO-URI,IC,2016-07-22T16:51:00,2016-07-22T16:51:00,-114,-114
http://irail.be/vehicle/IC938,http://irail.be/stations/NMBS/008861168,IC,2016-07-22T16:52:00,2016-07-22T16:52:00,-114,-114
http://irail.be/vehicle/IC938,http://irail.be/stations/NMBS/008874724,IC,2016-07-22T16:52:00,2016-07-22T16:52:00,-109,-109
http://irail.be/vehicle/IC938,NO-URI,IC,2016-07-22T16:54:00,2016-07-22T16:54:00,-202,-202
http://irail.be/vehicle/IC938,http://irail.be/stations/NMBS/008874716,IC,2016-07-22T16:55:00,2016-07-22T16:55:00,-121,-121
http://irail.be/vehicle/IC938,http://irail.be/stations/NMBS/008874609,IC,2016-07-22T16:58:00,2016-07-22T16:57:00,103,37
http://irail.be/vehicle/IC938,http://irail.be/stations/NMBS/008874583,IC,2016-07-22T17:00:00,2016-07-22T17:00:00,103,103
http://irail.be/vehicle/IC938,http://irail.be/stations/NMBS/008874567,IC,2016-07-22T17:01:00,2016-07-22T17:01:00,103,103
http://irail.be/vehicle/IC938,http://irail.be/stations/NMBS/008874559,IC,2016-07-22T17:02:00,2016-07-22T17:02:00,78,78
http://irail.be/vehicle/IC938,NO-URI,IC,2016-07-22T17:03:00,2016-07-22T17:03:00,78,78
http://irail.be/vehicle/IC938,http://irail.be/stations/NMBS/008874005,IC,2016-07-22T17:03:00,2016-07-22T17:03:00,396,396
http://irail.be/vehicle/IC938,http://irail.be/stations/NMBS/008874054,IC,2016-07-22T17:06:00,2016-07-22T17:06:00,372,372
http://irail.be/vehicle/IC938,http://irail.be/stations/NMBS/008872009,IC,2016-07-22T17:11:00,2016-07-22T17:08:00,363,438
http://irail.be/vehicle/IC938,http://irail.be/stations/NMBS/008871100,IC,2016-07-22T17:15:00,2016-07-22T17:15:00,348,348
http://irail.be/vehicle/IC938,http://irail.be/stations/NMBS/008871514,IC,2016-07-22T17:19:00,2016-07-22T17:19:00,348,348
http://irail.be/vehicle/IC938,http://irail.be/stations/NMBS/008871415,IC,2016-07-22T17:20:00,2016-07-22T17:20:00,328,328
http://irail.be/vehicle/IC938,http://irail.be/stations/NMBS/008882248,IC,2016-07-22T17:22:00,2016-07-22T17:22:00,328,328
http://irail.be/vehicle/IC938,http://irail.be/stations/NMBS/008882230,IC,2016-07-22T17:23:00,2016-07-22T17:23:00,328,328
http://irail.be/vehicle/IC938,http://irail.be/stations/NMBS/008882206,IC,2016-07-22T17:28:00,2016-07-22T17:27:00,646,641
http://irail.be/vehicle/IC938,http://irail.be/stations/NMBS/008881463,IC,2016-07-22T17:32:00,2016-07-22T17:32:00,642,642
http://irail.be/vehicle/IC938,http://irail.be/stations/NMBS/008881455,IC,2016-07-22T17:33:00,2016-07-22T17:33:00,642,642
http://irail.be/vehicle/IC938,http://irail.be/stations/NMBS/008881430,IC,2016-07-22T17:35:00,2016-07-22T17:35:00,642,642
http://irail.be/vehicle/IC938,NO-URI,IC,2016-07-22T17:36:00,2016-07-22T17:36:00,629,629
http://irail.be/vehicle/IC938,http://irail.be/stations/NMBS/008881406,IC,2016-07-22T17:37:00,2016-07-22T17:37:00,569,569
http://irail.be/vehicle/IC938,http://irail.be/stations/NMBS/008881315,IC,2016-07-22T17:39:00,2016-07-22T17:39:00,569,569
http://irail.be/vehicle/IC938,http://irail.be/stations/NMBS/008881000,IC,2016-07-22T17:45:00,2016-07-22T17:42:00,513,615
http://irail.be/vehicle/IC938,http://irail.be/stations/NMBS/008884566,IC,2016-07-22T17:50:00,2016-07-22T17:50:00,455,455
http://irail.be/vehicle/IC938,http://irail.be/stations/NMBS/008884541,IC,2016-07-22T17:51:00,2016-07-22T17:51:00,455,455
http://irail.be/vehicle/IC938,http://irail.be/stations/NMBS/008884004,IC,2016-07-22T17:54:00,2016-07-22T17:53:00,465,473
http://irail.be/vehicle/IC938,http://irail.be/stations/NMBS/008884632,IC,2016-07-22T17:59:00,2016-07-22T17:59:00,465,465
http://irail.be/vehicle/IC938,http://irail.be/stations/NMBS/008884640,IC,2016-07-22T18:00:00,2016-07-22T18:00:00,465,465
http://irail.be/vehicle/IC938,http://irail.be/stations/NMBS/008884715,IC,2016-07-22T18:01:00,2016-07-22T18:01:00,459,459
http://irail.be/vehicle/IC938,http://irail.be/stations/NMBS/008884855,IC,2016-07-22T18:04:00,2016-07-22T18:04:00,459,459
http://irail.be/vehicle/IC938,http://irail.be/stations/NMBS/008884889,IC,2016-07-22T18:06:00,2016-07-22T18:06:00,459,459
http://irail.be/vehicle/IC938,http://irail.be/stations/NMBS/008885530,IC,2016-07-22T18:08:00,2016-07-22T18:08:00,399,399
http://irail.be/vehicle/IC938,http://irail.be/stations/NMBS/008885522,IC,2016-07-22T18:09:00,2016-07-22T18:09:00,450,450
http://irail.be/vehicle/IC938,http://irail.be/stations/NMBS/008885001,IC,2016-07-22T18:19:00,2016-07-22T18:15:00,439,437
http://irail.be/vehicle/IC938,http://irail.be/stations/NMBS/008885068,IC,2016-07-22T18:23:00,2016-07-22T18:23:00,536,504
http://irail.be/vehicle/IC938,http://irail.be/stations/NMBS/008885753,IC,2016-07-22T18:33:00,2016-07-22T18:33:00,356,356
http://irail.be/vehicle/IC938,http://irail.be/stations/NMBS/008885704,IC,2016-07-22T18:37:00,2016-07-22T18:37:00,,473
http://irail.be/vehicle/IC938,http://irail.be/stations/NMBS/008863008,IC,2016-09-16T16:38:00,2016-09-16T16:38:00,56,
http://irail.be/vehicle/IC938,http://irail.be/stations/NMBS/008861119,IC,2016-09-16T16:41:00,2016-09-16T16:41:00,108,108
http://irail.be/vehicle/IC938,http://irail.be/stations/NMBS/008861127,IC,2016-09-16T16:43:00,2016-09-16T16:43:00,63,63
http://irail.be/vehicle/IC938,http://irail.be/stations/NMBS/008861135,IC,2016-09-16T16:46:00,2016-09-16T16:46:00,29,29
http://irail.be/vehicle/IC938,http://irail.be/stations/NMBS/008861143,IC,2016-09-16T16:49:00,2016-09-16T16:49:00,-56,-56
http://irail.be/vehicle/IC938,http://irail.be/stations/NMBS/008861150,IC,2016-09-16T16:51:00,2016-09-16T16:51:00,-56,-56
http://irail.be/vehicle/IC938,NO-URI,IC,2016-09-16T16:51:00,2016-09-16T16:51:00,13,13
http://irail.be/vehicle/IC938,http://irail.be/stations/NMBS/008861168,IC,2016-09-16T16:52:00,2016-09-16T16:52:00,13,13
http://irail.be/vehicle/IC938,http://irail.be/stations/NMBS/008874724,IC,2016-09-16T16:52:00,2016-09-16T16:52:00,26,26
http://irail.be/vehicle/IC938,NO-URI,IC,2016-09-16T16:54:00,2016-09-16T16:54:00,-68,-68
http://irail.be/vehicle/IC938,http://irail.be/stations/NMBS/008874716,IC,2016-09-16T16:55:00,2016-09-16T16:55:00,23,23
http://irail.be/vehicle/IC938,http://irail.be/stations/NMBS/008874609,IC,2016-09-16T16:58:00,2016-09-16T16:57:00,75,66
http://irail.be/vehicle/IC938,http://irail.be/stations/NMBS/008874583,IC,2016-09-16T17:00:00,2016-09-16T17:00:00,75,75
http://irail.be/vehicle/IC938,http://irail.be/stations/NMBS/008874567,IC,2016-09-16T17:01:00,2016-09-16T17:01:00,75,75
http://irail.be/vehicle/IC938,http://irail.be/stations/NMBS/008874559,IC,2016-09-16T17:02:00,2016-09-16T17:02:00,49,49
http://irail.be/vehicle/IC938,NO-URI,IC,2016-09-16T17:03:00,2016-09-16T17:03:00,49,49
http://irail.be/vehicle/IC938,http://irail.be/stations/NMBS/008874005,IC,2016-09-16T17:03:00,2016-09-16T17:03:00,59,59
http://irail.be/vehicle/IC938,http://irail.be/stations/NMBS/008874054,IC,2016-09-16T17:06:00,2016-09-16T17:06:00,16,16
http://irail.be/vehicle/IC938,http://irail.be/stations/NMBS/008872009,IC,2016-09-16T17:11:00,2016-09-16T17:08:00,25,58
http://irail.be/vehicle/IC938,http://irail.be/stations/NMBS/008871100,IC,2016-09-16T17:15:00,2016-09-16T17:15:00,143,143
http://irail.be/vehicle/IC938,http://irail.be/stations/NMBS/008871514,IC,2016-09-16T17:19:00,2016-09-16T17:19:00,142,142
http://irail.be/vehicle/IC938,http://irail.be/stations/NMBS/008871415,IC,2016-09-16T17:20:00,2016-09-16T17:20:00,110,110
http://irail.be/vehicle/IC938,http://irail.be/stations/NMBS/008882248,IC,2016-09-16T17:22:00,2016-09-16T17:22:00,110,110
http://irail.be/vehicle/IC938,http://irail.be/stations/NMBS/008882230,IC,2016-09-16T17:23:00,2016-09-16T17:23:00,110,110
http://irail.be/vehicle/IC938,http://irail.be/stations/NMBS/008882206,IC,2016-09-16T17:28:00,2016-09-16T17:27:00,106,79
http://irail.be/vehicle/IC938,http://irail.be/stations/NMBS/008881463,IC,2016-09-16T17:32:00,2016-09-16T17:32:00,111,111
http://irail.be/vehicle/IC938,http://irail.be/stations/NMBS/008881455,IC,2016-09-16T17:33:00,2016-09-16T17:33:00,111,111
http://irail.be/vehicle/IC938,http://irail.be/stations/NMBS/008881430,IC,2016-09-16T17:35:00,2016-09-16T17:35:00,111,111
http://irail.be/vehicle/IC938,NO-URI,IC,2016-09-16T17:36:00,2016-09-16T17:36:00,107,107
http://irail.be/vehicle/IC938,http://irail.be/stations/NMBS/008881406,IC,2016-09-16T17:37:00,2016-09-16T17:37:00,47,47
http://irail.be/vehicle/IC938,http://irail.be/stations/NMBS/008881315,IC,2016-09-16T17:39:00,2016-09-16T17:39:00,47,47
http://irail.be/vehicle/IC938,http://irail.be/stations/NMBS/008881000,IC,2016-09-16T17:45:00,2016-09-16T17:42:00,96,159
http://irail.be/vehicle/IC938,http://irail.be/stations/NMBS/008884566,IC,2016-09-16T17:50:00,2016-09-16T17:50:00,44,44
http://irail.be/vehicle/IC938,http://irail.be/stations/NMBS/008884541,IC,2016-09-16T17:51:00,2016-09-16T17:51:00,42,42
http://irail.be/vehicle/IC938,http://irail.be/stations/NMBS/008884004,IC,2016-09-16T17:54:00,2016-09-16T17:53:00,84,55
http://irail.be/vehicle/IC938,http://irail.be/stations/NMBS/008884632,IC,2016-09-16T17:59:00,2016-09-16T17:59:00,84,84
http://irail.be/vehicle/IC938,http://irail.be/stations/NMBS/008884640,IC,2016-09-16T18:00:00,2016-09-16T18:00:00,84,84
http://irail.be/vehicle/IC938,http://irail.be/stations/NMBS/008884715,IC,2016-09-16T18:01:00,2016-09-16T18:01:00,95,95
http://irail.be/vehicle/IC938,http://irail.be/stations/NMBS/008884855,IC,2016-09-16T18:04:00,2016-09-16T18:04:00,95,95
http://irail.be/vehicle/IC938,http://irail.be/stations/NMBS/008884889,IC,2016-09-16T18:06:00,2016-09-16T18:06:00,95,95
http://irail.be/vehicle/IC938,http://irail.be/stations/NMBS/008885530,IC,2016-09-16T18:08:00,2016-09-16T18:08:00,35,35
http://irail.be/vehicle/IC938,http://irail.be/stations/NMBS/008885522,IC,2016-09-16T18:09:00,2016-09-16T18:09:00,174,174
http://irail.be/vehicle/IC938,http://irail.be/stations/NMBS/008885001,IC,2016-09-16T18:19:00,2016-09-16T18:15:00,156,194
http://irail.be/vehicle/IC938,http://irail.be/stations/NMBS/008885068,IC,2016-09-16T18:23:00,2016-09-16T18:23:00,150,128
http://irail.be/vehicle/IC938,http://irail.be/stations/NMBS/008885753,IC,2016-09-16T18:33:00,2016-09-16T18:33:00,0,-30
http://irail.be/vehicle/IC938,http://irail.be/stations/NMBS/008885704,IC,2016-09-16T18:37:00,2016-09-16T18:37:00,,165
http://irail.be/vehicle/IC938,http://irail.be/stations/NMBS/008863008,IC,2016-07-07T16:38:00,2016-07-07T16:38:00,25,
http://irail.be/vehicle/IC938,http://irail.be/stations/NMBS/008861119,IC,2016-07-07T16:41:00,2016-07-07T16:41:00,96,96
http://irail.be/vehicle/IC938,http://irail.be/stations/NMBS/008861127,IC,2016-07-07T16:43:00,2016-07-07T16:43:00,68,68
http://irail.be/vehicle/IC938,http://irail.be/stations/NMBS/008861135,IC,2016-07-07T16:46:00,2016-07-07T16:46:00,34,34
http://irail.be/vehicle/IC938,http://irail.be/stations/NMBS/008861143,IC,2016-07-07T16:49:00,2016-07-07T16:49:00,-56,-56
http://irail.be/vehicle/IC938,http://irail.be/stations/NMBS/008861150,IC,2016-07-07T16:51:00,2016-07-07T16:51:00,-56,-56
http://irail.be/vehicle/IC938,NO-URI,IC,2016-07-07T16:51:00,2016-07-07T16:51:00,14,14
http://irail.be/vehicle/IC938,http://irail.be/stations/NMBS/008861168,IC,2016-07-07T16:52:00,2016-07-07T16:52:00,14,14
http://irail.be/vehicle/IC938,http://irail.be/stations/NMBS/008874724,IC,2016-07-07T16:52:00,2016-07-07T16:52:00,57,57
http://irail.be/vehicle/IC938,NO-URI,IC,2016-07-07T16:54:00,2016-07-07T16:54:00,-13,-13
http://irail.be/vehicle/IC938,http://irail.be/stations/NMBS/008874716,IC,2016-07-07T16:55:00,2016-07-07T16:55:00,73,73
http://irail.be/vehicle/IC938,http://irail.be/stations/NMBS/008874609,IC,2016-07-07T16:58:00,2016-07-07T16:57:00,129,127
http://irail.be/vehicle/IC938,http://irail.be/stations/NMBS/008874583,IC,2016-07-07T17:00:00,2016-07-07T17:00:00,129,129
http://irail.be/vehicle/IC938,http://irail.be/stations/NMBS/008874567,IC,2016-07-07T17:01:00,2016-07-07T17:01:00,129,129
http://irail.be/vehicle/IC938,http://irail.be/stations/NMBS/008874559,IC,2016-07-07T17:02:00,2016-07-07T17:02:00,102,102
http://irail.be/vehicle/IC938,NO-URI,IC,2016-07-07T17:03:00,2016-07-07T17:03:00,102,102
http://irail.be/vehicle/IC938,http://irail.be/stations/NMBS/008874005,IC,2016-07-07T17:03:00,2016-07-07T17:03:00,120,120
http://irail.be/vehicle/IC938,http://irail.be/stations/NMBS/008874054,IC,2016-07-07T17:06:00,2016-07-07T17:06:00,103,103
http://irail.be/vehicle/IC938,http://irail.be/stations/NMBS/008872009,IC,2016-07-07T17:11:00,2016-07-07T17:08:00,115,149
http://irail.be/vehicle/IC938,http://irail.be/stations/NMBS/008871100,IC,2016-07-07T17:15:00,2016-07-07T17:15:00,113,113
http://irail.be/vehicle/IC938,http://irail.be/stations/NMBS/008871514,IC,2016-07-07T17:19:00,2016-07-07T17:19:00,108,108
http://irail.be/vehicle/IC938,http://irail.be/stations/NMBS/008871415,IC,2016-07-07T17:20:00,2016-07-07T17:20:00,89,89
http://irail.be/vehicle/IC938,http://irail.be/stations/NMBS/008882248,IC,2016-07-07T17:22:00,2016-07-07T17:22:00,89,89
http://irail.be/vehicle/IC938,http://irail.be/stations/NMBS/008882230,IC,2016-07-07T17:23:00,2016-07-07T17:23:00,89,89
http://irail.be/vehicle/IC938,http://irail.be/stations/NMBS/008882206,IC,2016-07-07T17:28:00,2016-07-07T17:27:00,92,46
http://irail.be/vehicle/IC938,http://irail.be/stations/NMBS/008881463,IC,2016-07-07T17:32:00,2016-07-07T17:32:00,92,92
http://irail.be/vehicle/IC938,http://irail.be/stations/NMBS/008881455,IC,2016-07-07T17:33:00,2016-07-07T17:33:00,92,92
http://irail.be/vehicle/IC938,http://irail.be/stations/NMBS/008881430,IC,2016-07-07T17:35:00,2016-07-07T17:35:00,92,92
http://irail.be/vehicle/IC938,NO-URI,IC,2016-07-07T17:36:00,2016-07-07T17:36:00,89,89
http://irail.be/vehicle/IC938,http://irail.be/stations/NMBS/008881406,IC,2016-07-07T17:37:00,2016-07-07T17:37:00,29,29
http://irail.be/vehicle/IC938,http://irail.be/stations/NMBS/008881315,IC,2016-07-07T17:39:00,2016-07-07T17:39:00,29,29
http://irail.be/vehicle/IC938,http://irail.be/stations/NMBS/008881000,IC,2016-07-07T17:45:00,2016-07-07T17:42:00,210,259
http://irail.be/vehicle/IC938,http://irail.be/stations/NMBS/008884566,IC,2016-07-07T17:50:00,2016-07-07T17:50:00,148,148
http://irail.be/vehicle/IC938,http://irail.be/stations/NMBS/008884541,IC,2016-07-07T17:51:00,2016-07-07T17:51:00,135,135
http://irail.be/vehicle/IC938,http://irail.be/stations/NMBS/008884004,IC,2016-07-07T17:54:00,2016-07-07T17:53:00,166,145
http://irail.be/vehicle/IC938,http://irail.be/stations/NMBS/008884632,IC,2016-07-07T17:59:00,2016-07-07T17:59:00,166,166
http://irail.be/vehicle/IC938,http://irail.be/stations/NMBS/008884640,IC,2016-07-07T18:00:00,2016-07-07T18:00:00,166,166
http://irail.be/vehicle/IC938,http://irail.be/stations/NMBS/008884715,IC,2016-07-07T18:01:00,2016-07-07T18:01:00,134,134
http://irail.be/vehicle/IC938,http://irail.be/stations/NMBS/008884855,IC,2016-07-07T18:04:00,2016-07-07T18:04:00,134,134
http://irail.be/vehicle/IC938,http://irail.be/stations/NMBS/008884889,IC,2016-07-07T18:06:00,2016-07-07T18:06:00,134,134
http://irail.be/vehicle/IC938,http://irail.be/stations/NMBS/008885530,IC,2016-07-07T18:08:00,2016-07-07T18:08:00,74,74
http://irail.be/vehicle/IC938,http://irail.be/stations/NMBS/008885522,IC,2016-07-07T18:09:00,2016-07-07T18:09:00,205,205
http://irail.be/vehicle/IC938,http://irail.be/stations/NMBS/008885001,IC,2016-07-07T18:19:00,2016-07-07T18:15:00,11,145
http://irail.be/vehicle/IC938,http://irail.be/stations/NMBS/008885068,IC,2016-07-07T18:23:00,2016-07-07T18:23:00,-2,-42
http://irail.be/vehicle/IC938,http://irail.be/stations/NMBS/008885753,IC,2016-07-07T18:33:00,2016-07-07T18:33:00,0,-2
http://irail.be/vehicle/IC938,http://irail.be/stations/NMBS/008885704,IC,2016-07-07T18:37:00,2016-07-07T18:37:00,,14
http://irail.be/vehicle/IC938,http://irail.be/stations/NMBS/008863008,IC,2016-03-30T16:38:00,2016-03-30T16:38:00,0,0
http://irail.be/vehicle/IC938,http://irail.be/stations/NMBS/008861119,IC,2016-03-30T16:41:00,2016-03-30T16:41:00,0,0
http://irail.be/vehicle/IC938,http://irail.be/stations/NMBS/008861127,IC,2016-03-30T16:43:00,2016-03-30T16:43:00,0,0
http://irail.be/vehicle/IC938,http://irail.be/stations/NMBS/008861135,IC,2016-03-30T16:46:00,2016-03-30T16:46:00,0,0
http://irail.be/vehicle/IC938,http://irail.be/stations/NMBS/008861143,IC,2016-03-30T16:49:00,2016-03-30T16:49:00,0,0
http://irail.be/vehicle/IC938,http://irail.be/stations/NMBS/008861150,IC,2016-03-30T16:51:00,2016-03-30T16:51:00,0,0
http://irail.be/vehicle/IC938,NO-URI,IC,2016-03-30T16:51:00,2016-03-30T16:51:00,0,0
http://irail.be/vehicle/IC938,http://irail.be/stations/NMBS/008861168,IC,2016-03-30T16:52:00,2016-03-30T16:52:00,0,0
http://irail.be/vehicle/IC938,http://irail.be/stations/NMBS/008874724,IC,2016-03-30T16:52:00,2016-03-30T16:52:00,0,0
http://irail.be/vehicle/IC938,NO-URI,IC,2016-03-30T16:54:00,2016-03-30T16:54:00,0,0
http://irail.be/vehicle/IC938,http://irail.be/stations/NMBS/008874716,IC,2016-03-30T16:55:00,2016-03-30T16:55:00,0,0
http://irail.be/vehicle/IC938,http://irail.be/stations/NMBS/008874609,IC,2016-03-30T16:58:00,2016-03-30T16:57:00,1772,0
http://irail.be/vehicle/IC938,http://irail.be/stations/NMBS/008874583,IC,2016-03-30T17:00:00,2016-03-30T17:00:00,1772,1772
http://irail.be/vehicle/IC938,http://irail.be/stations/NMBS/008874567,IC,2016-03-30T17:01:00,2016-03-30T17:01:00,1772,1772
http://irail.be/vehicle/IC938,http://irail.be/stations/NMBS/008874559,IC,2016-03-30T17:02:00,2016-03-30T17:02:00,2033,2033
http://irail.be/vehicle/IC938,http://irail.be/stations/NMBS/008874005,IC,2016-03-30T17:03:00,2016-03-30T17:03:00,2201,2159
http://irail.be/vehicle/IC938,http://irail.be/stations/NMBS/008874054,IC,2016-03-30T17:06:00,2016-03-30T17:06:00,2171,2161
http://irail.be/vehicle/IC938,http://irail.be/stations/NMBS/008872009,IC,2016-03-30T17:11:00,2016-03-30T17:08:00,2159,2253
http://irail.be/vehicle/IC938,http://irail.be/stations/NMBS/008871100,IC,2016-03-30T17:15:00,2016-03-30T17:15:00,2167,2112
http://irail.be/vehicle/IC938,http://irail.be/stations/NMBS/008871514,IC,2016-03-30T17:19:00,2016-03-30T17:19:00,2198,2198
http://irail.be/vehicle/IC938,http://irail.be/stations/NMBS/008871415,IC,2016-03-30T17:20:00,2016-03-30T17:20:00,2199,2195
http://irail.be/vehicle/IC938,http://irail.be/stations/NMBS/008882248,IC,2016-03-30T17:22:00,2016-03-30T17:22:00,2199,2199
http://irail.be/vehicle/IC938,http://irail.be/stations/NMBS/008882230,IC,2016-03-30T17:23:00,2016-03-30T17:23:00,2199,2199
http://irail.be/vehicle/IC938,http://irail.be/stations/NMBS/008882206,IC,2016-03-30T17:28:00,2016-03-30T17:27:00,2295,2305
http://irail.be/vehicle/IC938,http://irail.be/stations/NMBS/008881463,IC,2016-03-30T17:32:00,2016-03-30T17:32:00,2318,2318
http://irail.be/vehicle/IC938,http://irail.be/stations/NMBS/008881455,IC,2016-03-30T17:33:00,2016-03-30T17:33:00,2318,2318
http://irail.be/vehicle/IC938,http://irail.be/stations/NMBS/008881430,IC,2016-03-30T17:35:00,2016-03-30T17:35:00,2318,2318
http://irail.be/vehicle/IC938,NO-URI,IC,2016-03-30T17:36:00,2016-03-30T17:36:00,2321,2316
http://irail.be/vehicle/IC938,http://irail.be/stations/NMBS/008881406,IC,2016-03-30T17:37:00,2016-03-30T17:37:00,2261,2261
http://irail.be/vehicle/IC938,http://irail.be/stations/NMBS/008881315,IC,2016-03-30T17:39:00,2016-03-30T17:39:00,2261,2261
http://irail.be/vehicle/IC938,http://irail.be/stations/NMBS/008881000,IC,2016-03-30T17:45:00,2016-03-30T17:42:00,2363,2374
http://irail.be/vehicle/IC938,http://irail.be/stations/NMBS/008884566,IC,2016-03-30T17:50:00,2016-03-30T17:50:00,2298,2303
http://irail.be/vehicle/IC938,http://irail.be/stations/NMBS/008884541,IC,2016-03-30T17:51:00,2016-03-30T17:51:00,2285,2285
http://irail.be/vehicle/IC938,http://irail.be/stations/NMBS/008884004,IC,2016-03-30T17:54:00,2016-03-30T17:53:00,2272,2287
http://irail.be/vehicle/IC938,http://irail.be/stations/NMBS/008884632,IC,2016-03-30T17:59:00,2016-03-30T17:59:00,2272,2272
http://irail.be/vehicle/IC938,http://irail.be/stations/NMBS/008884640,IC,2016-03-30T18:00:00,2016-03-30T18:00:00,2272,2272
http://irail.be/vehicle/IC938,http://irail.be/stations/NMBS/008884715,IC,2016-03-30T18:01:00,2016-03-30T18:01:00,2266,2258
http://irail.be/vehicle/IC938,http://irail.be/stations/NMBS/008884855,IC,2016-03-30T18:04:00,2016-03-30T18:04:00,2266,2266
http://irail.be/vehicle/IC938,http://irail.be/stations/NMBS/008884889,IC,2016-03-30T18:06:00,2016-03-30T18:06:00,2266,2266
http://irail.be/vehicle/IC938,http://irail.be/stations/NMBS/008885530,IC,2016-03-30T18:08:00,2016-03-30T18:08:00,2206,2206
http://irail.be/vehicle/IC938,http://irail.be/stations/NMBS/008885522,IC,2016-03-30T18:09:00,2016-03-30T18:09:00,2278,2263
http://irail.be/vehicle/IC938,http://irail.be/stations/NMBS/008885001,IC,2016-03-30T18:15:00,2016-03-30T18:15:00,1658,3280
http://irail.be/vehicle/IC938,http://irail.be/stations/NMBS/008863008,IC,2016-05-11T16:38:00,2016-05-11T16:38:00,20,0
http://irail.be/vehicle/IC938,http://irail.be/stations/NMBS/008861119,IC,2016-05-11T16:41:00,2016-05-11T16:41:00,68,68
http://irail.be/vehicle/IC938,http://irail.be/stations/NMBS/008861127,IC,2016-05-11T16:43:00,2016-05-11T16:43:00,24,4
http://irail.be/vehicle/IC938,http://irail.be/stations/NMBS/008861135,IC,2016-05-11T16:46:00,2016-05-11T16:46:00,29,24
http://irail.be/vehicle/IC938,http://irail.be/stations/NMBS/008861143,IC,2016-05-11T16:49:00,2016-05-11T16:49:00,-42,-42
http://irail.be/vehicle/IC938,http://irail.be/stations/NMBS/008861150,IC,2016-05-11T16:51:00,2016-05-11T16:51:00,-42,-42
http://irail.be/vehicle/IC938,NO-URI,IC,2016-05-11T16:51:00,2016-05-11T16:51:00,15,9
http://irail.be/vehicle/IC938,http://irail.be/stations/NMBS/008861168,IC,2016-05-11T16:52:00,2016-05-11T16:52:00,15,15
http://irail.be/vehicle/IC938,http://irail.be/stations/NMBS/008874724,IC,2016-05-11T16:52:00,2016-05-11T16:52:00,30,15
http://irail.be/vehicle/IC938,NO-URI,IC,2016-05-11T16:54:00,2016-05-11T16:54:00,-58,-67
http://irail.be/vehicle/IC938,http://irail.be/stations/NMBS/008874716,IC,2016-05-11T16:55:00,2016-05-11T16:55:00,-27,-27
http://irail.be/vehicle/IC938,http://irail.be/stations/NMBS/008874609,IC,2016-05-11T16:58:00,2016-05-11T16:57:00,120,117
http://irail.be/vehicle/IC938,http://irail.be/stations/NMBS/008874583,IC,2016-05-11T17:00:00,2016-05-11T17:00:00,120,120
http://irail.be/vehicle/IC938,http://irail.be/stations/NMBS/008874567,IC,2016-05-11T17:01:00,2016-05-11T17:01:00,120,120
http://irail.be/vehicle/IC938,http://irail.be/stations/NMBS/008874559,IC,2016-05-11T17:02:00,2016-05-11T17:02:00,91,91
http://irail.be/vehicle/IC938,http://irail.be/stations/NMBS/008874005,IC,2016-05-11T17:03:00,2016-05-11T17:03:00,101,97
http://irail.be/vehicle/IC938,http://irail.be/stations/NMBS/008874054,IC,2016-05-11T17:06:00,2016-05-11T17:06:00,77,49
http://irail.be/vehicle/IC938,http://irail.be/stations/NMBS/008872009,IC,2016-05-11T17:11:00,2016-05-11T17:08:00,106,167
http://irail.be/vehicle/IC938,http://irail.be/stations/NMBS/008871100,IC,2016-05-11T17:15:00,2016-05-11T17:15:00,82,49
http://irail.be/vehicle/IC938,http://irail.be/stations/NMBS/008871514,IC,2016-05-11T17:19:00,2016-05-11T17:19:00,78,78
http://irail.be/vehicle/IC938,http://irail.be/stations/NMBS/008871415,IC,2016-05-11T17:20:00,2016-05-11T17:20:00,62,63
http://irail.be/vehicle/IC938,http://irail.be/stations/NMBS/008882248,IC,2016-05-11T17:22:00,2016-05-11T17:22:00,62,62
http://irail.be/vehicle/IC938,http://irail.be/stations/NMBS/008882230,IC,2016-05-11T17:23:00,2016-05-11T17:23:00,62,62
http://irail.be/vehicle/IC938,http://irail.be/stations/NMBS/008882206,IC,2016-05-11T17:28:00,2016-05-11T17:27:00,174,143
http://irail.be/vehicle/IC938,http://irail.be/stations/NMBS/008881463,IC,2016-05-11T17:32:00,2016-05-11T17:32:00,162,162
http://irail.be/vehicle/IC938,http://irail.be/stations/NMBS/008881455,IC,2016-05-11T17:33:00,2016-05-11T17:33:00,162,162
http://irail.be/vehicle/IC938,http://irail.be/stations/NMBS/008881430,IC,2016-05-11T17:35:00,2016-05-11T17:35:00,162,162
http://irail.be/vehicle/IC938,NO-URI,IC,2016-05-11T17:36:00,2016-05-11T17:36:00,198,166
http://irail.be/vehicle/IC938,http://irail.be/stations/NMBS/008881406,IC,2016-05-11T17:37:00,2016-05-11T17:37:00,138,138
http://irail.be/vehicle/IC938,http://irail.be/stations/NMBS/008881315,IC,2016-05-11T17:39:00,2016-05-11T17:39:00,138,138
http://irail.be/vehicle/IC938,http://irail.be/stations/NMBS/008881000,IC,2016-05-11T17:45:00,2016-05-11T17:42:00,123,182
http://irail.be/vehicle/IC938,http://irail.be/stations/NMBS/008884566,IC,2016-05-11T17:50:00,2016-05-11T17:50:00,68,63
http://irail.be/vehicle/IC938,http://irail.be/stations/NMBS/008884541,IC,2016-05-11T17:51:00,2016-05-11T17:51:00,59,59
http://irail.be/vehicle/IC938,http://irail.be/stations/NMBS/008884004,IC,2016-05-11T17:54:00,2016-05-11T17:53:00,110,76
http://irail.be/vehicle/IC938,http://irail.be/stations/NMBS/008884632,IC,2016-05-11T17:59:00,2016-05-11T17:59:00,110,110
http://irail.be/vehicle/IC938,http://irail.be/stations/NMBS/008884640,IC,2016-05-11T18:00:00,2016-05-11T18:00:00,110,110
http://irail.be/vehicle/IC938,http://irail.be/stations/NMBS/008884715,IC,2016-05-11T18:01:00,2016-05-11T18:01:00,105,98
http://irail.be/vehicle/IC938,http://irail.be/stations/NMBS/008884855,IC,2016-05-11T18:04:00,2016-05-11T18:04:00,105,105
http://irail.be/vehicle/IC938,http://irail.be/stations/NMBS/008884889,IC,2016-05-11T18:06:00,2016-05-11T18:06:00,105,105
http://irail.be/vehicle/IC938,http://irail.be/stations/NMBS/008885530,IC,2016-05-11T18:08:00,2016-05-11T18:08:00,45,45
http://irail.be/vehicle/IC938,http://irail.be/stations/NMBS/008885522,IC,2016-05-11T18:09:00,2016-05-11T18:09:00,243,162
http://irail.be/vehicle/IC938,http://irail.be/stations/NMBS/008885001,IC,2016-05-11T18:19:00,2016-05-11T18:15:00,347,241
http://irail.be/vehicle/IC938,http://irail.be/stations/NMBS/008885068,IC,2016-05-11T18:23:00,2016-05-11T18:23:00,362,322
http://irail.be/vehicle/IC938,http://irail.be/stations/NMBS/008885753,IC,2016-05-11T18:33:00,2016-05-11T18:33:00,182,182
http://irail.be/vehicle/IC938,http://irail.be/stations/NMBS/008885704,IC,2016-05-11T18:37:00,2016-05-11T18:37:00,0,343
http://irail.be/vehicle/IC938,http://irail.be/stations/NMBS/008863008,IC,2016-07-12T16:38:00,2016-07-12T16:38:00,15,
http://irail.be/vehicle/IC938,http://irail.be/stations/NMBS/008861119,IC,2016-07-12T16:41:00,2016-07-12T16:41:00,70,70
http://irail.be/vehicle/IC938,http://irail.be/stations/NMBS/008861127,IC,2016-07-12T16:43:00,2016-07-12T16:43:00,31,31
http://irail.be/vehicle/IC938,http://irail.be/stations/NMBS/008861135,IC,2016-07-12T16:46:00,2016-07-12T16:46:00,10,10
http://irail.be/vehicle/IC938,http://irail.be/stations/NMBS/008861143,IC,2016-07-12T16:49:00,2016-07-12T16:49:00,-74,-74
http://irail.be/vehicle/IC938,http://irail.be/stations/NMBS/008861150,IC,2016-07-12T16:51:00,2016-07-12T16:51:00,-74,-74
http://irail.be/vehicle/IC938,NO-URI,IC,2016-07-12T16:51:00,2016-07-12T16:51:00,117,117
http://irail.be/vehicle/IC938,http://irail.be/stations/NMBS/008861168,IC,2016-07-12T16:52:00,2016-07-12T16:52:00,117,117
http://irail.be/vehicle/IC938,http://irail.be/stations/NMBS/008874724,IC,2016-07-12T16:52:00,2016-07-12T16:52:00,162,162
http://irail.be/vehicle/IC938,NO-URI,IC,2016-07-12T16:54:00,2016-07-12T16:54:00,78,78
http://irail.be/vehicle/IC938,http://irail.be/stations/NMBS/008874716,IC,2016-07-12T16:55:00,2016-07-12T16:55:00,172,172
http://irail.be/vehicle/IC938,http://irail.be/stations/NMBS/008874609,IC,2016-07-12T16:58:00,2016-07-12T16:57:00,395,376
http://irail.be/vehicle/IC938,http://irail.be/stations/NMBS/008874583,IC,2016-07-12T17:00:00,2016-07-12T17:00:00,395,395
http://irail.be/vehicle/IC938,http://irail.be/stations/NMBS/008874567,IC,2016-07-12T17:01:00,2016-07-12T17:01:00,395,395
http://irail.be/vehicle/IC938,http://irail.be/stations/NMBS/008874559,IC,2016-07-12T17:02:00,2016-07-12T17:02:00,388,388
http://irail.be/vehicle/IC938,NO-URI,IC,2016-07-12T17:03:00,2016-07-12T17:03:00,388,388
http://irail.be/vehicle/IC938,http://irail.be/stations/NMBS/008874005,IC,2016-07-12T17:03:00,2016-07-12T17:03:00,405,405
http://irail.be/vehicle/IC938,http://irail.be/stations/NMBS/008874054,IC,2016-07-12T17:06:00,2016-07-12T17:06:00,365,365
http://irail.be/vehicle/IC938,http://irail.be/stations/NMBS/008872009,IC,2016-07-12T17:11:00,2016-07-12T17:08:00,321,384
http://irail.be/vehicle/IC938,http://irail.be/stations/NMBS/008871100,IC,2016-07-12T17:15:00,2016-07-12T17:15:00,332,332
http://irail.be/vehicle/IC938,http://irail.be/stations/NMBS/008871514,IC,2016-07-12T17:19:00,2016-07-12T17:19:00,334,334
http://irail.be/vehicle/IC938,http://irail.be/stations/NMBS/008871415,IC,2016-07-12T17:20:00,2016-07-12T17:20:00,554,554
http://irail.be/vehicle/IC938,http://irail.be/stations/NMBS/008882248,IC,2016-07-12T17:22:00,2016-07-12T17:22:00,554,554
http://irail.be/vehicle/IC938,http://irail.be/stations/NMBS/008882230,IC,2016-07-12T17:23:00,2016-07-12T17:23:00,554,554
http://irail.be/vehicle/IC938,http://irail.be/stations/NMBS/008882206,IC,2016-07-12T17:28:00,2016-07-12T17:27:00,795,775
http://irail.be/vehicle/IC938,http://irail.be/stations/NMBS/008881463,IC,2016-07-12T17:32:00,2016-07-12T17:32:00,802,802
http://irail.be/vehicle/IC938,http://irail.be/stations/NMBS/008881455,IC,2016-07-12T17:33:00,2016-07-12T17:33:00,802,802
http://irail.be/vehicle/IC938,http://irail.be/stations/NMBS/008881430,IC,2016-07-12T17:35:00,2016-07-12T17:35:00,802,802
http://irail.be/vehicle/IC938,NO-URI,IC,2016-07-12T17:36:00,2016-07-12T17:36:00,802,802
http://irail.be/vehicle/IC938,http://irail.be/stations/NMBS/008881406,IC,2016-07-12T17:37:00,2016-07-12T17:37:00,742,742
http://irail.be/vehicle/IC938,http://irail.be/stations/NMBS/008881315,IC,2016-07-12T17:39:00,2016-07-12T17:39:00,742,742
http://irail.be/vehicle/IC938,http://irail.be/stations/NMBS/008881000,IC,2016-07-12T17:45:00,2016-07-12T17:42:00,707,812
http://irail.be/vehicle/IC938,http://irail.be/stations/NMBS/008884566,IC,2016-07-12T17:50:00,2016-07-12T17:50:00,657,657
http://irail.be/vehicle/IC938,http://irail.be/stations/NMBS/008884541,IC,2016-07-12T17:51:00,2016-07-12T17:51:00,648,648
http://irail.be/vehicle/IC938,http://irail.be/stations/NMBS/008884004,IC,2016-07-12T17:54:00,2016-07-12T17:53:00,667,657
http://irail.be/vehicle/IC938,http://irail.be/stations/NMBS/008884632,IC,2016-07-12T17:59:00,2016-07-12T17:59:00,667,667
http://irail.be/vehicle/IC938,http://irail.be/stations/NMBS/008884640,IC,2016-07-12T18:00:00,2016-07-12T18:00:00,667,667
http://irail.be/vehicle/IC938,http://irail.be/stations/NMBS/008884715,IC,2016-07-12T18:01:00,2016-07-12T18:01:00,641,641
http://irail.be/vehicle/IC938,http://irail.be/stations/NMBS/008884855,IC,2016-07-12T18:04:00,2016-07-12T18:04:00,641,641
http://irail.be/vehicle/IC938,http://irail.be/stations/NMBS/008884889,IC,2016-07-12T18:06:00,2016-07-12T18:06:00,641,641
http://irail.be/vehicle/IC938,http://irail.be/stations/NMBS/008885530,IC,2016-07-12T18:08:00,2016-07-12T18:08:00,581,581
http://irail.be/vehicle/IC938,http://irail.be/stations/NMBS/008885522,IC,2016-07-12T18:09:00,2016-07-12T18:09:00,637,637
http://irail.be/vehicle/IC938,http://irail.be/stations/NMBS/008885001,IC,2016-07-12T18:19:00,2016-07-12T18:15:00,660,607
http://irail.be/vehicle/IC938,http://irail.be/stations/NMBS/008885068,IC,2016-07-12T18:23:00,2016-07-12T18:23:00,760,723
http://irail.be/vehicle/IC938,http://irail.be/stations/NMBS/008885753,IC,2016-07-12T18:33:00,2016-07-12T18:33:00,580,580
http://irail.be/vehicle/IC938,http://irail.be/stations/NMBS/008885704,IC,2016-07-12T18:37:00,2016-07-12T18:37:00,,752
http://irail.be/vehicle/IC938,http://irail.be/stations/NMBS/008863008,IC,2016-07-26T16:38:00,2016-07-26T16:38:00,19,
http://irail.be/vehicle/IC938,http://irail.be/stations/NMBS/008861119,IC,2016-07-26T16:41:00,2016-07-26T16:41:00,56,56
http://irail.be/vehicle/IC938,http://irail.be/stations/NMBS/008861127,IC,2016-07-26T16:43:00,2016-07-26T16:43:00,25,25
http://irail.be/vehicle/IC938,http://irail.be/stations/NMBS/008861135,IC,2016-07-26T16:46:00,2016-07-26T16:46:00,16,16
http://irail.be/vehicle/IC938,http://irail.be/stations/NMBS/008861143,IC,2016-07-26T16:49:00,2016-07-26T16:49:00,19,19
http://irail.be/vehicle/IC938,http://irail.be/stations/NMBS/008861150,IC,2016-07-26T16:51:00,2016-07-26T16:51:00,19,19
http://irail.be/vehicle/IC938,NO-URI,IC,2016-07-26T16:51:00,2016-07-26T16:51:00,124,124
http://irail.be/vehicle/IC938,http://irail.be/stations/NMBS/008861168,IC,2016-07-26T16:52:00,2016-07-26T16:52:00,124,124
http://irail.be/vehicle/IC938,http://irail.be/stations/NMBS/008874724,IC,2016-07-26T16:52:00,2016-07-26T16:52:00,147,147
http://irail.be/vehicle/IC938,NO-URI,IC,2016-07-26T16:54:00,2016-07-26T16:54:00,58,58
http://irail.be/vehicle/IC938,http://irail.be/stations/NMBS/008874716,IC,2016-07-26T16:55:00,2016-07-26T16:55:00,71,71
http://irail.be/vehicle/IC938,http://irail.be/stations/NMBS/008874609,IC,2016-07-26T16:58:00,2016-07-26T16:57:00,99,93
http://irail.be/vehicle/IC938,http://irail.be/stations/NMBS/008874583,IC,2016-07-26T17:00:00,2016-07-26T17:00:00,99,99
http://irail.be/vehicle/IC938,http://irail.be/stations/NMBS/008874567,IC,2016-07-26T17:01:00,2016-07-26T17:01:00,99,99
http://irail.be/vehicle/IC938,http://irail.be/stations/NMBS/008874559,IC,2016-07-26T17:02:00,2016-07-26T17:02:00,81,81
http://irail.be/vehicle/IC938,NO-URI,IC,2016-07-26T17:03:00,2016-07-26T17:03:00,81,81
http://irail.be/vehicle/IC938,http://irail.be/stations/NMBS/008874005,IC,2016-07-26T17:03:00,2016-07-26T17:03:00,99,99
http://irail.be/vehicle/IC938,http://irail.be/stations/NMBS/008874054,IC,2016-07-26T17:06:00,2016-07-26T17:06:00,60,60
http://irail.be/vehicle/IC938,http://irail.be/stations/NMBS/008872009,IC,2016-07-26T17:11:00,2016-07-26T17:08:00,57,126
http://irail.be/vehicle/IC938,http://irail.be/stations/NMBS/008871100,IC,2016-07-26T17:15:00,2016-07-26T17:15:00,42,42
http://irail.be/vehicle/IC938,http://irail.be/stations/NMBS/008871514,IC,2016-07-26T17:19:00,2016-07-26T17:19:00,38,38
http://irail.be/vehicle/IC938,http://irail.be/stations/NMBS/008871415,IC,2016-07-26T17:20:00,2016-07-26T17:20:00,42,42
http://irail.be/vehicle/IC938,http://irail.be/stations/NMBS/008882248,IC,2016-07-26T17:22:00,2016-07-26T17:22:00,42,42
http://irail.be/vehicle/IC938,http://irail.be/stations/NMBS/008882230,IC,2016-07-26T17:23:00,2016-07-26T17:23:00,42,42
http://irail.be/vehicle/IC938,http://irail.be/stations/NMBS/008882206,IC,2016-07-26T17:28:00,2016-07-26T17:27:00,9,-29
http://irail.be/vehicle/IC938,http://irail.be/stations/NMBS/008881463,IC,2016-07-26T17:32:00,2016-07-26T17:32:00,13,13
http://irail.be/vehicle/IC938,http://irail.be/stations/NMBS/008881455,IC,2016-07-26T17:33:00,2016-07-26T17:33:00,13,13
http://irail.be/vehicle/IC938,http://irail.be/stations/NMBS/008881430,IC,2016-07-26T17:35:00,2016-07-26T17:35:00,13,13
http://irail.be/vehicle/IC938,NO-URI,IC,2016-07-26T17:36:00,2016-07-26T17:36:00,-2,-2
http://irail.be/vehicle/IC938,http://irail.be/stations/NMBS/008881406,IC,2016-07-26T17:37:00,2016-07-26T17:37:00,-2,-2
http://irail.be/vehicle/IC938,http://irail.be/stations/NMBS/008881315,IC,2016-07-26T17:39:00,2016-07-26T17:39:00,-2,-2
http://irail.be/vehicle/IC938,http://irail.be/stations/NMBS/008881000,IC,2016-07-26T17:45:00,2016-07-26T17:42:00,100,6
http://irail.be/vehicle/IC938,http://irail.be/stations/NMBS/008884566,IC,2016-07-26T17:50:00,2016-07-26T17:50:00,17,17
http://irail.be/vehicle/IC938,http://irail.be/stations/NMBS/008884541,IC,2016-07-26T17:51:00,2016-07-26T17:51:00,4,4
http://irail.be/vehicle/IC938,http://irail.be/stations/NMBS/008884004,IC,2016-07-26T17:54:00,2016-07-26T17:53:00,8,9
http://irail.be/vehicle/IC938,http://irail.be/stations/NMBS/008884632,IC,2016-07-26T17:59:00,2016-07-26T17:59:00,8,8
http://irail.be/vehicle/IC938,http://irail.be/stations/NMBS/008884640,IC,2016-07-26T18:00:00,2016-07-26T18:00:00,8,8
http://irail.be/vehicle/IC938,http://irail.be/stations/NMBS/008884715,IC,2016-07-26T18:01:00,2016-07-26T18:01:00,-35,-35
http://irail.be/vehicle/IC938,http://irail.be/stations/NMBS/008884855,IC,2016-07-26T18:04:00,2016-07-26T18:04:00,-35,-35
http://irail.be/vehicle/IC938,http://irail.be/stations/NMBS/008884889,IC,2016-07-26T18:06:00,2016-07-26T18:06:00,-35,-35
http://irail.be/vehicle/IC938,http://irail.be/stations/NMBS/008885530,IC,2016-07-26T18:08:00,2016-07-26T18:08:00,-35,-35
http://irail.be/vehicle/IC938,http://irail.be/stations/NMBS/008885522,IC,2016-07-26T18:09:00,2016-07-26T18:09:00,-69,-69
http://irail.be/vehicle/IC938,http://irail.be/stations/NMBS/008885001,IC,2016-07-26T18:19:00,2016-07-26T18:15:00,24,-52
http://irail.be/vehicle/IC938,http://irail.be/stations/NMBS/008885068,IC,2016-07-26T18:23:00,2016-07-26T18:23:00,6,-23
http://irail.be/vehicle/IC938,http://irail.be/stations/NMBS/008885753,IC,2016-07-26T18:33:00,2016-07-26T18:33:00,0,-174
http://irail.be/vehicle/IC938,http://irail.be/stations/NMBS/008885704,IC,2016-07-26T18:37:00,2016-07-26T18:37:00,,130
http://irail.be/vehicle/IC938,http://irail.be/stations/NMBS/008863008,IC,2016-03-03T16:38:00,2016-03-03T16:38:00,26,0
http://irail.be/vehicle/IC938,http://irail.be/stations/NMBS/008861119,IC,2016-03-03T16:41:00,2016-03-03T16:41:00,67,67
http://irail.be/vehicle/IC938,http://irail.be/stations/NMBS/008861127,IC,2016-03-03T16:43:00,2016-03-03T16:43:00,19,2
http://irail.be/vehicle/IC938,http://irail.be/stations/NMBS/008861135,IC,2016-03-03T16:46:00,2016-03-03T16:46:00,-20,19
http://irail.be/vehicle/IC938,http://irail.be/stations/NMBS/008861143,IC,2016-03-03T16:49:00,2016-03-03T16:49:00,-108,-108
http://irail.be/vehicle/IC938,http://irail.be/stations/NMBS/008861150,IC,2016-03-03T16:51:00,2016-03-03T16:51:00,-108,-108
http://irail.be/vehicle/IC938,NO-URI,IC,2016-03-03T16:51:00,2016-03-03T16:51:00,-80,-83
http://irail.be/vehicle/IC938,http://irail.be/stations/NMBS/008861168,IC,2016-03-03T16:52:00,2016-03-03T16:52:00,-80,-80
http://irail.be/vehicle/IC938,http://irail.be/stations/NMBS/008874724,IC,2016-03-03T16:52:00,2016-03-03T16:52:00,-66,-80
http://irail.be/vehicle/IC938,NO-URI,IC,2016-03-03T16:54:00,2016-03-03T16:54:00,-153,-163
http://irail.be/vehicle/IC938,http://irail.be/stations/NMBS/008874716,IC,2016-03-03T16:55:00,2016-03-03T16:55:00,-70,-70
http://irail.be/vehicle/IC938,http://irail.be/stations/NMBS/008874609,IC,2016-03-03T16:58:00,2016-03-03T16:57:00,127,110
http://irail.be/vehicle/IC938,http://irail.be/stations/NMBS/008874583,IC,2016-03-03T17:00:00,2016-03-03T17:00:00,127,127
http://irail.be/vehicle/IC938,http://irail.be/stations/NMBS/008874567,IC,2016-03-03T17:01:00,2016-03-03T17:01:00,127,127
http://irail.be/vehicle/IC938,http://irail.be/stations/NMBS/008874559,IC,2016-03-03T17:02:00,2016-03-03T17:02:00,102,102
http://irail.be/vehicle/IC938,http://irail.be/stations/NMBS/008874005,IC,2016-03-03T17:03:00,2016-03-03T17:03:00,120,112
http://irail.be/vehicle/IC938,http://irail.be/stations/NMBS/008874054,IC,2016-03-03T17:06:00,2016-03-03T17:06:00,85,75
http://irail.be/vehicle/IC938,http://irail.be/stations/NMBS/008872009,IC,2016-03-03T17:11:00,2016-03-03T17:08:00,78,130
http://irail.be/vehicle/IC938,http://irail.be/stations/NMBS/008871100,IC,2016-03-03T17:15:00,2016-03-03T17:15:00,104,66
http://irail.be/vehicle/IC938,http://irail.be/stations/NMBS/008871514,IC,2016-03-03T17:19:00,2016-03-03T17:19:00,101,101
http://irail.be/vehicle/IC938,http://irail.be/stations/NMBS/008871415,IC,2016-03-03T17:20:00,2016-03-03T17:20:00,93,91
http://irail.be/vehicle/IC938,http://irail.be/stations/NMBS/008882248,IC,2016-03-03T17:22:00,2016-03-03T17:22:00,93,93
http://irail.be/vehicle/IC938,http://irail.be/stations/NMBS/008882230,IC,2016-03-03T17:23:00,2016-03-03T17:23:00,93,93
http://irail.be/vehicle/IC938,http://irail.be/stations/NMBS/008882206,IC,2016-03-03T17:28:00,2016-03-03T17:27:00,76,51
http://irail.be/vehicle/IC938,http://irail.be/stations/NMBS/008881463,IC,2016-03-03T17:32:00,2016-03-03T17:32:00,70,70
http://irail.be/vehicle/IC938,http://irail.be/stations/NMBS/008881455,IC,2016-03-03T17:33:00,2016-03-03T17:33:00,70,70
http://irail.be/vehicle/IC938,http://irail.be/stations/NMBS/008881430,IC,2016-03-03T17:35:00,2016-03-03T17:35:00,70,70
http://irail.be/vehicle/IC938,NO-URI,IC,2016-03-03T17:36:00,2016-03-03T17:36:00,62,61
http://irail.be/vehicle/IC938,http://irail.be/stations/NMBS/008881406,IC,2016-03-03T17:37:00,2016-03-03T17:37:00,2,2
http://irail.be/vehicle/IC938,http://irail.be/stations/NMBS/008881315,IC,2016-03-03T17:39:00,2016-03-03T17:39:00,2,2
http://irail.be/vehicle/IC938,http://irail.be/stations/NMBS/008881000,IC,2016-03-03T17:45:00,2016-03-03T17:42:00,82,139
http://irail.be/vehicle/IC938,http://irail.be/stations/NMBS/008884566,IC,2016-03-03T17:50:00,2016-03-03T17:50:00,18,22
http://irail.be/vehicle/IC938,http://irail.be/stations/NMBS/008884541,IC,2016-03-03T17:51:00,2016-03-03T17:51:00,5,5
http://irail.be/vehicle/IC938,http://irail.be/stations/NMBS/008884004,IC,2016-03-03T17:54:00,2016-03-03T17:53:00,72,-4
http://irail.be/vehicle/IC938,http://irail.be/stations/NMBS/008884632,IC,2016-03-03T17:59:00,2016-03-03T17:59:00,72,72
http://irail.be/vehicle/IC938,http://irail.be/stations/NMBS/008884640,IC,2016-03-03T18:00:00,2016-03-03T18:00:00,72,72
http://irail.be/vehicle/IC938,http://irail.be/stations/NMBS/008884715,IC,2016-03-03T18:01:00,2016-03-03T18:01:00,62,56
http://irail.be/vehicle/IC938,http://irail.be/stations/NMBS/008884855,IC,2016-03-03T18:04:00,2016-03-03T18:04:00,62,62
http://irail.be/vehicle/IC938,http://irail.be/stations/NMBS/008884889,IC,2016-03-03T18:06:00,2016-03-03T18:06:00,62,62
http://irail.be/vehicle/IC938,http://irail.be/stations/NMBS/008885530,IC,2016-03-03T18:08:00,2016-03-03T18:08:00,2,2
http://irail.be/vehicle/IC938,http://irail.be/stations/NMBS/008885522,IC,2016-03-03T18:09:00,2016-03-03T18:09:00,141,43
http://irail.be/vehicle/IC938,http://irail.be/stations/NMBS/008885001,IC,2016-03-03T18:19:00,2016-03-03T18:15:00,361,157
http://irail.be/vehicle/IC938,http://irail.be/stations/NMBS/008885068,IC,2016-03-03T18:23:00,2016-03-03T18:23:00,440,405
http://irail.be/vehicle/IC938,http://irail.be/stations/NMBS/008885753,IC,2016-03-03T18:33:00,2016-03-03T18:33:00,260,260
http://irail.be/vehicle/IC938,http://irail.be/stations/NMBS/008885704,IC,2016-03-03T18:37:00,2016-03-03T18:37:00,0,525
http://irail.be/vehicle/IC938,http://irail.be/stations/NMBS/008863008,IC,2016-02-10T16:38:00,2016-02-10T16:38:00,39,0
http://irail.be/vehicle/IC938,http://irail.be/stations/NMBS/008861119,IC,2016-02-10T16:41:00,2016-02-10T16:41:00,90,90
http://irail.be/vehicle/IC938,http://irail.be/stations/NMBS/008861127,IC,2016-02-10T16:43:00,2016-02-10T16:43:00,67,42
http://irail.be/vehicle/IC938,http://irail.be/stations/NMBS/008861135,IC,2016-02-10T16:46:00,2016-02-10T16:46:00,29,67
http://irail.be/vehicle/IC938,http://irail.be/stations/NMBS/008861143,IC,2016-02-10T16:49:00,2016-02-10T16:49:00,-62,-62
http://irail.be/vehicle/IC938,http://irail.be/stations/NMBS/008861150,IC,2016-02-10T16:51:00,2016-02-10T16:51:00,-62,-62
http://irail.be/vehicle/IC938,NO-URI,IC,2016-02-10T16:51:00,2016-02-10T16:51:00,-35,-37
http://irail.be/vehicle/IC938,http://irail.be/stations/NMBS/008861168,IC,2016-02-10T16:52:00,2016-02-10T16:52:00,-35,-35
http://irail.be/vehicle/IC938,http://irail.be/stations/NMBS/008874724,IC,2016-02-10T16:52:00,2016-02-10T16:52:00,-28,-35
http://irail.be/vehicle/IC938,NO-URI,IC,2016-02-10T16:54:00,2016-02-10T16:54:00,-120,-125
http://irail.be/vehicle/IC938,http://irail.be/stations/NMBS/008874716,IC,2016-02-10T16:55:00,2016-02-10T16:55:00,-99,-99
http://irail.be/vehicle/IC938,http://irail.be/stations/NMBS/008874609,IC,2016-02-10T16:58:00,2016-02-10T16:57:00,57,35
http://irail.be/vehicle/IC938,http://irail.be/stations/NMBS/008874583,IC,2016-02-10T17:00:00,2016-02-10T17:00:00,57,57
http://irail.be/vehicle/IC938,http://irail.be/stations/NMBS/008874567,IC,2016-02-10T17:01:00,2016-02-10T17:01:00,57,57
http://irail.be/vehicle/IC938,http://irail.be/stations/NMBS/008874559,IC,2016-02-10T17:02:00,2016-02-10T17:02:00,43,43
http://irail.be/vehicle/IC938,http://irail.be/stations/NMBS/008874005,IC,2016-02-10T17:03:00,2016-02-10T17:03:00,53,49
http://irail.be/vehicle/IC938,http://irail.be/stations/NMBS/008874054,IC,2016-02-10T17:06:00,2016-02-10T17:06:00,5,1
http://irail.be/vehicle/IC938,http://irail.be/stations/NMBS/008872009,IC,2016-02-10T17:11:00,2016-02-10T17:08:00,18,40
http://irail.be/vehicle/IC938,http://irail.be/stations/NMBS/008871100,IC,2016-02-10T17:15:00,2016-02-10T17:15:00,40,0
http://irail.be/vehicle/IC938,http://irail.be/stations/NMBS/008871514,IC,2016-02-10T17:19:00,2016-02-10T17:19:00,37,37
http://irail.be/vehicle/IC938,http://irail.be/stations/NMBS/008871415,IC,2016-02-10T17:20:00,2016-02-10T17:20:00,20,20
http://irail.be/vehicle/IC938,http://irail.be/stations/NMBS/008882248,IC,2016-02-10T17:22:00,2016-02-10T17:22:00,20,20
http://irail.be/vehicle/IC938,http://irail.be/stations/NMBS/008882230,IC,2016-02-10T17:23:00,2016-02-10T17:23:00,20,20
http://irail.be/vehicle/IC938,http://irail.be/stations/NMBS/008882206,IC,2016-02-10T17:28:00,2016-02-10T17:27:00,0,-48
http://irail.be/vehicle/IC938,http://irail.be/stations/NMBS/008881463,IC,2016-02-10T17:32:00,2016-02-10T17:32:00,-17,-17
http://irail.be/vehicle/IC938,http://irail.be/stations/NMBS/008881455,IC,2016-02-10T17:33:00,2016-02-10T17:33:00,-17,-17
http://irail.be/vehicle/IC938,http://irail.be/stations/NMBS/008881430,IC,2016-02-10T17:35:00,2016-02-10T17:35:00,-17,-17
http://irail.be/vehicle/IC938,NO-URI,IC,2016-02-10T17:36:00,2016-02-10T17:36:00,-35,-37
http://irail.be/vehicle/IC938,http://irail.be/stations/NMBS/008881406,IC,2016-02-10T17:37:00,2016-02-10T17:37:00,-35,-35
http://irail.be/vehicle/IC938,http://irail.be/stations/NMBS/008881315,IC,2016-02-10T17:39:00,2016-02-10T17:39:00,-35,-35
http://irail.be/vehicle/IC938,http://irail.be/stations/NMBS/008881000,IC,2016-02-10T17:45:00,2016-02-10T17:42:00,39,10
http://irail.be/vehicle/IC938,http://irail.be/stations/NMBS/008884566,IC,2016-02-10T17:50:00,2016-02-10T17:50:00,-22,-21
http://irail.be/vehicle/IC938,http://irail.be/stations/NMBS/008884541,IC,2016-02-10T17:51:00,2016-02-10T17:51:00,-27,-27
http://irail.be/vehicle/IC938,http://irail.be/stations/NMBS/008884004,IC,2016-02-10T17:54:00,2016-02-10T17:53:00,31,1
http://irail.be/vehicle/IC938,http://irail.be/stations/NMBS/008884632,IC,2016-02-10T17:59:00,2016-02-10T17:59:00,31,31
http://irail.be/vehicle/IC938,http://irail.be/stations/NMBS/008884640,IC,2016-02-10T18:00:00,2016-02-10T18:00:00,31,31
http://irail.be/vehicle/IC938,http://irail.be/stations/NMBS/008884715,IC,2016-02-10T18:01:00,2016-02-10T18:01:00,64,51
http://irail.be/vehicle/IC938,http://irail.be/stations/NMBS/008884855,IC,2016-02-10T18:04:00,2016-02-10T18:04:00,64,64
http://irail.be/vehicle/IC938,http://irail.be/stations/NMBS/008884889,IC,2016-02-10T18:06:00,2016-02-10T18:06:00,64,64
http://irail.be/vehicle/IC938,http://irail.be/stations/NMBS/008885530,IC,2016-02-10T18:08:00,2016-02-10T18:08:00,4,4
http://irail.be/vehicle/IC938,http://irail.be/stations/NMBS/008885522,IC,2016-02-10T18:09:00,2016-02-10T18:09:00,185,84
http://irail.be/vehicle/IC938,http://irail.be/stations/NMBS/008885001,IC,2016-02-10T18:15:00,2016-02-10T18:15:00,36,216
http://irail.be/vehicle/IC938,http://irail.be/stations/NMBS/008863008,IC,2016-01-04T16:38:00,2016-01-04T16:38:00,10,0
http://irail.be/vehicle/IC938,http://irail.be/stations/NMBS/008861119,IC,2016-01-04T16:41:00,2016-01-04T16:41:00,38,38
http://irail.be/vehicle/IC938,http://irail.be/stations/NMBS/008861127,IC,2016-01-04T16:43:00,2016-01-04T16:43:00,-6,-23
http://irail.be/vehicle/IC938,http://irail.be/stations/NMBS/008861135,IC,2016-01-04T16:46:00,2016-01-04T16:46:00,-46,-6
http://irail.be/vehicle/IC938,http://irail.be/stations/NMBS/008861143,IC,2016-01-04T16:49:00,2016-01-04T16:49:00,-136,-136
http://irail.be/vehicle/IC938,http://irail.be/stations/NMBS/008861150,IC,2016-01-04T16:51:00,2016-01-04T16:51:00,-136,-136
http://irail.be/vehicle/IC938,NO-URI,IC,2016-01-04T16:51:00,2016-01-04T16:51:00,-81,-90
http://irail.be/vehicle/IC938,http://irail.be/stations/NMBS/008861168,IC,2016-01-04T16:52:00,2016-01-04T16:52:00,-81,-81
http://irail.be/vehicle/IC938,http://irail.be/stations/NMBS/008874724,IC,2016-01-04T16:52:00,2016-01-04T16:52:00,-77,-81
http://irail.be/vehicle/IC938,NO-URI,IC,2016-01-04T16:54:00,2016-01-04T16:54:00,-172,-174
http://irail.be/vehicle/IC938,http://irail.be/stations/NMBS/008874716,IC,2016-01-04T16:55:00,2016-01-04T16:55:00,-110,-110
http://irail.be/vehicle/IC938,http://irail.be/stations/NMBS/008874609,IC,2016-01-04T16:58:00,2016-01-04T16:57:00,48,26
http://irail.be/vehicle/IC938,http://irail.be/stations/NMBS/008874583,IC,2016-01-04T17:00:00,2016-01-04T17:00:00,48,48
http://irail.be/vehicle/IC938,http://irail.be/stations/NMBS/008874567,IC,2016-01-04T17:01:00,2016-01-04T17:01:00,48,48
http://irail.be/vehicle/IC938,http://irail.be/stations/NMBS/008874559,IC,2016-01-04T17:02:00,2016-01-04T17:02:00,40,40
http://irail.be/vehicle/IC938,http://irail.be/stations/NMBS/008874005,IC,2016-01-04T17:03:00,2016-01-04T17:03:00,59,54
http://irail.be/vehicle/IC938,http://irail.be/stations/NMBS/008874054,IC,2016-01-04T17:06:00,2016-01-04T17:06:00,51,35
http://irail.be/vehicle/IC938,http://irail.be/stations/NMBS/008872009,IC,2016-01-04T17:11:00,2016-01-04T17:08:00,40,99
http://irail.be/vehicle/IC938,http://irail.be/stations/NMBS/008871100,IC,2016-01-04T17:15:00,2016-01-04T17:15:00,20,-14
http://irail.be/vehicle/IC938,http://irail.be/stations/NMBS/008871514,IC,2016-01-04T17:19:00,2016-01-04T17:19:00,18,18
http://irail.be/vehicle/IC938,http://irail.be/stations/NMBS/008871415,IC,2016-01-04T17:20:00,2016-01-04T17:20:00,32,33
http://irail.be/vehicle/IC938,http://irail.be/stations/NMBS/008882248,IC,2016-01-04T17:22:00,2016-01-04T17:22:00,32,32
http://irail.be/vehicle/IC938,http://irail.be/stations/NMBS/008882230,IC,2016-01-04T17:23:00,2016-01-04T17:23:00,32,32
http://irail.be/vehicle/IC938,http://irail.be/stations/NMBS/008882206,IC,2016-01-04T17:28:00,2016-01-04T17:27:00,28,-7
http://irail.be/vehicle/IC938,http://irail.be/stations/NMBS/008881463,IC,2016-01-04T17:32:00,2016-01-04T17:32:00,24,24
http://irail.be/vehicle/IC938,http://irail.be/stations/NMBS/008881455,IC,2016-01-04T17:33:00,2016-01-04T17:33:00,24,24
http://irail.be/vehicle/IC938,http://irail.be/stations/NMBS/008881430,IC,2016-01-04T17:35:00,2016-01-04T17:35:00,24,24
http://irail.be/vehicle/IC938,NO-URI,IC,2016-01-04T17:36:00,2016-01-04T17:36:00,40,34
http://irail.be/vehicle/IC938,http://irail.be/stations/NMBS/008881406,IC,2016-01-04T17:37:00,2016-01-04T17:37:00,-20,-20
http://irail.be/vehicle/IC938,http://irail.be/stations/NMBS/008881315,IC,2016-01-04T17:39:00,2016-01-04T17:39:00,-20,-20
http://irail.be/vehicle/IC938,http://irail.be/stations/NMBS/008881000,IC,2016-01-04T17:45:00,2016-01-04T17:42:00,51,107
http://irail.be/vehicle/IC938,http://irail.be/stations/NMBS/008884566,IC,2016-01-04T17:50:00,2016-01-04T17:50:00,42,-9
http://irail.be/vehicle/IC938,http://irail.be/stations/NMBS/008884541,IC,2016-01-04T17:51:00,2016-01-04T17:51:00,51,51
http://irail.be/vehicle/IC938,http://irail.be/stations/NMBS/008884004,IC,2016-01-04T17:54:00,2016-01-04T17:53:00,88,69
http://irail.be/vehicle/IC938,http://irail.be/stations/NMBS/008884632,IC,2016-01-04T17:59:00,2016-01-04T17:59:00,88,88
http://irail.be/vehicle/IC938,http://irail.be/stations/NMBS/008884640,IC,2016-01-04T18:00:00,2016-01-04T18:00:00,88,88
http://irail.be/vehicle/IC938,http://irail.be/stations/NMBS/008884715,IC,2016-01-04T18:01:00,2016-01-04T18:01:00,66,62
http://irail.be/vehicle/IC938,http://irail.be/stations/NMBS/008884855,IC,2016-01-04T18:04:00,2016-01-04T18:04:00,66,66
http://irail.be/vehicle/IC938,http://irail.be/stations/NMBS/008884889,IC,2016-01-04T18:06:00,2016-01-04T18:06:00,66,66
http://irail.be/vehicle/IC938,http://irail.be/stations/NMBS/008885530,IC,2016-01-04T18:08:00,2016-01-04T18:08:00,6,6
http://irail.be/vehicle/IC938,http://irail.be/stations/NMBS/008885522,IC,2016-01-04T18:09:00,2016-01-04T18:09:00,141,60
http://irail.be/vehicle/IC938,http://irail.be/stations/NMBS/008885001,IC,2016-01-04T18:19:00,2016-01-04T18:15:00,467,298
http://irail.be/vehicle/IC938,http://irail.be/stations/NMBS/008885068,IC,2016-01-04T18:23:00,2016-01-04T18:23:00,661,608
http://irail.be/vehicle/IC938,http://irail.be/stations/NMBS/008885753,IC,2016-01-04T18:33:00,2016-01-04T18:33:00,481,481
http://irail.be/vehicle/IC938,http://irail.be/stations/NMBS/008885704,IC,2016-01-04T18:37:00,2016-01-04T18:37:00,0,692
http://irail.be/vehicle/IC938,http://irail.be/stations/NMBS/008863008,IC,2016-03-22T16:38:00,2016-03-22T16:38:00,132,0
http://irail.be/vehicle/IC938,http://irail.be/stations/NMBS/008861119,IC,2016-03-22T16:41:00,2016-03-22T16:41:00,155,155
http://irail.be/vehicle/IC938,http://irail.be/stations/NMBS/008861127,IC,2016-03-22T16:43:00,2016-03-22T16:43:00,117,96
http://irail.be/vehicle/IC938,http://irail.be/stations/NMBS/008861135,IC,2016-03-22T16:46:00,2016-03-22T16:46:00,93,117
http://irail.be/vehicle/IC938,http://irail.be/stations/NMBS/008861143,IC,2016-03-22T16:49:00,2016-03-22T16:49:00,8,8
http://irail.be/vehicle/IC938,http://irail.be/stations/NMBS/008861150,IC,2016-03-22T16:51:00,2016-03-22T16:51:00,8,8
http://irail.be/vehicle/IC938,NO-URI,IC,2016-03-22T16:51:00,2016-03-22T16:51:00,51,47
http://irail.be/vehicle/IC938,http://irail.be/stations/NMBS/008861168,IC,2016-03-22T16:52:00,2016-03-22T16:52:00,51,51
http://irail.be/vehicle/IC938,http://irail.be/stations/NMBS/008874724,IC,2016-03-22T16:52:00,2016-03-22T16:52:00,61,51
http://irail.be/vehicle/IC938,NO-URI,IC,2016-03-22T16:54:00,2016-03-22T16:54:00,-31,-36
http://irail.be/vehicle/IC938,http://irail.be/stations/NMBS/008874716,IC,2016-03-22T16:55:00,2016-03-22T16:55:00,36,36
http://irail.be/vehicle/IC938,http://irail.be/stations/NMBS/008874609,IC,2016-03-22T16:58:00,2016-03-22T16:57:00,147,135
http://irail.be/vehicle/IC938,http://irail.be/stations/NMBS/008874583,IC,2016-03-22T17:00:00,2016-03-22T17:00:00,0,0
http://irail.be/vehicle/IC938,http://irail.be/stations/NMBS/008874567,IC,2016-03-22T17:01:00,2016-03-22T17:01:00,0,0
http://irail.be/vehicle/IC938,http://irail.be/stations/NMBS/008874559,IC,2016-03-22T17:02:00,2016-03-22T17:02:00,123,123
http://irail.be/vehicle/IC938,http://irail.be/stations/NMBS/008874005,IC,2016-03-22T17:03:00,2016-03-22T17:03:00,140,132
http://irail.be/vehicle/IC938,http://irail.be/stations/NMBS/008874054,IC,2016-03-22T17:06:00,2016-03-22T17:06:00,97,91
http://irail.be/vehicle/IC938,http://irail.be/stations/NMBS/008872009,IC,2016-03-22T17:11:00,2016-03-22T17:08:00,80,165
http://irail.be/vehicle/IC938,http://irail.be/stations/NMBS/008871100,IC,2016-03-22T17:15:00,2016-03-22T17:15:00,67,30
http://irail.be/vehicle/IC938,http://irail.be/stations/NMBS/008871514,IC,2016-03-22T17:19:00,2016-03-22T17:19:00,65,65
http://irail.be/vehicle/IC938,http://irail.be/stations/NMBS/008871415,IC,2016-03-22T17:20:00,2016-03-22T17:20:00,56,51
http://irail.be/vehicle/IC938,http://irail.be/stations/NMBS/008882248,IC,2016-03-22T17:22:00,2016-03-22T17:22:00,56,56
http://irail.be/vehicle/IC938,http://irail.be/stations/NMBS/008882230,IC,2016-03-22T17:23:00,2016-03-22T17:23:00,0,0
http://irail.be/vehicle/IC938,http://irail.be/stations/NMBS/008882206,IC,2016-03-22T17:28:00,2016-03-22T17:27:00,59,24
http://irail.be/vehicle/IC938,http://irail.be/stations/NMBS/008881463,IC,2016-03-22T17:32:00,2016-03-22T17:32:00,50,50
http://irail.be/vehicle/IC938,http://irail.be/stations/NMBS/008881455,IC,2016-03-22T17:33:00,2016-03-22T17:33:00,50,50
http://irail.be/vehicle/IC938,http://irail.be/stations/NMBS/008881430,IC,2016-03-22T17:35:00,2016-03-22T17:35:00,0,0
http://irail.be/vehicle/IC938,NO-URI,IC,2016-03-22T17:36:00,2016-03-22T17:36:00,41,40
http://irail.be/vehicle/IC938,http://irail.be/stations/NMBS/008881406,IC,2016-03-22T17:37:00,2016-03-22T17:37:00,-19,-19
http://irail.be/vehicle/IC938,http://irail.be/stations/NMBS/008881315,IC,2016-03-22T17:39:00,2016-03-22T17:39:00,0,0
http://irail.be/vehicle/IC938,http://irail.be/stations/NMBS/008881000,IC,2016-03-22T17:45:00,2016-03-22T17:42:00,52,121
http://irail.be/vehicle/IC938,http://irail.be/stations/NMBS/008884566,IC,2016-03-22T17:50:00,2016-03-22T17:50:00,3,-8
http://irail.be/vehicle/IC938,http://irail.be/stations/NMBS/008884541,IC,2016-03-22T17:51:00,2016-03-22T17:51:00,-4,-4
http://irail.be/vehicle/IC938,http://irail.be/stations/NMBS/008884004,IC,2016-03-22T17:54:00,2016-03-22T17:53:00,60,5
http://irail.be/vehicle/IC938,http://irail.be/stations/NMBS/008884632,IC,2016-03-22T17:59:00,2016-03-22T17:59:00,0,0
http://irail.be/vehicle/IC938,http://irail.be/stations/NMBS/008884640,IC,2016-03-22T18:00:00,2016-03-22T18:00:00,0,0
http://irail.be/vehicle/IC938,http://irail.be/stations/NMBS/008884715,IC,2016-03-22T18:01:00,2016-03-22T18:01:00,47,41
http://irail.be/vehicle/IC938,http://irail.be/stations/NMBS/008884855,IC,2016-03-22T18:04:00,2016-03-22T18:04:00,47,47
http://irail.be/vehicle/IC938,http://irail.be/stations/NMBS/008884889,IC,2016-03-22T18:06:00,2016-03-22T18:06:00,0,0
http://irail.be/vehicle/IC938,http://irail.be/stations/NMBS/008885530,IC,2016-03-22T18:08:00,2016-03-22T18:08:00,0,0
http://irail.be/vehicle/IC938,http://irail.be/stations/NMBS/008885522,IC,2016-03-22T18:09:00,2016-03-22T18:09:00,35,24
http://irail.be/vehicle/IC938,http://irail.be/stations/NMBS/008885001,IC,2016-03-22T18:19:00,2016-03-22T18:15:00,186,76
http://irail.be/vehicle/IC938,http://irail.be/stations/NMBS/008885068,IC,2016-03-22T18:23:00,2016-03-22T18:23:00,219,173
http://irail.be/vehicle/IC938,http://irail.be/stations/NMBS/008885753,IC,2016-03-22T18:33:00,2016-03-22T18:33:00,0,0
http://irail.be/vehicle/IC938,http://irail.be/stations/NMBS/008885704,IC,2016-03-22T18:37:00,2016-03-22T18:37:00,0,260
