http://irail.be/vehicle/S103890,http://irail.be/stations/NMBS/008814001,S10,2016-05-08T20:06:00,2016-05-08T20:06:00,157,0
http://irail.be/vehicle/S103890,http://irail.be/stations/NMBS/008815040,S10,2016-05-08T20:12:00,2016-05-08T20:11:00,82,120
http://irail.be/vehicle/S103890,http://irail.be/stations/NMBS/008812013,S10,2016-05-08T20:14:00,2016-05-08T20:14:00,88,64
http://irail.be/vehicle/S103890,http://irail.be/stations/NMBS/008815016,S10,2016-05-08T20:16:00,2016-05-08T20:16:00,88,88
http://irail.be/vehicle/S103890,http://irail.be/stations/NMBS/008812047,S10,2016-05-08T20:21:00,2016-05-08T20:20:00,98,88
http://irail.be/vehicle/S103890,http://irail.be/stations/NMBS/008812062,S10,2016-05-08T20:25:00,2016-05-08T20:25:00,86,65
http://irail.be/vehicle/S103890,http://irail.be/stations/NMBS/008812070,S10,2016-05-08T20:30:00,2016-05-08T20:29:00,66,101
http://irail.be/vehicle/S103890,http://irail.be/stations/NMBS/008812112,S10,2016-05-08T20:34:00,2016-05-08T20:34:00,8,-16
http://irail.be/vehicle/S103890,http://irail.be/stations/NMBS/008812120,S10,2016-05-08T20:37:00,2016-05-08T20:36:00,4,37
http://irail.be/vehicle/S103890,http://irail.be/stations/NMBS/008812146,S10,2016-05-08T20:41:00,2016-05-08T20:40:00,5,19
http://irail.be/vehicle/S103890,http://irail.be/stations/NMBS/008812153,S10,2016-05-08T20:44:00,2016-05-08T20:44:00,-2,-32
http://irail.be/vehicle/S103890,http://irail.be/stations/NMBS/008812161,S10,2016-05-08T20:47:00,2016-05-08T20:47:00,-11,-53
http://irail.be/vehicle/S103890,http://irail.be/stations/NMBS/008893443,S10,2016-05-08T20:50:00,2016-05-08T20:50:00,-12,-11
http://irail.be/vehicle/S103890,http://irail.be/stations/NMBS/008893401,S10,2016-05-08T20:52:00,2016-05-08T20:52:00,0,4
http://irail.be/vehicle/S103890,http://irail.be/stations/NMBS/008814001,S10,2016-01-03T20:06:00,2016-01-03T20:06:00,150,0
http://irail.be/vehicle/S103890,http://irail.be/stations/NMBS/008815040,S10,2016-01-03T20:12:00,2016-01-03T20:11:00,74,114
http://irail.be/vehicle/S103890,http://irail.be/stations/NMBS/008812013,S10,2016-01-03T20:14:00,2016-01-03T20:14:00,80,56
http://irail.be/vehicle/S103890,http://irail.be/stations/NMBS/008815016,S10,2016-01-03T20:16:00,2016-01-03T20:16:00,80,80
http://irail.be/vehicle/S103890,http://irail.be/stations/NMBS/008812047,S10,2016-01-03T20:21:00,2016-01-03T20:20:00,107,119
http://irail.be/vehicle/S103890,http://irail.be/stations/NMBS/008812062,S10,2016-01-03T20:25:00,2016-01-03T20:25:00,117,76
http://irail.be/vehicle/S103890,http://irail.be/stations/NMBS/008812070,S10,2016-01-03T20:30:00,2016-01-03T20:29:00,111,137
http://irail.be/vehicle/S103890,http://irail.be/stations/NMBS/008812112,S10,2016-01-03T20:34:00,2016-01-03T20:34:00,44,28
http://irail.be/vehicle/S103890,http://irail.be/stations/NMBS/008812120,S10,2016-01-03T20:37:00,2016-01-03T20:36:00,244,72
http://irail.be/vehicle/S103890,http://irail.be/stations/NMBS/008812146,S10,2016-01-03T20:41:00,2016-01-03T20:40:00,234,241
http://irail.be/vehicle/S103890,http://irail.be/stations/NMBS/008812153,S10,2016-01-03T20:44:00,2016-01-03T20:44:00,206,186
http://irail.be/vehicle/S103890,http://irail.be/stations/NMBS/008812161,S10,2016-01-03T20:47:00,2016-01-03T20:47:00,183,155
http://irail.be/vehicle/S103890,http://irail.be/stations/NMBS/008893443,S10,2016-01-03T20:50:00,2016-01-03T20:50:00,164,183
http://irail.be/vehicle/S103890,http://irail.be/stations/NMBS/008893401,S10,2016-01-03T20:52:00,2016-01-03T20:52:00,0,162
http://irail.be/vehicle/S103890,http://irail.be/stations/NMBS/008814001,S10,2016-11-01T20:06:00,2016-11-01T20:06:00,71,
http://irail.be/vehicle/S103890,http://irail.be/stations/NMBS/008815040,S10,2016-11-01T20:12:00,2016-11-01T20:11:00,23,58
http://irail.be/vehicle/S103890,http://irail.be/stations/NMBS/008812013,S10,2016-11-01T20:14:00,2016-11-01T20:14:00,29,14
http://irail.be/vehicle/S103890,http://irail.be/stations/NMBS/008815016,S10,2016-11-01T20:16:00,2016-11-01T20:16:00,29,29
http://irail.be/vehicle/S103890,http://irail.be/stations/NMBS/008812047,S10,2016-11-01T20:21:00,2016-11-01T20:20:00,18,17
http://irail.be/vehicle/S103890,http://irail.be/stations/NMBS/008812062,S10,2016-11-01T20:25:00,2016-11-01T20:25:00,44,-2
http://irail.be/vehicle/S103890,http://irail.be/stations/NMBS/008812070,S10,2016-11-01T20:30:00,2016-11-01T20:29:00,43,67
http://irail.be/vehicle/S103890,http://irail.be/stations/NMBS/008812112,S10,2016-11-01T20:34:00,2016-11-01T20:34:00,3,-42
http://irail.be/vehicle/S103890,http://irail.be/stations/NMBS/008812120,S10,2016-11-01T20:37:00,2016-11-01T20:36:00,9,34
http://irail.be/vehicle/S103890,http://irail.be/stations/NMBS/008812146,S10,2016-11-01T20:41:00,2016-11-01T20:40:00,-14,8
http://irail.be/vehicle/S103890,http://irail.be/stations/NMBS/008812153,S10,2016-11-01T20:44:00,2016-11-01T20:44:00,-105,-92
http://irail.be/vehicle/S103890,http://irail.be/stations/NMBS/008812161,S10,2016-11-01T20:47:00,2016-11-01T20:47:00,-20,-55
http://irail.be/vehicle/S103890,http://irail.be/stations/NMBS/008893443,S10,2016-11-01T20:50:00,2016-11-01T20:50:00,-18,-20
http://irail.be/vehicle/S103890,http://irail.be/stations/NMBS/008893401,S10,2016-11-01T20:52:00,2016-11-01T20:52:00,,11
http://irail.be/vehicle/S103890,http://irail.be/stations/NMBS/008814001,S10,2016-05-05T20:06:00,2016-05-05T20:06:00,90,0
http://irail.be/vehicle/S103890,http://irail.be/stations/NMBS/008815040,S10,2016-05-05T20:12:00,2016-05-05T20:11:00,45,63
http://irail.be/vehicle/S103890,http://irail.be/stations/NMBS/008812013,S10,2016-05-05T20:14:00,2016-05-05T20:14:00,38,38
http://irail.be/vehicle/S103890,http://irail.be/stations/NMBS/008815016,S10,2016-05-05T20:16:00,2016-05-05T20:16:00,38,38
http://irail.be/vehicle/S103890,http://irail.be/stations/NMBS/008812047,S10,2016-05-05T20:21:00,2016-05-05T20:20:00,93,107
http://irail.be/vehicle/S103890,http://irail.be/stations/NMBS/008812062,S10,2016-05-05T20:25:00,2016-05-05T20:25:00,105,75
http://irail.be/vehicle/S103890,http://irail.be/stations/NMBS/008812070,S10,2016-05-05T20:30:00,2016-05-05T20:29:00,112,132
http://irail.be/vehicle/S103890,http://irail.be/stations/NMBS/008812112,S10,2016-05-05T20:34:00,2016-05-05T20:34:00,37,23
http://irail.be/vehicle/S103890,http://irail.be/stations/NMBS/008812120,S10,2016-05-05T20:37:00,2016-05-05T20:36:00,36,68
http://irail.be/vehicle/S103890,http://irail.be/stations/NMBS/008812146,S10,2016-05-05T20:41:00,2016-05-05T20:40:00,41,51
http://irail.be/vehicle/S103890,http://irail.be/stations/NMBS/008812153,S10,2016-05-05T20:44:00,2016-05-05T20:44:00,20,0
http://irail.be/vehicle/S103890,http://irail.be/stations/NMBS/008812161,S10,2016-05-05T20:47:00,2016-05-05T20:47:00,9,-31
http://irail.be/vehicle/S103890,http://irail.be/stations/NMBS/008893443,S10,2016-05-05T20:50:00,2016-05-05T20:50:00,-14,-51
http://irail.be/vehicle/S103890,http://irail.be/stations/NMBS/008893401,S10,2016-05-05T20:52:00,2016-05-05T20:52:00,0,18
http://irail.be/vehicle/S103890,http://irail.be/stations/NMBS/008814001,S10,2016-01-23T20:06:00,2016-01-23T20:06:00,199,0
http://irail.be/vehicle/S103890,http://irail.be/stations/NMBS/008815040,S10,2016-01-23T20:12:00,2016-01-23T20:11:00,172,228
http://irail.be/vehicle/S103890,http://irail.be/stations/NMBS/008812013,S10,2016-01-23T20:14:00,2016-01-23T20:14:00,164,141
http://irail.be/vehicle/S103890,http://irail.be/stations/NMBS/008815016,S10,2016-01-23T20:16:00,2016-01-23T20:16:00,164,164
http://irail.be/vehicle/S103890,http://irail.be/stations/NMBS/008812047,S10,2016-01-23T20:21:00,2016-01-23T20:20:00,134,144
http://irail.be/vehicle/S103890,http://irail.be/stations/NMBS/008812062,S10,2016-01-23T20:25:00,2016-01-23T20:25:00,162,127
http://irail.be/vehicle/S103890,http://irail.be/stations/NMBS/008812070,S10,2016-01-23T20:30:00,2016-01-23T20:29:00,157,177
http://irail.be/vehicle/S103890,http://irail.be/stations/NMBS/008812112,S10,2016-01-23T20:34:00,2016-01-23T20:34:00,112,82
http://irail.be/vehicle/S103890,http://irail.be/stations/NMBS/008812120,S10,2016-01-23T20:37:00,2016-01-23T20:36:00,99,132
http://irail.be/vehicle/S103890,http://irail.be/stations/NMBS/008812146,S10,2016-01-23T20:41:00,2016-01-23T20:40:00,168,117
http://irail.be/vehicle/S103890,http://irail.be/stations/NMBS/008812153,S10,2016-01-23T20:44:00,2016-01-23T20:44:00,162,134
http://irail.be/vehicle/S103890,http://irail.be/stations/NMBS/008812161,S10,2016-01-23T20:47:00,2016-01-23T20:47:00,158,111
http://irail.be/vehicle/S103890,http://irail.be/stations/NMBS/008893443,S10,2016-01-23T20:50:00,2016-01-23T20:50:00,164,158
http://irail.be/vehicle/S103890,http://irail.be/stations/NMBS/008893401,S10,2016-01-23T20:52:00,2016-01-23T20:52:00,0,170
http://irail.be/vehicle/S103890,http://irail.be/stations/NMBS/008814001,S10,2016-04-03T20:06:00,2016-04-03T20:06:00,64,0
http://irail.be/vehicle/S103890,http://irail.be/stations/NMBS/008815040,S10,2016-04-03T20:12:00,2016-04-03T20:11:00,71,71
http://irail.be/vehicle/S103890,http://irail.be/stations/NMBS/008812013,S10,2016-04-03T20:14:00,2016-04-03T20:14:00,0,-55
http://irail.be/vehicle/S103890,http://irail.be/stations/NMBS/008815016,S10,2016-04-03T20:16:00,2016-04-03T20:16:00,0,0
http://irail.be/vehicle/S103890,http://irail.be/stations/NMBS/008812047,S10,2016-04-03T20:21:00,2016-04-03T20:20:00,34,-35
http://irail.be/vehicle/S103890,http://irail.be/stations/NMBS/008812062,S10,2016-04-03T20:25:00,2016-04-03T20:25:00,109,8
http://irail.be/vehicle/S103890,http://irail.be/stations/NMBS/008812070,S10,2016-04-03T20:30:00,2016-04-03T20:29:00,99,126
http://irail.be/vehicle/S103890,http://irail.be/stations/NMBS/008812112,S10,2016-04-03T20:34:00,2016-04-03T20:34:00,58,21
http://irail.be/vehicle/S103890,http://irail.be/stations/NMBS/008812120,S10,2016-04-03T20:37:00,2016-04-03T20:36:00,47,80
http://irail.be/vehicle/S103890,http://irail.be/stations/NMBS/008812146,S10,2016-04-03T20:41:00,2016-04-03T20:40:00,32,60
http://irail.be/vehicle/S103890,http://irail.be/stations/NMBS/008812153,S10,2016-04-03T20:44:00,2016-04-03T20:44:00,55,6
http://irail.be/vehicle/S103890,http://irail.be/stations/NMBS/008812161,S10,2016-04-03T20:47:00,2016-04-03T20:47:00,59,3
http://irail.be/vehicle/S103890,http://irail.be/stations/NMBS/008893443,S10,2016-04-03T20:50:00,2016-04-03T20:50:00,38,-1
http://irail.be/vehicle/S103890,http://irail.be/stations/NMBS/008893401,S10,2016-04-03T20:52:00,2016-04-03T20:52:00,0,74
http://irail.be/vehicle/S103890,http://irail.be/stations/NMBS/008814001,S10,2016-11-06T20:06:00,2016-11-06T20:06:00,431,
http://irail.be/vehicle/S103890,http://irail.be/stations/NMBS/008815040,S10,2016-11-06T20:12:00,2016-11-06T20:11:00,393,426
http://irail.be/vehicle/S103890,http://irail.be/stations/NMBS/008812013,S10,2016-11-06T20:14:00,2016-11-06T20:14:00,416,381
http://irail.be/vehicle/S103890,http://irail.be/stations/NMBS/008815016,S10,2016-11-06T20:16:00,2016-11-06T20:16:00,416,416
http://irail.be/vehicle/S103890,http://irail.be/stations/NMBS/008812047,S10,2016-11-06T20:21:00,2016-11-06T20:20:00,428,407
http://irail.be/vehicle/S103890,http://irail.be/stations/NMBS/008812062,S10,2016-11-06T20:25:00,2016-11-06T20:25:00,465,408
http://irail.be/vehicle/S103890,http://irail.be/stations/NMBS/008812070,S10,2016-11-06T20:30:00,2016-11-06T20:29:00,511,503
http://irail.be/vehicle/S103890,http://irail.be/stations/NMBS/008812112,S10,2016-11-06T20:34:00,2016-11-06T20:34:00,475,435
http://irail.be/vehicle/S103890,http://irail.be/stations/NMBS/008812120,S10,2016-11-06T20:37:00,2016-11-06T20:36:00,490,510
http://irail.be/vehicle/S103890,http://irail.be/stations/NMBS/008812146,S10,2016-11-06T20:41:00,2016-11-06T20:40:00,501,506
http://irail.be/vehicle/S103890,http://irail.be/stations/NMBS/008812153,S10,2016-11-06T20:44:00,2016-11-06T20:44:00,416,428
http://irail.be/vehicle/S103890,http://irail.be/stations/NMBS/008812161,S10,2016-11-06T20:47:00,2016-11-06T20:47:00,495,452
http://irail.be/vehicle/S103890,http://irail.be/stations/NMBS/008893443,S10,2016-11-06T20:50:00,2016-11-06T20:50:00,474,435
http://irail.be/vehicle/S103890,http://irail.be/stations/NMBS/008893401,S10,2016-11-06T20:52:00,2016-11-06T20:52:00,,500
http://irail.be/vehicle/S103890,http://irail.be/stations/NMBS/008814001,S10,2016-11-20T20:06:00,2016-11-20T20:06:00,1414,
http://irail.be/vehicle/S103890,http://irail.be/stations/NMBS/008815040,S10,2016-11-20T20:12:00,2016-11-20T20:11:00,1428,1429
http://irail.be/vehicle/S103890,http://irail.be/stations/NMBS/008812013,S10,2016-11-20T20:14:00,2016-11-20T20:14:00,1484,1457
http://irail.be/vehicle/S103890,http://irail.be/stations/NMBS/008815016,S10,2016-11-20T20:16:00,2016-11-20T20:16:00,1578,1484
http://irail.be/vehicle/S103890,http://irail.be/stations/NMBS/008812047,S10,2016-11-20T20:21:00,2016-11-20T20:20:00,1613,1545
http://irail.be/vehicle/S103890,http://irail.be/stations/NMBS/008812062,S10,2016-11-20T20:25:00,2016-11-20T20:25:00,1740,1623
http://irail.be/vehicle/S103890,http://irail.be/stations/NMBS/008812070,S10,2016-11-20T20:30:00,2016-11-20T20:29:00,1840,1825
http://irail.be/vehicle/S103890,http://irail.be/stations/NMBS/008812112,S10,2016-11-20T20:34:00,2016-11-20T20:34:00,1924,1861
http://irail.be/vehicle/S103890,http://irail.be/stations/NMBS/008812120,S10,2016-11-20T20:37:00,2016-11-20T20:36:00,1955,1946
http://irail.be/vehicle/S103890,http://irail.be/stations/NMBS/008812146,S10,2016-11-20T20:41:00,2016-11-20T20:40:00,1976,1976
http://irail.be/vehicle/S103890,http://irail.be/stations/NMBS/008812153,S10,2016-11-20T20:44:00,2016-11-20T20:44:00,1871,1871
http://irail.be/vehicle/S103890,http://irail.be/stations/NMBS/008812161,S10,2016-11-20T20:47:00,2016-11-20T20:47:00,2066,2015
http://irail.be/vehicle/S103890,http://irail.be/stations/NMBS/008893443,S10,2016-11-20T20:50:00,2016-11-20T20:50:00,2133,2066
http://irail.be/vehicle/S103890,http://irail.be/stations/NMBS/008893401,S10,2016-11-20T20:52:00,2016-11-20T20:52:00,,2213
http://irail.be/vehicle/S103890,http://irail.be/stations/NMBS/008814001,S10,2016-11-05T20:06:00,2016-11-05T20:06:00,330,
http://irail.be/vehicle/S103890,http://irail.be/stations/NMBS/008815040,S10,2016-11-05T20:12:00,2016-11-05T20:11:00,285,301
http://irail.be/vehicle/S103890,http://irail.be/stations/NMBS/008812013,S10,2016-11-05T20:14:00,2016-11-05T20:14:00,301,269
http://irail.be/vehicle/S103890,http://irail.be/stations/NMBS/008815016,S10,2016-11-05T20:16:00,2016-11-05T20:16:00,301,301
http://irail.be/vehicle/S103890,http://irail.be/stations/NMBS/008812047,S10,2016-11-05T20:21:00,2016-11-05T20:20:00,294,302
http://irail.be/vehicle/S103890,http://irail.be/stations/NMBS/008812062,S10,2016-11-05T20:25:00,2016-11-05T20:25:00,296,272
http://irail.be/vehicle/S103890,http://irail.be/stations/NMBS/008812070,S10,2016-11-05T20:30:00,2016-11-05T20:29:00,305,313
http://irail.be/vehicle/S103890,http://irail.be/stations/NMBS/008812112,S10,2016-11-05T20:34:00,2016-11-05T20:34:00,247,220
http://irail.be/vehicle/S103890,http://irail.be/stations/NMBS/008812120,S10,2016-11-05T20:37:00,2016-11-05T20:36:00,254,276
http://irail.be/vehicle/S103890,http://irail.be/stations/NMBS/008812146,S10,2016-11-05T20:41:00,2016-11-05T20:40:00,218,243
http://irail.be/vehicle/S103890,http://irail.be/stations/NMBS/008812153,S10,2016-11-05T20:44:00,2016-11-05T20:44:00,120,136
http://irail.be/vehicle/S103890,http://irail.be/stations/NMBS/008812161,S10,2016-11-05T20:47:00,2016-11-05T20:47:00,182,154
http://irail.be/vehicle/S103890,http://irail.be/stations/NMBS/008893443,S10,2016-11-05T20:50:00,2016-11-05T20:50:00,162,122
http://irail.be/vehicle/S103890,http://irail.be/stations/NMBS/008893401,S10,2016-11-05T20:52:00,2016-11-05T20:52:00,,183
http://irail.be/vehicle/S103890,http://irail.be/stations/NMBS/008814001,S10,2016-03-13T20:06:00,2016-03-13T20:06:00,259,0
http://irail.be/vehicle/S103890,http://irail.be/stations/NMBS/008815040,S10,2016-03-13T20:12:00,2016-03-13T20:11:00,219,252
http://irail.be/vehicle/S103890,http://irail.be/stations/NMBS/008812013,S10,2016-03-13T20:14:00,2016-03-13T20:14:00,225,203
http://irail.be/vehicle/S103890,http://irail.be/stations/NMBS/008815016,S10,2016-03-13T20:16:00,2016-03-13T20:16:00,225,225
http://irail.be/vehicle/S103890,http://irail.be/stations/NMBS/008812047,S10,2016-03-13T20:21:00,2016-03-13T20:20:00,225,223
http://irail.be/vehicle/S103890,http://irail.be/stations/NMBS/008812062,S10,2016-03-13T20:25:00,2016-03-13T20:25:00,216,192
http://irail.be/vehicle/S103890,http://irail.be/stations/NMBS/008812070,S10,2016-03-13T20:30:00,2016-03-13T20:29:00,202,237
http://irail.be/vehicle/S103890,http://irail.be/stations/NMBS/008812112,S10,2016-03-13T20:34:00,2016-03-13T20:34:00,167,120
http://irail.be/vehicle/S103890,http://irail.be/stations/NMBS/008812120,S10,2016-03-13T20:37:00,2016-03-13T20:36:00,179,188
http://irail.be/vehicle/S103890,http://irail.be/stations/NMBS/008812146,S10,2016-03-13T20:41:00,2016-03-13T20:40:00,158,178
http://irail.be/vehicle/S103890,http://irail.be/stations/NMBS/008812153,S10,2016-03-13T20:44:00,2016-03-13T20:44:00,136,111
http://irail.be/vehicle/S103890,http://irail.be/stations/NMBS/008812161,S10,2016-03-13T20:47:00,2016-03-13T20:47:00,116,79
http://irail.be/vehicle/S103890,http://irail.be/stations/NMBS/008893443,S10,2016-03-13T20:50:00,2016-03-13T20:50:00,87,56
http://irail.be/vehicle/S103890,http://irail.be/stations/NMBS/008893401,S10,2016-03-13T20:52:00,2016-03-13T20:52:00,0,127
http://irail.be/vehicle/S103890,http://irail.be/stations/NMBS/008814001,S10,2016-03-20T20:06:00,2016-03-20T20:06:00,124,0
http://irail.be/vehicle/S103890,http://irail.be/stations/NMBS/008815040,S10,2016-03-20T20:12:00,2016-03-20T20:11:00,124,159
http://irail.be/vehicle/S103890,http://irail.be/stations/NMBS/008812013,S10,2016-03-20T20:14:00,2016-03-20T20:14:00,141,111
http://irail.be/vehicle/S103890,http://irail.be/stations/NMBS/008815016,S10,2016-03-20T20:16:00,2016-03-20T20:16:00,141,141
http://irail.be/vehicle/S103890,http://irail.be/stations/NMBS/008812047,S10,2016-03-20T20:21:00,2016-03-20T20:20:00,126,141
http://irail.be/vehicle/S103890,http://irail.be/stations/NMBS/008812062,S10,2016-03-20T20:25:00,2016-03-20T20:25:00,143,97
http://irail.be/vehicle/S103890,http://irail.be/stations/NMBS/008812070,S10,2016-03-20T20:30:00,2016-03-20T20:29:00,157,172
http://irail.be/vehicle/S103890,http://irail.be/stations/NMBS/008812112,S10,2016-03-20T20:34:00,2016-03-20T20:34:00,157,110
http://irail.be/vehicle/S103890,http://irail.be/stations/NMBS/008812120,S10,2016-03-20T20:37:00,2016-03-20T20:36:00,138,184
http://irail.be/vehicle/S103890,http://irail.be/stations/NMBS/008812146,S10,2016-03-20T20:41:00,2016-03-20T20:40:00,156,173
http://irail.be/vehicle/S103890,http://irail.be/stations/NMBS/008812153,S10,2016-03-20T20:44:00,2016-03-20T20:44:00,159,127
http://irail.be/vehicle/S103890,http://irail.be/stations/NMBS/008812161,S10,2016-03-20T20:47:00,2016-03-20T20:47:00,160,113
http://irail.be/vehicle/S103890,http://irail.be/stations/NMBS/008893443,S10,2016-03-20T20:50:00,2016-03-20T20:50:00,132,100
http://irail.be/vehicle/S103890,http://irail.be/stations/NMBS/008893401,S10,2016-03-20T20:52:00,2016-03-20T20:52:00,0,183
http://irail.be/vehicle/S103890,http://irail.be/stations/NMBS/008814001,S10,2016-05-28T20:06:00,2016-05-28T20:06:00,23,0
http://irail.be/vehicle/S103890,http://irail.be/stations/NMBS/008815040,S10,2016-05-28T20:12:00,2016-05-28T20:11:00,10,23
http://irail.be/vehicle/S103890,http://irail.be/stations/NMBS/008812013,S10,2016-05-28T20:14:00,2016-05-28T20:14:00,-83,-55
http://irail.be/vehicle/S103890,http://irail.be/stations/NMBS/008815016,S10,2016-05-28T20:16:00,2016-05-28T20:16:00,0,-83
http://irail.be/vehicle/S103890,http://irail.be/stations/NMBS/008812047,S10,2016-05-28T20:21:00,2016-05-28T20:20:00,14,17
http://irail.be/vehicle/S103890,http://irail.be/stations/NMBS/008812062,S10,2016-05-28T20:25:00,2016-05-28T20:25:00,37,6
http://irail.be/vehicle/S103890,http://irail.be/stations/NMBS/008812070,S10,2016-05-28T20:30:00,2016-05-28T20:29:00,38,67
http://irail.be/vehicle/S103890,http://irail.be/stations/NMBS/008812112,S10,2016-05-28T20:34:00,2016-05-28T20:34:00,-9,-40
http://irail.be/vehicle/S103890,http://irail.be/stations/NMBS/008812120,S10,2016-05-28T20:37:00,2016-05-28T20:36:00,14,25
http://irail.be/vehicle/S103890,http://irail.be/stations/NMBS/008812146,S10,2016-05-28T20:41:00,2016-05-28T20:40:00,14,18
http://irail.be/vehicle/S103890,http://irail.be/stations/NMBS/008812153,S10,2016-05-28T20:44:00,2016-05-28T20:44:00,10,-21
http://irail.be/vehicle/S103890,http://irail.be/stations/NMBS/008812161,S10,2016-05-28T20:47:00,2016-05-28T20:47:00,21,-41
http://irail.be/vehicle/S103890,http://irail.be/stations/NMBS/008893443,S10,2016-05-28T20:50:00,2016-05-28T20:50:00,3,-39
http://irail.be/vehicle/S103890,http://irail.be/stations/NMBS/008893401,S10,2016-05-28T20:52:00,2016-05-28T20:52:00,0,31
http://irail.be/vehicle/S103890,http://irail.be/stations/NMBS/008814001,S10,2016-07-09T20:06:00,2016-07-09T20:06:00,88,
http://irail.be/vehicle/S103890,http://irail.be/stations/NMBS/008815040,S10,2016-07-09T20:12:00,2016-07-09T20:11:00,21,55
http://irail.be/vehicle/S103890,http://irail.be/stations/NMBS/008812013,S10,2016-07-09T20:14:00,2016-07-09T20:14:00,24,3
http://irail.be/vehicle/S103890,http://irail.be/stations/NMBS/008815016,S10,2016-07-09T20:16:00,2016-07-09T20:16:00,24,24
http://irail.be/vehicle/S103890,http://irail.be/stations/NMBS/008812047,S10,2016-07-09T20:21:00,2016-07-09T20:20:00,16,-5
http://irail.be/vehicle/S103890,http://irail.be/stations/NMBS/008812062,S10,2016-07-09T20:25:00,2016-07-09T20:25:00,17,-15
http://irail.be/vehicle/S103890,http://irail.be/stations/NMBS/008812070,S10,2016-07-09T20:30:00,2016-07-09T20:29:00,31,34
http://irail.be/vehicle/S103890,http://irail.be/stations/NMBS/008812112,S10,2016-07-09T20:34:00,2016-07-09T20:34:00,-2,-53
http://irail.be/vehicle/S103890,http://irail.be/stations/NMBS/008812120,S10,2016-07-09T20:37:00,2016-07-09T20:36:00,14,34
http://irail.be/vehicle/S103890,http://irail.be/stations/NMBS/008812146,S10,2016-07-09T20:41:00,2016-07-09T20:40:00,35,36
http://irail.be/vehicle/S103890,http://irail.be/stations/NMBS/008812153,S10,2016-07-09T20:44:00,2016-07-09T20:44:00,28,9
http://irail.be/vehicle/S103890,http://irail.be/stations/NMBS/008812161,S10,2016-07-09T20:47:00,2016-07-09T20:47:00,19,-28
http://irail.be/vehicle/S103890,http://irail.be/stations/NMBS/008893443,S10,2016-07-09T20:50:00,2016-07-09T20:50:00,24,-41
http://irail.be/vehicle/S103890,http://irail.be/stations/NMBS/008893401,S10,2016-07-09T20:52:00,2016-07-09T20:52:00,,49
http://irail.be/vehicle/S103890,http://irail.be/stations/NMBS/008812047,S10,2016-01-30T20:21:00,2016-01-30T20:21:00,14,0
http://irail.be/vehicle/S103890,http://irail.be/stations/NMBS/008812062,S10,2016-01-30T20:25:00,2016-01-30T20:25:00,62,9
http://irail.be/vehicle/S103890,http://irail.be/stations/NMBS/008812070,S10,2016-01-30T20:30:00,2016-01-30T20:29:00,82,89
http://irail.be/vehicle/S103890,http://irail.be/stations/NMBS/008812112,S10,2016-01-30T20:34:00,2016-01-30T20:34:00,35,3
http://irail.be/vehicle/S103890,http://irail.be/stations/NMBS/008812120,S10,2016-01-30T20:37:00,2016-01-30T20:36:00,20,55
http://irail.be/vehicle/S103890,http://irail.be/stations/NMBS/008812146,S10,2016-01-30T20:41:00,2016-01-30T20:40:00,17,29
http://irail.be/vehicle/S103890,http://irail.be/stations/NMBS/008812153,S10,2016-01-30T20:44:00,2016-01-30T20:44:00,11,-21
http://irail.be/vehicle/S103890,http://irail.be/stations/NMBS/008812161,S10,2016-01-30T20:47:00,2016-01-30T20:47:00,19,-35
http://irail.be/vehicle/S103890,http://irail.be/stations/NMBS/008893443,S10,2016-01-30T20:50:00,2016-01-30T20:50:00,34,0
http://irail.be/vehicle/S103890,http://irail.be/stations/NMBS/008893401,S10,2016-01-30T20:52:00,2016-01-30T20:52:00,0,50
http://irail.be/vehicle/S103890,http://irail.be/stations/NMBS/008814001,S10,2016-12-04T20:06:00,2016-12-04T20:06:00,94,
http://irail.be/vehicle/S103890,http://irail.be/stations/NMBS/008815040,S10,2016-12-04T20:12:00,2016-12-04T20:11:00,75,105
http://irail.be/vehicle/S103890,http://irail.be/stations/NMBS/008812013,S10,2016-12-04T20:14:00,2016-12-04T20:14:00,97,77
http://irail.be/vehicle/S103890,http://irail.be/stations/NMBS/008815016,S10,2016-12-04T20:16:00,2016-12-04T20:16:00,142,97
http://irail.be/vehicle/S103890,http://irail.be/stations/NMBS/008812047,S10,2016-12-04T20:21:00,2016-12-04T20:20:00,159,106
http://irail.be/vehicle/S103890,http://irail.be/stations/NMBS/008812062,S10,2016-12-04T20:25:00,2016-12-04T20:25:00,149,141
http://irail.be/vehicle/S103890,http://irail.be/stations/NMBS/008812070,S10,2016-12-04T20:30:00,2016-12-04T20:29:00,146,166
http://irail.be/vehicle/S103890,http://irail.be/stations/NMBS/008812112,S10,2016-12-04T20:34:00,2016-12-04T20:34:00,125,98
http://irail.be/vehicle/S103890,http://irail.be/stations/NMBS/008812120,S10,2016-12-04T20:37:00,2016-12-04T20:36:00,126,135
http://irail.be/vehicle/S103890,http://irail.be/stations/NMBS/008812146,S10,2016-12-04T20:41:00,2016-12-04T20:40:00,109,121
http://irail.be/vehicle/S103890,http://irail.be/stations/NMBS/008812153,S10,2016-12-04T20:44:00,2016-12-04T20:44:00,-36,-36
http://irail.be/vehicle/S103890,http://irail.be/stations/NMBS/008812161,S10,2016-12-04T20:47:00,2016-12-04T20:47:00,71,60
http://irail.be/vehicle/S103890,http://irail.be/stations/NMBS/008893443,S10,2016-12-04T20:50:00,2016-12-04T20:50:00,80,71
http://irail.be/vehicle/S103890,http://irail.be/stations/NMBS/008893401,S10,2016-12-04T20:52:00,2016-12-04T20:52:00,,98
http://irail.be/vehicle/S103890,http://irail.be/stations/NMBS/008814001,S10,2016-11-26T20:06:00,2016-11-26T20:06:00,115,
http://irail.be/vehicle/S103890,http://irail.be/stations/NMBS/008815040,S10,2016-11-26T20:12:00,2016-11-26T20:11:00,82,110
http://irail.be/vehicle/S103890,http://irail.be/stations/NMBS/008812013,S10,2016-11-26T20:14:00,2016-11-26T20:14:00,73,79
http://irail.be/vehicle/S103890,http://irail.be/stations/NMBS/008815016,S10,2016-11-26T20:16:00,2016-11-26T20:16:00,139,30
http://irail.be/vehicle/S103890,http://irail.be/stations/NMBS/008812047,S10,2016-11-26T20:21:00,2016-11-26T20:20:00,115,122
http://irail.be/vehicle/S103890,http://irail.be/stations/NMBS/008812062,S10,2016-11-26T20:25:00,2016-11-26T20:25:00,118,95
http://irail.be/vehicle/S103890,http://irail.be/stations/NMBS/008812070,S10,2016-11-26T20:30:00,2016-11-26T20:29:00,120,134
http://irail.be/vehicle/S103890,http://irail.be/stations/NMBS/008812112,S10,2016-11-26T20:34:00,2016-11-26T20:34:00,92,68
http://irail.be/vehicle/S103890,http://irail.be/stations/NMBS/008812120,S10,2016-11-26T20:37:00,2016-11-26T20:36:00,141,101
http://irail.be/vehicle/S103890,http://irail.be/stations/NMBS/008812146,S10,2016-11-26T20:41:00,2016-11-26T20:40:00,131,140
http://irail.be/vehicle/S103890,http://irail.be/stations/NMBS/008812153,S10,2016-11-26T20:44:00,2016-11-26T20:44:00,-7,-7
http://irail.be/vehicle/S103890,http://irail.be/stations/NMBS/008812161,S10,2016-11-26T20:47:00,2016-11-26T20:47:00,79,79
http://irail.be/vehicle/S103890,http://irail.be/stations/NMBS/008893443,S10,2016-11-26T20:50:00,2016-11-26T20:50:00,87,79
http://irail.be/vehicle/S103890,http://irail.be/stations/NMBS/008893401,S10,2016-11-26T20:52:00,2016-11-26T20:52:00,,101
http://irail.be/vehicle/S103890,http://irail.be/stations/NMBS/008814001,S10,2016-10-22T20:06:00,2016-10-22T20:06:00,554,
http://irail.be/vehicle/S103890,http://irail.be/stations/NMBS/008815040,S10,2016-10-22T20:12:00,2016-10-22T20:11:00,520,553
http://irail.be/vehicle/S103890,http://irail.be/stations/NMBS/008812013,S10,2016-10-22T20:14:00,2016-10-22T20:14:00,532,507
http://irail.be/vehicle/S103890,http://irail.be/stations/NMBS/008815016,S10,2016-10-22T20:16:00,2016-10-22T20:16:00,532,532
http://irail.be/vehicle/S103890,http://irail.be/stations/NMBS/008812047,S10,2016-10-22T20:21:00,2016-10-22T20:20:00,515,524
http://irail.be/vehicle/S103890,http://irail.be/stations/NMBS/008812062,S10,2016-10-22T20:25:00,2016-10-22T20:25:00,531,490
http://irail.be/vehicle/S103890,http://irail.be/stations/NMBS/008812070,S10,2016-10-22T20:30:00,2016-10-22T20:29:00,521,551
http://irail.be/vehicle/S103890,http://irail.be/stations/NMBS/008812112,S10,2016-10-22T20:34:00,2016-10-22T20:34:00,462,433
http://irail.be/vehicle/S103890,http://irail.be/stations/NMBS/008812120,S10,2016-10-22T20:37:00,2016-10-22T20:36:00,462,491
http://irail.be/vehicle/S103890,http://irail.be/stations/NMBS/008812146,S10,2016-10-22T20:41:00,2016-10-22T20:40:00,435,448
http://irail.be/vehicle/S103890,http://irail.be/stations/NMBS/008812153,S10,2016-10-22T20:44:00,2016-10-22T20:44:00,334,349
http://irail.be/vehicle/S103890,http://irail.be/stations/NMBS/008812161,S10,2016-10-22T20:47:00,2016-10-22T20:47:00,374,346
http://irail.be/vehicle/S103890,http://irail.be/stations/NMBS/008893443,S10,2016-10-22T20:50:00,2016-10-22T20:50:00,335,314
http://irail.be/vehicle/S103890,http://irail.be/stations/NMBS/008893401,S10,2016-10-22T20:52:00,2016-10-22T20:52:00,,350
http://irail.be/vehicle/S103890,http://irail.be/stations/NMBS/008814001,S10,2016-09-10T20:06:00,2016-09-10T20:06:00,52,
http://irail.be/vehicle/S103890,http://irail.be/stations/NMBS/008815040,S10,2016-09-10T20:12:00,2016-09-10T20:11:00,47,39
http://irail.be/vehicle/S103890,http://irail.be/stations/NMBS/008812013,S10,2016-09-10T20:14:00,2016-09-10T20:14:00,52,31
http://irail.be/vehicle/S103890,http://irail.be/stations/NMBS/008815016,S10,2016-09-10T20:16:00,2016-09-10T20:16:00,52,52
http://irail.be/vehicle/S103890,http://irail.be/stations/NMBS/008812047,S10,2016-09-10T20:21:00,2016-09-10T20:20:00,69,66
http://irail.be/vehicle/S103890,http://irail.be/stations/NMBS/008812062,S10,2016-09-10T20:25:00,2016-09-10T20:25:00,81,45
http://irail.be/vehicle/S103890,http://irail.be/stations/NMBS/008812070,S10,2016-09-10T20:30:00,2016-09-10T20:29:00,94,111
http://irail.be/vehicle/S103890,http://irail.be/stations/NMBS/008812112,S10,2016-09-10T20:34:00,2016-09-10T20:34:00,26,4
http://irail.be/vehicle/S103890,http://irail.be/stations/NMBS/008812120,S10,2016-09-10T20:37:00,2016-09-10T20:36:00,32,57
http://irail.be/vehicle/S103890,http://irail.be/stations/NMBS/008812146,S10,2016-09-10T20:41:00,2016-09-10T20:40:00,38,36
http://irail.be/vehicle/S103890,http://irail.be/stations/NMBS/008812153,S10,2016-09-10T20:44:00,2016-09-10T20:44:00,49,5
http://irail.be/vehicle/S103890,http://irail.be/stations/NMBS/008812161,S10,2016-09-10T20:47:00,2016-09-10T20:47:00,54,7
http://irail.be/vehicle/S103890,http://irail.be/stations/NMBS/008893443,S10,2016-09-10T20:50:00,2016-09-10T20:50:00,43,-6
http://irail.be/vehicle/S103890,http://irail.be/stations/NMBS/008893401,S10,2016-09-10T20:52:00,2016-09-10T20:52:00,,73
http://irail.be/vehicle/S103890,http://irail.be/stations/NMBS/008814001,S10,2016-02-20T20:06:00,2016-02-20T20:06:00,237,0
http://irail.be/vehicle/S103890,http://irail.be/stations/NMBS/008815040,S10,2016-02-20T20:12:00,2016-02-20T20:11:00,217,247
http://irail.be/vehicle/S103890,http://irail.be/stations/NMBS/008812013,S10,2016-02-20T20:14:00,2016-02-20T20:14:00,230,200
http://irail.be/vehicle/S103890,http://irail.be/stations/NMBS/008815016,S10,2016-02-20T20:16:00,2016-02-20T20:16:00,230,230
http://irail.be/vehicle/S103890,http://irail.be/stations/NMBS/008812047,S10,2016-02-20T20:21:00,2016-02-20T20:20:00,218,223
http://irail.be/vehicle/S103890,http://irail.be/stations/NMBS/008812062,S10,2016-02-20T20:25:00,2016-02-20T20:25:00,228,190
http://irail.be/vehicle/S103890,http://irail.be/stations/NMBS/008812070,S10,2016-02-20T20:30:00,2016-02-20T20:29:00,235,254
http://irail.be/vehicle/S103890,http://irail.be/stations/NMBS/008812112,S10,2016-02-20T20:34:00,2016-02-20T20:34:00,186,156
http://irail.be/vehicle/S103890,http://irail.be/stations/NMBS/008812120,S10,2016-02-20T20:37:00,2016-02-20T20:36:00,183,209
http://irail.be/vehicle/S103890,http://irail.be/stations/NMBS/008812146,S10,2016-02-20T20:41:00,2016-02-20T20:40:00,177,195
http://irail.be/vehicle/S103890,http://irail.be/stations/NMBS/008812153,S10,2016-02-20T20:44:00,2016-02-20T20:44:00,176,142
http://irail.be/vehicle/S103890,http://irail.be/stations/NMBS/008812161,S10,2016-02-20T20:47:00,2016-02-20T20:47:00,178,126
http://irail.be/vehicle/S103890,http://irail.be/stations/NMBS/008893443,S10,2016-02-20T20:50:00,2016-02-20T20:50:00,160,118
http://irail.be/vehicle/S103890,http://irail.be/stations/NMBS/008893401,S10,2016-02-20T20:52:00,2016-02-20T20:52:00,0,194
http://irail.be/vehicle/S103890,http://irail.be/stations/NMBS/008814001,S10,2016-12-25T20:06:00,2016-12-25T20:06:00,63,
http://irail.be/vehicle/S103890,http://irail.be/stations/NMBS/008815040,S10,2016-12-25T20:12:00,2016-12-25T20:11:00,55,74
http://irail.be/vehicle/S103890,http://irail.be/stations/NMBS/008812013,S10,2016-12-25T20:14:00,2016-12-25T20:14:00,77,53
http://irail.be/vehicle/S103890,http://irail.be/stations/NMBS/008815016,S10,2016-12-25T20:16:00,2016-12-25T20:16:00,106,77
http://irail.be/vehicle/S103890,http://irail.be/stations/NMBS/008812047,S10,2016-12-25T20:21:00,2016-12-25T20:20:00,89,80
http://irail.be/vehicle/S103890,http://irail.be/stations/NMBS/008812062,S10,2016-12-25T20:25:00,2016-12-25T20:25:00,86,65
http://irail.be/vehicle/S103890,http://irail.be/stations/NMBS/008812070,S10,2016-12-25T20:30:00,2016-12-25T20:29:00,79,101
http://irail.be/vehicle/S103890,http://irail.be/stations/NMBS/008812112,S10,2016-12-25T20:34:00,2016-12-25T20:34:00,56,27
http://irail.be/vehicle/S103890,http://irail.be/stations/NMBS/008812120,S10,2016-12-25T20:37:00,2016-12-25T20:36:00,56,67
http://irail.be/vehicle/S103890,http://irail.be/stations/NMBS/008812146,S10,2016-12-25T20:41:00,2016-12-25T20:40:00,29,50
http://irail.be/vehicle/S103890,http://irail.be/stations/NMBS/008812153,S10,2016-12-25T20:44:00,2016-12-25T20:44:00,-110,-110
http://irail.be/vehicle/S103890,http://irail.be/stations/NMBS/008812161,S10,2016-12-25T20:47:00,2016-12-25T20:47:00,0,-15
http://irail.be/vehicle/S103890,http://irail.be/stations/NMBS/008893443,S10,2016-12-25T20:50:00,2016-12-25T20:50:00,4,0
http://irail.be/vehicle/S103890,http://irail.be/stations/NMBS/008893401,S10,2016-12-25T20:52:00,2016-12-25T20:52:00,,22
http://irail.be/vehicle/S103890,http://irail.be/stations/NMBS/008814001,S10,2016-10-15T20:06:00,2016-10-15T20:06:00,207,
http://irail.be/vehicle/S103890,http://irail.be/stations/NMBS/008815040,S10,2016-10-15T20:12:00,2016-10-15T20:11:00,205,183
http://irail.be/vehicle/S103890,http://irail.be/stations/NMBS/008812013,S10,2016-10-15T20:14:00,2016-10-15T20:14:00,228,188
http://irail.be/vehicle/S103890,http://irail.be/stations/NMBS/008815016,S10,2016-10-15T20:16:00,2016-10-15T20:16:00,228,228
http://irail.be/vehicle/S103890,http://irail.be/stations/NMBS/008812047,S10,2016-10-15T20:21:00,2016-10-15T20:20:00,291,212
http://irail.be/vehicle/S103890,http://irail.be/stations/NMBS/008812062,S10,2016-10-15T20:25:00,2016-10-15T20:25:00,1381,260
http://irail.be/vehicle/S103890,http://irail.be/stations/NMBS/008812070,S10,2016-10-15T20:30:00,2016-10-15T20:29:00,2271,2279
http://irail.be/vehicle/S103890,http://irail.be/stations/NMBS/008812112,S10,2016-10-15T20:34:00,2016-10-15T20:34:00,2204,2179
http://irail.be/vehicle/S103890,http://irail.be/stations/NMBS/008812120,S10,2016-10-15T20:37:00,2016-10-15T20:36:00,2206,2234
http://irail.be/vehicle/S103890,http://irail.be/stations/NMBS/008812146,S10,2016-10-15T20:41:00,2016-10-15T20:40:00,2158,2194
http://irail.be/vehicle/S103890,http://irail.be/stations/NMBS/008812153,S10,2016-10-15T20:44:00,2016-10-15T20:44:00,2138,2109
http://irail.be/vehicle/S103890,http://irail.be/stations/NMBS/008812161,S10,2016-10-15T20:47:00,2016-10-15T20:47:00,2141,2080
http://irail.be/vehicle/S103890,http://irail.be/stations/NMBS/008893443,S10,2016-10-15T20:50:00,2016-10-15T20:50:00,2132,2081
http://irail.be/vehicle/S103890,http://irail.be/stations/NMBS/008893401,S10,2016-10-15T20:52:00,2016-10-15T20:52:00,,2150
http://irail.be/vehicle/S103890,http://irail.be/stations/NMBS/008814001,S10,2016-04-30T20:06:00,2016-04-30T20:06:00,15,0
http://irail.be/vehicle/S103890,http://irail.be/stations/NMBS/008815040,S10,2016-04-30T20:12:00,2016-04-30T20:11:00,26,119
http://irail.be/vehicle/S103890,http://irail.be/stations/NMBS/008812013,S10,2016-04-30T20:14:00,2016-04-30T20:14:00,23,-7
http://irail.be/vehicle/S103890,http://irail.be/stations/NMBS/008815016,S10,2016-04-30T20:16:00,2016-04-30T20:16:00,23,23
http://irail.be/vehicle/S103890,http://irail.be/stations/NMBS/008812047,S10,2016-04-30T20:21:00,2016-04-30T20:20:00,51,57
http://irail.be/vehicle/S103890,http://irail.be/stations/NMBS/008812062,S10,2016-04-30T20:25:00,2016-04-30T20:25:00,63,28
http://irail.be/vehicle/S103890,http://irail.be/stations/NMBS/008812070,S10,2016-04-30T20:30:00,2016-04-30T20:29:00,96,110
http://irail.be/vehicle/S103890,http://irail.be/stations/NMBS/008812112,S10,2016-04-30T20:34:00,2016-04-30T20:34:00,51,19
http://irail.be/vehicle/S103890,http://irail.be/stations/NMBS/008812120,S10,2016-04-30T20:37:00,2016-04-30T20:36:00,44,69
http://irail.be/vehicle/S103890,http://irail.be/stations/NMBS/008812146,S10,2016-04-30T20:41:00,2016-04-30T20:40:00,28,39
http://irail.be/vehicle/S103890,http://irail.be/stations/NMBS/008812153,S10,2016-04-30T20:44:00,2016-04-30T20:44:00,13,-18
http://irail.be/vehicle/S103890,http://irail.be/stations/NMBS/008812161,S10,2016-04-30T20:47:00,2016-04-30T20:47:00,15,-38
http://irail.be/vehicle/S103890,http://irail.be/stations/NMBS/008893443,S10,2016-04-30T20:50:00,2016-04-30T20:50:00,-7,-45
http://irail.be/vehicle/S103890,http://irail.be/stations/NMBS/008893401,S10,2016-04-30T20:52:00,2016-04-30T20:52:00,0,18
http://irail.be/vehicle/S103890,http://irail.be/stations/NMBS/008814001,S10,2016-10-23T20:06:00,2016-10-23T20:06:00,226,
http://irail.be/vehicle/S103890,http://irail.be/stations/NMBS/008815040,S10,2016-10-23T20:12:00,2016-10-23T20:11:00,276,289
http://irail.be/vehicle/S103890,http://irail.be/stations/NMBS/008812013,S10,2016-10-23T20:14:00,2016-10-23T20:14:00,288,263
http://irail.be/vehicle/S103890,http://irail.be/stations/NMBS/008815016,S10,2016-10-23T20:16:00,2016-10-23T20:16:00,288,288
http://irail.be/vehicle/S103890,http://irail.be/stations/NMBS/008812047,S10,2016-10-23T20:21:00,2016-10-23T20:20:00,266,275
http://irail.be/vehicle/S103890,http://irail.be/stations/NMBS/008812062,S10,2016-10-23T20:25:00,2016-10-23T20:25:00,264,235
http://irail.be/vehicle/S103890,http://irail.be/stations/NMBS/008812070,S10,2016-10-23T20:30:00,2016-10-23T20:29:00,265,286
http://irail.be/vehicle/S103890,http://irail.be/stations/NMBS/008812112,S10,2016-10-23T20:34:00,2016-10-23T20:34:00,217,180
http://irail.be/vehicle/S103890,http://irail.be/stations/NMBS/008812120,S10,2016-10-23T20:37:00,2016-10-23T20:36:00,219,248
http://irail.be/vehicle/S103890,http://irail.be/stations/NMBS/008812146,S10,2016-10-23T20:41:00,2016-10-23T20:40:00,189,211
http://irail.be/vehicle/S103890,http://irail.be/stations/NMBS/008812153,S10,2016-10-23T20:44:00,2016-10-23T20:44:00,94,107
http://irail.be/vehicle/S103890,http://irail.be/stations/NMBS/008812161,S10,2016-10-23T20:47:00,2016-10-23T20:47:00,152,125
http://irail.be/vehicle/S103890,http://irail.be/stations/NMBS/008893443,S10,2016-10-23T20:50:00,2016-10-23T20:50:00,129,92
http://irail.be/vehicle/S103890,http://irail.be/stations/NMBS/008893401,S10,2016-10-23T20:52:00,2016-10-23T20:52:00,,150
http://irail.be/vehicle/S103890,http://irail.be/stations/NMBS/008814001,S10,2016-06-19T20:06:00,2016-06-19T20:06:00,126,
http://irail.be/vehicle/S103890,http://irail.be/stations/NMBS/008815040,S10,2016-06-19T20:12:00,2016-06-19T20:11:00,163,117
http://irail.be/vehicle/S103890,http://irail.be/stations/NMBS/008812013,S10,2016-06-19T20:14:00,2016-06-19T20:14:00,165,145
http://irail.be/vehicle/S103890,http://irail.be/stations/NMBS/008815016,S10,2016-06-19T20:16:00,2016-06-19T20:16:00,165,165
http://irail.be/vehicle/S103890,http://irail.be/stations/NMBS/008812047,S10,2016-06-19T20:21:00,2016-06-19T20:20:00,155,164
http://irail.be/vehicle/S103890,http://irail.be/stations/NMBS/008812062,S10,2016-06-19T20:25:00,2016-06-19T20:25:00,147,136
http://irail.be/vehicle/S103890,http://irail.be/stations/NMBS/008812070,S10,2016-06-19T20:30:00,2016-06-19T20:29:00,141,166
http://irail.be/vehicle/S103890,http://irail.be/stations/NMBS/008812112,S10,2016-06-19T20:34:00,2016-06-19T20:34:00,89,56
http://irail.be/vehicle/S103890,http://irail.be/stations/NMBS/008812120,S10,2016-06-19T20:37:00,2016-06-19T20:36:00,98,125
http://irail.be/vehicle/S103890,http://irail.be/stations/NMBS/008812146,S10,2016-06-19T20:41:00,2016-06-19T20:40:00,74,108
http://irail.be/vehicle/S103890,http://irail.be/stations/NMBS/008812153,S10,2016-06-19T20:44:00,2016-06-19T20:44:00,54,24
http://irail.be/vehicle/S103890,http://irail.be/stations/NMBS/008812161,S10,2016-06-19T20:47:00,2016-06-19T20:47:00,34,1
http://irail.be/vehicle/S103890,http://irail.be/stations/NMBS/008893443,S10,2016-06-19T20:50:00,2016-06-19T20:50:00,13,-26
http://irail.be/vehicle/S103890,http://irail.be/stations/NMBS/008893401,S10,2016-06-19T20:52:00,2016-06-19T20:52:00,,31
http://irail.be/vehicle/S103890,http://irail.be/stations/NMBS/008814001,S10,2016-05-29T20:06:00,2016-05-29T20:06:00,51,0
http://irail.be/vehicle/S103890,http://irail.be/stations/NMBS/008815040,S10,2016-05-29T20:12:00,2016-05-29T20:11:00,17,49
http://irail.be/vehicle/S103890,http://irail.be/stations/NMBS/008812013,S10,2016-05-29T20:14:00,2016-05-29T20:14:00,43,3
http://irail.be/vehicle/S103890,http://irail.be/stations/NMBS/008815016,S10,2016-05-29T20:16:00,2016-05-29T20:16:00,43,43
http://irail.be/vehicle/S103890,http://irail.be/stations/NMBS/008812047,S10,2016-05-29T20:21:00,2016-05-29T20:20:00,81,59
http://irail.be/vehicle/S103890,http://irail.be/stations/NMBS/008812062,S10,2016-05-29T20:25:00,2016-05-29T20:25:00,89,56
http://irail.be/vehicle/S103890,http://irail.be/stations/NMBS/008812070,S10,2016-05-29T20:30:00,2016-05-29T20:29:00,91,112
http://irail.be/vehicle/S103890,http://irail.be/stations/NMBS/008812112,S10,2016-05-29T20:34:00,2016-05-29T20:34:00,38,3
http://irail.be/vehicle/S103890,http://irail.be/stations/NMBS/008812120,S10,2016-05-29T20:37:00,2016-05-29T20:36:00,44,72
http://irail.be/vehicle/S103890,http://irail.be/stations/NMBS/008812146,S10,2016-05-29T20:41:00,2016-05-29T20:40:00,18,41
http://irail.be/vehicle/S103890,http://irail.be/stations/NMBS/008812153,S10,2016-05-29T20:44:00,2016-05-29T20:44:00,36,-22
http://irail.be/vehicle/S103890,http://irail.be/stations/NMBS/008812161,S10,2016-05-29T20:47:00,2016-05-29T20:47:00,40,-8
http://irail.be/vehicle/S103890,http://irail.be/stations/NMBS/008893443,S10,2016-05-29T20:50:00,2016-05-29T20:50:00,19,-20
http://irail.be/vehicle/S103890,http://irail.be/stations/NMBS/008893401,S10,2016-05-29T20:52:00,2016-05-29T20:52:00,0,44
http://irail.be/vehicle/S103890,http://irail.be/stations/NMBS/008814001,S10,2016-07-10T20:06:00,2016-07-10T20:06:00,112,
http://irail.be/vehicle/S103890,http://irail.be/stations/NMBS/008815040,S10,2016-07-10T20:12:00,2016-07-10T20:11:00,57,94
http://irail.be/vehicle/S103890,http://irail.be/stations/NMBS/008812013,S10,2016-07-10T20:14:00,2016-07-10T20:14:00,75,47
http://irail.be/vehicle/S103890,http://irail.be/stations/NMBS/008815016,S10,2016-07-10T20:16:00,2016-07-10T20:16:00,75,75
http://irail.be/vehicle/S103890,http://irail.be/stations/NMBS/008812047,S10,2016-07-10T20:21:00,2016-07-10T20:20:00,89,89
http://irail.be/vehicle/S103890,http://irail.be/stations/NMBS/008812062,S10,2016-07-10T20:25:00,2016-07-10T20:25:00,115,70
http://irail.be/vehicle/S103890,http://irail.be/stations/NMBS/008812070,S10,2016-07-10T20:30:00,2016-07-10T20:29:00,102,133
http://irail.be/vehicle/S103890,http://irail.be/stations/NMBS/008812112,S10,2016-07-10T20:34:00,2016-07-10T20:34:00,50,18
http://irail.be/vehicle/S103890,http://irail.be/stations/NMBS/008812120,S10,2016-07-10T20:37:00,2016-07-10T20:36:00,59,85
http://irail.be/vehicle/S103890,http://irail.be/stations/NMBS/008812146,S10,2016-07-10T20:41:00,2016-07-10T20:40:00,50,53
http://irail.be/vehicle/S103890,http://irail.be/stations/NMBS/008812153,S10,2016-07-10T20:44:00,2016-07-10T20:44:00,46,12
http://irail.be/vehicle/S103890,http://irail.be/stations/NMBS/008812161,S10,2016-07-10T20:47:00,2016-07-10T20:47:00,52,0
http://irail.be/vehicle/S103890,http://irail.be/stations/NMBS/008893443,S10,2016-07-10T20:50:00,2016-07-10T20:50:00,63,-8
http://irail.be/vehicle/S103890,http://irail.be/stations/NMBS/008893401,S10,2016-07-10T20:52:00,2016-07-10T20:52:00,,93
http://irail.be/vehicle/S103890,http://irail.be/stations/NMBS/008814001,S10,2016-09-04T20:06:00,2016-09-04T20:06:00,30,
http://irail.be/vehicle/S103890,http://irail.be/stations/NMBS/008815040,S10,2016-09-04T20:12:00,2016-09-04T20:11:00,4,20
http://irail.be/vehicle/S103890,http://irail.be/stations/NMBS/008812013,S10,2016-09-04T20:14:00,2016-09-04T20:14:00,23,-12
http://irail.be/vehicle/S103890,http://irail.be/stations/NMBS/008815016,S10,2016-09-04T20:16:00,2016-09-04T20:16:00,23,23
http://irail.be/vehicle/S103890,http://irail.be/stations/NMBS/008812047,S10,2016-09-04T20:21:00,2016-09-04T20:20:00,7,-5
http://irail.be/vehicle/S103890,http://irail.be/stations/NMBS/008812062,S10,2016-09-04T20:25:00,2016-09-04T20:25:00,20,-8
http://irail.be/vehicle/S103890,http://irail.be/stations/NMBS/008812070,S10,2016-09-04T20:30:00,2016-09-04T20:29:00,25,52
http://irail.be/vehicle/S103890,http://irail.be/stations/NMBS/008812112,S10,2016-09-04T20:34:00,2016-09-04T20:34:00,-8,-58
http://irail.be/vehicle/S103890,http://irail.be/stations/NMBS/008812120,S10,2016-09-04T20:37:00,2016-09-04T20:36:00,1,26
http://irail.be/vehicle/S103890,http://irail.be/stations/NMBS/008812146,S10,2016-09-04T20:41:00,2016-09-04T20:40:00,8,6
http://irail.be/vehicle/S103890,http://irail.be/stations/NMBS/008812153,S10,2016-09-04T20:44:00,2016-09-04T20:44:00,1,-26
http://irail.be/vehicle/S103890,http://irail.be/stations/NMBS/008812161,S10,2016-09-04T20:47:00,2016-09-04T20:47:00,-17,-50
http://irail.be/vehicle/S103890,http://irail.be/stations/NMBS/008893443,S10,2016-09-04T20:50:00,2016-09-04T20:50:00,-5,-17
http://irail.be/vehicle/S103890,http://irail.be/stations/NMBS/008893401,S10,2016-09-04T20:52:00,2016-09-04T20:52:00,,0
http://irail.be/vehicle/S103890,http://irail.be/stations/NMBS/008814001,S10,2016-10-09T20:06:00,2016-10-09T20:06:00,366,
http://irail.be/vehicle/S103890,http://irail.be/stations/NMBS/008815040,S10,2016-10-09T20:12:00,2016-10-09T20:11:00,310,349
http://irail.be/vehicle/S103890,http://irail.be/stations/NMBS/008812013,S10,2016-10-09T20:14:00,2016-10-09T20:14:00,336,364
http://irail.be/vehicle/S103890,http://irail.be/stations/NMBS/008815016,S10,2016-10-09T20:16:00,2016-10-09T20:16:00,336,336
http://irail.be/vehicle/S103890,http://irail.be/stations/NMBS/008812047,S10,2016-10-09T20:21:00,2016-10-09T20:20:00,251,270
http://irail.be/vehicle/S103890,http://irail.be/stations/NMBS/008812062,S10,2016-10-09T20:25:00,2016-10-09T20:25:00,230,215
http://irail.be/vehicle/S103890,http://irail.be/stations/NMBS/008812070,S10,2016-10-09T20:30:00,2016-10-09T20:29:00,205,245
http://irail.be/vehicle/S103890,http://irail.be/stations/NMBS/008812112,S10,2016-10-09T20:34:00,2016-10-09T20:34:00,122,114
http://irail.be/vehicle/S103890,http://irail.be/stations/NMBS/008812120,S10,2016-10-09T20:37:00,2016-10-09T20:36:00,119,151
http://irail.be/vehicle/S103890,http://irail.be/stations/NMBS/008812146,S10,2016-10-09T20:41:00,2016-10-09T20:40:00,95,107
http://irail.be/vehicle/S103890,http://irail.be/stations/NMBS/008812153,S10,2016-10-09T20:44:00,2016-10-09T20:44:00,79,46
http://irail.be/vehicle/S103890,http://irail.be/stations/NMBS/008812161,S10,2016-10-09T20:47:00,2016-10-09T20:47:00,47,23
http://irail.be/vehicle/S103890,http://irail.be/stations/NMBS/008893443,S10,2016-10-09T20:50:00,2016-10-09T20:50:00,19,-13
http://irail.be/vehicle/S103890,http://irail.be/stations/NMBS/008893401,S10,2016-10-09T20:52:00,2016-10-09T20:52:00,,49
http://irail.be/vehicle/S103890,http://irail.be/stations/NMBS/008814001,S10,2016-02-21T20:06:00,2016-02-21T20:06:00,303,0
http://irail.be/vehicle/S103890,http://irail.be/stations/NMBS/008815040,S10,2016-02-21T20:12:00,2016-02-21T20:11:00,246,288
http://irail.be/vehicle/S103890,http://irail.be/stations/NMBS/008812013,S10,2016-02-21T20:14:00,2016-02-21T20:14:00,259,226
http://irail.be/vehicle/S103890,http://irail.be/stations/NMBS/008815016,S10,2016-02-21T20:16:00,2016-02-21T20:16:00,259,259
http://irail.be/vehicle/S103890,http://irail.be/stations/NMBS/008812047,S10,2016-02-21T20:21:00,2016-02-21T20:20:00,249,258
http://irail.be/vehicle/S103890,http://irail.be/stations/NMBS/008812062,S10,2016-02-21T20:25:00,2016-02-21T20:25:00,249,218
http://irail.be/vehicle/S103890,http://irail.be/stations/NMBS/008812070,S10,2016-02-21T20:30:00,2016-02-21T20:29:00,240,268
http://irail.be/vehicle/S103890,http://irail.be/stations/NMBS/008812112,S10,2016-02-21T20:34:00,2016-02-21T20:34:00,172,156
http://irail.be/vehicle/S103890,http://irail.be/stations/NMBS/008812120,S10,2016-02-21T20:37:00,2016-02-21T20:36:00,155,190
http://irail.be/vehicle/S103890,http://irail.be/stations/NMBS/008812146,S10,2016-02-21T20:41:00,2016-02-21T20:40:00,138,155
http://irail.be/vehicle/S103890,http://irail.be/stations/NMBS/008812153,S10,2016-02-21T20:44:00,2016-02-21T20:44:00,124,94
http://irail.be/vehicle/S103890,http://irail.be/stations/NMBS/008812161,S10,2016-02-21T20:47:00,2016-02-21T20:47:00,106,66
http://irail.be/vehicle/S103890,http://irail.be/stations/NMBS/008893443,S10,2016-02-21T20:50:00,2016-02-21T20:50:00,75,46
http://irail.be/vehicle/S103890,http://irail.be/stations/NMBS/008893401,S10,2016-02-21T20:52:00,2016-02-21T20:52:00,0,97
http://irail.be/vehicle/S103890,http://irail.be/stations/NMBS/008814001,S10,2016-12-24T20:06:00,2016-12-24T20:06:00,26,
http://irail.be/vehicle/S103890,http://irail.be/stations/NMBS/008815040,S10,2016-12-24T20:12:00,2016-12-24T20:11:00,-11,19
http://irail.be/vehicle/S103890,http://irail.be/stations/NMBS/008812013,S10,2016-12-24T20:14:00,2016-12-24T20:14:00,-2,-24
http://irail.be/vehicle/S103890,http://irail.be/stations/NMBS/008815016,S10,2016-12-24T20:16:00,2016-12-24T20:16:00,9,-2
http://irail.be/vehicle/S103890,http://irail.be/stations/NMBS/008812047,S10,2016-12-24T20:21:00,2016-12-24T20:20:00,29,-35
http://irail.be/vehicle/S103890,http://irail.be/stations/NMBS/008812062,S10,2016-12-24T20:25:00,2016-12-24T20:25:00,14,1
http://irail.be/vehicle/S103890,http://irail.be/stations/NMBS/008812070,S10,2016-12-24T20:30:00,2016-12-24T20:29:00,7,23
http://irail.be/vehicle/S103890,http://irail.be/stations/NMBS/008812112,S10,2016-12-24T20:34:00,2016-12-24T20:34:00,-33,-55
http://irail.be/vehicle/S103890,http://irail.be/stations/NMBS/008812120,S10,2016-12-24T20:37:00,2016-12-24T20:36:00,-22,-19
http://irail.be/vehicle/S103890,http://irail.be/stations/NMBS/008812146,S10,2016-12-24T20:41:00,2016-12-24T20:40:00,32,-8
http://irail.be/vehicle/S103890,http://irail.be/stations/NMBS/008812153,S10,2016-12-24T20:44:00,2016-12-24T20:44:00,-108,-108
http://irail.be/vehicle/S103890,http://irail.be/stations/NMBS/008812161,S10,2016-12-24T20:47:00,2016-12-24T20:47:00,26,-3
http://irail.be/vehicle/S103890,http://irail.be/stations/NMBS/008893443,S10,2016-12-24T20:50:00,2016-12-24T20:50:00,33,0
http://irail.be/vehicle/S103890,http://irail.be/stations/NMBS/008893401,S10,2016-12-24T20:52:00,2016-12-24T20:52:00,,43
http://irail.be/vehicle/S103890,http://irail.be/stations/NMBS/008814001,S10,2016-02-13T20:06:00,2016-02-13T20:06:00,35,0
http://irail.be/vehicle/S103890,http://irail.be/stations/NMBS/008815040,S10,2016-02-13T20:12:00,2016-02-13T20:11:00,-18,23
http://irail.be/vehicle/S103890,http://irail.be/stations/NMBS/008812013,S10,2016-02-13T20:14:00,2016-02-13T20:14:00,-2,-36
http://irail.be/vehicle/S103890,http://irail.be/stations/NMBS/008815016,S10,2016-02-13T20:16:00,2016-02-13T20:16:00,0,-2
http://irail.be/vehicle/S103890,http://irail.be/stations/NMBS/008812047,S10,2016-02-13T20:21:00,2016-02-13T20:20:00,34,-24
http://irail.be/vehicle/S103890,http://irail.be/stations/NMBS/008812062,S10,2016-02-13T20:25:00,2016-02-13T20:25:00,47,16
http://irail.be/vehicle/S103890,http://irail.be/stations/NMBS/008812070,S10,2016-02-13T20:30:00,2016-02-13T20:29:00,39,77
http://irail.be/vehicle/S103890,http://irail.be/stations/NMBS/008812112,S10,2016-02-13T20:34:00,2016-02-13T20:34:00,-15,-43
http://irail.be/vehicle/S103890,http://irail.be/stations/NMBS/008812120,S10,2016-02-13T20:37:00,2016-02-13T20:36:00,-1,3
http://irail.be/vehicle/S103890,http://irail.be/stations/NMBS/008812146,S10,2016-02-13T20:41:00,2016-02-13T20:40:00,44,21
http://irail.be/vehicle/S103890,http://irail.be/stations/NMBS/008812153,S10,2016-02-13T20:44:00,2016-02-13T20:44:00,31,6
http://irail.be/vehicle/S103890,http://irail.be/stations/NMBS/008812161,S10,2016-02-13T20:47:00,2016-02-13T20:47:00,14,-22
http://irail.be/vehicle/S103890,http://irail.be/stations/NMBS/008893443,S10,2016-02-13T20:50:00,2016-02-13T20:50:00,17,-46
http://irail.be/vehicle/S103890,http://irail.be/stations/NMBS/008893401,S10,2016-02-13T20:52:00,2016-02-13T20:52:00,0,41
http://irail.be/vehicle/S103890,http://irail.be/stations/NMBS/008814001,S10,2016-02-06T20:06:00,2016-02-06T20:06:00,75,0
http://irail.be/vehicle/S103890,http://irail.be/stations/NMBS/008815040,S10,2016-02-06T20:12:00,2016-02-06T20:11:00,29,59
http://irail.be/vehicle/S103890,http://irail.be/stations/NMBS/008812013,S10,2016-02-06T20:14:00,2016-02-06T20:14:00,35,13
http://irail.be/vehicle/S103890,http://irail.be/stations/NMBS/008815016,S10,2016-02-06T20:16:00,2016-02-06T20:16:00,35,35
http://irail.be/vehicle/S103890,http://irail.be/stations/NMBS/008812047,S10,2016-02-06T20:21:00,2016-02-06T20:20:00,20,28
http://irail.be/vehicle/S103890,http://irail.be/stations/NMBS/008812062,S10,2016-02-06T20:25:00,2016-02-06T20:25:00,100,0
http://irail.be/vehicle/S103890,http://irail.be/stations/NMBS/008812070,S10,2016-02-06T20:30:00,2016-02-06T20:29:00,98,119
http://irail.be/vehicle/S103890,http://irail.be/stations/NMBS/008812112,S10,2016-02-06T20:34:00,2016-02-06T20:34:00,45,19
http://irail.be/vehicle/S103890,http://irail.be/stations/NMBS/008812120,S10,2016-02-06T20:37:00,2016-02-06T20:36:00,25,64
http://irail.be/vehicle/S103890,http://irail.be/stations/NMBS/008812146,S10,2016-02-06T20:41:00,2016-02-06T20:40:00,3,35
http://irail.be/vehicle/S103890,http://irail.be/stations/NMBS/008812153,S10,2016-02-06T20:44:00,2016-02-06T20:44:00,0,-39
http://irail.be/vehicle/S103890,http://irail.be/stations/NMBS/008812161,S10,2016-02-06T20:47:00,2016-02-06T20:47:00,-13,-55
http://irail.be/vehicle/S103890,http://irail.be/stations/NMBS/008893443,S10,2016-02-06T20:50:00,2016-02-06T20:50:00,-29,-13
http://irail.be/vehicle/S103890,http://irail.be/stations/NMBS/008893401,S10,2016-02-06T20:52:00,2016-02-06T20:52:00,0,-25
http://irail.be/vehicle/S103890,http://irail.be/stations/NMBS/008814001,S10,2016-05-01T20:06:00,2016-05-01T20:06:00,203,0
http://irail.be/vehicle/S103890,http://irail.be/stations/NMBS/008815040,S10,2016-05-01T20:12:00,2016-05-01T20:11:00,159,232
http://irail.be/vehicle/S103890,http://irail.be/stations/NMBS/008812013,S10,2016-05-01T20:14:00,2016-05-01T20:14:00,126,120
http://irail.be/vehicle/S103890,http://irail.be/stations/NMBS/008815016,S10,2016-05-01T20:16:00,2016-05-01T20:16:00,126,126
http://irail.be/vehicle/S103890,http://irail.be/stations/NMBS/008812047,S10,2016-05-01T20:21:00,2016-05-01T20:20:00,186,201
http://irail.be/vehicle/S103890,http://irail.be/stations/NMBS/008812062,S10,2016-05-01T20:25:00,2016-05-01T20:25:00,163,149
http://irail.be/vehicle/S103890,http://irail.be/stations/NMBS/008812070,S10,2016-05-01T20:30:00,2016-05-01T20:29:00,151,180
http://irail.be/vehicle/S103890,http://irail.be/stations/NMBS/008812112,S10,2016-05-01T20:34:00,2016-05-01T20:34:00,76,67
http://irail.be/vehicle/S103890,http://irail.be/stations/NMBS/008812120,S10,2016-05-01T20:37:00,2016-05-01T20:36:00,67,96
http://irail.be/vehicle/S103890,http://irail.be/stations/NMBS/008812146,S10,2016-05-01T20:41:00,2016-05-01T20:40:00,53,67
http://irail.be/vehicle/S103890,http://irail.be/stations/NMBS/008812153,S10,2016-05-01T20:44:00,2016-05-01T20:44:00,42,9
http://irail.be/vehicle/S103890,http://irail.be/stations/NMBS/008812161,S10,2016-05-01T20:47:00,2016-05-01T20:47:00,20,-11
http://irail.be/vehicle/S103890,http://irail.be/stations/NMBS/008893443,S10,2016-05-01T20:50:00,2016-05-01T20:50:00,-6,-40
http://irail.be/vehicle/S103890,http://irail.be/stations/NMBS/008893401,S10,2016-05-01T20:52:00,2016-05-01T20:52:00,0,17
http://irail.be/vehicle/S103890,http://irail.be/stations/NMBS/008814001,S10,2016-01-01T20:06:00,2016-01-01T20:06:00,40,0
http://irail.be/vehicle/S103890,http://irail.be/stations/NMBS/008815040,S10,2016-01-01T20:12:00,2016-01-01T20:11:00,13,41
http://irail.be/vehicle/S103890,http://irail.be/stations/NMBS/008812013,S10,2016-01-01T20:14:00,2016-01-01T20:14:00,17,-5
http://irail.be/vehicle/S103890,http://irail.be/stations/NMBS/008815016,S10,2016-01-01T20:16:00,2016-01-01T20:16:00,17,17
http://irail.be/vehicle/S103890,http://irail.be/stations/NMBS/008812047,S10,2016-01-01T20:21:00,2016-01-01T20:20:00,70,5
http://irail.be/vehicle/S103890,http://irail.be/stations/NMBS/008812062,S10,2016-01-01T20:25:00,2016-01-01T20:25:00,98,71
http://irail.be/vehicle/S103890,http://irail.be/stations/NMBS/008812070,S10,2016-01-01T20:30:00,2016-01-01T20:29:00,86,116
http://irail.be/vehicle/S103890,http://irail.be/stations/NMBS/008812112,S10,2016-01-01T20:34:00,2016-01-01T20:34:00,45,10
http://irail.be/vehicle/S103890,http://irail.be/stations/NMBS/008812120,S10,2016-01-01T20:37:00,2016-01-01T20:36:00,22,63
http://irail.be/vehicle/S103890,http://irail.be/stations/NMBS/008812146,S10,2016-01-01T20:41:00,2016-01-01T20:40:00,16,28
http://irail.be/vehicle/S103890,http://irail.be/stations/NMBS/008812153,S10,2016-01-01T20:44:00,2016-01-01T20:44:00,2,-28
http://irail.be/vehicle/S103890,http://irail.be/stations/NMBS/008812161,S10,2016-01-01T20:47:00,2016-01-01T20:47:00,-21,-57
http://irail.be/vehicle/S103890,http://irail.be/stations/NMBS/008893443,S10,2016-01-01T20:50:00,2016-01-01T20:50:00,-9,-21
http://irail.be/vehicle/S103890,http://irail.be/stations/NMBS/008893401,S10,2016-01-01T20:52:00,2016-01-01T20:52:00,0,18
http://irail.be/vehicle/S103890,http://irail.be/stations/NMBS/008814001,S10,2016-04-17T20:06:00,2016-04-17T20:06:00,21,0
http://irail.be/vehicle/S103890,http://irail.be/stations/NMBS/008815040,S10,2016-04-17T20:12:00,2016-04-17T20:11:00,-22,10
http://irail.be/vehicle/S103890,http://irail.be/stations/NMBS/008812013,S10,2016-04-17T20:14:00,2016-04-17T20:14:00,-31,-33
http://irail.be/vehicle/S103890,http://irail.be/stations/NMBS/008815016,S10,2016-04-17T20:16:00,2016-04-17T20:16:00,0,-31
http://irail.be/vehicle/S103890,http://irail.be/stations/NMBS/008812047,S10,2016-04-17T20:20:00,2016-04-17T20:20:00,0,5
http://irail.be/vehicle/S103890,http://irail.be/stations/NMBS/008814001,S10,2016-01-16T20:06:00,2016-01-16T20:06:00,231,0
http://irail.be/vehicle/S103890,http://irail.be/stations/NMBS/008815040,S10,2016-01-16T20:12:00,2016-01-16T20:11:00,190,226
http://irail.be/vehicle/S103890,http://irail.be/stations/NMBS/008812013,S10,2016-01-16T20:14:00,2016-01-16T20:14:00,198,176
http://irail.be/vehicle/S103890,http://irail.be/stations/NMBS/008815016,S10,2016-01-16T20:16:00,2016-01-16T20:16:00,198,198
http://irail.be/vehicle/S103890,http://irail.be/stations/NMBS/008812047,S10,2016-01-16T20:21:00,2016-01-16T20:20:00,231,250
http://irail.be/vehicle/S103890,http://irail.be/stations/NMBS/008812062,S10,2016-01-16T20:25:00,2016-01-16T20:25:00,226,197
http://irail.be/vehicle/S103890,http://irail.be/stations/NMBS/008812070,S10,2016-01-16T20:30:00,2016-01-16T20:29:00,232,250
http://irail.be/vehicle/S103890,http://irail.be/stations/NMBS/008812112,S10,2016-01-16T20:34:00,2016-01-16T20:34:00,191,155
http://irail.be/vehicle/S103890,http://irail.be/stations/NMBS/008812120,S10,2016-01-16T20:37:00,2016-01-16T20:36:00,191,212
http://irail.be/vehicle/S103890,http://irail.be/stations/NMBS/008812146,S10,2016-01-16T20:41:00,2016-01-16T20:40:00,187,198
http://irail.be/vehicle/S103890,http://irail.be/stations/NMBS/008812153,S10,2016-01-16T20:44:00,2016-01-16T20:44:00,195,148
http://irail.be/vehicle/S103890,http://irail.be/stations/NMBS/008812161,S10,2016-01-16T20:47:00,2016-01-16T20:47:00,188,146
http://irail.be/vehicle/S103890,http://irail.be/stations/NMBS/008893443,S10,2016-01-16T20:50:00,2016-01-16T20:50:00,174,188
http://irail.be/vehicle/S103890,http://irail.be/stations/NMBS/008893401,S10,2016-01-16T20:52:00,2016-01-16T20:52:00,0,176
http://irail.be/vehicle/S103890,http://irail.be/stations/NMBS/008814001,S10,2016-12-31T20:06:00,2016-12-31T20:06:00,163,
http://irail.be/vehicle/S103890,http://irail.be/stations/NMBS/008815040,S10,2016-12-31T20:12:00,2016-12-31T20:11:00,105,144
http://irail.be/vehicle/S103890,http://irail.be/stations/NMBS/008812013,S10,2016-12-31T20:14:00,2016-12-31T20:14:00,117,94
http://irail.be/vehicle/S103890,http://irail.be/stations/NMBS/008815016,S10,2016-12-31T20:16:00,2016-12-31T20:16:00,135,117
http://irail.be/vehicle/S103890,http://irail.be/stations/NMBS/008812047,S10,2016-12-31T20:21:00,2016-12-31T20:20:00,89,98
http://irail.be/vehicle/S103890,http://irail.be/stations/NMBS/008812062,S10,2016-12-31T20:25:00,2016-12-31T20:25:00,46,46
http://irail.be/vehicle/S103890,http://irail.be/stations/NMBS/008812070,S10,2016-12-31T20:30:00,2016-12-31T20:29:00,52,60
http://irail.be/vehicle/S103890,http://irail.be/stations/NMBS/008812112,S10,2016-12-31T20:34:00,2016-12-31T20:34:00,22,2
http://irail.be/vehicle/S103890,http://irail.be/stations/NMBS/008812120,S10,2016-12-31T20:37:00,2016-12-31T20:36:00,0,25
http://irail.be/vehicle/S103890,http://irail.be/stations/NMBS/008812146,S10,2016-12-31T20:41:00,2016-12-31T20:40:00,-40,-16
http://irail.be/vehicle/S103890,http://irail.be/stations/NMBS/008812153,S10,2016-12-31T20:44:00,2016-12-31T20:44:00,-185,-185
http://irail.be/vehicle/S103890,http://irail.be/stations/NMBS/008812161,S10,2016-12-31T20:47:00,2016-12-31T20:47:00,-69,-70
http://irail.be/vehicle/S103890,http://irail.be/stations/NMBS/008893443,S10,2016-12-31T20:50:00,2016-12-31T20:50:00,-44,-69
http://irail.be/vehicle/S103890,http://irail.be/stations/NMBS/008893401,S10,2016-12-31T20:52:00,2016-12-31T20:52:00,,-28
http://irail.be/vehicle/S103890,http://irail.be/stations/NMBS/008814001,S10,2016-08-21T20:06:00,2016-08-21T20:06:00,83,
http://irail.be/vehicle/S103890,http://irail.be/stations/NMBS/008815040,S10,2016-08-21T20:12:00,2016-08-21T20:11:00,164,117
http://irail.be/vehicle/S103890,http://irail.be/stations/NMBS/008812013,S10,2016-08-21T20:14:00,2016-08-21T20:14:00,300,270
http://irail.be/vehicle/S103890,http://irail.be/stations/NMBS/008815016,S10,2016-08-21T20:16:00,2016-08-21T20:16:00,300,300
http://irail.be/vehicle/S103890,http://irail.be/stations/NMBS/008812047,S10,2016-08-21T20:21:00,2016-08-21T20:20:00,236,262
http://irail.be/vehicle/S103890,http://irail.be/stations/NMBS/008812062,S10,2016-08-21T20:25:00,2016-08-21T20:25:00,221,201
http://irail.be/vehicle/S103890,http://irail.be/stations/NMBS/008812070,S10,2016-08-21T20:30:00,2016-08-21T20:29:00,211,243
http://irail.be/vehicle/S103890,http://irail.be/stations/NMBS/008812112,S10,2016-08-21T20:34:00,2016-08-21T20:34:00,151,125
http://irail.be/vehicle/S103890,http://irail.be/stations/NMBS/008812120,S10,2016-08-21T20:37:00,2016-08-21T20:36:00,153,184
http://irail.be/vehicle/S103890,http://irail.be/stations/NMBS/008812146,S10,2016-08-21T20:41:00,2016-08-21T20:40:00,122,145
http://irail.be/vehicle/S103890,http://irail.be/stations/NMBS/008812153,S10,2016-08-21T20:44:00,2016-08-21T20:44:00,100,75
http://irail.be/vehicle/S103890,http://irail.be/stations/NMBS/008812161,S10,2016-08-21T20:47:00,2016-08-21T20:47:00,73,42
http://irail.be/vehicle/S103890,http://irail.be/stations/NMBS/008893443,S10,2016-08-21T20:50:00,2016-08-21T20:50:00,54,13
http://irail.be/vehicle/S103890,http://irail.be/stations/NMBS/008893401,S10,2016-08-21T20:52:00,2016-08-21T20:52:00,,77
http://irail.be/vehicle/S103890,http://irail.be/stations/NMBS/008814001,S10,2016-10-08T20:06:00,2016-10-08T20:06:00,434,
http://irail.be/vehicle/S103890,http://irail.be/stations/NMBS/008815040,S10,2016-10-08T20:12:00,2016-10-08T20:11:00,397,433
http://irail.be/vehicle/S103890,http://irail.be/stations/NMBS/008812013,S10,2016-10-08T20:14:00,2016-10-08T20:14:00,415,387
http://irail.be/vehicle/S103890,http://irail.be/stations/NMBS/008815016,S10,2016-10-08T20:16:00,2016-10-08T20:16:00,415,415
http://irail.be/vehicle/S103890,http://irail.be/stations/NMBS/008812047,S10,2016-10-08T20:21:00,2016-10-08T20:20:00,351,376
http://irail.be/vehicle/S103890,http://irail.be/stations/NMBS/008812062,S10,2016-10-08T20:25:00,2016-10-08T20:25:00,336,312
http://irail.be/vehicle/S103890,http://irail.be/stations/NMBS/008812070,S10,2016-10-08T20:30:00,2016-10-08T20:29:00,325,351
http://irail.be/vehicle/S103890,http://irail.be/stations/NMBS/008812112,S10,2016-10-08T20:34:00,2016-10-08T20:34:00,267,236
http://irail.be/vehicle/S103890,http://irail.be/stations/NMBS/008812120,S10,2016-10-08T20:37:00,2016-10-08T20:36:00,272,297
http://irail.be/vehicle/S103890,http://irail.be/stations/NMBS/008812146,S10,2016-10-08T20:41:00,2016-10-08T20:40:00,244,267
http://irail.be/vehicle/S103890,http://irail.be/stations/NMBS/008812153,S10,2016-10-08T20:44:00,2016-10-08T20:44:00,232,201
http://irail.be/vehicle/S103890,http://irail.be/stations/NMBS/008812161,S10,2016-10-08T20:47:00,2016-10-08T20:47:00,220,176
http://irail.be/vehicle/S103890,http://irail.be/stations/NMBS/008893443,S10,2016-10-08T20:50:00,2016-10-08T20:50:00,205,160
http://irail.be/vehicle/S103890,http://irail.be/stations/NMBS/008893401,S10,2016-10-08T20:52:00,2016-10-08T20:52:00,,226
http://irail.be/vehicle/S103890,http://irail.be/stations/NMBS/008814001,S10,2016-11-19T20:06:00,2016-11-19T20:06:00,200,
http://irail.be/vehicle/S103890,http://irail.be/stations/NMBS/008815040,S10,2016-11-19T20:12:00,2016-11-19T20:11:00,200,235
http://irail.be/vehicle/S103890,http://irail.be/stations/NMBS/008812013,S10,2016-11-19T20:14:00,2016-11-19T20:14:00,226,210
http://irail.be/vehicle/S103890,http://irail.be/stations/NMBS/008815016,S10,2016-11-19T20:16:00,2016-11-19T20:16:00,246,226
http://irail.be/vehicle/S103890,http://irail.be/stations/NMBS/008812047,S10,2016-11-19T20:21:00,2016-11-19T20:20:00,245,224
http://irail.be/vehicle/S103890,http://irail.be/stations/NMBS/008812062,S10,2016-11-19T20:25:00,2016-11-19T20:25:00,253,228
http://irail.be/vehicle/S103890,http://irail.be/stations/NMBS/008812070,S10,2016-11-19T20:30:00,2016-11-19T20:29:00,252,273
http://irail.be/vehicle/S103890,http://irail.be/stations/NMBS/008812112,S10,2016-11-19T20:34:00,2016-11-19T20:34:00,229,210
http://irail.be/vehicle/S103890,http://irail.be/stations/NMBS/008812120,S10,2016-11-19T20:37:00,2016-11-19T20:36:00,235,240
http://irail.be/vehicle/S103890,http://irail.be/stations/NMBS/008812146,S10,2016-11-19T20:41:00,2016-11-19T20:40:00,220,239
http://irail.be/vehicle/S103890,http://irail.be/stations/NMBS/008812153,S10,2016-11-19T20:44:00,2016-11-19T20:44:00,77,77
http://irail.be/vehicle/S103890,http://irail.be/stations/NMBS/008812161,S10,2016-11-19T20:47:00,2016-11-19T20:47:00,168,161
http://irail.be/vehicle/S103890,http://irail.be/stations/NMBS/008893443,S10,2016-11-19T20:50:00,2016-11-19T20:50:00,183,168
http://irail.be/vehicle/S103890,http://irail.be/stations/NMBS/008893401,S10,2016-11-19T20:52:00,2016-11-19T20:52:00,,207
http://irail.be/vehicle/S103890,http://irail.be/stations/NMBS/008814001,S10,2016-12-10T20:06:00,2016-12-10T20:06:00,86,
http://irail.be/vehicle/S103890,http://irail.be/stations/NMBS/008815040,S10,2016-12-10T20:12:00,2016-12-10T20:11:00,31,62
http://irail.be/vehicle/S103890,http://irail.be/stations/NMBS/008812013,S10,2016-12-10T20:14:00,2016-12-10T20:14:00,43,21
http://irail.be/vehicle/S103890,http://irail.be/stations/NMBS/008815016,S10,2016-12-10T20:16:00,2016-12-10T20:16:00,54,43
http://irail.be/vehicle/S103890,http://irail.be/stations/NMBS/008812047,S10,2016-12-10T20:21:00,2016-12-10T20:20:00,39,4
http://irail.be/vehicle/S103890,http://irail.be/stations/NMBS/008812062,S10,2016-12-10T20:25:00,2016-12-10T20:25:00,24,5
http://irail.be/vehicle/S103890,http://irail.be/stations/NMBS/008812070,S10,2016-12-10T20:30:00,2016-12-10T20:29:00,13,27
http://irail.be/vehicle/S103890,http://irail.be/stations/NMBS/008812112,S10,2016-12-10T20:34:00,2016-12-10T20:34:00,19,-31
http://irail.be/vehicle/S103890,http://irail.be/stations/NMBS/008812120,S10,2016-12-10T20:37:00,2016-12-10T20:36:00,22,29
http://irail.be/vehicle/S103890,http://irail.be/stations/NMBS/008812146,S10,2016-12-10T20:41:00,2016-12-10T20:40:00,24,34
http://irail.be/vehicle/S103890,http://irail.be/stations/NMBS/008812153,S10,2016-12-10T20:44:00,2016-12-10T20:44:00,-105,-105
http://irail.be/vehicle/S103890,http://irail.be/stations/NMBS/008812161,S10,2016-12-10T20:47:00,2016-12-10T20:47:00,13,-1
http://irail.be/vehicle/S103890,http://irail.be/stations/NMBS/008893443,S10,2016-12-10T20:50:00,2016-12-10T20:50:00,29,13
http://irail.be/vehicle/S103890,http://irail.be/stations/NMBS/008893401,S10,2016-12-10T20:52:00,2016-12-10T20:52:00,,40
http://irail.be/vehicle/S103890,http://irail.be/stations/NMBS/008814001,S10,2016-03-12T20:06:00,2016-03-12T20:06:00,188,0
http://irail.be/vehicle/S103890,http://irail.be/stations/NMBS/008815040,S10,2016-03-12T20:12:00,2016-03-12T20:11:00,153,163
http://irail.be/vehicle/S103890,http://irail.be/stations/NMBS/008812013,S10,2016-03-12T20:14:00,2016-03-12T20:14:00,156,136
http://irail.be/vehicle/S103890,http://irail.be/stations/NMBS/008815016,S10,2016-03-12T20:16:00,2016-03-12T20:16:00,156,156
http://irail.be/vehicle/S103890,http://irail.be/stations/NMBS/008812047,S10,2016-03-12T20:21:00,2016-03-12T20:20:00,113,128
http://irail.be/vehicle/S103890,http://irail.be/stations/NMBS/008812062,S10,2016-03-12T20:25:00,2016-03-12T20:25:00,140,85
http://irail.be/vehicle/S103890,http://irail.be/stations/NMBS/008812070,S10,2016-03-12T20:30:00,2016-03-12T20:29:00,138,159
http://irail.be/vehicle/S103890,http://irail.be/stations/NMBS/008812112,S10,2016-03-12T20:34:00,2016-03-12T20:34:00,71,53
http://irail.be/vehicle/S103890,http://irail.be/stations/NMBS/008812120,S10,2016-03-12T20:37:00,2016-03-12T20:36:00,51,94
http://irail.be/vehicle/S103890,http://irail.be/stations/NMBS/008812146,S10,2016-03-12T20:41:00,2016-03-12T20:40:00,50,67
http://irail.be/vehicle/S103890,http://irail.be/stations/NMBS/008812153,S10,2016-03-12T20:44:00,2016-03-12T20:44:00,25,10
http://irail.be/vehicle/S103890,http://irail.be/stations/NMBS/008812161,S10,2016-03-12T20:47:00,2016-03-12T20:47:00,11,-32
http://irail.be/vehicle/S103890,http://irail.be/stations/NMBS/008893443,S10,2016-03-12T20:50:00,2016-03-12T20:50:00,-12,-49
http://irail.be/vehicle/S103890,http://irail.be/stations/NMBS/008893401,S10,2016-03-12T20:52:00,2016-03-12T20:52:00,0,27
http://irail.be/vehicle/S103890,http://irail.be/stations/NMBS/008814001,S10,2016-12-17T20:06:00,2016-12-17T20:06:00,258,
http://irail.be/vehicle/S103890,http://irail.be/stations/NMBS/008815040,S10,2016-12-17T20:12:00,2016-12-17T20:11:00,237,246
http://irail.be/vehicle/S103890,http://irail.be/stations/NMBS/008812013,S10,2016-12-17T20:14:00,2016-12-17T20:14:00,249,205
http://irail.be/vehicle/S103890,http://irail.be/stations/NMBS/008815016,S10,2016-12-17T20:16:00,2016-12-17T20:16:00,249,249
http://irail.be/vehicle/S103890,http://irail.be/stations/NMBS/008812047,S10,2016-12-17T20:21:00,2016-12-17T20:20:00,217,197
http://irail.be/vehicle/S103890,http://irail.be/stations/NMBS/008812062,S10,2016-12-17T20:25:00,2016-12-17T20:25:00,211,160
http://irail.be/vehicle/S103890,http://irail.be/stations/NMBS/008812070,S10,2016-12-17T20:30:00,2016-12-17T20:29:00,212,197
http://irail.be/vehicle/S103890,http://irail.be/stations/NMBS/008812112,S10,2016-12-17T20:34:00,2016-12-17T20:34:00,259,108
http://irail.be/vehicle/S103890,http://irail.be/stations/NMBS/008812120,S10,2016-12-17T20:37:00,2016-12-17T20:36:00,268,250
http://irail.be/vehicle/S103890,http://irail.be/stations/NMBS/008812146,S10,2016-12-17T20:41:00,2016-12-17T20:40:00,257,229
http://irail.be/vehicle/S103890,http://irail.be/stations/NMBS/008812153,S10,2016-12-17T20:44:00,2016-12-17T20:44:00,107,107
http://irail.be/vehicle/S103890,http://irail.be/stations/NMBS/008812161,S10,2016-12-17T20:47:00,2016-12-17T20:47:00,208,182
http://irail.be/vehicle/S103890,http://irail.be/stations/NMBS/008893443,S10,2016-12-17T20:50:00,2016-12-17T20:50:00,242,208
http://irail.be/vehicle/S103890,http://irail.be/stations/NMBS/008893401,S10,2016-12-17T20:52:00,2016-12-17T20:52:00,,235
http://irail.be/vehicle/S103890,http://irail.be/stations/NMBS/008814001,S10,2016-05-07T20:06:00,2016-05-07T20:06:00,176,0
http://irail.be/vehicle/S103890,http://irail.be/stations/NMBS/008815040,S10,2016-05-07T20:12:00,2016-05-07T20:11:00,287,256
http://irail.be/vehicle/S103890,http://irail.be/stations/NMBS/008812013,S10,2016-05-07T20:14:00,2016-05-07T20:14:00,308,278
http://irail.be/vehicle/S103890,http://irail.be/stations/NMBS/008815016,S10,2016-05-07T20:16:00,2016-05-07T20:16:00,308,308
http://irail.be/vehicle/S103890,http://irail.be/stations/NMBS/008812047,S10,2016-05-07T20:21:00,2016-05-07T20:20:00,321,322
http://irail.be/vehicle/S103890,http://irail.be/stations/NMBS/008812062,S10,2016-05-07T20:25:00,2016-05-07T20:25:00,318,287
http://irail.be/vehicle/S103890,http://irail.be/stations/NMBS/008812070,S10,2016-05-07T20:30:00,2016-05-07T20:29:00,321,345
http://irail.be/vehicle/S103890,http://irail.be/stations/NMBS/008812112,S10,2016-05-07T20:34:00,2016-05-07T20:34:00,256,231
http://irail.be/vehicle/S103890,http://irail.be/stations/NMBS/008812120,S10,2016-05-07T20:37:00,2016-05-07T20:36:00,260,286
http://irail.be/vehicle/S103890,http://irail.be/stations/NMBS/008812146,S10,2016-05-07T20:41:00,2016-05-07T20:40:00,268,278
http://irail.be/vehicle/S103890,http://irail.be/stations/NMBS/008812153,S10,2016-05-07T20:44:00,2016-05-07T20:44:00,250,220
http://irail.be/vehicle/S103890,http://irail.be/stations/NMBS/008812161,S10,2016-05-07T20:47:00,2016-05-07T20:47:00,236,195
http://irail.be/vehicle/S103890,http://irail.be/stations/NMBS/008893443,S10,2016-05-07T20:50:00,2016-05-07T20:50:00,216,176
http://irail.be/vehicle/S103890,http://irail.be/stations/NMBS/008893401,S10,2016-05-07T20:52:00,2016-05-07T20:52:00,0,245
http://irail.be/vehicle/S103890,http://irail.be/stations/NMBS/008814001,S10,2016-07-24T20:06:00,2016-07-24T20:06:00,270,
http://irail.be/vehicle/S103890,http://irail.be/stations/NMBS/008815040,S10,2016-07-24T20:12:00,2016-07-24T20:11:00,235,269
http://irail.be/vehicle/S103890,http://irail.be/stations/NMBS/008812013,S10,2016-07-24T20:14:00,2016-07-24T20:14:00,222,222
http://irail.be/vehicle/S103890,http://irail.be/stations/NMBS/008815016,S10,2016-07-24T20:16:00,2016-07-24T20:16:00,222,222
http://irail.be/vehicle/S103890,http://irail.be/stations/NMBS/008812047,S10,2016-07-24T20:21:00,2016-07-24T20:20:00,255,261
http://irail.be/vehicle/S103890,http://irail.be/stations/NMBS/008812062,S10,2016-07-24T20:25:00,2016-07-24T20:25:00,247,220
http://irail.be/vehicle/S103890,http://irail.be/stations/NMBS/008812070,S10,2016-07-24T20:30:00,2016-07-24T20:29:00,257,272
http://irail.be/vehicle/S103890,http://irail.be/stations/NMBS/008812112,S10,2016-07-24T20:34:00,2016-07-24T20:34:00,191,175
http://irail.be/vehicle/S103890,http://irail.be/stations/NMBS/008812120,S10,2016-07-24T20:37:00,2016-07-24T20:36:00,202,223
http://irail.be/vehicle/S103890,http://irail.be/stations/NMBS/008812146,S10,2016-07-24T20:41:00,2016-07-24T20:40:00,171,192
http://irail.be/vehicle/S103890,http://irail.be/stations/NMBS/008812153,S10,2016-07-24T20:44:00,2016-07-24T20:44:00,145,129
http://irail.be/vehicle/S103890,http://irail.be/stations/NMBS/008812161,S10,2016-07-24T20:47:00,2016-07-24T20:47:00,125,88
http://irail.be/vehicle/S103890,http://irail.be/stations/NMBS/008893443,S10,2016-07-24T20:50:00,2016-07-24T20:50:00,101,65
http://irail.be/vehicle/S103890,http://irail.be/stations/NMBS/008893401,S10,2016-07-24T20:52:00,2016-07-24T20:52:00,,118
http://irail.be/vehicle/S103890,http://irail.be/stations/NMBS/008814001,S10,2016-12-11T20:06:00,2016-12-11T20:06:00,90,
http://irail.be/vehicle/S103890,http://irail.be/stations/NMBS/008815040,S10,2016-12-11T20:12:00,2016-12-11T20:11:00,29,67
http://irail.be/vehicle/S103890,http://irail.be/stations/NMBS/008812013,S10,2016-12-11T20:14:00,2016-12-11T20:14:00,34,19
http://irail.be/vehicle/S103890,http://irail.be/stations/NMBS/008815016,S10,2016-12-11T20:16:00,2016-12-11T20:16:00,52,34
http://irail.be/vehicle/S103890,http://irail.be/stations/NMBS/008812047,S10,2016-12-11T20:21:00,2016-12-11T20:20:00,16,0
http://irail.be/vehicle/S103890,http://irail.be/stations/NMBS/008812062,S10,2016-12-11T20:25:00,2016-12-11T20:25:00,15,-11
http://irail.be/vehicle/S103890,http://irail.be/stations/NMBS/008812070,S10,2016-12-11T20:30:00,2016-12-11T20:29:00,13,21
http://irail.be/vehicle/S103890,http://irail.be/stations/NMBS/008812112,S10,2016-12-11T20:34:00,2016-12-11T20:34:00,24,-41
http://irail.be/vehicle/S103890,http://irail.be/stations/NMBS/008812120,S10,2016-12-11T20:37:00,2016-12-11T20:36:00,35,35
http://irail.be/vehicle/S103890,http://irail.be/stations/NMBS/008812146,S10,2016-12-11T20:41:00,2016-12-11T20:40:00,34,42
http://irail.be/vehicle/S103890,http://irail.be/stations/NMBS/008812153,S10,2016-12-11T20:44:00,2016-12-11T20:44:00,-107,-107
http://irail.be/vehicle/S103890,http://irail.be/stations/NMBS/008812161,S10,2016-12-11T20:47:00,2016-12-11T20:47:00,16,-3
http://irail.be/vehicle/S103890,http://irail.be/stations/NMBS/008893443,S10,2016-12-11T20:50:00,2016-12-11T20:50:00,36,16
http://irail.be/vehicle/S103890,http://irail.be/stations/NMBS/008893401,S10,2016-12-11T20:52:00,2016-12-11T20:52:00,,43
http://irail.be/vehicle/S103890,http://irail.be/stations/NMBS/008814001,S10,2016-08-20T20:06:00,2016-08-20T20:06:00,75,
http://irail.be/vehicle/S103890,http://irail.be/stations/NMBS/008815040,S10,2016-08-20T20:12:00,2016-08-20T20:11:00,44,68
http://irail.be/vehicle/S103890,http://irail.be/stations/NMBS/008812013,S10,2016-08-20T20:14:00,2016-08-20T20:14:00,58,32
http://irail.be/vehicle/S103890,http://irail.be/stations/NMBS/008815016,S10,2016-08-20T20:16:00,2016-08-20T20:16:00,58,58
http://irail.be/vehicle/S103890,http://irail.be/stations/NMBS/008812047,S10,2016-08-20T20:21:00,2016-08-20T20:20:00,41,47
http://irail.be/vehicle/S103890,http://irail.be/stations/NMBS/008812062,S10,2016-08-20T20:25:00,2016-08-20T20:25:00,45,10
http://irail.be/vehicle/S103890,http://irail.be/stations/NMBS/008812070,S10,2016-08-20T20:30:00,2016-08-20T20:29:00,76,76
http://irail.be/vehicle/S103890,http://irail.be/stations/NMBS/008812112,S10,2016-08-20T20:34:00,2016-08-20T20:34:00,38,6
http://irail.be/vehicle/S103890,http://irail.be/stations/NMBS/008812120,S10,2016-08-20T20:37:00,2016-08-20T20:36:00,54,73
http://irail.be/vehicle/S103890,http://irail.be/stations/NMBS/008812146,S10,2016-08-20T20:41:00,2016-08-20T20:40:00,48,56
http://irail.be/vehicle/S103890,http://irail.be/stations/NMBS/008812153,S10,2016-08-20T20:44:00,2016-08-20T20:44:00,48,19
http://irail.be/vehicle/S103890,http://irail.be/stations/NMBS/008812161,S10,2016-08-20T20:47:00,2016-08-20T20:47:00,31,-5
http://irail.be/vehicle/S103890,http://irail.be/stations/NMBS/008893443,S10,2016-08-20T20:50:00,2016-08-20T20:50:00,14,-29
http://irail.be/vehicle/S103890,http://irail.be/stations/NMBS/008893401,S10,2016-08-20T20:52:00,2016-08-20T20:52:00,,33
http://irail.be/vehicle/S103890,http://irail.be/stations/NMBS/008814001,S10,2016-08-27T20:06:00,2016-08-27T20:06:00,65,
http://irail.be/vehicle/S103890,http://irail.be/stations/NMBS/008815040,S10,2016-08-27T20:12:00,2016-08-27T20:11:00,12,50
http://irail.be/vehicle/S103890,http://irail.be/stations/NMBS/008812013,S10,2016-08-27T20:14:00,2016-08-27T20:14:00,-25,-4
http://irail.be/vehicle/S103890,http://irail.be/stations/NMBS/008815016,S10,2016-08-27T20:16:00,2016-08-27T20:16:00,0,-25
http://irail.be/vehicle/S103890,http://irail.be/stations/NMBS/008812047,S10,2016-08-27T20:21:00,2016-08-27T20:20:00,4,-6
http://irail.be/vehicle/S103890,http://irail.be/stations/NMBS/008812062,S10,2016-08-27T20:25:00,2016-08-27T20:25:00,-2,-27
http://irail.be/vehicle/S103890,http://irail.be/stations/NMBS/008812070,S10,2016-08-27T20:30:00,2016-08-27T20:29:00,3,29
http://irail.be/vehicle/S103890,http://irail.be/stations/NMBS/008812112,S10,2016-08-27T20:34:00,2016-08-27T20:34:00,-52,-83
http://irail.be/vehicle/S103890,http://irail.be/stations/NMBS/008812120,S10,2016-08-27T20:37:00,2016-08-27T20:36:00,-44,-24
http://irail.be/vehicle/S103890,http://irail.be/stations/NMBS/008812146,S10,2016-08-27T20:41:00,2016-08-27T20:40:00,13,-38
http://irail.be/vehicle/S103890,http://irail.be/stations/NMBS/008812153,S10,2016-08-27T20:44:00,2016-08-27T20:44:00,11,-19
http://irail.be/vehicle/S103890,http://irail.be/stations/NMBS/008812161,S10,2016-08-27T20:47:00,2016-08-27T20:47:00,3,-36
http://irail.be/vehicle/S103890,http://irail.be/stations/NMBS/008893443,S10,2016-08-27T20:50:00,2016-08-27T20:50:00,-22,-57
http://irail.be/vehicle/S103890,http://irail.be/stations/NMBS/008893401,S10,2016-08-27T20:52:00,2016-08-27T20:52:00,,-12
http://irail.be/vehicle/S103890,http://irail.be/stations/NMBS/008812047,S10,2016-01-31T20:21:00,2016-01-31T20:21:00,320,0
http://irail.be/vehicle/S103890,http://irail.be/stations/NMBS/008812062,S10,2016-01-31T20:25:00,2016-01-31T20:25:00,348,316
http://irail.be/vehicle/S103890,http://irail.be/stations/NMBS/008812070,S10,2016-01-31T20:30:00,2016-01-31T20:29:00,347,369
http://irail.be/vehicle/S103890,http://irail.be/stations/NMBS/008812112,S10,2016-01-31T20:34:00,2016-01-31T20:34:00,289,265
http://irail.be/vehicle/S103890,http://irail.be/stations/NMBS/008812120,S10,2016-01-31T20:37:00,2016-01-31T20:36:00,285,307
http://irail.be/vehicle/S103890,http://irail.be/stations/NMBS/008812146,S10,2016-01-31T20:41:00,2016-01-31T20:40:00,281,285
http://irail.be/vehicle/S103890,http://irail.be/stations/NMBS/008812153,S10,2016-01-31T20:44:00,2016-01-31T20:44:00,268,234
http://irail.be/vehicle/S103890,http://irail.be/stations/NMBS/008812161,S10,2016-01-31T20:47:00,2016-01-31T20:47:00,242,212
http://irail.be/vehicle/S103890,http://irail.be/stations/NMBS/008893443,S10,2016-01-31T20:50:00,2016-01-31T20:50:00,238,242
http://irail.be/vehicle/S103890,http://irail.be/stations/NMBS/008893401,S10,2016-01-31T20:52:00,2016-01-31T20:52:00,0,246
http://irail.be/vehicle/S103890,http://irail.be/stations/NMBS/008814001,S10,2016-06-12T20:06:00,2016-06-12T20:06:00,0,0
http://irail.be/vehicle/S103890,http://irail.be/stations/NMBS/008815040,S10,2016-06-12T20:12:00,2016-06-12T20:11:00,-305,-212
http://irail.be/vehicle/S103890,http://irail.be/stations/NMBS/008812013,S10,2016-06-12T20:14:00,2016-06-12T20:14:00,-425,-305
http://irail.be/vehicle/S103890,http://irail.be/stations/NMBS/008815016,S10,2016-06-12T20:16:00,2016-06-12T20:16:00,0,-425
http://irail.be/vehicle/S103890,http://irail.be/stations/NMBS/008812047,S10,2016-06-12T20:21:00,2016-06-12T20:20:00,60,53
http://irail.be/vehicle/S103890,http://irail.be/stations/NMBS/008812062,S10,2016-06-12T20:25:00,2016-06-12T20:25:00,45,30
http://irail.be/vehicle/S103890,http://irail.be/stations/NMBS/008812070,S10,2016-06-12T20:30:00,2016-06-12T20:29:00,24,62
http://irail.be/vehicle/S103890,http://irail.be/stations/NMBS/008812112,S10,2016-06-12T20:34:00,2016-06-12T20:34:00,-40,-66
http://irail.be/vehicle/S103890,http://irail.be/stations/NMBS/008812120,S10,2016-06-12T20:37:00,2016-06-12T20:36:00,-41,-10
http://irail.be/vehicle/S103890,http://irail.be/stations/NMBS/008812146,S10,2016-06-12T20:41:00,2016-06-12T20:40:00,-16,-37
http://irail.be/vehicle/S103890,http://irail.be/stations/NMBS/008812153,S10,2016-06-12T20:44:00,2016-06-12T20:44:00,-32,-58
http://irail.be/vehicle/S103890,http://irail.be/stations/NMBS/008812161,S10,2016-06-12T20:47:00,2016-06-12T20:47:00,-34,-82
http://irail.be/vehicle/S103890,http://irail.be/stations/NMBS/008893443,S10,2016-06-12T20:50:00,2016-06-12T20:50:00,-45,-34
http://irail.be/vehicle/S103890,http://irail.be/stations/NMBS/008893401,S10,2016-06-12T20:52:00,2016-06-12T20:52:00,0,-45
http://irail.be/vehicle/S103890,http://irail.be/stations/NMBS/008814001,S10,2016-04-09T20:06:00,2016-04-09T20:06:00,113,0
http://irail.be/vehicle/S103890,http://irail.be/stations/NMBS/008815040,S10,2016-04-09T20:12:00,2016-04-09T20:11:00,30,104
http://irail.be/vehicle/S103890,http://irail.be/stations/NMBS/008812013,S10,2016-04-09T20:14:00,2016-04-09T20:14:00,38,11
http://irail.be/vehicle/S103890,http://irail.be/stations/NMBS/008815016,S10,2016-04-09T20:16:00,2016-04-09T20:16:00,38,38
http://irail.be/vehicle/S103890,http://irail.be/stations/NMBS/008812047,S10,2016-04-09T20:21:00,2016-04-09T20:20:00,24,33
http://irail.be/vehicle/S103890,http://irail.be/stations/NMBS/008812062,S10,2016-04-09T20:25:00,2016-04-09T20:25:00,12,-7
http://irail.be/vehicle/S103890,http://irail.be/stations/NMBS/008812070,S10,2016-04-09T20:30:00,2016-04-09T20:29:00,3,34
http://irail.be/vehicle/S103890,http://irail.be/stations/NMBS/008812112,S10,2016-04-09T20:34:00,2016-04-09T20:34:00,-49,-79
http://irail.be/vehicle/S103890,http://irail.be/stations/NMBS/008812120,S10,2016-04-09T20:37:00,2016-04-09T20:36:00,-57,-27
http://irail.be/vehicle/S103890,http://irail.be/stations/NMBS/008812146,S10,2016-04-09T20:41:00,2016-04-09T20:40:00,9,-46
http://irail.be/vehicle/S103890,http://irail.be/stations/NMBS/008812153,S10,2016-04-09T20:44:00,2016-04-09T20:44:00,27,-17
http://irail.be/vehicle/S103890,http://irail.be/stations/NMBS/008812161,S10,2016-04-09T20:47:00,2016-04-09T20:47:00,20,-12
http://irail.be/vehicle/S103890,http://irail.be/stations/NMBS/008893443,S10,2016-04-09T20:50:00,2016-04-09T20:50:00,-4,-40
http://irail.be/vehicle/S103890,http://irail.be/stations/NMBS/008893401,S10,2016-04-09T20:52:00,2016-04-09T20:52:00,0,29
http://irail.be/vehicle/S103890,http://irail.be/stations/NMBS/008814001,S10,2016-07-21T20:06:00,2016-07-21T20:06:00,65,
http://irail.be/vehicle/S103890,http://irail.be/stations/NMBS/008815040,S10,2016-07-21T20:12:00,2016-07-21T20:11:00,2,42
http://irail.be/vehicle/S103890,http://irail.be/stations/NMBS/008812013,S10,2016-07-21T20:14:00,2016-07-21T20:14:00,7,-16
http://irail.be/vehicle/S103890,http://irail.be/stations/NMBS/008815016,S10,2016-07-21T20:16:00,2016-07-21T20:16:00,7,7
http://irail.be/vehicle/S103890,http://irail.be/stations/NMBS/008812047,S10,2016-07-21T20:21:00,2016-07-21T20:20:00,56,-15
http://irail.be/vehicle/S103890,http://irail.be/stations/NMBS/008812062,S10,2016-07-21T20:25:00,2016-07-21T20:25:00,48,27
http://irail.be/vehicle/S103890,http://irail.be/stations/NMBS/008812070,S10,2016-07-21T20:30:00,2016-07-21T20:29:00,44,72
http://irail.be/vehicle/S103890,http://irail.be/stations/NMBS/008812112,S10,2016-07-21T20:34:00,2016-07-21T20:34:00,1,-44
http://irail.be/vehicle/S103890,http://irail.be/stations/NMBS/008812120,S10,2016-07-21T20:37:00,2016-07-21T20:36:00,7,34
http://irail.be/vehicle/S103890,http://irail.be/stations/NMBS/008812146,S10,2016-07-21T20:41:00,2016-07-21T20:40:00,13,1
http://irail.be/vehicle/S103890,http://irail.be/stations/NMBS/008812153,S10,2016-07-21T20:44:00,2016-07-21T20:44:00,7,-21
http://irail.be/vehicle/S103890,http://irail.be/stations/NMBS/008812161,S10,2016-07-21T20:47:00,2016-07-21T20:47:00,0,-45
http://irail.be/vehicle/S103890,http://irail.be/stations/NMBS/008893443,S10,2016-07-21T20:50:00,2016-07-21T20:50:00,1,0
http://irail.be/vehicle/S103890,http://irail.be/stations/NMBS/008893401,S10,2016-07-21T20:52:00,2016-07-21T20:52:00,,22
http://irail.be/vehicle/S103890,http://irail.be/stations/NMBS/008814001,S10,2016-01-02T20:06:00,2016-01-02T20:06:00,32,0
http://irail.be/vehicle/S103890,http://irail.be/stations/NMBS/008815040,S10,2016-01-02T20:12:00,2016-01-02T20:11:00,-5,20
http://irail.be/vehicle/S103890,http://irail.be/stations/NMBS/008812013,S10,2016-01-02T20:14:00,2016-01-02T20:14:00,-6,-23
http://irail.be/vehicle/S103890,http://irail.be/stations/NMBS/008815016,S10,2016-01-02T20:16:00,2016-01-02T20:16:00,0,-6
http://irail.be/vehicle/S103890,http://irail.be/stations/NMBS/008812047,S10,2016-01-02T20:21:00,2016-01-02T20:20:00,30,31
http://irail.be/vehicle/S103890,http://irail.be/stations/NMBS/008812062,S10,2016-01-02T20:25:00,2016-01-02T20:25:00,19,0
http://irail.be/vehicle/S103890,http://irail.be/stations/NMBS/008812070,S10,2016-01-02T20:30:00,2016-01-02T20:29:00,19,39
http://irail.be/vehicle/S103890,http://irail.be/stations/NMBS/008812112,S10,2016-01-02T20:34:00,2016-01-02T20:34:00,-1,-51
http://irail.be/vehicle/S103890,http://irail.be/stations/NMBS/008812120,S10,2016-01-02T20:37:00,2016-01-02T20:36:00,-8,25
http://irail.be/vehicle/S103890,http://irail.be/stations/NMBS/008812146,S10,2016-01-02T20:41:00,2016-01-02T20:40:00,9,21
http://irail.be/vehicle/S103890,http://irail.be/stations/NMBS/008812153,S10,2016-01-02T20:44:00,2016-01-02T20:44:00,21,-20
http://irail.be/vehicle/S103890,http://irail.be/stations/NMBS/008812161,S10,2016-01-02T20:47:00,2016-01-02T20:47:00,18,-28
http://irail.be/vehicle/S103890,http://irail.be/stations/NMBS/008893443,S10,2016-01-02T20:50:00,2016-01-02T20:50:00,12,18
http://irail.be/vehicle/S103890,http://irail.be/stations/NMBS/008893401,S10,2016-01-02T20:52:00,2016-01-02T20:52:00,0,35
http://irail.be/vehicle/S103890,http://irail.be/stations/NMBS/008814001,S10,2016-05-14T20:06:00,2016-05-14T20:06:00,115,0
http://irail.be/vehicle/S103890,http://irail.be/stations/NMBS/008815040,S10,2016-05-14T20:12:00,2016-05-14T20:11:00,47,86
http://irail.be/vehicle/S103890,http://irail.be/stations/NMBS/008812013,S10,2016-05-14T20:14:00,2016-05-14T20:14:00,41,28
http://irail.be/vehicle/S103890,http://irail.be/stations/NMBS/008815016,S10,2016-05-14T20:16:00,2016-05-14T20:16:00,41,41
http://irail.be/vehicle/S103890,http://irail.be/stations/NMBS/008812047,S10,2016-05-14T20:21:00,2016-05-14T20:20:00,46,48
http://irail.be/vehicle/S103890,http://irail.be/stations/NMBS/008812062,S10,2016-05-14T20:25:00,2016-05-14T20:25:00,31,18
http://irail.be/vehicle/S103890,http://irail.be/stations/NMBS/008812070,S10,2016-05-14T20:30:00,2016-05-14T20:29:00,16,46
http://irail.be/vehicle/S103890,http://irail.be/stations/NMBS/008812112,S10,2016-05-14T20:34:00,2016-05-14T20:34:00,-64,-75
http://irail.be/vehicle/S103890,http://irail.be/stations/NMBS/008812120,S10,2016-05-14T20:37:00,2016-05-14T20:36:00,-49,-34
http://irail.be/vehicle/S103890,http://irail.be/stations/NMBS/008812146,S10,2016-05-14T20:41:00,2016-05-14T20:40:00,29,-60
http://irail.be/vehicle/S103890,http://irail.be/stations/NMBS/008812153,S10,2016-05-14T20:44:00,2016-05-14T20:44:00,16,-12
http://irail.be/vehicle/S103890,http://irail.be/stations/NMBS/008812161,S10,2016-05-14T20:47:00,2016-05-14T20:47:00,-4,-40
http://irail.be/vehicle/S103890,http://irail.be/stations/NMBS/008893443,S10,2016-05-14T20:50:00,2016-05-14T20:50:00,-3,-4
http://irail.be/vehicle/S103890,http://irail.be/stations/NMBS/008893401,S10,2016-05-14T20:52:00,2016-05-14T20:52:00,0,-4
http://irail.be/vehicle/S103890,http://irail.be/stations/NMBS/008814001,S10,2016-08-13T20:06:00,2016-08-13T20:06:00,169,
http://irail.be/vehicle/S103890,http://irail.be/stations/NMBS/008815040,S10,2016-08-13T20:12:00,2016-08-13T20:11:00,118,157
http://irail.be/vehicle/S103890,http://irail.be/stations/NMBS/008812013,S10,2016-08-13T20:14:00,2016-08-13T20:14:00,123,102
http://irail.be/vehicle/S103890,http://irail.be/stations/NMBS/008815016,S10,2016-08-13T20:16:00,2016-08-13T20:16:00,123,123
http://irail.be/vehicle/S103890,http://irail.be/stations/NMBS/008812047,S10,2016-08-13T20:21:00,2016-08-13T20:20:00,130,125
http://irail.be/vehicle/S103890,http://irail.be/stations/NMBS/008812062,S10,2016-08-13T20:25:00,2016-08-13T20:25:00,128,90
http://irail.be/vehicle/S103890,http://irail.be/stations/NMBS/008812070,S10,2016-08-13T20:30:00,2016-08-13T20:29:00,111,147
http://irail.be/vehicle/S103890,http://irail.be/stations/NMBS/008812112,S10,2016-08-13T20:34:00,2016-08-13T20:34:00,64,30
http://irail.be/vehicle/S103890,http://irail.be/stations/NMBS/008812120,S10,2016-08-13T20:37:00,2016-08-13T20:36:00,77,100
http://irail.be/vehicle/S103890,http://irail.be/stations/NMBS/008812146,S10,2016-08-13T20:41:00,2016-08-13T20:40:00,63,82
http://irail.be/vehicle/S103890,http://irail.be/stations/NMBS/008812153,S10,2016-08-13T20:44:00,2016-08-13T20:44:00,60,26
http://irail.be/vehicle/S103890,http://irail.be/stations/NMBS/008812161,S10,2016-08-13T20:47:00,2016-08-13T20:47:00,44,5
http://irail.be/vehicle/S103890,http://irail.be/stations/NMBS/008893443,S10,2016-08-13T20:50:00,2016-08-13T20:50:00,30,-16
http://irail.be/vehicle/S103890,http://irail.be/stations/NMBS/008893401,S10,2016-08-13T20:52:00,2016-08-13T20:52:00,,56
http://irail.be/vehicle/S103890,http://irail.be/stations/NMBS/008814001,S10,2016-06-18T20:06:00,2016-06-18T20:06:00,45,
http://irail.be/vehicle/S103890,http://irail.be/stations/NMBS/008815040,S10,2016-06-18T20:12:00,2016-06-18T20:11:00,68,65
http://irail.be/vehicle/S103890,http://irail.be/stations/NMBS/008812013,S10,2016-06-18T20:14:00,2016-06-18T20:14:00,32,54
http://irail.be/vehicle/S103890,http://irail.be/stations/NMBS/008815016,S10,2016-06-18T20:16:00,2016-06-18T20:16:00,32,32
http://irail.be/vehicle/S103890,http://irail.be/stations/NMBS/008812047,S10,2016-06-18T20:21:00,2016-06-18T20:20:00,60,87
http://irail.be/vehicle/S103890,http://irail.be/stations/NMBS/008812062,S10,2016-06-18T20:25:00,2016-06-18T20:25:00,81,37
http://irail.be/vehicle/S103890,http://irail.be/stations/NMBS/008812070,S10,2016-06-18T20:30:00,2016-06-18T20:29:00,70,108
http://irail.be/vehicle/S103890,http://irail.be/stations/NMBS/008812112,S10,2016-06-18T20:34:00,2016-06-18T20:34:00,27,6
http://irail.be/vehicle/S103890,http://irail.be/stations/NMBS/008812120,S10,2016-06-18T20:37:00,2016-06-18T20:36:00,34,64
http://irail.be/vehicle/S103890,http://irail.be/stations/NMBS/008812146,S10,2016-06-18T20:41:00,2016-06-18T20:40:00,23,48
http://irail.be/vehicle/S103890,http://irail.be/stations/NMBS/008812153,S10,2016-06-18T20:44:00,2016-06-18T20:44:00,29,-11
http://irail.be/vehicle/S103890,http://irail.be/stations/NMBS/008812161,S10,2016-06-18T20:47:00,2016-06-18T20:47:00,9,-24
http://irail.be/vehicle/S103890,http://irail.be/stations/NMBS/008893443,S10,2016-06-18T20:50:00,2016-06-18T20:50:00,-8,-51
http://irail.be/vehicle/S103890,http://irail.be/stations/NMBS/008893401,S10,2016-06-18T20:52:00,2016-06-18T20:52:00,,27
http://irail.be/vehicle/S103890,http://irail.be/stations/NMBS/008814001,S10,2016-08-14T20:06:00,2016-08-14T20:06:00,115,
http://irail.be/vehicle/S103890,http://irail.be/stations/NMBS/008815040,S10,2016-08-14T20:12:00,2016-08-14T20:11:00,78,111
http://irail.be/vehicle/S103890,http://irail.be/stations/NMBS/008812013,S10,2016-08-14T20:14:00,2016-08-14T20:14:00,83,58
http://irail.be/vehicle/S103890,http://irail.be/stations/NMBS/008815016,S10,2016-08-14T20:16:00,2016-08-14T20:16:00,83,83
http://irail.be/vehicle/S103890,http://irail.be/stations/NMBS/008812047,S10,2016-08-14T20:21:00,2016-08-14T20:20:00,118,118
http://irail.be/vehicle/S103890,http://irail.be/stations/NMBS/008812062,S10,2016-08-14T20:25:00,2016-08-14T20:25:00,108,90
http://irail.be/vehicle/S103890,http://irail.be/stations/NMBS/008812070,S10,2016-08-14T20:30:00,2016-08-14T20:29:00,109,135
http://irail.be/vehicle/S103890,http://irail.be/stations/NMBS/008812112,S10,2016-08-14T20:34:00,2016-08-14T20:34:00,28,21
http://irail.be/vehicle/S103890,http://irail.be/stations/NMBS/008812120,S10,2016-08-14T20:37:00,2016-08-14T20:36:00,27,59
http://irail.be/vehicle/S103890,http://irail.be/stations/NMBS/008812146,S10,2016-08-14T20:41:00,2016-08-14T20:40:00,-1,25
http://irail.be/vehicle/S103890,http://irail.be/stations/NMBS/008812153,S10,2016-08-14T20:44:00,2016-08-14T20:44:00,-6,-43
http://irail.be/vehicle/S103890,http://irail.be/stations/NMBS/008812161,S10,2016-08-14T20:47:00,2016-08-14T20:47:00,-17,-58
http://irail.be/vehicle/S103890,http://irail.be/stations/NMBS/008893443,S10,2016-08-14T20:50:00,2016-08-14T20:50:00,-32,-17
http://irail.be/vehicle/S103890,http://irail.be/stations/NMBS/008893401,S10,2016-08-14T20:52:00,2016-08-14T20:52:00,,-20
http://irail.be/vehicle/S103890,http://irail.be/stations/NMBS/008814001,S10,2016-01-10T20:06:00,2016-01-10T20:06:00,77,0
http://irail.be/vehicle/S103890,http://irail.be/stations/NMBS/008815040,S10,2016-01-10T20:12:00,2016-01-10T20:11:00,26,74
http://irail.be/vehicle/S103890,http://irail.be/stations/NMBS/008812013,S10,2016-01-10T20:14:00,2016-01-10T20:14:00,31,8
http://irail.be/vehicle/S103890,http://irail.be/stations/NMBS/008815016,S10,2016-01-10T20:16:00,2016-01-10T20:16:00,31,31
http://irail.be/vehicle/S103890,http://irail.be/stations/NMBS/008812047,S10,2016-01-10T20:21:00,2016-01-10T20:20:00,34,21
http://irail.be/vehicle/S103890,http://irail.be/stations/NMBS/008812062,S10,2016-01-10T20:25:00,2016-01-10T20:25:00,35,14
http://irail.be/vehicle/S103890,http://irail.be/stations/NMBS/008812070,S10,2016-01-10T20:30:00,2016-01-10T20:29:00,28,59
http://irail.be/vehicle/S103890,http://irail.be/stations/NMBS/008812112,S10,2016-01-10T20:34:00,2016-01-10T20:34:00,-33,-52
http://irail.be/vehicle/S103890,http://irail.be/stations/NMBS/008812120,S10,2016-01-10T20:37:00,2016-01-10T20:36:00,-55,-13
http://irail.be/vehicle/S103890,http://irail.be/stations/NMBS/008812146,S10,2016-01-10T20:41:00,2016-01-10T20:40:00,6,-34
http://irail.be/vehicle/S103890,http://irail.be/stations/NMBS/008812153,S10,2016-01-10T20:44:00,2016-01-10T20:44:00,4,-33
http://irail.be/vehicle/S103890,http://irail.be/stations/NMBS/008812161,S10,2016-01-10T20:47:00,2016-01-10T20:47:00,-11,-46
http://irail.be/vehicle/S103890,http://irail.be/stations/NMBS/008893443,S10,2016-01-10T20:50:00,2016-01-10T20:50:00,-29,-11
http://irail.be/vehicle/S103890,http://irail.be/stations/NMBS/008893401,S10,2016-01-10T20:52:00,2016-01-10T20:52:00,0,-20
http://irail.be/vehicle/S103890,NO-URI,S10,2016-10-30T20:06:00,2016-10-30T20:06:00,54,
http://irail.be/vehicle/S103890,http://irail.be/stations/NMBS/008815040,S10,2016-10-30T20:12:00,2016-10-30T20:10:00,0,27
http://irail.be/vehicle/S103890,http://irail.be/stations/NMBS/008812013,S10,2016-10-30T20:14:00,2016-10-30T20:14:00,14,-15
http://irail.be/vehicle/S103890,http://irail.be/stations/NMBS/008815016,S10,2016-10-30T20:16:00,2016-10-30T20:16:00,14,14
http://irail.be/vehicle/S103890,http://irail.be/stations/NMBS/008812047,S10,2016-10-30T20:21:00,2016-10-30T20:20:00,69,50
http://irail.be/vehicle/S103890,http://irail.be/stations/NMBS/008812062,S10,2016-10-30T20:25:00,2016-10-30T20:25:00,60,40
http://irail.be/vehicle/S103890,http://irail.be/stations/NMBS/008812070,S10,2016-10-30T20:30:00,2016-10-30T20:29:00,58,83
http://irail.be/vehicle/S103890,http://irail.be/stations/NMBS/008812112,S10,2016-10-30T20:34:00,2016-10-30T20:34:00,-1,-21
http://irail.be/vehicle/S103890,http://irail.be/stations/NMBS/008812120,S10,2016-10-30T20:37:00,2016-10-30T20:36:00,1,32
http://irail.be/vehicle/S103890,http://irail.be/stations/NMBS/008812146,S10,2016-10-30T20:41:00,2016-10-30T20:40:00,7,-6
http://irail.be/vehicle/S103890,http://irail.be/stations/NMBS/008812153,S10,2016-10-30T20:44:00,2016-10-30T20:44:00,-86,-76
http://irail.be/vehicle/S103890,http://irail.be/stations/NMBS/008812161,S10,2016-10-30T20:47:00,2016-10-30T20:47:00,-8,-44
http://irail.be/vehicle/S103890,http://irail.be/stations/NMBS/008893443,S10,2016-10-30T20:50:00,2016-10-30T20:50:00,9,-8
http://irail.be/vehicle/S103890,http://irail.be/stations/NMBS/008893401,S10,2016-10-30T20:52:00,2016-10-30T20:52:00,,38
http://irail.be/vehicle/S103890,http://irail.be/stations/NMBS/008814001,S10,2016-09-11T20:06:00,2016-09-11T20:06:00,36,
http://irail.be/vehicle/S103890,http://irail.be/stations/NMBS/008815040,S10,2016-09-11T20:12:00,2016-09-11T20:11:00,4,27
http://irail.be/vehicle/S103890,http://irail.be/stations/NMBS/008812013,S10,2016-09-11T20:14:00,2016-09-11T20:14:00,23,-8
http://irail.be/vehicle/S103890,http://irail.be/stations/NMBS/008815016,S10,2016-09-11T20:16:00,2016-09-11T20:16:00,23,23
http://irail.be/vehicle/S103890,http://irail.be/stations/NMBS/008812047,S10,2016-09-11T20:21:00,2016-09-11T20:20:00,15,22
http://irail.be/vehicle/S103890,http://irail.be/stations/NMBS/008812062,S10,2016-09-11T20:25:00,2016-09-11T20:25:00,49,-4
http://irail.be/vehicle/S103890,http://irail.be/stations/NMBS/008812070,S10,2016-09-11T20:30:00,2016-09-11T20:29:00,53,73
http://irail.be/vehicle/S103890,http://irail.be/stations/NMBS/008812112,S10,2016-09-11T20:34:00,2016-09-11T20:34:00,23,-41
http://irail.be/vehicle/S103890,http://irail.be/stations/NMBS/008812120,S10,2016-09-11T20:37:00,2016-09-11T20:36:00,32,58
http://irail.be/vehicle/S103890,http://irail.be/stations/NMBS/008812146,S10,2016-09-11T20:41:00,2016-09-11T20:40:00,20,37
http://irail.be/vehicle/S103890,http://irail.be/stations/NMBS/008812153,S10,2016-09-11T20:44:00,2016-09-11T20:44:00,23,-23
http://irail.be/vehicle/S103890,http://irail.be/stations/NMBS/008812161,S10,2016-09-11T20:47:00,2016-09-11T20:47:00,27,-18
http://irail.be/vehicle/S103890,http://irail.be/stations/NMBS/008893443,S10,2016-09-11T20:50:00,2016-09-11T20:50:00,53,-33
http://irail.be/vehicle/S103890,http://irail.be/stations/NMBS/008893401,S10,2016-09-11T20:52:00,2016-09-11T20:52:00,,84
http://irail.be/vehicle/S103890,http://irail.be/stations/NMBS/008814001,S10,2016-06-26T20:06:00,2016-06-26T20:06:00,477,
http://irail.be/vehicle/S103890,http://irail.be/stations/NMBS/008815040,S10,2016-06-26T20:12:00,2016-06-26T20:11:00,431,460
http://irail.be/vehicle/S103890,http://irail.be/stations/NMBS/008812013,S10,2016-06-26T20:14:00,2016-06-26T20:14:00,425,412
http://irail.be/vehicle/S103890,http://irail.be/stations/NMBS/008815016,S10,2016-06-26T20:16:00,2016-06-26T20:16:00,425,425
http://irail.be/vehicle/S103890,http://irail.be/stations/NMBS/008812047,S10,2016-06-26T20:21:00,2016-06-26T20:20:00,396,415
http://irail.be/vehicle/S103890,http://irail.be/stations/NMBS/008812062,S10,2016-06-26T20:25:00,2016-06-26T20:25:00,386,365
http://irail.be/vehicle/S103890,http://irail.be/stations/NMBS/008812070,S10,2016-06-26T20:30:00,2016-06-26T20:29:00,373,405
http://irail.be/vehicle/S103890,http://irail.be/stations/NMBS/008812112,S10,2016-06-26T20:34:00,2016-06-26T20:34:00,330,294
http://irail.be/vehicle/S103890,http://irail.be/stations/NMBS/008812120,S10,2016-06-26T20:37:00,2016-06-26T20:36:00,347,358
http://irail.be/vehicle/S103890,http://irail.be/stations/NMBS/008812146,S10,2016-06-26T20:41:00,2016-06-26T20:40:00,338,368
http://irail.be/vehicle/S103890,http://irail.be/stations/NMBS/008812153,S10,2016-06-26T20:44:00,2016-06-26T20:44:00,322,295
http://irail.be/vehicle/S103890,http://irail.be/stations/NMBS/008812161,S10,2016-06-26T20:47:00,2016-06-26T20:47:00,292,263
http://irail.be/vehicle/S103890,http://irail.be/stations/NMBS/008893443,S10,2016-06-26T20:50:00,2016-06-26T20:50:00,260,232
http://irail.be/vehicle/S103890,http://irail.be/stations/NMBS/008893401,S10,2016-06-26T20:52:00,2016-06-26T20:52:00,,293
http://irail.be/vehicle/S103890,http://irail.be/stations/NMBS/008814001,S10,2016-07-16T20:06:00,2016-07-16T20:06:00,297,
http://irail.be/vehicle/S103890,http://irail.be/stations/NMBS/008815040,S10,2016-07-16T20:12:00,2016-07-16T20:11:00,249,282
http://irail.be/vehicle/S103890,http://irail.be/stations/NMBS/008812013,S10,2016-07-16T20:14:00,2016-07-16T20:14:00,261,234
http://irail.be/vehicle/S103890,http://irail.be/stations/NMBS/008815016,S10,2016-07-16T20:16:00,2016-07-16T20:16:00,261,261
http://irail.be/vehicle/S103890,http://irail.be/stations/NMBS/008812047,S10,2016-07-16T20:21:00,2016-07-16T20:20:00,219,235
http://irail.be/vehicle/S103890,http://irail.be/stations/NMBS/008812062,S10,2016-07-16T20:25:00,2016-07-16T20:25:00,207,184
http://irail.be/vehicle/S103890,http://irail.be/stations/NMBS/008812070,S10,2016-07-16T20:30:00,2016-07-16T20:29:00,222,231
http://irail.be/vehicle/S103890,http://irail.be/stations/NMBS/008812112,S10,2016-07-16T20:34:00,2016-07-16T20:34:00,170,134
http://irail.be/vehicle/S103890,http://irail.be/stations/NMBS/008812120,S10,2016-07-16T20:37:00,2016-07-16T20:36:00,167,200
http://irail.be/vehicle/S103890,http://irail.be/stations/NMBS/008812146,S10,2016-07-16T20:41:00,2016-07-16T20:40:00,139,159
http://irail.be/vehicle/S103890,http://irail.be/stations/NMBS/008812153,S10,2016-07-16T20:44:00,2016-07-16T20:44:00,113,90
http://irail.be/vehicle/S103890,http://irail.be/stations/NMBS/008812161,S10,2016-07-16T20:47:00,2016-07-16T20:47:00,92,54
http://irail.be/vehicle/S103890,http://irail.be/stations/NMBS/008893443,S10,2016-07-16T20:50:00,2016-07-16T20:50:00,65,32
http://irail.be/vehicle/S103890,http://irail.be/stations/NMBS/008893401,S10,2016-07-16T20:52:00,2016-07-16T20:52:00,,79
http://irail.be/vehicle/S103890,http://irail.be/stations/NMBS/008814001,S10,2016-06-05T20:06:00,2016-06-05T20:06:00,14,0
http://irail.be/vehicle/S103890,http://irail.be/stations/NMBS/008815040,S10,2016-06-05T20:12:00,2016-06-05T20:11:00,-19,8
http://irail.be/vehicle/S103890,http://irail.be/stations/NMBS/008812013,S10,2016-06-05T20:14:00,2016-06-05T20:14:00,0,-10
http://irail.be/vehicle/S103890,http://irail.be/stations/NMBS/008815016,S10,2016-06-05T20:16:00,2016-06-05T20:16:00,0,0
http://irail.be/vehicle/S103890,http://irail.be/stations/NMBS/008812047,S10,2016-06-05T20:21:00,2016-06-05T20:20:00,-13,5
http://irail.be/vehicle/S103890,http://irail.be/stations/NMBS/008812062,S10,2016-06-05T20:25:00,2016-06-05T20:25:00,-7,-45
http://irail.be/vehicle/S103890,http://irail.be/stations/NMBS/008812070,S10,2016-06-05T20:30:00,2016-06-05T20:29:00,-13,23
http://irail.be/vehicle/S103890,http://irail.be/stations/NMBS/008812112,S10,2016-06-05T20:34:00,2016-06-05T20:34:00,-65,-87
http://irail.be/vehicle/S103890,http://irail.be/stations/NMBS/008812120,S10,2016-06-05T20:37:00,2016-06-05T20:36:00,-60,-34
http://irail.be/vehicle/S103890,http://irail.be/stations/NMBS/008812146,S10,2016-06-05T20:41:00,2016-06-05T20:40:00,-25,-28
http://irail.be/vehicle/S103890,http://irail.be/stations/NMBS/008812153,S10,2016-06-05T20:44:00,2016-06-05T20:44:00,18,-24
http://irail.be/vehicle/S103890,http://irail.be/stations/NMBS/008812161,S10,2016-06-05T20:47:00,2016-06-05T20:47:00,22,-22
http://irail.be/vehicle/S103890,http://irail.be/stations/NMBS/008893443,S10,2016-06-05T20:50:00,2016-06-05T20:50:00,5,-38
http://irail.be/vehicle/S103890,http://irail.be/stations/NMBS/008893401,S10,2016-06-05T20:52:00,2016-06-05T20:52:00,0,18
http://irail.be/vehicle/S103890,http://irail.be/stations/NMBS/008814001,S10,2016-08-15T20:06:00,2016-08-15T20:06:00,98,
http://irail.be/vehicle/S103890,http://irail.be/stations/NMBS/008815040,S10,2016-08-15T20:12:00,2016-08-15T20:11:00,81,126
http://irail.be/vehicle/S103890,http://irail.be/stations/NMBS/008812013,S10,2016-08-15T20:14:00,2016-08-15T20:14:00,80,66
http://irail.be/vehicle/S103890,http://irail.be/stations/NMBS/008815016,S10,2016-08-15T20:16:00,2016-08-15T20:16:00,80,80
http://irail.be/vehicle/S103890,http://irail.be/stations/NMBS/008812047,S10,2016-08-15T20:21:00,2016-08-15T20:20:00,114,104
http://irail.be/vehicle/S103890,http://irail.be/stations/NMBS/008812062,S10,2016-08-15T20:25:00,2016-08-15T20:25:00,154,98
http://irail.be/vehicle/S103890,http://irail.be/stations/NMBS/008812070,S10,2016-08-15T20:30:00,2016-08-15T20:29:00,175,202
http://irail.be/vehicle/S103890,http://irail.be/stations/NMBS/008812112,S10,2016-08-15T20:34:00,2016-08-15T20:34:00,99,89
http://irail.be/vehicle/S103890,http://irail.be/stations/NMBS/008812120,S10,2016-08-15T20:37:00,2016-08-15T20:36:00,106,132
http://irail.be/vehicle/S103890,http://irail.be/stations/NMBS/008812146,S10,2016-08-15T20:41:00,2016-08-15T20:40:00,107,120
http://irail.be/vehicle/S103890,http://irail.be/stations/NMBS/008812153,S10,2016-08-15T20:44:00,2016-08-15T20:44:00,103,71
http://irail.be/vehicle/S103890,http://irail.be/stations/NMBS/008812161,S10,2016-08-15T20:47:00,2016-08-15T20:47:00,79,48
http://irail.be/vehicle/S103890,http://irail.be/stations/NMBS/008893443,S10,2016-08-15T20:50:00,2016-08-15T20:50:00,50,19
http://irail.be/vehicle/S103890,http://irail.be/stations/NMBS/008893401,S10,2016-08-15T20:52:00,2016-08-15T20:52:00,,67
http://irail.be/vehicle/S103890,http://irail.be/stations/NMBS/008814001,S10,2016-03-19T20:06:00,2016-03-19T20:06:00,137,0
http://irail.be/vehicle/S103890,http://irail.be/stations/NMBS/008815040,S10,2016-03-19T20:12:00,2016-03-19T20:11:00,95,129
http://irail.be/vehicle/S103890,http://irail.be/stations/NMBS/008812013,S10,2016-03-19T20:14:00,2016-03-19T20:14:00,110,63
http://irail.be/vehicle/S103890,http://irail.be/stations/NMBS/008815016,S10,2016-03-19T20:16:00,2016-03-19T20:16:00,110,110
http://irail.be/vehicle/S103890,http://irail.be/stations/NMBS/008812047,S10,2016-03-19T20:21:00,2016-03-19T20:20:00,72,74
http://irail.be/vehicle/S103890,http://irail.be/stations/NMBS/008812062,S10,2016-03-19T20:25:00,2016-03-19T20:25:00,94,49
http://irail.be/vehicle/S103890,http://irail.be/stations/NMBS/008812070,S10,2016-03-19T20:30:00,2016-03-19T20:29:00,101,109
http://irail.be/vehicle/S103890,http://irail.be/stations/NMBS/008812112,S10,2016-03-19T20:34:00,2016-03-19T20:34:00,46,16
http://irail.be/vehicle/S103890,http://irail.be/stations/NMBS/008812120,S10,2016-03-19T20:37:00,2016-03-19T20:36:00,60,67
http://irail.be/vehicle/S103890,http://irail.be/stations/NMBS/008812146,S10,2016-03-19T20:41:00,2016-03-19T20:40:00,52,58
http://irail.be/vehicle/S103890,http://irail.be/stations/NMBS/008812153,S10,2016-03-19T20:44:00,2016-03-19T20:44:00,32,8
http://irail.be/vehicle/S103890,http://irail.be/stations/NMBS/008812161,S10,2016-03-19T20:47:00,2016-03-19T20:47:00,24,-20
http://irail.be/vehicle/S103890,http://irail.be/stations/NMBS/008893443,S10,2016-03-19T20:50:00,2016-03-19T20:50:00,6,-36
http://irail.be/vehicle/S103890,http://irail.be/stations/NMBS/008893401,S10,2016-03-19T20:52:00,2016-03-19T20:52:00,0,33
http://irail.be/vehicle/S103890,http://irail.be/stations/NMBS/008814001,S10,2016-10-01T20:06:00,2016-10-01T20:06:00,226,
http://irail.be/vehicle/S103890,http://irail.be/stations/NMBS/008815040,S10,2016-10-01T20:12:00,2016-10-01T20:11:00,195,233
http://irail.be/vehicle/S103890,http://irail.be/stations/NMBS/008812013,S10,2016-10-01T20:14:00,2016-10-01T20:14:00,203,181
http://irail.be/vehicle/S103890,http://irail.be/stations/NMBS/008815016,S10,2016-10-01T20:16:00,2016-10-01T20:16:00,203,203
http://irail.be/vehicle/S103890,http://irail.be/stations/NMBS/008812047,S10,2016-10-01T20:21:00,2016-10-01T20:20:00,141,165
http://irail.be/vehicle/S103890,http://irail.be/stations/NMBS/008812062,S10,2016-10-01T20:25:00,2016-10-01T20:25:00,143,107
http://irail.be/vehicle/S103890,http://irail.be/stations/NMBS/008812070,S10,2016-10-01T20:30:00,2016-10-01T20:29:00,145,162
http://irail.be/vehicle/S103890,http://irail.be/stations/NMBS/008812112,S10,2016-10-01T20:34:00,2016-10-01T20:34:00,82,55
http://irail.be/vehicle/S103890,http://irail.be/stations/NMBS/008812120,S10,2016-10-01T20:37:00,2016-10-01T20:36:00,87,112
http://irail.be/vehicle/S103890,http://irail.be/stations/NMBS/008812146,S10,2016-10-01T20:41:00,2016-10-01T20:40:00,64,92
http://irail.be/vehicle/S103890,http://irail.be/stations/NMBS/008812153,S10,2016-10-01T20:44:00,2016-10-01T20:44:00,43,17
http://irail.be/vehicle/S103890,http://irail.be/stations/NMBS/008812161,S10,2016-10-01T20:47:00,2016-10-01T20:47:00,27,-11
http://irail.be/vehicle/S103890,http://irail.be/stations/NMBS/008893443,S10,2016-10-01T20:50:00,2016-10-01T20:50:00,-2,-33
http://irail.be/vehicle/S103890,http://irail.be/stations/NMBS/008893401,S10,2016-10-01T20:52:00,2016-10-01T20:52:00,,19
http://irail.be/vehicle/S103890,http://irail.be/stations/NMBS/008814001,S10,2016-01-09T20:06:00,2016-01-09T20:06:00,235,0
http://irail.be/vehicle/S103890,http://irail.be/stations/NMBS/008815040,S10,2016-01-09T20:12:00,2016-01-09T20:11:00,204,233
http://irail.be/vehicle/S103890,http://irail.be/stations/NMBS/008812013,S10,2016-01-09T20:14:00,2016-01-09T20:14:00,217,191
http://irail.be/vehicle/S103890,http://irail.be/stations/NMBS/008815016,S10,2016-01-09T20:16:00,2016-01-09T20:16:00,217,217
http://irail.be/vehicle/S103890,http://irail.be/stations/NMBS/008812047,S10,2016-01-09T20:21:00,2016-01-09T20:20:00,176,188
http://irail.be/vehicle/S103890,http://irail.be/stations/NMBS/008812062,S10,2016-01-09T20:25:00,2016-01-09T20:25:00,164,138
http://irail.be/vehicle/S103890,http://irail.be/stations/NMBS/008812070,S10,2016-01-09T20:30:00,2016-01-09T20:29:00,157,185
http://irail.be/vehicle/S103890,http://irail.be/stations/NMBS/008812112,S10,2016-01-09T20:34:00,2016-01-09T20:34:00,119,73
http://irail.be/vehicle/S103890,http://irail.be/stations/NMBS/008812120,S10,2016-01-09T20:37:00,2016-01-09T20:36:00,97,141
http://irail.be/vehicle/S103890,http://irail.be/stations/NMBS/008812146,S10,2016-01-09T20:41:00,2016-01-09T20:40:00,83,92
http://irail.be/vehicle/S103890,http://irail.be/stations/NMBS/008812153,S10,2016-01-09T20:44:00,2016-01-09T20:44:00,64,38
http://irail.be/vehicle/S103890,http://irail.be/stations/NMBS/008812161,S10,2016-01-09T20:47:00,2016-01-09T20:47:00,50,13
http://irail.be/vehicle/S103890,http://irail.be/stations/NMBS/008893443,S10,2016-01-09T20:50:00,2016-01-09T20:50:00,35,50
http://irail.be/vehicle/S103890,http://irail.be/stations/NMBS/008893401,S10,2016-01-09T20:52:00,2016-01-09T20:52:00,0,50
http://irail.be/vehicle/S103890,http://irail.be/stations/NMBS/008814001,S10,2016-08-07T20:06:00,2016-08-07T20:06:00,189,
http://irail.be/vehicle/S103890,http://irail.be/stations/NMBS/008815040,S10,2016-08-07T20:12:00,2016-08-07T20:11:00,143,168
http://irail.be/vehicle/S103890,http://irail.be/stations/NMBS/008812013,S10,2016-08-07T20:14:00,2016-08-07T20:14:00,150,124
http://irail.be/vehicle/S103890,http://irail.be/stations/NMBS/008815016,S10,2016-08-07T20:16:00,2016-08-07T20:16:00,150,150
http://irail.be/vehicle/S103890,http://irail.be/stations/NMBS/008812047,S10,2016-08-07T20:21:00,2016-08-07T20:20:00,116,138
http://irail.be/vehicle/S103890,http://irail.be/stations/NMBS/008812062,S10,2016-08-07T20:25:00,2016-08-07T20:25:00,101,77
http://irail.be/vehicle/S103890,http://irail.be/stations/NMBS/008812070,S10,2016-08-07T20:30:00,2016-08-07T20:29:00,101,116
http://irail.be/vehicle/S103890,http://irail.be/stations/NMBS/008812112,S10,2016-08-07T20:34:00,2016-08-07T20:34:00,49,25
http://irail.be/vehicle/S103890,http://irail.be/stations/NMBS/008812120,S10,2016-08-07T20:37:00,2016-08-07T20:36:00,63,81
http://irail.be/vehicle/S103890,http://irail.be/stations/NMBS/008812146,S10,2016-08-07T20:41:00,2016-08-07T20:40:00,54,65
http://irail.be/vehicle/S103890,http://irail.be/stations/NMBS/008812153,S10,2016-08-07T20:44:00,2016-08-07T20:44:00,17,2
http://irail.be/vehicle/S103890,http://irail.be/stations/NMBS/008812161,S10,2016-08-07T20:47:00,2016-08-07T20:47:00,-7,-38
http://irail.be/vehicle/S103890,http://irail.be/stations/NMBS/008893443,S10,2016-08-07T20:50:00,2016-08-07T20:50:00,-17,-7
http://irail.be/vehicle/S103890,http://irail.be/stations/NMBS/008893401,S10,2016-08-07T20:52:00,2016-08-07T20:52:00,,-21
http://irail.be/vehicle/S103890,http://irail.be/stations/NMBS/008814001,S10,2016-03-28T20:06:00,2016-03-28T20:06:00,36,0
http://irail.be/vehicle/S103890,http://irail.be/stations/NMBS/008815040,S10,2016-03-28T20:12:00,2016-03-28T20:11:00,71,71
http://irail.be/vehicle/S103890,http://irail.be/stations/NMBS/008812013,S10,2016-03-28T20:14:00,2016-03-28T20:14:00,-7,-44
http://irail.be/vehicle/S103890,http://irail.be/stations/NMBS/008815016,S10,2016-03-28T20:16:00,2016-03-28T20:16:00,0,-7
http://irail.be/vehicle/S103890,http://irail.be/stations/NMBS/008812047,S10,2016-03-28T20:21:00,2016-03-28T20:20:00,29,-4
http://irail.be/vehicle/S103890,http://irail.be/stations/NMBS/008812062,S10,2016-03-28T20:25:00,2016-03-28T20:25:00,26,-3
http://irail.be/vehicle/S103890,http://irail.be/stations/NMBS/008812070,S10,2016-03-28T20:30:00,2016-03-28T20:29:00,39,65
http://irail.be/vehicle/S103890,http://irail.be/stations/NMBS/008812112,S10,2016-03-28T20:34:00,2016-03-28T20:34:00,-10,-31
http://irail.be/vehicle/S103890,http://irail.be/stations/NMBS/008812120,S10,2016-03-28T20:37:00,2016-03-28T20:36:00,-12,17
http://irail.be/vehicle/S103890,http://irail.be/stations/NMBS/008812146,S10,2016-03-28T20:41:00,2016-03-28T20:40:00,-4,23
http://irail.be/vehicle/S103890,http://irail.be/stations/NMBS/008812153,S10,2016-03-28T20:44:00,2016-03-28T20:44:00,11,-31
http://irail.be/vehicle/S103890,http://irail.be/stations/NMBS/008812161,S10,2016-03-28T20:47:00,2016-03-28T20:47:00,13,-29
http://irail.be/vehicle/S103890,http://irail.be/stations/NMBS/008893443,S10,2016-03-28T20:50:00,2016-03-28T20:50:00,7,-47
http://irail.be/vehicle/S103890,http://irail.be/stations/NMBS/008893401,S10,2016-03-28T20:52:00,2016-03-28T20:52:00,0,50
http://irail.be/vehicle/S103890,http://irail.be/stations/NMBS/008814001,S10,2016-07-17T20:06:00,2016-07-17T20:06:00,24,
http://irail.be/vehicle/S103890,http://irail.be/stations/NMBS/008815040,S10,2016-07-17T20:12:00,2016-07-17T20:11:00,9,-1
http://irail.be/vehicle/S103890,http://irail.be/stations/NMBS/008812013,S10,2016-07-17T20:14:00,2016-07-17T20:14:00,21,-7
http://irail.be/vehicle/S103890,http://irail.be/stations/NMBS/008815016,S10,2016-07-17T20:16:00,2016-07-17T20:16:00,21,21
http://irail.be/vehicle/S103890,http://irail.be/stations/NMBS/008812047,S10,2016-07-17T20:21:00,2016-07-17T20:20:00,10,-10
http://irail.be/vehicle/S103890,http://irail.be/stations/NMBS/008812062,S10,2016-07-17T20:25:00,2016-07-17T20:25:00,9,-24
http://irail.be/vehicle/S103890,http://irail.be/stations/NMBS/008812070,S10,2016-07-17T20:30:00,2016-07-17T20:29:00,4,26
http://irail.be/vehicle/S103890,http://irail.be/stations/NMBS/008812112,S10,2016-07-17T20:34:00,2016-07-17T20:34:00,-10,-65
http://irail.be/vehicle/S103890,http://irail.be/stations/NMBS/008812120,S10,2016-07-17T20:37:00,2016-07-17T20:36:00,4,22
http://irail.be/vehicle/S103890,http://irail.be/stations/NMBS/008812146,S10,2016-07-17T20:41:00,2016-07-17T20:40:00,9,6
http://irail.be/vehicle/S103890,http://irail.be/stations/NMBS/008812153,S10,2016-07-17T20:44:00,2016-07-17T20:44:00,10,-24
http://irail.be/vehicle/S103890,http://irail.be/stations/NMBS/008812161,S10,2016-07-17T20:47:00,2016-07-17T20:47:00,12,-41
http://irail.be/vehicle/S103890,http://irail.be/stations/NMBS/008893443,S10,2016-07-17T20:50:00,2016-07-17T20:50:00,-3,-48
http://irail.be/vehicle/S103890,http://irail.be/stations/NMBS/008893401,S10,2016-07-17T20:52:00,2016-07-17T20:52:00,,16
http://irail.be/vehicle/S103890,http://irail.be/stations/NMBS/008814001,S10,2016-01-24T20:06:00,2016-01-24T20:06:00,251,0
http://irail.be/vehicle/S103890,http://irail.be/stations/NMBS/008815040,S10,2016-01-24T20:12:00,2016-01-24T20:11:00,223,262
http://irail.be/vehicle/S103890,http://irail.be/stations/NMBS/008812013,S10,2016-01-24T20:14:00,2016-01-24T20:14:00,232,207
http://irail.be/vehicle/S103890,http://irail.be/stations/NMBS/008815016,S10,2016-01-24T20:16:00,2016-01-24T20:16:00,232,232
http://irail.be/vehicle/S103890,http://irail.be/stations/NMBS/008812047,S10,2016-01-24T20:21:00,2016-01-24T20:20:00,255,255
http://irail.be/vehicle/S103890,http://irail.be/stations/NMBS/008812062,S10,2016-01-24T20:25:00,2016-01-24T20:25:00,268,240
http://irail.be/vehicle/S103890,http://irail.be/stations/NMBS/008812070,S10,2016-01-24T20:30:00,2016-01-24T20:29:00,308,313
http://irail.be/vehicle/S103890,http://irail.be/stations/NMBS/008812112,S10,2016-01-24T20:34:00,2016-01-24T20:34:00,275,238
http://irail.be/vehicle/S103890,http://irail.be/stations/NMBS/008812120,S10,2016-01-24T20:37:00,2016-01-24T20:36:00,273,295
http://irail.be/vehicle/S103890,http://irail.be/stations/NMBS/008812146,S10,2016-01-24T20:41:00,2016-01-24T20:40:00,306,304
http://irail.be/vehicle/S103890,http://irail.be/stations/NMBS/008812153,S10,2016-01-24T20:44:00,2016-01-24T20:44:00,354,295
http://irail.be/vehicle/S103890,http://irail.be/stations/NMBS/008812161,S10,2016-01-24T20:47:00,2016-01-24T20:47:00,356,305
http://irail.be/vehicle/S103890,http://irail.be/stations/NMBS/008893443,S10,2016-01-24T20:50:00,2016-01-24T20:50:00,372,356
http://irail.be/vehicle/S103890,http://irail.be/stations/NMBS/008893401,S10,2016-01-24T20:52:00,2016-01-24T20:52:00,0,385
http://irail.be/vehicle/S103890,http://irail.be/stations/NMBS/008814001,S10,2016-11-11T20:06:00,2016-11-11T20:06:00,32,
http://irail.be/vehicle/S103890,http://irail.be/stations/NMBS/008815040,S10,2016-11-11T20:12:00,2016-11-11T20:11:00,9,13
http://irail.be/vehicle/S103890,http://irail.be/stations/NMBS/008812013,S10,2016-11-11T20:14:00,2016-11-11T20:14:00,14,-9
http://irail.be/vehicle/S103890,http://irail.be/stations/NMBS/008815016,S10,2016-11-11T20:16:00,2016-11-11T20:16:00,14,14
http://irail.be/vehicle/S103890,http://irail.be/stations/NMBS/008812047,S10,2016-11-11T20:21:00,2016-11-11T20:20:00,23,10
http://irail.be/vehicle/S103890,http://irail.be/stations/NMBS/008812062,S10,2016-11-11T20:25:00,2016-11-11T20:25:00,17,-5
http://irail.be/vehicle/S103890,http://irail.be/stations/NMBS/008812070,S10,2016-11-11T20:30:00,2016-11-11T20:29:00,19,42
http://irail.be/vehicle/S103890,http://irail.be/stations/NMBS/008812112,S10,2016-11-11T20:34:00,2016-11-11T20:34:00,-6,-68
http://irail.be/vehicle/S103890,http://irail.be/stations/NMBS/008812120,S10,2016-11-11T20:37:00,2016-11-11T20:36:00,5,25
http://irail.be/vehicle/S103890,http://irail.be/stations/NMBS/008812146,S10,2016-11-11T20:41:00,2016-11-11T20:40:00,13,-1
http://irail.be/vehicle/S103890,http://irail.be/stations/NMBS/008812153,S10,2016-11-11T20:44:00,2016-11-11T20:44:00,-86,-70
http://irail.be/vehicle/S103890,http://irail.be/stations/NMBS/008812161,S10,2016-11-11T20:47:00,2016-11-11T20:47:00,-3,-58
http://irail.be/vehicle/S103890,http://irail.be/stations/NMBS/008893443,S10,2016-11-11T20:50:00,2016-11-11T20:50:00,-3,-3
http://irail.be/vehicle/S103890,http://irail.be/stations/NMBS/008893401,S10,2016-11-11T20:52:00,2016-11-11T20:52:00,,5
http://irail.be/vehicle/S103890,http://irail.be/stations/NMBS/008814001,S10,2016-03-27T20:06:00,2016-03-27T20:06:00,45,0
http://irail.be/vehicle/S103890,http://irail.be/stations/NMBS/008815040,S10,2016-03-27T20:12:00,2016-03-27T20:11:00,-18,58
http://irail.be/vehicle/S103890,http://irail.be/stations/NMBS/008812013,S10,2016-03-27T20:14:00,2016-03-27T20:14:00,-19,-53
http://irail.be/vehicle/S103890,http://irail.be/stations/NMBS/008815016,S10,2016-03-27T20:16:00,2016-03-27T20:16:00,0,-19
http://irail.be/vehicle/S103890,http://irail.be/stations/NMBS/008812047,S10,2016-03-27T20:21:00,2016-03-27T20:20:00,2,-24
http://irail.be/vehicle/S103890,http://irail.be/stations/NMBS/008812062,S10,2016-03-27T20:25:00,2016-03-27T20:25:00,10,-23
http://irail.be/vehicle/S103890,http://irail.be/stations/NMBS/008812070,S10,2016-03-27T20:30:00,2016-03-27T20:29:00,10,35
http://irail.be/vehicle/S103890,http://irail.be/stations/NMBS/008812112,S10,2016-03-27T20:34:00,2016-03-27T20:34:00,-3,-61
http://irail.be/vehicle/S103890,http://irail.be/stations/NMBS/008812120,S10,2016-03-27T20:37:00,2016-03-27T20:36:00,11,24
http://irail.be/vehicle/S103890,http://irail.be/stations/NMBS/008812146,S10,2016-03-27T20:41:00,2016-03-27T20:40:00,27,42
http://irail.be/vehicle/S103890,http://irail.be/stations/NMBS/008812153,S10,2016-03-27T20:44:00,2016-03-27T20:44:00,38,5
http://irail.be/vehicle/S103890,http://irail.be/stations/NMBS/008812161,S10,2016-03-27T20:47:00,2016-03-27T20:47:00,36,-10
http://irail.be/vehicle/S103890,http://irail.be/stations/NMBS/008893443,S10,2016-03-27T20:50:00,2016-03-27T20:50:00,13,-24
http://irail.be/vehicle/S103890,http://irail.be/stations/NMBS/008893401,S10,2016-03-27T20:52:00,2016-03-27T20:52:00,0,56
http://irail.be/vehicle/S103890,http://irail.be/stations/NMBS/008814001,S10,2016-07-02T20:06:00,2016-07-02T20:06:00,111,
http://irail.be/vehicle/S103890,http://irail.be/stations/NMBS/008815040,S10,2016-07-02T20:12:00,2016-07-02T20:11:00,69,100
http://irail.be/vehicle/S103890,http://irail.be/stations/NMBS/008812013,S10,2016-07-02T20:14:00,2016-07-02T20:14:00,81,53
http://irail.be/vehicle/S103890,http://irail.be/stations/NMBS/008815016,S10,2016-07-02T20:16:00,2016-07-02T20:16:00,81,81
http://irail.be/vehicle/S103890,http://irail.be/stations/NMBS/008812047,S10,2016-07-02T20:21:00,2016-07-02T20:20:00,60,68
http://irail.be/vehicle/S103890,http://irail.be/stations/NMBS/008812062,S10,2016-07-02T20:25:00,2016-07-02T20:25:00,58,29
http://irail.be/vehicle/S103890,http://irail.be/stations/NMBS/008812070,S10,2016-07-02T20:30:00,2016-07-02T20:29:00,92,91
http://irail.be/vehicle/S103890,http://irail.be/stations/NMBS/008812112,S10,2016-07-02T20:34:00,2016-07-02T20:34:00,36,7
http://irail.be/vehicle/S103890,http://irail.be/stations/NMBS/008812120,S10,2016-07-02T20:37:00,2016-07-02T20:36:00,44,68
http://irail.be/vehicle/S103890,http://irail.be/stations/NMBS/008812146,S10,2016-07-02T20:41:00,2016-07-02T20:40:00,29,44
http://irail.be/vehicle/S103890,http://irail.be/stations/NMBS/008812153,S10,2016-07-02T20:44:00,2016-07-02T20:44:00,27,-14
http://irail.be/vehicle/S103890,http://irail.be/stations/NMBS/008812161,S10,2016-07-02T20:47:00,2016-07-02T20:47:00,15,-26
http://irail.be/vehicle/S103890,http://irail.be/stations/NMBS/008893443,S10,2016-07-02T20:50:00,2016-07-02T20:50:00,13,-45
http://irail.be/vehicle/S103890,http://irail.be/stations/NMBS/008893401,S10,2016-07-02T20:52:00,2016-07-02T20:52:00,,30
http://irail.be/vehicle/S103890,http://irail.be/stations/NMBS/008814001,S10,2016-03-05T20:06:00,2016-03-05T20:06:00,147,0
http://irail.be/vehicle/S103890,http://irail.be/stations/NMBS/008815040,S10,2016-03-05T20:12:00,2016-03-05T20:11:00,102,131
http://irail.be/vehicle/S103890,http://irail.be/stations/NMBS/008812013,S10,2016-03-05T20:14:00,2016-03-05T20:14:00,118,84
http://irail.be/vehicle/S103890,http://irail.be/stations/NMBS/008815016,S10,2016-03-05T20:16:00,2016-03-05T20:16:00,118,118
http://irail.be/vehicle/S103890,http://irail.be/stations/NMBS/008812047,S10,2016-03-05T20:21:00,2016-03-05T20:20:00,87,102
http://irail.be/vehicle/S103890,http://irail.be/stations/NMBS/008812062,S10,2016-03-05T20:25:00,2016-03-05T20:25:00,90,56
http://irail.be/vehicle/S103890,http://irail.be/stations/NMBS/008812070,S10,2016-03-05T20:30:00,2016-03-05T20:29:00,83,110
http://irail.be/vehicle/S103890,http://irail.be/stations/NMBS/008812112,S10,2016-03-05T20:34:00,2016-03-05T20:34:00,25,3
http://irail.be/vehicle/S103890,http://irail.be/stations/NMBS/008812120,S10,2016-03-05T20:37:00,2016-03-05T20:36:00,26,46
http://irail.be/vehicle/S103890,http://irail.be/stations/NMBS/008812146,S10,2016-03-05T20:41:00,2016-03-05T20:40:00,23,30
http://irail.be/vehicle/S103890,http://irail.be/stations/NMBS/008812153,S10,2016-03-05T20:44:00,2016-03-05T20:44:00,6,-20
http://irail.be/vehicle/S103890,http://irail.be/stations/NMBS/008812161,S10,2016-03-05T20:47:00,2016-03-05T20:47:00,2,-43
http://irail.be/vehicle/S103890,http://irail.be/stations/NMBS/008893443,S10,2016-03-05T20:50:00,2016-03-05T20:50:00,-21,-58
http://irail.be/vehicle/S103890,http://irail.be/stations/NMBS/008893401,S10,2016-03-05T20:52:00,2016-03-05T20:52:00,0,5
http://irail.be/vehicle/S103890,http://irail.be/stations/NMBS/008814001,S10,2016-01-17T20:06:00,2016-01-17T20:06:00,481,0
http://irail.be/vehicle/S103890,http://irail.be/stations/NMBS/008815040,S10,2016-01-17T20:12:00,2016-01-17T20:11:00,481,444
http://irail.be/vehicle/S103890,http://irail.be/stations/NMBS/008812013,S10,2016-01-17T20:14:00,2016-01-17T20:14:00,277,259
http://irail.be/vehicle/S103890,http://irail.be/stations/NMBS/008815016,S10,2016-01-17T20:16:00,2016-01-17T20:16:00,481,481
http://irail.be/vehicle/S103890,http://irail.be/stations/NMBS/008812047,S10,2016-01-17T20:21:00,2016-01-17T20:20:00,494,477
http://irail.be/vehicle/S103890,http://irail.be/stations/NMBS/008812062,S10,2016-01-17T20:25:00,2016-01-17T20:25:00,485,460
http://irail.be/vehicle/S103890,http://irail.be/stations/NMBS/008812070,S10,2016-01-17T20:30:00,2016-01-17T20:29:00,475,502
http://irail.be/vehicle/S103890,http://irail.be/stations/NMBS/008812112,S10,2016-01-17T20:34:00,2016-01-17T20:34:00,411,393
http://irail.be/vehicle/S103890,http://irail.be/stations/NMBS/008812120,S10,2016-01-17T20:37:00,2016-01-17T20:36:00,390,428
http://irail.be/vehicle/S103890,http://irail.be/stations/NMBS/008812146,S10,2016-01-17T20:41:00,2016-01-17T20:40:00,389,394
http://irail.be/vehicle/S103890,http://irail.be/stations/NMBS/008812153,S10,2016-01-17T20:44:00,2016-01-17T20:44:00,394,350
http://irail.be/vehicle/S103890,http://irail.be/stations/NMBS/008812161,S10,2016-01-17T20:47:00,2016-01-17T20:47:00,375,337
http://irail.be/vehicle/S103890,http://irail.be/stations/NMBS/008893443,S10,2016-01-17T20:50:00,2016-01-17T20:50:00,374,301
http://irail.be/vehicle/S103890,http://irail.be/stations/NMBS/008893401,S10,2016-01-17T20:52:00,2016-01-17T20:52:00,0,377
http://irail.be/vehicle/S103890,http://irail.be/stations/NMBS/008814001,S10,2016-05-22T20:06:00,2016-05-22T20:06:00,79,0
http://irail.be/vehicle/S103890,http://irail.be/stations/NMBS/008815040,S10,2016-05-22T20:12:00,2016-05-22T20:11:00,48,63
http://irail.be/vehicle/S103890,http://irail.be/stations/NMBS/008812013,S10,2016-05-22T20:14:00,2016-05-22T20:14:00,59,33
http://irail.be/vehicle/S103890,http://irail.be/stations/NMBS/008815016,S10,2016-05-22T20:16:00,2016-05-22T20:16:00,59,59
http://irail.be/vehicle/S103890,http://irail.be/stations/NMBS/008812047,S10,2016-05-22T20:21:00,2016-05-22T20:20:00,43,39
http://irail.be/vehicle/S103890,http://irail.be/stations/NMBS/008812062,S10,2016-05-22T20:25:00,2016-05-22T20:25:00,52,12
http://irail.be/vehicle/S103890,http://irail.be/stations/NMBS/008812070,S10,2016-05-22T20:30:00,2016-05-22T20:29:00,68,73
http://irail.be/vehicle/S103890,http://irail.be/stations/NMBS/008812112,S10,2016-05-22T20:34:00,2016-05-22T20:34:00,14,-15
http://irail.be/vehicle/S103890,http://irail.be/stations/NMBS/008812120,S10,2016-05-22T20:37:00,2016-05-22T20:36:00,19,48
http://irail.be/vehicle/S103890,http://irail.be/stations/NMBS/008812146,S10,2016-05-22T20:41:00,2016-05-22T20:40:00,11,22
http://irail.be/vehicle/S103890,http://irail.be/stations/NMBS/008812153,S10,2016-05-22T20:44:00,2016-05-22T20:44:00,15,-23
http://irail.be/vehicle/S103890,http://irail.be/stations/NMBS/008812161,S10,2016-05-22T20:47:00,2016-05-22T20:47:00,18,-29
http://irail.be/vehicle/S103890,http://irail.be/stations/NMBS/008893443,S10,2016-05-22T20:50:00,2016-05-22T20:50:00,10,-42
http://irail.be/vehicle/S103890,http://irail.be/stations/NMBS/008893401,S10,2016-05-22T20:52:00,2016-05-22T20:52:00,0,30
http://irail.be/vehicle/S103890,http://irail.be/stations/NMBS/008814001,S10,2016-09-03T20:06:00,2016-09-03T20:06:00,51,
http://irail.be/vehicle/S103890,http://irail.be/stations/NMBS/008815040,S10,2016-09-03T20:12:00,2016-09-03T20:11:00,6,35
http://irail.be/vehicle/S103890,http://irail.be/stations/NMBS/008812013,S10,2016-09-03T20:14:00,2016-09-03T20:14:00,43,71
http://irail.be/vehicle/S103890,http://irail.be/stations/NMBS/008815016,S10,2016-09-03T20:16:00,2016-09-03T20:16:00,43,43
http://irail.be/vehicle/S103890,http://irail.be/stations/NMBS/008812047,S10,2016-09-03T20:21:00,2016-09-03T20:20:00,29,14
http://irail.be/vehicle/S103890,http://irail.be/stations/NMBS/008812062,S10,2016-09-03T20:25:00,2016-09-03T20:25:00,33,2
http://irail.be/vehicle/S103890,http://irail.be/stations/NMBS/008812070,S10,2016-09-03T20:30:00,2016-09-03T20:29:00,40,72
http://irail.be/vehicle/S103890,http://irail.be/stations/NMBS/008812112,S10,2016-09-03T20:34:00,2016-09-03T20:34:00,-8,-49
http://irail.be/vehicle/S103890,http://irail.be/stations/NMBS/008812120,S10,2016-09-03T20:37:00,2016-09-03T20:36:00,8,26
http://irail.be/vehicle/S103890,http://irail.be/stations/NMBS/008812146,S10,2016-09-03T20:41:00,2016-09-03T20:40:00,-6,2
http://irail.be/vehicle/S103890,http://irail.be/stations/NMBS/008812153,S10,2016-09-03T20:44:00,2016-09-03T20:44:00,-5,-44
http://irail.be/vehicle/S103890,http://irail.be/stations/NMBS/008812161,S10,2016-09-03T20:47:00,2016-09-03T20:47:00,-6,-60
http://irail.be/vehicle/S103890,http://irail.be/stations/NMBS/008893443,S10,2016-09-03T20:50:00,2016-09-03T20:50:00,-15,-6
http://irail.be/vehicle/S103890,http://irail.be/stations/NMBS/008893401,S10,2016-09-03T20:52:00,2016-09-03T20:52:00,,8
http://irail.be/vehicle/S103890,http://irail.be/stations/NMBS/008814001,S10,2016-12-03T20:06:00,2016-12-03T20:06:00,87,
http://irail.be/vehicle/S103890,http://irail.be/stations/NMBS/008815040,S10,2016-12-03T20:12:00,2016-12-03T20:11:00,24,69
http://irail.be/vehicle/S103890,http://irail.be/stations/NMBS/008812013,S10,2016-12-03T20:14:00,2016-12-03T20:14:00,38,17
http://irail.be/vehicle/S103890,http://irail.be/stations/NMBS/008815016,S10,2016-12-03T20:16:00,2016-12-03T20:16:00,48,38
http://irail.be/vehicle/S103890,http://irail.be/stations/NMBS/008812047,S10,2016-12-03T20:21:00,2016-12-03T20:20:00,80,77
http://irail.be/vehicle/S103890,http://irail.be/stations/NMBS/008812062,S10,2016-12-03T20:25:00,2016-12-03T20:25:00,76,53
http://irail.be/vehicle/S103890,http://irail.be/stations/NMBS/008812070,S10,2016-12-03T20:30:00,2016-12-03T20:29:00,90,91
http://irail.be/vehicle/S103890,http://irail.be/stations/NMBS/008812112,S10,2016-12-03T20:34:00,2016-12-03T20:34:00,94,43
http://irail.be/vehicle/S103890,http://irail.be/stations/NMBS/008812120,S10,2016-12-03T20:37:00,2016-12-03T20:36:00,98,102
http://irail.be/vehicle/S103890,http://irail.be/stations/NMBS/008812146,S10,2016-12-03T20:41:00,2016-12-03T20:40:00,90,90
http://irail.be/vehicle/S103890,http://irail.be/stations/NMBS/008812153,S10,2016-12-03T20:44:00,2016-12-03T20:44:00,-41,-41
http://irail.be/vehicle/S103890,http://irail.be/stations/NMBS/008812161,S10,2016-12-03T20:47:00,2016-12-03T20:47:00,74,74
http://irail.be/vehicle/S103890,http://irail.be/stations/NMBS/008893443,S10,2016-12-03T20:50:00,2016-12-03T20:50:00,91,74
http://irail.be/vehicle/S103890,http://irail.be/stations/NMBS/008893401,S10,2016-12-03T20:52:00,2016-12-03T20:52:00,,97
http://irail.be/vehicle/S103890,http://irail.be/stations/NMBS/008814001,S10,2016-07-31T20:06:00,2016-07-31T20:06:00,49,
http://irail.be/vehicle/S103890,http://irail.be/stations/NMBS/008815040,S10,2016-07-31T20:12:00,2016-07-31T20:11:00,7,30
http://irail.be/vehicle/S103890,http://irail.be/stations/NMBS/008812013,S10,2016-07-31T20:14:00,2016-07-31T20:14:00,18,-10
http://irail.be/vehicle/S103890,http://irail.be/stations/NMBS/008815016,S10,2016-07-31T20:16:00,2016-07-31T20:16:00,18,18
http://irail.be/vehicle/S103890,http://irail.be/stations/NMBS/008812047,S10,2016-07-31T20:21:00,2016-07-31T20:20:00,22,-9
http://irail.be/vehicle/S103890,http://irail.be/stations/NMBS/008812062,S10,2016-07-31T20:25:00,2016-07-31T20:25:00,32,-3
http://irail.be/vehicle/S103890,http://irail.be/stations/NMBS/008812070,S10,2016-07-31T20:30:00,2016-07-31T20:29:00,28,50
http://irail.be/vehicle/S103890,http://irail.be/stations/NMBS/008812112,S10,2016-07-31T20:34:00,2016-07-31T20:34:00,-4,-57
http://irail.be/vehicle/S103890,http://irail.be/stations/NMBS/008812120,S10,2016-07-31T20:37:00,2016-07-31T20:36:00,6,32
http://irail.be/vehicle/S103890,http://irail.be/stations/NMBS/008812146,S10,2016-07-31T20:41:00,2016-07-31T20:40:00,10,10
http://irail.be/vehicle/S103890,http://irail.be/stations/NMBS/008812153,S10,2016-07-31T20:44:00,2016-07-31T20:44:00,-6,-35
http://irail.be/vehicle/S103890,http://irail.be/stations/NMBS/008812161,S10,2016-07-31T20:47:00,2016-07-31T20:47:00,5,-66
http://irail.be/vehicle/S103890,http://irail.be/stations/NMBS/008893443,S10,2016-07-31T20:50:00,2016-07-31T20:50:00,-18,-55
http://irail.be/vehicle/S103890,http://irail.be/stations/NMBS/008893401,S10,2016-07-31T20:52:00,2016-07-31T20:52:00,,-8
http://irail.be/vehicle/S103890,http://irail.be/stations/NMBS/008814001,S10,2016-05-16T20:06:00,2016-05-16T20:06:00,412,0
http://irail.be/vehicle/S103890,http://irail.be/stations/NMBS/008815040,S10,2016-05-16T20:12:00,2016-05-16T20:11:00,389,420
http://irail.be/vehicle/S103890,http://irail.be/stations/NMBS/008812013,S10,2016-05-16T20:14:00,2016-05-16T20:14:00,357,375
http://irail.be/vehicle/S103890,http://irail.be/stations/NMBS/008815016,S10,2016-05-16T20:16:00,2016-05-16T20:16:00,357,357
http://irail.be/vehicle/S103890,http://irail.be/stations/NMBS/008812047,S10,2016-05-16T20:21:00,2016-05-16T20:20:00,388,401
http://irail.be/vehicle/S103890,http://irail.be/stations/NMBS/008812062,S10,2016-05-16T20:25:00,2016-05-16T20:25:00,435,361
http://irail.be/vehicle/S103890,http://irail.be/stations/NMBS/008812070,S10,2016-05-16T20:30:00,2016-05-16T20:29:00,425,456
http://irail.be/vehicle/S103890,http://irail.be/stations/NMBS/008812112,S10,2016-05-16T20:34:00,2016-05-16T20:34:00,369,347
http://irail.be/vehicle/S103890,http://irail.be/stations/NMBS/008812120,S10,2016-05-16T20:37:00,2016-05-16T20:36:00,375,400
http://irail.be/vehicle/S103890,http://irail.be/stations/NMBS/008812146,S10,2016-05-16T20:41:00,2016-05-16T20:40:00,329,365
http://irail.be/vehicle/S103890,http://irail.be/stations/NMBS/008812153,S10,2016-05-16T20:44:00,2016-05-16T20:44:00,311,288
http://irail.be/vehicle/S103890,http://irail.be/stations/NMBS/008812161,S10,2016-05-16T20:47:00,2016-05-16T20:47:00,301,258
http://irail.be/vehicle/S103890,http://irail.be/stations/NMBS/008893443,S10,2016-05-16T20:50:00,2016-05-16T20:50:00,268,241
http://irail.be/vehicle/S103890,http://irail.be/stations/NMBS/008893401,S10,2016-05-16T20:52:00,2016-05-16T20:52:00,0,285
http://irail.be/vehicle/S103890,http://irail.be/stations/NMBS/008814001,S10,2016-09-18T20:06:00,2016-09-18T20:06:00,94,
http://irail.be/vehicle/S103890,http://irail.be/stations/NMBS/008815040,S10,2016-09-18T20:12:00,2016-09-18T20:11:00,82,120
http://irail.be/vehicle/S103890,http://irail.be/stations/NMBS/008812013,S10,2016-09-18T20:14:00,2016-09-18T20:14:00,88,70
http://irail.be/vehicle/S103890,http://irail.be/stations/NMBS/008815016,S10,2016-09-18T20:16:00,2016-09-18T20:16:00,88,88
http://irail.be/vehicle/S103890,http://irail.be/stations/NMBS/008812047,S10,2016-09-18T20:21:00,2016-09-18T20:20:00,113,120
http://irail.be/vehicle/S103890,http://irail.be/stations/NMBS/008812062,S10,2016-09-18T20:25:00,2016-09-18T20:25:00,107,88
http://irail.be/vehicle/S103890,http://irail.be/stations/NMBS/008812070,S10,2016-09-18T20:30:00,2016-09-18T20:29:00,92,126
http://irail.be/vehicle/S103890,http://irail.be/stations/NMBS/008812112,S10,2016-09-18T20:34:00,2016-09-18T20:34:00,34,4
http://irail.be/vehicle/S103890,http://irail.be/stations/NMBS/008812120,S10,2016-09-18T20:37:00,2016-09-18T20:36:00,42,69
http://irail.be/vehicle/S103890,http://irail.be/stations/NMBS/008812146,S10,2016-09-18T20:41:00,2016-09-18T20:40:00,28,54
http://irail.be/vehicle/S103890,http://irail.be/stations/NMBS/008812153,S10,2016-09-18T20:44:00,2016-09-18T20:44:00,4,-20
http://irail.be/vehicle/S103890,http://irail.be/stations/NMBS/008812161,S10,2016-09-18T20:47:00,2016-09-18T20:47:00,4,-56
http://irail.be/vehicle/S103890,http://irail.be/stations/NMBS/008893443,S10,2016-09-18T20:50:00,2016-09-18T20:50:00,4,-56
http://irail.be/vehicle/S103890,http://irail.be/stations/NMBS/008893401,S10,2016-09-18T20:52:00,2016-09-18T20:52:00,,20
http://irail.be/vehicle/S103890,http://irail.be/stations/NMBS/008814001,S10,2016-02-14T20:06:00,2016-02-14T20:06:00,35,0
http://irail.be/vehicle/S103890,http://irail.be/stations/NMBS/008815040,S10,2016-02-14T20:12:00,2016-02-14T20:11:00,3,7
http://irail.be/vehicle/S103890,http://irail.be/stations/NMBS/008812013,S10,2016-02-14T20:14:00,2016-02-14T20:14:00,17,-15
http://irail.be/vehicle/S103890,http://irail.be/stations/NMBS/008815016,S10,2016-02-14T20:16:00,2016-02-14T20:16:00,17,17
http://irail.be/vehicle/S103890,http://irail.be/stations/NMBS/008812047,S10,2016-02-14T20:21:00,2016-02-14T20:20:00,12,-4
http://irail.be/vehicle/S103890,http://irail.be/stations/NMBS/008812062,S10,2016-02-14T20:25:00,2016-02-14T20:25:00,36,-16
http://irail.be/vehicle/S103890,http://irail.be/stations/NMBS/008812070,S10,2016-02-14T20:30:00,2016-02-14T20:29:00,33,59
http://irail.be/vehicle/S103890,http://irail.be/stations/NMBS/008812112,S10,2016-02-14T20:34:00,2016-02-14T20:34:00,-13,-50
http://irail.be/vehicle/S103890,http://irail.be/stations/NMBS/008812120,S10,2016-02-14T20:37:00,2016-02-14T20:36:00,0,8
http://irail.be/vehicle/S103890,http://irail.be/stations/NMBS/008812146,S10,2016-02-14T20:41:00,2016-02-14T20:40:00,34,19
http://irail.be/vehicle/S103890,http://irail.be/stations/NMBS/008812153,S10,2016-02-14T20:44:00,2016-02-14T20:44:00,33,16
http://irail.be/vehicle/S103890,http://irail.be/stations/NMBS/008812161,S10,2016-02-14T20:47:00,2016-02-14T20:47:00,17,-18
http://irail.be/vehicle/S103890,http://irail.be/stations/NMBS/008893443,S10,2016-02-14T20:50:00,2016-02-14T20:50:00,-15,-43
http://irail.be/vehicle/S103890,http://irail.be/stations/NMBS/008893401,S10,2016-02-14T20:52:00,2016-02-14T20:52:00,0,14
http://irail.be/vehicle/S103890,http://irail.be/stations/NMBS/008814001,S10,2016-09-25T20:06:00,2016-09-25T20:06:00,65,
http://irail.be/vehicle/S103890,http://irail.be/stations/NMBS/008815040,S10,2016-09-25T20:12:00,2016-09-25T20:11:00,114,116
http://irail.be/vehicle/S103890,http://irail.be/stations/NMBS/008812013,S10,2016-09-25T20:14:00,2016-09-25T20:14:00,136,109
http://irail.be/vehicle/S103890,http://irail.be/stations/NMBS/008815016,S10,2016-09-25T20:16:00,2016-09-25T20:16:00,136,136
http://irail.be/vehicle/S103890,http://irail.be/stations/NMBS/008812047,S10,2016-09-25T20:21:00,2016-09-25T20:20:00,201,194
http://irail.be/vehicle/S103890,http://irail.be/stations/NMBS/008812062,S10,2016-09-25T20:25:00,2016-09-25T20:25:00,268,188
http://irail.be/vehicle/S103890,http://irail.be/stations/NMBS/008812070,S10,2016-09-25T20:30:00,2016-09-25T20:29:00,302,298
http://irail.be/vehicle/S103890,http://irail.be/stations/NMBS/008812112,S10,2016-09-25T20:34:00,2016-09-25T20:34:00,276,238
http://irail.be/vehicle/S103890,http://irail.be/stations/NMBS/008812120,S10,2016-09-25T20:37:00,2016-09-25T20:36:00,309,309
http://irail.be/vehicle/S103890,http://irail.be/stations/NMBS/008812146,S10,2016-09-25T20:41:00,2016-09-25T20:40:00,335,331
http://irail.be/vehicle/S103890,http://irail.be/stations/NMBS/008812153,S10,2016-09-25T20:44:00,2016-09-25T20:44:00,379,318
http://irail.be/vehicle/S103890,http://irail.be/stations/NMBS/008812161,S10,2016-09-25T20:47:00,2016-09-25T20:47:00,405,340
http://irail.be/vehicle/S103890,http://irail.be/stations/NMBS/008893443,S10,2016-09-25T20:50:00,2016-09-25T20:50:00,407,345
http://irail.be/vehicle/S103890,http://irail.be/stations/NMBS/008893401,S10,2016-09-25T20:52:00,2016-09-25T20:52:00,,443
http://irail.be/vehicle/S103890,http://irail.be/stations/NMBS/008814001,S10,2016-04-23T20:06:00,2016-04-23T20:06:00,509,0
http://irail.be/vehicle/S103890,http://irail.be/stations/NMBS/008815040,S10,2016-04-23T20:12:00,2016-04-23T20:11:00,514,485
http://irail.be/vehicle/S103890,http://irail.be/stations/NMBS/008812013,S10,2016-04-23T20:14:00,2016-04-23T20:14:00,527,505
http://irail.be/vehicle/S103890,http://irail.be/stations/NMBS/008815016,S10,2016-04-23T20:16:00,2016-04-23T20:16:00,527,527
http://irail.be/vehicle/S103890,http://irail.be/stations/NMBS/008812047,S10,2016-04-23T20:21:00,2016-04-23T20:20:00,503,501
http://irail.be/vehicle/S103890,http://irail.be/stations/NMBS/008812062,S10,2016-04-23T20:25:00,2016-04-23T20:25:00,494,467
http://irail.be/vehicle/S103890,http://irail.be/stations/NMBS/008812070,S10,2016-04-23T20:30:00,2016-04-23T20:29:00,491,511
http://irail.be/vehicle/S103890,http://irail.be/stations/NMBS/008812112,S10,2016-04-23T20:34:00,2016-04-23T20:34:00,434,404
http://irail.be/vehicle/S103890,http://irail.be/stations/NMBS/008812120,S10,2016-04-23T20:37:00,2016-04-23T20:36:00,419,457
http://irail.be/vehicle/S103890,http://irail.be/stations/NMBS/008812146,S10,2016-04-23T20:41:00,2016-04-23T20:40:00,397,431
http://irail.be/vehicle/S103890,http://irail.be/stations/NMBS/008812153,S10,2016-04-23T20:44:00,2016-04-23T20:44:00,372,347
http://irail.be/vehicle/S103890,http://irail.be/stations/NMBS/008812161,S10,2016-04-23T20:47:00,2016-04-23T20:47:00,339,312
http://irail.be/vehicle/S103890,http://irail.be/stations/NMBS/008893443,S10,2016-04-23T20:50:00,2016-04-23T20:50:00,298,279
http://irail.be/vehicle/S103890,http://irail.be/stations/NMBS/008893401,S10,2016-04-23T20:52:00,2016-04-23T20:52:00,0,321
http://irail.be/vehicle/S103890,http://irail.be/stations/NMBS/008814001,S10,2016-07-30T20:06:00,2016-07-30T20:06:00,428,
http://irail.be/vehicle/S103890,http://irail.be/stations/NMBS/008815040,S10,2016-07-30T20:12:00,2016-07-30T20:11:00,373,418
http://irail.be/vehicle/S103890,http://irail.be/stations/NMBS/008812013,S10,2016-07-30T20:14:00,2016-07-30T20:14:00,364,353
http://irail.be/vehicle/S103890,http://irail.be/stations/NMBS/008815016,S10,2016-07-30T20:16:00,2016-07-30T20:16:00,364,364
http://irail.be/vehicle/S103890,http://irail.be/stations/NMBS/008812047,S10,2016-07-30T20:21:00,2016-07-30T20:20:00,276,305
http://irail.be/vehicle/S103890,http://irail.be/stations/NMBS/008812062,S10,2016-07-30T20:25:00,2016-07-30T20:25:00,257,238
http://irail.be/vehicle/S103890,http://irail.be/stations/NMBS/008812070,S10,2016-07-30T20:30:00,2016-07-30T20:29:00,236,273
http://irail.be/vehicle/S103890,http://irail.be/stations/NMBS/008812112,S10,2016-07-30T20:34:00,2016-07-30T20:34:00,147,143
http://irail.be/vehicle/S103890,http://irail.be/stations/NMBS/008812120,S10,2016-07-30T20:37:00,2016-07-30T20:36:00,139,179
http://irail.be/vehicle/S103890,http://irail.be/stations/NMBS/008812146,S10,2016-07-30T20:41:00,2016-07-30T20:40:00,100,128
http://irail.be/vehicle/S103890,http://irail.be/stations/NMBS/008812153,S10,2016-07-30T20:44:00,2016-07-30T20:44:00,55,51
http://irail.be/vehicle/S103890,http://irail.be/stations/NMBS/008812161,S10,2016-07-30T20:47:00,2016-07-30T20:47:00,29,-4
http://irail.be/vehicle/S103890,http://irail.be/stations/NMBS/008893443,S10,2016-07-30T20:50:00,2016-07-30T20:50:00,9,-31
http://irail.be/vehicle/S103890,http://irail.be/stations/NMBS/008893401,S10,2016-07-30T20:52:00,2016-07-30T20:52:00,,27
http://irail.be/vehicle/S103890,http://irail.be/stations/NMBS/008814001,S10,2016-03-06T20:06:00,2016-03-06T20:06:00,45,0
http://irail.be/vehicle/S103890,http://irail.be/stations/NMBS/008815040,S10,2016-03-06T20:12:00,2016-03-06T20:11:00,88,99
http://irail.be/vehicle/S103890,http://irail.be/stations/NMBS/008812013,S10,2016-03-06T20:14:00,2016-03-06T20:14:00,111,82
http://irail.be/vehicle/S103890,http://irail.be/stations/NMBS/008815016,S10,2016-03-06T20:16:00,2016-03-06T20:16:00,111,111
http://irail.be/vehicle/S103890,http://irail.be/stations/NMBS/008812047,S10,2016-03-06T20:21:00,2016-03-06T20:20:00,148,135
http://irail.be/vehicle/S103890,http://irail.be/stations/NMBS/008812062,S10,2016-03-06T20:25:00,2016-03-06T20:25:00,160,119
http://irail.be/vehicle/S103890,http://irail.be/stations/NMBS/008812070,S10,2016-03-06T20:30:00,2016-03-06T20:29:00,186,195
http://irail.be/vehicle/S103890,http://irail.be/stations/NMBS/008812112,S10,2016-03-06T20:34:00,2016-03-06T20:34:00,161,127
http://irail.be/vehicle/S103890,http://irail.be/stations/NMBS/008812120,S10,2016-03-06T20:37:00,2016-03-06T20:36:00,158,188
http://irail.be/vehicle/S103890,http://irail.be/stations/NMBS/008812146,S10,2016-03-06T20:41:00,2016-03-06T20:40:00,173,184
http://irail.be/vehicle/S103890,http://irail.be/stations/NMBS/008812153,S10,2016-03-06T20:44:00,2016-03-06T20:44:00,196,151
http://irail.be/vehicle/S103890,http://irail.be/stations/NMBS/008812161,S10,2016-03-06T20:47:00,2016-03-06T20:47:00,204,146
http://irail.be/vehicle/S103890,http://irail.be/stations/NMBS/008893443,S10,2016-03-06T20:50:00,2016-03-06T20:50:00,180,144
http://irail.be/vehicle/S103890,http://irail.be/stations/NMBS/008893401,S10,2016-03-06T20:52:00,2016-03-06T20:52:00,0,221
http://irail.be/vehicle/S103890,http://irail.be/stations/NMBS/008814001,S10,2016-09-17T20:06:00,2016-09-17T20:06:00,31,
http://irail.be/vehicle/S103890,http://irail.be/stations/NMBS/008815040,S10,2016-09-17T20:12:00,2016-09-17T20:11:00,19,37
http://irail.be/vehicle/S103890,http://irail.be/stations/NMBS/008812013,S10,2016-09-17T20:14:00,2016-09-17T20:14:00,-19,8
http://irail.be/vehicle/S103890,http://irail.be/stations/NMBS/008815016,S10,2016-09-17T20:16:00,2016-09-17T20:16:00,0,-19
http://irail.be/vehicle/S103890,http://irail.be/stations/NMBS/008812047,S10,2016-09-17T20:21:00,2016-09-17T20:20:00,127,127
http://irail.be/vehicle/S103890,http://irail.be/stations/NMBS/008812062,S10,2016-09-17T20:25:00,2016-09-17T20:25:00,157,123
http://irail.be/vehicle/S103890,http://irail.be/stations/NMBS/008812070,S10,2016-09-17T20:30:00,2016-09-17T20:29:00,168,190
http://irail.be/vehicle/S103890,http://irail.be/stations/NMBS/008812112,S10,2016-09-17T20:34:00,2016-09-17T20:34:00,109,89
http://irail.be/vehicle/S103890,http://irail.be/stations/NMBS/008812120,S10,2016-09-17T20:37:00,2016-09-17T20:36:00,114,140
http://irail.be/vehicle/S103890,http://irail.be/stations/NMBS/008812146,S10,2016-09-17T20:41:00,2016-09-17T20:40:00,89,105
http://irail.be/vehicle/S103890,http://irail.be/stations/NMBS/008812153,S10,2016-09-17T20:44:00,2016-09-17T20:44:00,99,62
http://irail.be/vehicle/S103890,http://irail.be/stations/NMBS/008812161,S10,2016-09-17T20:47:00,2016-09-17T20:47:00,88,43
http://irail.be/vehicle/S103890,http://irail.be/stations/NMBS/008893443,S10,2016-09-17T20:50:00,2016-09-17T20:50:00,69,28
http://irail.be/vehicle/S103890,http://irail.be/stations/NMBS/008893401,S10,2016-09-17T20:52:00,2016-09-17T20:52:00,,90
http://irail.be/vehicle/S103890,http://irail.be/stations/NMBS/008814001,S10,2016-06-11T20:06:00,2016-06-11T20:06:00,111,0
http://irail.be/vehicle/S103890,http://irail.be/stations/NMBS/008815040,S10,2016-06-11T20:12:00,2016-06-11T20:11:00,88,124
http://irail.be/vehicle/S103890,http://irail.be/stations/NMBS/008812013,S10,2016-06-11T20:14:00,2016-06-11T20:14:00,96,68
http://irail.be/vehicle/S103890,http://irail.be/stations/NMBS/008815016,S10,2016-06-11T20:16:00,2016-06-11T20:16:00,96,96
http://irail.be/vehicle/S103890,http://irail.be/stations/NMBS/008812047,S10,2016-06-11T20:21:00,2016-06-11T20:20:00,56,71
http://irail.be/vehicle/S103890,http://irail.be/stations/NMBS/008812062,S10,2016-06-11T20:25:00,2016-06-11T20:25:00,53,22
http://irail.be/vehicle/S103890,http://irail.be/stations/NMBS/008812070,S10,2016-06-11T20:30:00,2016-06-11T20:29:00,47,76
http://irail.be/vehicle/S103890,http://irail.be/stations/NMBS/008812112,S10,2016-06-11T20:34:00,2016-06-11T20:34:00,-3,-35
http://irail.be/vehicle/S103890,http://irail.be/stations/NMBS/008812120,S10,2016-06-11T20:37:00,2016-06-11T20:36:00,4,31
http://irail.be/vehicle/S103890,http://irail.be/stations/NMBS/008812146,S10,2016-06-11T20:41:00,2016-06-11T20:40:00,3,14
http://irail.be/vehicle/S103890,http://irail.be/stations/NMBS/008812153,S10,2016-06-11T20:44:00,2016-06-11T20:44:00,18,-24
http://irail.be/vehicle/S103890,http://irail.be/stations/NMBS/008812161,S10,2016-06-11T20:47:00,2016-06-11T20:47:00,28,-28
http://irail.be/vehicle/S103890,http://irail.be/stations/NMBS/008893443,S10,2016-06-11T20:50:00,2016-06-11T20:50:00,15,-32
http://irail.be/vehicle/S103890,http://irail.be/stations/NMBS/008893401,S10,2016-06-11T20:52:00,2016-06-11T20:52:00,0,44
http://irail.be/vehicle/S103890,http://irail.be/stations/NMBS/008814001,S10,2016-11-13T20:06:00,2016-11-13T20:06:00,455,
http://irail.be/vehicle/S103890,http://irail.be/stations/NMBS/008815040,S10,2016-11-13T20:12:00,2016-11-13T20:11:00,397,446
http://irail.be/vehicle/S103890,http://irail.be/stations/NMBS/008812013,S10,2016-11-13T20:14:00,2016-11-13T20:14:00,403,385
http://irail.be/vehicle/S103890,http://irail.be/stations/NMBS/008815016,S10,2016-11-13T20:16:00,2016-11-13T20:16:00,405,403
http://irail.be/vehicle/S103890,http://irail.be/stations/NMBS/008812047,S10,2016-11-13T20:21:09,2016-11-13T20:20:09,353,361
http://irail.be/vehicle/S103890,http://irail.be/stations/NMBS/008812062,S10,2016-11-13T20:25:00,2016-11-13T20:25:00,313,313
http://irail.be/vehicle/S103890,http://irail.be/stations/NMBS/008812070,S10,2016-11-13T20:30:00,2016-11-13T20:29:00,290,321
http://irail.be/vehicle/S103890,http://irail.be/stations/NMBS/008812112,S10,2016-11-13T20:34:00,2016-11-13T20:34:00,248,231
http://irail.be/vehicle/S103890,http://irail.be/stations/NMBS/008812120,S10,2016-11-13T20:37:08,2016-11-13T20:36:08,227,254
http://irail.be/vehicle/S103890,http://irail.be/stations/NMBS/008812146,S10,2016-11-13T20:41:00,2016-11-13T20:40:00,182,212
http://irail.be/vehicle/S103890,http://irail.be/stations/NMBS/008812153,S10,2016-11-13T20:44:00,2016-11-13T20:44:00,29,29
http://irail.be/vehicle/S103890,http://irail.be/stations/NMBS/008812161,S10,2016-11-13T20:47:00,2016-11-13T20:47:00,85,85
http://irail.be/vehicle/S103890,http://irail.be/stations/NMBS/008893443,S10,2016-11-13T20:50:00,2016-11-13T20:50:00,84,84
http://irail.be/vehicle/S103890,http://irail.be/stations/NMBS/008893401,S10,2016-11-13T20:52:00,2016-11-13T20:52:00,,96
http://irail.be/vehicle/S103890,http://irail.be/stations/NMBS/008814001,S10,2016-02-07T20:06:00,2016-02-07T20:06:00,393,0
http://irail.be/vehicle/S103890,http://irail.be/stations/NMBS/008815040,S10,2016-02-07T20:12:00,2016-02-07T20:11:00,352,384
http://irail.be/vehicle/S103890,http://irail.be/stations/NMBS/008812013,S10,2016-02-07T20:14:00,2016-02-07T20:14:00,347,334
http://irail.be/vehicle/S103890,http://irail.be/stations/NMBS/008815016,S10,2016-02-07T20:16:00,2016-02-07T20:16:00,347,347
http://irail.be/vehicle/S103890,http://irail.be/stations/NMBS/008812047,S10,2016-02-07T20:21:00,2016-02-07T20:20:00,291,304
http://irail.be/vehicle/S103890,http://irail.be/stations/NMBS/008812062,S10,2016-02-07T20:25:00,2016-02-07T20:25:00,287,256
http://irail.be/vehicle/S103890,http://irail.be/stations/NMBS/008812070,S10,2016-02-07T20:30:00,2016-02-07T20:29:00,266,303
http://irail.be/vehicle/S103890,http://irail.be/stations/NMBS/008812112,S10,2016-02-07T20:34:00,2016-02-07T20:34:00,205,183
http://irail.be/vehicle/S103890,http://irail.be/stations/NMBS/008812120,S10,2016-02-07T20:37:00,2016-02-07T20:36:00,191,222
http://irail.be/vehicle/S103890,http://irail.be/stations/NMBS/008812146,S10,2016-02-07T20:41:00,2016-02-07T20:40:00,168,196
http://irail.be/vehicle/S103890,http://irail.be/stations/NMBS/008812153,S10,2016-02-07T20:44:00,2016-02-07T20:44:00,159,129
http://irail.be/vehicle/S103890,http://irail.be/stations/NMBS/008812161,S10,2016-02-07T20:47:00,2016-02-07T20:47:00,128,99
http://irail.be/vehicle/S103890,http://irail.be/stations/NMBS/008893443,S10,2016-02-07T20:50:00,2016-02-07T20:50:00,103,128
http://irail.be/vehicle/S103890,http://irail.be/stations/NMBS/008893401,S10,2016-02-07T20:52:00,2016-02-07T20:52:00,0,105
http://irail.be/vehicle/S103890,http://irail.be/stations/NMBS/008814001,S10,2016-04-16T20:06:00,2016-04-16T20:06:00,95,0
http://irail.be/vehicle/S103890,http://irail.be/stations/NMBS/008815040,S10,2016-04-16T20:12:00,2016-04-16T20:11:00,79,81
http://irail.be/vehicle/S103890,http://irail.be/stations/NMBS/008812013,S10,2016-04-16T20:14:00,2016-04-16T20:14:00,83,64
http://irail.be/vehicle/S103890,http://irail.be/stations/NMBS/008815016,S10,2016-04-16T20:16:00,2016-04-16T20:16:00,83,83
http://irail.be/vehicle/S103890,http://irail.be/stations/NMBS/008812047,S10,2016-04-16T20:20:00,2016-04-16T20:20:00,0,123
http://irail.be/vehicle/S103890,http://irail.be/stations/NMBS/008814001,S10,2016-06-04T20:06:00,2016-06-04T20:06:00,122,0
http://irail.be/vehicle/S103890,http://irail.be/stations/NMBS/008815040,S10,2016-06-04T20:12:00,2016-06-04T20:11:00,76,107
http://irail.be/vehicle/S103890,http://irail.be/stations/NMBS/008812013,S10,2016-06-04T20:14:00,2016-06-04T20:14:00,90,61
http://irail.be/vehicle/S103890,http://irail.be/stations/NMBS/008815016,S10,2016-06-04T20:16:00,2016-06-04T20:16:00,90,90
http://irail.be/vehicle/S103890,http://irail.be/stations/NMBS/008812047,S10,2016-06-04T20:21:00,2016-06-04T20:20:00,216,83
http://irail.be/vehicle/S103890,http://irail.be/stations/NMBS/008812062,S10,2016-06-04T20:25:00,2016-06-04T20:25:00,230,195
http://irail.be/vehicle/S103890,http://irail.be/stations/NMBS/008812070,S10,2016-06-04T20:30:00,2016-06-04T20:29:00,219,252
http://irail.be/vehicle/S103890,http://irail.be/stations/NMBS/008812112,S10,2016-06-04T20:34:00,2016-06-04T20:34:00,141,128
http://irail.be/vehicle/S103890,http://irail.be/stations/NMBS/008812120,S10,2016-06-04T20:37:00,2016-06-04T20:36:00,139,171
http://irail.be/vehicle/S103890,http://irail.be/stations/NMBS/008812146,S10,2016-06-04T20:41:00,2016-06-04T20:40:00,120,148
http://irail.be/vehicle/S103890,http://irail.be/stations/NMBS/008812153,S10,2016-06-04T20:44:00,2016-06-04T20:44:00,102,79
http://irail.be/vehicle/S103890,http://irail.be/stations/NMBS/008812161,S10,2016-06-04T20:47:00,2016-06-04T20:47:00,92,51
http://irail.be/vehicle/S103890,http://irail.be/stations/NMBS/008893443,S10,2016-06-04T20:50:00,2016-06-04T20:50:00,59,32
http://irail.be/vehicle/S103890,http://irail.be/stations/NMBS/008893401,S10,2016-06-04T20:52:00,2016-06-04T20:52:00,0,83
http://irail.be/vehicle/S103890,http://irail.be/stations/NMBS/008814001,S10,2016-02-28T20:06:00,2016-02-28T20:06:00,42,0
http://irail.be/vehicle/S103890,http://irail.be/stations/NMBS/008815040,S10,2016-02-28T20:12:00,2016-02-28T20:11:00,-3,27
http://irail.be/vehicle/S103890,http://irail.be/stations/NMBS/008812013,S10,2016-02-28T20:14:00,2016-02-28T20:14:00,-5,-21
http://irail.be/vehicle/S103890,http://irail.be/stations/NMBS/008815016,S10,2016-02-28T20:16:00,2016-02-28T20:16:00,0,-5
http://irail.be/vehicle/S103890,http://irail.be/stations/NMBS/008812047,S10,2016-02-28T20:21:00,2016-02-28T20:20:00,2,-40
http://irail.be/vehicle/S103890,http://irail.be/stations/NMBS/008812062,S10,2016-02-28T20:25:00,2016-02-28T20:25:00,31,-29
http://irail.be/vehicle/S103890,http://irail.be/stations/NMBS/008812070,S10,2016-02-28T20:30:00,2016-02-28T20:29:00,26,52
http://irail.be/vehicle/S103890,http://irail.be/stations/NMBS/008812112,S10,2016-02-28T20:34:00,2016-02-28T20:34:00,-9,-52
http://irail.be/vehicle/S103890,http://irail.be/stations/NMBS/008812120,S10,2016-02-28T20:37:00,2016-02-28T20:36:00,-6,16
http://irail.be/vehicle/S103890,http://irail.be/stations/NMBS/008812146,S10,2016-02-28T20:41:00,2016-02-28T20:40:00,-17,-2
http://irail.be/vehicle/S103890,http://irail.be/stations/NMBS/008812153,S10,2016-02-28T20:44:00,2016-02-28T20:44:00,-8,-57
http://irail.be/vehicle/S103890,http://irail.be/stations/NMBS/008812161,S10,2016-02-28T20:47:00,2016-02-28T20:47:00,-13,-63
http://irail.be/vehicle/S103890,http://irail.be/stations/NMBS/008893443,S10,2016-02-28T20:50:00,2016-02-28T20:50:00,-11,-13
http://irail.be/vehicle/S103890,http://irail.be/stations/NMBS/008893401,S10,2016-02-28T20:52:00,2016-02-28T20:52:00,0,-13
http://irail.be/vehicle/S103890,http://irail.be/stations/NMBS/008814001,S10,2016-11-12T20:06:00,2016-11-12T20:06:00,957,
http://irail.be/vehicle/S103890,http://irail.be/stations/NMBS/008815040,S10,2016-11-12T20:12:00,2016-11-12T20:11:00,924,966
http://irail.be/vehicle/S103890,http://irail.be/stations/NMBS/008812013,S10,2016-11-12T20:14:00,2016-11-12T20:14:00,938,920
http://irail.be/vehicle/S103890,http://irail.be/stations/NMBS/008815016,S10,2016-11-12T20:16:00,2016-11-12T20:16:00,977,938
http://irail.be/vehicle/S103890,http://irail.be/stations/NMBS/008812047,S10,2016-11-12T20:21:00,2016-11-12T20:20:00,960,930
http://irail.be/vehicle/S103890,http://irail.be/stations/NMBS/008812062,S10,2016-11-12T20:25:00,2016-11-12T20:25:00,970,950
http://irail.be/vehicle/S103890,http://irail.be/stations/NMBS/008812070,S10,2016-11-12T20:30:00,2016-11-12T20:29:00,960,986
http://irail.be/vehicle/S103890,http://irail.be/stations/NMBS/008812112,S10,2016-11-12T20:34:00,2016-11-12T20:34:00,941,914
http://irail.be/vehicle/S103890,http://irail.be/stations/NMBS/008812120,S10,2016-11-12T20:37:00,2016-11-12T20:36:00,930,948
http://irail.be/vehicle/S103890,http://irail.be/stations/NMBS/008812146,S10,2016-11-12T20:41:00,2016-11-12T20:40:00,910,922
http://irail.be/vehicle/S103890,http://irail.be/stations/NMBS/008812153,S10,2016-11-12T20:44:00,2016-11-12T20:44:00,773,773
http://irail.be/vehicle/S103890,http://irail.be/stations/NMBS/008812161,S10,2016-11-12T20:47:00,2016-11-12T20:47:00,855,855
http://irail.be/vehicle/S103890,http://irail.be/stations/NMBS/008893443,S10,2016-11-12T20:50:00,2016-11-12T20:50:00,855,855
http://irail.be/vehicle/S103890,http://irail.be/stations/NMBS/008893401,S10,2016-11-12T20:52:00,2016-11-12T20:52:00,,860
http://irail.be/vehicle/S103890,http://irail.be/stations/NMBS/008814001,S10,2016-08-28T20:06:00,2016-08-28T20:06:00,206,
http://irail.be/vehicle/S103890,http://irail.be/stations/NMBS/008815040,S10,2016-08-28T20:12:00,2016-08-28T20:11:00,154,192
http://irail.be/vehicle/S103890,http://irail.be/stations/NMBS/008812013,S10,2016-08-28T20:14:00,2016-08-28T20:14:00,165,148
http://irail.be/vehicle/S103890,http://irail.be/stations/NMBS/008815016,S10,2016-08-28T20:16:00,2016-08-28T20:16:00,165,165
http://irail.be/vehicle/S103890,http://irail.be/stations/NMBS/008812047,S10,2016-08-28T20:21:00,2016-08-28T20:20:00,172,182
http://irail.be/vehicle/S103890,http://irail.be/stations/NMBS/008812062,S10,2016-08-28T20:25:00,2016-08-28T20:25:00,171,150
http://irail.be/vehicle/S103890,http://irail.be/stations/NMBS/008812070,S10,2016-08-28T20:30:00,2016-08-28T20:29:00,179,202
http://irail.be/vehicle/S103890,http://irail.be/stations/NMBS/008812112,S10,2016-08-28T20:34:00,2016-08-28T20:34:00,119,99
http://irail.be/vehicle/S103890,http://irail.be/stations/NMBS/008812120,S10,2016-08-28T20:37:00,2016-08-28T20:36:00,134,158
http://irail.be/vehicle/S103890,http://irail.be/stations/NMBS/008812146,S10,2016-08-28T20:41:00,2016-08-28T20:40:00,113,143
http://irail.be/vehicle/S103890,http://irail.be/stations/NMBS/008812153,S10,2016-08-28T20:44:00,2016-08-28T20:44:00,96,78
http://irail.be/vehicle/S103890,http://irail.be/stations/NMBS/008812161,S10,2016-08-28T20:47:00,2016-08-28T20:47:00,79,48
http://irail.be/vehicle/S103890,http://irail.be/stations/NMBS/008893443,S10,2016-08-28T20:50:00,2016-08-28T20:50:00,47,19
http://irail.be/vehicle/S103890,http://irail.be/stations/NMBS/008893401,S10,2016-08-28T20:52:00,2016-08-28T20:52:00,,74
http://irail.be/vehicle/S103890,http://irail.be/stations/NMBS/008814001,S10,2016-11-27T20:06:00,2016-11-27T20:06:00,39,
http://irail.be/vehicle/S103890,http://irail.be/stations/NMBS/008815040,S10,2016-11-27T20:12:00,2016-11-27T20:11:00,11,28
http://irail.be/vehicle/S103890,http://irail.be/stations/NMBS/008812013,S10,2016-11-27T20:14:00,2016-11-27T20:14:00,18,4
http://irail.be/vehicle/S103890,http://irail.be/stations/NMBS/008815016,S10,2016-11-27T20:16:00,2016-11-27T20:16:00,28,18
http://irail.be/vehicle/S103890,http://irail.be/stations/NMBS/008812047,S10,2016-11-27T20:21:00,2016-11-27T20:20:00,19,-22
http://irail.be/vehicle/S103890,http://irail.be/stations/NMBS/008812062,S10,2016-11-27T20:25:00,2016-11-27T20:25:00,20,-9
http://irail.be/vehicle/S103890,http://irail.be/stations/NMBS/008812070,S10,2016-11-27T20:30:00,2016-11-27T20:29:00,8,33
http://irail.be/vehicle/S103890,http://irail.be/stations/NMBS/008812112,S10,2016-11-27T20:34:00,2016-11-27T20:34:00,15,-37
http://irail.be/vehicle/S103890,http://irail.be/stations/NMBS/008812120,S10,2016-11-27T20:37:00,2016-11-27T20:36:00,13,26
http://irail.be/vehicle/S103890,http://irail.be/stations/NMBS/008812146,S10,2016-11-27T20:41:00,2016-11-27T20:40:00,15,5
http://irail.be/vehicle/S103890,http://irail.be/stations/NMBS/008812153,S10,2016-11-27T20:44:00,2016-11-27T20:44:00,-128,-128
http://irail.be/vehicle/S103890,http://irail.be/stations/NMBS/008812161,S10,2016-11-27T20:47:00,2016-11-27T20:47:00,-21,-21
http://irail.be/vehicle/S103890,http://irail.be/stations/NMBS/008893443,S10,2016-11-27T20:50:00,2016-11-27T20:50:00,5,-21
http://irail.be/vehicle/S103890,http://irail.be/stations/NMBS/008893401,S10,2016-11-27T20:52:00,2016-11-27T20:52:00,,19
http://irail.be/vehicle/S103890,http://irail.be/stations/NMBS/008814001,S10,2016-04-10T20:06:00,2016-04-10T20:06:00,186,0
http://irail.be/vehicle/S103890,http://irail.be/stations/NMBS/008815040,S10,2016-04-10T20:12:00,2016-04-10T20:11:00,159,138
http://irail.be/vehicle/S103890,http://irail.be/stations/NMBS/008812013,S10,2016-04-10T20:14:00,2016-04-10T20:14:00,185,160
http://irail.be/vehicle/S103890,http://irail.be/stations/NMBS/008815016,S10,2016-04-10T20:16:00,2016-04-10T20:16:00,185,185
http://irail.be/vehicle/S103890,http://irail.be/stations/NMBS/008812047,S10,2016-04-10T20:21:00,2016-04-10T20:20:00,219,211
http://irail.be/vehicle/S103890,http://irail.be/stations/NMBS/008812062,S10,2016-04-10T20:25:00,2016-04-10T20:25:00,319,250
http://irail.be/vehicle/S103890,http://irail.be/stations/NMBS/008812070,S10,2016-04-10T20:30:00,2016-04-10T20:29:00,343,359
http://irail.be/vehicle/S103890,http://irail.be/stations/NMBS/008812112,S10,2016-04-10T20:34:00,2016-04-10T20:34:00,278,261
http://irail.be/vehicle/S103890,http://irail.be/stations/NMBS/008812120,S10,2016-04-10T20:37:00,2016-04-10T20:36:00,263,298
http://irail.be/vehicle/S103890,http://irail.be/stations/NMBS/008812146,S10,2016-04-10T20:41:00,2016-04-10T20:40:00,263,283
http://irail.be/vehicle/S103890,http://irail.be/stations/NMBS/008812153,S10,2016-04-10T20:44:00,2016-04-10T20:44:00,259,217
http://irail.be/vehicle/S103890,http://irail.be/stations/NMBS/008812161,S10,2016-04-10T20:47:00,2016-04-10T20:47:00,262,218
http://irail.be/vehicle/S103890,http://irail.be/stations/NMBS/008893443,S10,2016-04-10T20:50:00,2016-04-10T20:50:00,235,202
http://irail.be/vehicle/S103890,http://irail.be/stations/NMBS/008893401,S10,2016-04-10T20:52:00,2016-04-10T20:52:00,0,266
http://irail.be/vehicle/S103890,http://irail.be/stations/NMBS/008814001,S10,2016-12-18T20:06:00,2016-12-18T20:06:00,370,
http://irail.be/vehicle/S103890,http://irail.be/stations/NMBS/008815040,S10,2016-12-18T20:12:00,2016-12-18T20:11:00,319,353
http://irail.be/vehicle/S103890,http://irail.be/stations/NMBS/008812013,S10,2016-12-18T20:14:00,2016-12-18T20:14:00,310,316
http://irail.be/vehicle/S103890,http://irail.be/stations/NMBS/008815016,S10,2016-12-18T20:16:00,2016-12-18T20:16:00,368,267
http://irail.be/vehicle/S103890,http://irail.be/stations/NMBS/008812047,S10,2016-12-18T20:21:00,2016-12-18T20:20:00,333,345
http://irail.be/vehicle/S103890,http://irail.be/stations/NMBS/008812062,S10,2016-12-18T20:25:00,2016-12-18T20:25:00,319,305
http://irail.be/vehicle/S103890,http://irail.be/stations/NMBS/008812070,S10,2016-12-18T20:30:00,2016-12-18T20:29:00,318,335
http://irail.be/vehicle/S103890,http://irail.be/stations/NMBS/008812112,S10,2016-12-18T20:34:00,2016-12-18T20:34:00,295,267
http://irail.be/vehicle/S103890,http://irail.be/stations/NMBS/008812120,S10,2016-12-18T20:37:00,2016-12-18T20:36:00,287,303
http://irail.be/vehicle/S103890,http://irail.be/stations/NMBS/008812146,S10,2016-12-18T20:41:00,2016-12-18T20:40:00,259,275
http://irail.be/vehicle/S103890,http://irail.be/stations/NMBS/008812153,S10,2016-12-18T20:44:00,2016-12-18T20:44:00,108,108
http://irail.be/vehicle/S103890,http://irail.be/stations/NMBS/008812161,S10,2016-12-18T20:47:00,2016-12-18T20:47:00,201,200
http://irail.be/vehicle/S103890,http://irail.be/stations/NMBS/008893443,S10,2016-12-18T20:50:00,2016-12-18T20:50:00,216,201
http://irail.be/vehicle/S103890,http://irail.be/stations/NMBS/008893401,S10,2016-12-18T20:52:00,2016-12-18T20:52:00,,258
http://irail.be/vehicle/S103890,http://irail.be/stations/NMBS/008814001,S10,2016-07-23T20:06:00,2016-07-23T20:06:00,27,
http://irail.be/vehicle/S103890,http://irail.be/stations/NMBS/008815040,S10,2016-07-23T20:12:00,2016-07-23T20:11:00,-4,1
http://irail.be/vehicle/S103890,http://irail.be/stations/NMBS/008812013,S10,2016-07-23T20:14:00,2016-07-23T20:14:00,12,-11
http://irail.be/vehicle/S103890,http://irail.be/stations/NMBS/008815016,S10,2016-07-23T20:16:00,2016-07-23T20:16:00,12,12
http://irail.be/vehicle/S103890,http://irail.be/stations/NMBS/008812047,S10,2016-07-23T20:21:00,2016-07-23T20:20:00,12,-22
http://irail.be/vehicle/S103890,http://irail.be/stations/NMBS/008812062,S10,2016-07-23T20:25:00,2016-07-23T20:25:00,26,-17
http://irail.be/vehicle/S103890,http://irail.be/stations/NMBS/008812070,S10,2016-07-23T20:30:00,2016-07-23T20:29:00,30,47
http://irail.be/vehicle/S103890,http://irail.be/stations/NMBS/008812112,S10,2016-07-23T20:34:00,2016-07-23T20:34:00,-15,-51
http://irail.be/vehicle/S103890,http://irail.be/stations/NMBS/008812120,S10,2016-07-23T20:37:00,2016-07-23T20:36:00,4,19
http://irail.be/vehicle/S103890,http://irail.be/stations/NMBS/008812146,S10,2016-07-23T20:41:00,2016-07-23T20:40:00,15,17
http://irail.be/vehicle/S103890,http://irail.be/stations/NMBS/008812153,S10,2016-07-23T20:44:00,2016-07-23T20:44:00,13,-23
http://irail.be/vehicle/S103890,http://irail.be/stations/NMBS/008812161,S10,2016-07-23T20:47:00,2016-07-23T20:47:00,65,-34
http://irail.be/vehicle/S103890,http://irail.be/stations/NMBS/008893443,S10,2016-07-23T20:50:00,2016-07-23T20:50:00,46,5
http://irail.be/vehicle/S103890,http://irail.be/stations/NMBS/008893401,S10,2016-07-23T20:52:00,2016-07-23T20:52:00,,71
http://irail.be/vehicle/S103890,http://irail.be/stations/NMBS/008814001,S10,2016-04-24T20:06:00,2016-04-24T20:06:00,333,0
http://irail.be/vehicle/S103890,http://irail.be/stations/NMBS/008815040,S10,2016-04-24T20:12:00,2016-04-24T20:11:00,287,329
http://irail.be/vehicle/S103890,http://irail.be/stations/NMBS/008812013,S10,2016-04-24T20:14:00,2016-04-24T20:14:00,290,278
http://irail.be/vehicle/S103890,http://irail.be/stations/NMBS/008815016,S10,2016-04-24T20:16:00,2016-04-24T20:16:00,290,290
http://irail.be/vehicle/S103890,http://irail.be/stations/NMBS/008812047,S10,2016-04-24T20:21:00,2016-04-24T20:20:00,259,262
http://irail.be/vehicle/S103890,http://irail.be/stations/NMBS/008812062,S10,2016-04-24T20:25:00,2016-04-24T20:25:00,253,225
http://irail.be/vehicle/S103890,http://irail.be/stations/NMBS/008812070,S10,2016-04-24T20:30:00,2016-04-24T20:29:00,244,272
http://irail.be/vehicle/S103890,http://irail.be/stations/NMBS/008812112,S10,2016-04-24T20:34:00,2016-04-24T20:34:00,208,166
http://irail.be/vehicle/S103890,http://irail.be/stations/NMBS/008812120,S10,2016-04-24T20:37:00,2016-04-24T20:36:00,201,226
http://irail.be/vehicle/S103890,http://irail.be/stations/NMBS/008812146,S10,2016-04-24T20:41:00,2016-04-24T20:40:00,205,228
http://irail.be/vehicle/S103890,http://irail.be/stations/NMBS/008812153,S10,2016-04-24T20:44:00,2016-04-24T20:44:00,201,162
http://irail.be/vehicle/S103890,http://irail.be/stations/NMBS/008812161,S10,2016-04-24T20:47:00,2016-04-24T20:47:00,183,140
http://irail.be/vehicle/S103890,http://irail.be/stations/NMBS/008893443,S10,2016-04-24T20:50:00,2016-04-24T20:50:00,156,123
http://irail.be/vehicle/S103890,http://irail.be/stations/NMBS/008893401,S10,2016-04-24T20:52:00,2016-04-24T20:52:00,0,180
http://irail.be/vehicle/S103890,http://irail.be/stations/NMBS/008814001,S10,2016-03-26T20:06:00,2016-03-26T20:06:00,167,0
http://irail.be/vehicle/S103890,http://irail.be/stations/NMBS/008815040,S10,2016-03-26T20:12:00,2016-03-26T20:11:00,108,178
http://irail.be/vehicle/S103890,http://irail.be/stations/NMBS/008812013,S10,2016-03-26T20:14:00,2016-03-26T20:14:00,111,79
http://irail.be/vehicle/S103890,http://irail.be/stations/NMBS/008815016,S10,2016-03-26T20:16:00,2016-03-26T20:16:00,111,111
http://irail.be/vehicle/S103890,http://irail.be/stations/NMBS/008812047,S10,2016-03-26T20:21:00,2016-03-26T20:20:00,60,82
http://irail.be/vehicle/S103890,http://irail.be/stations/NMBS/008812062,S10,2016-03-26T20:25:00,2016-03-26T20:25:00,62,22
http://irail.be/vehicle/S103890,http://irail.be/stations/NMBS/008812070,S10,2016-03-26T20:30:00,2016-03-26T20:29:00,54,81
http://irail.be/vehicle/S103890,http://irail.be/stations/NMBS/008812112,S10,2016-03-26T20:34:00,2016-03-26T20:34:00,10,-26
http://irail.be/vehicle/S103890,http://irail.be/stations/NMBS/008812120,S10,2016-03-26T20:37:00,2016-03-26T20:36:00,7,36
http://irail.be/vehicle/S103890,http://irail.be/stations/NMBS/008812146,S10,2016-03-26T20:41:00,2016-03-26T20:40:00,16,30
http://irail.be/vehicle/S103890,http://irail.be/stations/NMBS/008812153,S10,2016-03-26T20:44:00,2016-03-26T20:44:00,4,-15
http://irail.be/vehicle/S103890,http://irail.be/stations/NMBS/008812161,S10,2016-03-26T20:47:00,2016-03-26T20:47:00,-5,-46
http://irail.be/vehicle/S103890,http://irail.be/stations/NMBS/008893443,S10,2016-03-26T20:50:00,2016-03-26T20:50:00,-5,-5
http://irail.be/vehicle/S103890,http://irail.be/stations/NMBS/008893401,S10,2016-03-26T20:52:00,2016-03-26T20:52:00,0,10
http://irail.be/vehicle/S103890,http://irail.be/stations/NMBS/008814001,S10,2016-07-03T20:06:00,2016-07-03T20:06:00,63,
http://irail.be/vehicle/S103890,http://irail.be/stations/NMBS/008815040,S10,2016-07-03T20:12:00,2016-07-03T20:11:00,20,43
http://irail.be/vehicle/S103890,http://irail.be/stations/NMBS/008812013,S10,2016-07-03T20:14:00,2016-07-03T20:14:00,29,2
http://irail.be/vehicle/S103890,http://irail.be/stations/NMBS/008815016,S10,2016-07-03T20:16:00,2016-07-03T20:16:00,29,29
http://irail.be/vehicle/S103890,http://irail.be/stations/NMBS/008812047,S10,2016-07-03T20:21:00,2016-07-03T20:20:00,56,25
http://irail.be/vehicle/S103890,http://irail.be/stations/NMBS/008812062,S10,2016-07-03T20:25:00,2016-07-03T20:25:00,53,28
http://irail.be/vehicle/S103890,http://irail.be/stations/NMBS/008812070,S10,2016-07-03T20:30:00,2016-07-03T20:29:00,60,66
http://irail.be/vehicle/S103890,http://irail.be/stations/NMBS/008812112,S10,2016-07-03T20:34:00,2016-07-03T20:34:00,15,-24
http://irail.be/vehicle/S103890,http://irail.be/stations/NMBS/008812120,S10,2016-07-03T20:37:00,2016-07-03T20:36:00,13,44
http://irail.be/vehicle/S103890,http://irail.be/stations/NMBS/008812146,S10,2016-07-03T20:41:00,2016-07-03T20:40:00,-5,7
http://irail.be/vehicle/S103890,http://irail.be/stations/NMBS/008812153,S10,2016-07-03T20:44:00,2016-07-03T20:44:00,-15,-41
http://irail.be/vehicle/S103890,http://irail.be/stations/NMBS/008812161,S10,2016-07-03T20:47:00,2016-07-03T20:47:00,-40,-71
http://irail.be/vehicle/S103890,http://irail.be/stations/NMBS/008893443,S10,2016-07-03T20:50:00,2016-07-03T20:50:00,-42,-40
http://irail.be/vehicle/S103890,http://irail.be/stations/NMBS/008893401,S10,2016-07-03T20:52:00,2016-07-03T20:52:00,,-45
http://irail.be/vehicle/S103890,http://irail.be/stations/NMBS/008814001,S10,2016-10-16T20:06:00,2016-10-16T20:06:00,58,
http://irail.be/vehicle/S103890,http://irail.be/stations/NMBS/008815040,S10,2016-10-16T20:12:00,2016-10-16T20:11:00,14,39
http://irail.be/vehicle/S103890,http://irail.be/stations/NMBS/008812013,S10,2016-10-16T20:14:00,2016-10-16T20:14:00,33,0
http://irail.be/vehicle/S103890,http://irail.be/stations/NMBS/008815016,S10,2016-10-16T20:16:00,2016-10-16T20:16:00,33,33
http://irail.be/vehicle/S103890,http://irail.be/stations/NMBS/008812047,S10,2016-10-16T20:21:00,2016-10-16T20:20:00,36,37
http://irail.be/vehicle/S103890,http://irail.be/stations/NMBS/008812062,S10,2016-10-16T20:25:00,2016-10-16T20:25:00,45,2
http://irail.be/vehicle/S103890,http://irail.be/stations/NMBS/008812070,S10,2016-10-16T20:30:00,2016-10-16T20:29:00,58,66
http://irail.be/vehicle/S103890,http://irail.be/stations/NMBS/008812112,S10,2016-10-16T20:34:00,2016-10-16T20:34:00,9,-30
http://irail.be/vehicle/S103890,http://irail.be/stations/NMBS/008812120,S10,2016-10-16T20:37:00,2016-10-16T20:36:00,29,42
http://irail.be/vehicle/S103890,http://irail.be/stations/NMBS/008812146,S10,2016-10-16T20:41:00,2016-10-16T20:40:00,24,43
http://irail.be/vehicle/S103890,http://irail.be/stations/NMBS/008812153,S10,2016-10-16T20:44:00,2016-10-16T20:44:00,18,-14
http://irail.be/vehicle/S103890,http://irail.be/stations/NMBS/008812161,S10,2016-10-16T20:47:00,2016-10-16T20:47:00,10,-29
http://irail.be/vehicle/S103890,http://irail.be/stations/NMBS/008893443,S10,2016-10-16T20:50:00,2016-10-16T20:50:00,-17,-50
http://irail.be/vehicle/S103890,http://irail.be/stations/NMBS/008893401,S10,2016-10-16T20:52:00,2016-10-16T20:52:00,,5
http://irail.be/vehicle/S103890,http://irail.be/stations/NMBS/008814001,S10,2016-06-25T20:06:00,2016-06-25T20:06:00,95,
http://irail.be/vehicle/S103890,http://irail.be/stations/NMBS/008815040,S10,2016-06-25T20:12:00,2016-06-25T20:11:00,133,143
http://irail.be/vehicle/S103890,http://irail.be/stations/NMBS/008812013,S10,2016-06-25T20:14:00,2016-06-25T20:14:00,137,121
http://irail.be/vehicle/S103890,http://irail.be/stations/NMBS/008815016,S10,2016-06-25T20:16:00,2016-06-25T20:16:00,137,137
http://irail.be/vehicle/S103890,http://irail.be/stations/NMBS/008812047,S10,2016-06-25T20:21:00,2016-06-25T20:20:00,165,172
http://irail.be/vehicle/S103890,http://irail.be/stations/NMBS/008812062,S10,2016-06-25T20:25:00,2016-06-25T20:25:00,152,131
http://irail.be/vehicle/S103890,http://irail.be/stations/NMBS/008812070,S10,2016-06-25T20:30:00,2016-06-25T20:29:00,145,172
http://irail.be/vehicle/S103890,http://irail.be/stations/NMBS/008812112,S10,2016-06-25T20:34:00,2016-06-25T20:34:00,77,57
http://irail.be/vehicle/S103890,http://irail.be/stations/NMBS/008812120,S10,2016-06-25T20:37:00,2016-06-25T20:36:00,80,108
http://irail.be/vehicle/S103890,http://irail.be/stations/NMBS/008812146,S10,2016-06-25T20:41:00,2016-06-25T20:40:00,45,88
http://irail.be/vehicle/S103890,http://irail.be/stations/NMBS/008812153,S10,2016-06-25T20:44:00,2016-06-25T20:44:00,38,-3
http://irail.be/vehicle/S103890,http://irail.be/stations/NMBS/008812161,S10,2016-06-25T20:47:00,2016-06-25T20:47:00,16,-13
http://irail.be/vehicle/S103890,http://irail.be/stations/NMBS/008893443,S10,2016-06-25T20:50:00,2016-06-25T20:50:00,-5,-44
http://irail.be/vehicle/S103890,http://irail.be/stations/NMBS/008893401,S10,2016-06-25T20:52:00,2016-06-25T20:52:00,,42
http://irail.be/vehicle/S103890,http://irail.be/stations/NMBS/008814001,S10,2016-08-06T20:06:00,2016-08-06T20:06:00,43,
http://irail.be/vehicle/S103890,http://irail.be/stations/NMBS/008815040,S10,2016-08-06T20:12:00,2016-08-06T20:11:00,-9,22
http://irail.be/vehicle/S103890,http://irail.be/stations/NMBS/008812013,S10,2016-08-06T20:14:00,2016-08-06T20:14:00,-2,-26
http://irail.be/vehicle/S103890,http://irail.be/stations/NMBS/008815016,S10,2016-08-06T20:16:00,2016-08-06T20:16:00,0,-2
http://irail.be/vehicle/S103890,http://irail.be/stations/NMBS/008812047,S10,2016-08-06T20:21:00,2016-08-06T20:20:00,17,3
http://irail.be/vehicle/S103890,http://irail.be/stations/NMBS/008812062,S10,2016-08-06T20:25:00,2016-08-06T20:25:00,35,-14
http://irail.be/vehicle/S103890,http://irail.be/stations/NMBS/008812070,S10,2016-08-06T20:30:00,2016-08-06T20:29:00,54,51
http://irail.be/vehicle/S103890,http://irail.be/stations/NMBS/008812112,S10,2016-08-06T20:34:00,2016-08-06T20:34:00,-6,-34
http://irail.be/vehicle/S103890,http://irail.be/stations/NMBS/008812120,S10,2016-08-06T20:37:00,2016-08-06T20:36:00,12,30
http://irail.be/vehicle/S103890,http://irail.be/stations/NMBS/008812146,S10,2016-08-06T20:41:00,2016-08-06T20:40:00,9,5
http://irail.be/vehicle/S103890,http://irail.be/stations/NMBS/008812153,S10,2016-08-06T20:44:00,2016-08-06T20:44:00,31,-34
http://irail.be/vehicle/S103890,http://irail.be/stations/NMBS/008812161,S10,2016-08-06T20:47:00,2016-08-06T20:47:00,15,-29
http://irail.be/vehicle/S103890,http://irail.be/stations/NMBS/008893443,S10,2016-08-06T20:50:00,2016-08-06T20:50:00,3,-45
http://irail.be/vehicle/S103890,http://irail.be/stations/NMBS/008893401,S10,2016-08-06T20:52:00,2016-08-06T20:52:00,,23
http://irail.be/vehicle/S103890,http://irail.be/stations/NMBS/008814001,S10,2016-05-15T20:06:00,2016-05-15T20:06:00,17,0
http://irail.be/vehicle/S103890,http://irail.be/stations/NMBS/008815040,S10,2016-05-15T20:12:00,2016-05-15T20:11:00,-8,21
http://irail.be/vehicle/S103890,http://irail.be/stations/NMBS/008812013,S10,2016-05-15T20:14:00,2016-05-15T20:14:00,4,-19
http://irail.be/vehicle/S103890,http://irail.be/stations/NMBS/008815016,S10,2016-05-15T20:16:00,2016-05-15T20:16:00,4,4
http://irail.be/vehicle/S103890,http://irail.be/stations/NMBS/008812047,S10,2016-05-15T20:21:00,2016-05-15T20:20:00,11,-31
http://irail.be/vehicle/S103890,http://irail.be/stations/NMBS/008812062,S10,2016-05-15T20:25:00,2016-05-15T20:25:00,39,-22
http://irail.be/vehicle/S103890,http://irail.be/stations/NMBS/008812070,S10,2016-05-15T20:30:00,2016-05-15T20:29:00,40,54
http://irail.be/vehicle/S103890,http://irail.be/stations/NMBS/008812112,S10,2016-05-15T20:34:00,2016-05-15T20:34:00,-14,-45
http://irail.be/vehicle/S103890,http://irail.be/stations/NMBS/008812120,S10,2016-05-15T20:37:00,2016-05-15T20:36:00,-2,18
http://irail.be/vehicle/S103890,http://irail.be/stations/NMBS/008812146,S10,2016-05-15T20:41:00,2016-05-15T20:40:00,17,9
http://irail.be/vehicle/S103890,http://irail.be/stations/NMBS/008812153,S10,2016-05-15T20:44:00,2016-05-15T20:44:00,8,-23
http://irail.be/vehicle/S103890,http://irail.be/stations/NMBS/008812161,S10,2016-05-15T20:47:00,2016-05-15T20:47:00,-4,-49
http://irail.be/vehicle/S103890,http://irail.be/stations/NMBS/008893443,S10,2016-05-15T20:50:00,2016-05-15T20:50:00,-6,-4
http://irail.be/vehicle/S103890,http://irail.be/stations/NMBS/008893401,S10,2016-05-15T20:52:00,2016-05-15T20:52:00,0,-1
http://irail.be/vehicle/S103890,http://irail.be/stations/NMBS/008814001,S10,2016-04-02T20:06:00,2016-04-02T20:06:00,39,0
http://irail.be/vehicle/S103890,http://irail.be/stations/NMBS/008815040,S10,2016-04-02T20:12:00,2016-04-02T20:11:00,25,53
http://irail.be/vehicle/S103890,http://irail.be/stations/NMBS/008812013,S10,2016-04-02T20:14:00,2016-04-02T20:14:00,49,17
http://irail.be/vehicle/S103890,http://irail.be/stations/NMBS/008815016,S10,2016-04-02T20:16:00,2016-04-02T20:16:00,49,49
http://irail.be/vehicle/S103890,http://irail.be/stations/NMBS/008812047,S10,2016-04-02T20:21:00,2016-04-02T20:20:00,47,35
http://irail.be/vehicle/S103890,http://irail.be/stations/NMBS/008812062,S10,2016-04-02T20:25:00,2016-04-02T20:25:00,40,27
http://irail.be/vehicle/S103890,http://irail.be/stations/NMBS/008812070,S10,2016-04-02T20:30:00,2016-04-02T20:29:00,43,61
http://irail.be/vehicle/S103890,http://irail.be/stations/NMBS/008812112,S10,2016-04-02T20:34:00,2016-04-02T20:34:00,16,-23
http://irail.be/vehicle/S103890,http://irail.be/stations/NMBS/008812120,S10,2016-04-02T20:37:00,2016-04-02T20:36:00,8,42
http://irail.be/vehicle/S103890,http://irail.be/stations/NMBS/008812146,S10,2016-04-02T20:41:00,2016-04-02T20:40:00,23,42
http://irail.be/vehicle/S103890,http://irail.be/stations/NMBS/008812153,S10,2016-04-02T20:44:00,2016-04-02T20:44:00,38,1
http://irail.be/vehicle/S103890,http://irail.be/stations/NMBS/008812161,S10,2016-04-02T20:47:00,2016-04-02T20:47:00,30,-10
http://irail.be/vehicle/S103890,http://irail.be/stations/NMBS/008893443,S10,2016-04-02T20:50:00,2016-04-02T20:50:00,14,-30
http://irail.be/vehicle/S103890,http://irail.be/stations/NMBS/008893401,S10,2016-04-02T20:52:00,2016-04-02T20:52:00,0,40
http://irail.be/vehicle/S103890,http://irail.be/stations/NMBS/008814001,S10,2016-02-27T20:06:00,2016-02-27T20:06:00,48,0
http://irail.be/vehicle/S103890,http://irail.be/stations/NMBS/008815040,S10,2016-02-27T20:12:00,2016-02-27T20:11:00,17,41
http://irail.be/vehicle/S103890,http://irail.be/stations/NMBS/008812013,S10,2016-02-27T20:14:00,2016-02-27T20:14:00,30,5
http://irail.be/vehicle/S103890,http://irail.be/stations/NMBS/008815016,S10,2016-02-27T20:16:00,2016-02-27T20:16:00,30,30
http://irail.be/vehicle/S103890,http://irail.be/stations/NMBS/008812047,S10,2016-02-27T20:21:00,2016-02-27T20:20:00,0,-14
http://irail.be/vehicle/S103890,http://irail.be/stations/NMBS/008812062,S10,2016-02-27T20:25:00,2016-02-27T20:25:00,41,-26
http://irail.be/vehicle/S103890,http://irail.be/stations/NMBS/008812070,S10,2016-02-27T20:30:00,2016-02-27T20:29:00,54,78
http://irail.be/vehicle/S103890,http://irail.be/stations/NMBS/008812112,S10,2016-02-27T20:34:00,2016-02-27T20:34:00,22,-17
http://irail.be/vehicle/S103890,http://irail.be/stations/NMBS/008812120,S10,2016-02-27T20:37:00,2016-02-27T20:36:00,13,45
http://irail.be/vehicle/S103890,http://irail.be/stations/NMBS/008812146,S10,2016-02-27T20:41:00,2016-02-27T20:40:00,13,35
http://irail.be/vehicle/S103890,http://irail.be/stations/NMBS/008812153,S10,2016-02-27T20:44:00,2016-02-27T20:44:00,17,-19
http://irail.be/vehicle/S103890,http://irail.be/stations/NMBS/008812161,S10,2016-02-27T20:47:00,2016-02-27T20:47:00,12,-31
http://irail.be/vehicle/S103890,http://irail.be/stations/NMBS/008893443,S10,2016-02-27T20:50:00,2016-02-27T20:50:00,-16,-48
http://irail.be/vehicle/S103890,http://irail.be/stations/NMBS/008893401,S10,2016-02-27T20:52:00,2016-02-27T20:52:00,0,1
http://irail.be/vehicle/S103890,http://irail.be/stations/NMBS/008814001,S10,2016-05-21T20:06:00,2016-05-21T20:06:00,26,0
http://irail.be/vehicle/S103890,http://irail.be/stations/NMBS/008815040,S10,2016-05-21T20:12:00,2016-05-21T20:11:00,-2,2
http://irail.be/vehicle/S103890,http://irail.be/stations/NMBS/008812013,S10,2016-05-21T20:14:00,2016-05-21T20:14:00,16,-17
http://irail.be/vehicle/S103890,http://irail.be/stations/NMBS/008815016,S10,2016-05-21T20:16:00,2016-05-21T20:16:00,16,16
http://irail.be/vehicle/S103890,http://irail.be/stations/NMBS/008812047,S10,2016-05-21T20:21:00,2016-05-21T20:20:00,45,30
http://irail.be/vehicle/S103890,http://irail.be/stations/NMBS/008812062,S10,2016-05-21T20:25:00,2016-05-21T20:25:00,50,19
http://irail.be/vehicle/S103890,http://irail.be/stations/NMBS/008812070,S10,2016-05-21T20:30:00,2016-05-21T20:29:00,62,83
http://irail.be/vehicle/S103890,http://irail.be/stations/NMBS/008812112,S10,2016-05-21T20:34:00,2016-05-21T20:34:00,26,-12
http://irail.be/vehicle/S103890,http://irail.be/stations/NMBS/008812120,S10,2016-05-21T20:37:00,2016-05-21T20:36:00,51,66
http://irail.be/vehicle/S103890,http://irail.be/stations/NMBS/008812146,S10,2016-05-21T20:41:00,2016-05-21T20:40:00,28,55
http://irail.be/vehicle/S103890,http://irail.be/stations/NMBS/008812153,S10,2016-05-21T20:44:00,2016-05-21T20:44:00,23,-7
http://irail.be/vehicle/S103890,http://irail.be/stations/NMBS/008812161,S10,2016-05-21T20:47:00,2016-05-21T20:47:00,15,-26
http://irail.be/vehicle/S103890,http://irail.be/stations/NMBS/008893443,S10,2016-05-21T20:50:00,2016-05-21T20:50:00,1,-45
http://irail.be/vehicle/S103890,http://irail.be/stations/NMBS/008893401,S10,2016-05-21T20:52:00,2016-05-21T20:52:00,0,43
http://irail.be/vehicle/S103890,NO-URI,S10,2016-10-29T20:06:00,2016-10-29T20:06:00,84,
http://irail.be/vehicle/S103890,http://irail.be/stations/NMBS/008815040,S10,2016-10-29T20:12:00,2016-10-29T20:10:00,36,122
http://irail.be/vehicle/S103890,http://irail.be/stations/NMBS/008812013,S10,2016-10-29T20:14:00,2016-10-29T20:14:00,60,35
http://irail.be/vehicle/S103890,http://irail.be/stations/NMBS/008815016,S10,2016-10-29T20:16:00,2016-10-29T20:16:00,60,60
http://irail.be/vehicle/S103890,http://irail.be/stations/NMBS/008812047,S10,2016-10-29T20:21:00,2016-10-29T20:20:00,89,88
http://irail.be/vehicle/S103890,http://irail.be/stations/NMBS/008812062,S10,2016-10-29T20:25:00,2016-10-29T20:25:00,103,65
http://irail.be/vehicle/S103890,http://irail.be/stations/NMBS/008812070,S10,2016-10-29T20:30:00,2016-10-29T20:29:00,122,147
http://irail.be/vehicle/S103890,http://irail.be/stations/NMBS/008812112,S10,2016-10-29T20:34:00,2016-10-29T20:34:00,93,55
http://irail.be/vehicle/S103890,http://irail.be/stations/NMBS/008812120,S10,2016-10-29T20:37:00,2016-10-29T20:36:00,110,133
http://irail.be/vehicle/S103890,http://irail.be/stations/NMBS/008812146,S10,2016-10-29T20:41:00,2016-10-29T20:40:00,108,112
http://irail.be/vehicle/S103890,http://irail.be/stations/NMBS/008812153,S10,2016-10-29T20:44:00,2016-10-29T20:44:00,37,41
http://irail.be/vehicle/S103890,http://irail.be/stations/NMBS/008812161,S10,2016-10-29T20:47:00,2016-10-29T20:47:00,121,77
http://irail.be/vehicle/S103890,http://irail.be/stations/NMBS/008893443,S10,2016-10-29T20:50:00,2016-10-29T20:50:00,92,61
http://irail.be/vehicle/S103890,http://irail.be/stations/NMBS/008893401,S10,2016-10-29T20:52:00,2016-10-29T20:52:00,,122
http://irail.be/vehicle/S103890,http://irail.be/stations/NMBS/008814001,S10,2016-09-24T20:06:00,2016-09-24T20:06:00,37,
http://irail.be/vehicle/S103890,http://irail.be/stations/NMBS/008815040,S10,2016-09-24T20:12:00,2016-09-24T20:11:00,78,97
http://irail.be/vehicle/S103890,http://irail.be/stations/NMBS/008812013,S10,2016-09-24T20:14:00,2016-09-24T20:14:00,107,75
http://irail.be/vehicle/S103890,http://irail.be/stations/NMBS/008815016,S10,2016-09-24T20:16:00,2016-09-24T20:16:00,107,107
http://irail.be/vehicle/S103890,http://irail.be/stations/NMBS/008812047,S10,2016-09-24T20:21:00,2016-09-24T20:20:00,103,103
http://irail.be/vehicle/S103890,http://irail.be/stations/NMBS/008812062,S10,2016-09-24T20:25:00,2016-09-24T20:25:00,133,70
http://irail.be/vehicle/S103890,http://irail.be/stations/NMBS/008812070,S10,2016-09-24T20:30:00,2016-09-24T20:29:00,159,173
http://irail.be/vehicle/S103890,http://irail.be/stations/NMBS/008812112,S10,2016-09-24T20:34:00,2016-09-24T20:34:00,122,90
http://irail.be/vehicle/S103890,http://irail.be/stations/NMBS/008812120,S10,2016-09-24T20:37:00,2016-09-24T20:36:00,142,160
http://irail.be/vehicle/S103890,http://irail.be/stations/NMBS/008812146,S10,2016-09-24T20:41:00,2016-09-24T20:40:00,129,148
http://irail.be/vehicle/S103890,http://irail.be/stations/NMBS/008812153,S10,2016-09-24T20:44:00,2016-09-24T20:44:00,141,97
http://irail.be/vehicle/S103890,http://irail.be/stations/NMBS/008812161,S10,2016-09-24T20:47:00,2016-09-24T20:47:00,151,97
http://irail.be/vehicle/S103890,http://irail.be/stations/NMBS/008893443,S10,2016-09-24T20:50:00,2016-09-24T20:50:00,142,91
http://irail.be/vehicle/S103890,http://irail.be/stations/NMBS/008893401,S10,2016-09-24T20:52:00,2016-09-24T20:52:00,,192
